%YAML:1.0
---
camera_matrix: !!opencv-matrix
   rows: 3
   cols: 3
   dt: d
   data: [ 2.6151609947268103e+03, 0., 1.8677488340238440e+03, 0.,
       2.6085547403324786e+03, 1.1150461441661303e+03, 0., 0., 1. ]
dist_coeff: !!opencv-matrix
   rows: 1
   cols: 14
   dt: d
   data: [ -1.0023145933231822e+01, 3.8750998504942217e+01,
       4.6240464305946222e-03, -2.8277976073667662e-03,
       -2.4766311914753501e+01, -1.0028277556884047e+01,
       3.8790344069568242e+01, -2.5029656988668005e+01, 0., 0., 0., 0.,
       0., 0. ]
std_intrinsics: !!opencv-matrix
   rows: 18
   cols: 1
   dt: d
   data: [ 1.4307401781648512e+00, 1.2686720109532448e+00,
       2.0924728438049929e+00, 2.0675539486301497e+00,
       2.7626165427209359e-01, 1.6716582737115318e+00,
       2.8568393835908489e-04, 2.8414035969715292e-04,
       6.4545945979245731e+00, 2.7697063247024656e-01,
       1.6597722316757444e+00, 6.3711018082420674e+00, 0., 0., 0., 0.,
       0., 0. ]
std_extrinsics: !!opencv-matrix
   rows: 2202
   cols: 1
   dt: d
   data: [ 1.1857864448451477e-02, 1.1845801622993275e-02,
       6.5313526700474796e-04, 3.5590002748581477e-02,
       3.5688014608743261e-02, 7.1082372365510071e-02,
       1.1404925598078713e-02, 1.1396478893118771e-02,
       6.4190685820670517e-04, 3.5747297369276225e-02,
       3.5870875966633492e-02, 7.0860378397627488e-02,
       3.8377668500600886e-03, 3.8964371505820316e-03,
       7.1989057928331386e-04, 3.4811944554027932e-02,
       3.2925753938765318e-02, 4.8601734754524749e-02,
       1.2569867449333122e-03, 1.2971251166616225e-03,
       6.3195822136219394e-04, 3.0360456892774359e-02,
       2.8680217762138135e-02, 2.8492244522833179e-02,
       1.2497958478102215e-03, 1.2935226483491401e-03,
       6.2965019189466188e-04, 3.0341279637713714e-02,
       2.8568897767661517e-02, 2.8522865827160813e-02,
       1.2405976863834906e-03, 1.2813001482118230e-03,
       6.2385804030139864e-04, 3.0352494769417641e-02,
       2.8485955855071538e-02, 2.8646596418255982e-02,
       1.2359349374247636e-03, 1.2798135350963807e-03,
       6.1961443289417645e-04, 3.0222992542684898e-02,
       2.8267492175215854e-02, 2.8581014372531455e-02,
       1.2447238338984836e-03, 1.2810081956697674e-03,
       6.1916696308923931e-04, 3.0069064442366480e-02,
       2.8196233964197698e-02, 2.8484949178964478e-02,
       1.2598510226642045e-03, 1.2962825578266568e-03,
       6.1878965144082296e-04, 2.9985976358869505e-02,
       2.8227118339565937e-02, 2.8380174843376852e-02,
       1.2694220441496283e-03, 1.2980567987002051e-03,
       6.2265724943213444e-04, 3.0036842275179856e-02,
       2.8227359775264825e-02, 2.8452212659684235e-02,
       1.2718337177368044e-03, 1.2855505116546070e-03,
       6.2711004012866412e-04, 2.9972850191618786e-02,
       2.8072412224322399e-02, 2.8420977405116170e-02,
       1.2738754905058892e-03, 1.2726532242258452e-03,
       6.2980508458084427e-04, 2.9790959349127236e-02,
       2.7851554663603229e-02, 2.8266732018078448e-02,
       1.2756182567945377e-03, 1.2635647355672360e-03,
       6.3074602151878064e-04, 2.9617292050108802e-02,
       2.7669443183133604e-02, 2.8101416793382697e-02,
       4.3486036192461087e-03, 4.4417976904872038e-03,
       6.9097991834322935e-04, 3.4515480723027105e-02,
       3.2795812522268465e-02, 5.0550178350365911e-02,
       1.2804446126674000e-03, 1.2563194118608986e-03,
       6.3242010719730796e-04, 2.9539706940549578e-02,
       2.7560643254709097e-02, 2.8089236520677265e-02,
       1.2841670095025137e-03, 1.2450173476226630e-03,
       6.3510837615242703e-04, 2.9415174593912356e-02,
       2.7409721401173405e-02, 2.8097001742065399e-02,
       1.2855543245350529e-03, 1.2307708075731422e-03,
       6.3885986151544869e-04, 2.9234173777342342e-02,
       2.7232595608291735e-02, 2.8056785384309751e-02,
       1.2843037895475589e-03, 1.2183260499258309e-03,
       6.4150454918346117e-04, 2.9033357250772704e-02,
       2.7050762543447508e-02, 2.7923602989078224e-02,
       1.2824646569592048e-03, 1.2042526284461992e-03,
       6.4595493282483844e-04, 2.8786832776117890e-02,
       2.6858007989292373e-02, 2.7766726429813197e-02,
       1.2759247319710739e-03, 1.1921789752830471e-03,
       6.4846996484946382e-04, 2.8593780453709527e-02,
       2.6694056770480753e-02, 2.7546711283403552e-02,
       1.2781666599942835e-03, 1.1936365074590412e-03,
       6.4976617159358209e-04, 2.8646385828054500e-02,
       2.6756977530503552e-02, 2.7577489295794760e-02,
       1.2804618179783913e-03, 1.1944712164204722e-03,
       6.5293648829423828e-04, 2.8729334062783010e-02,
       2.6864835302890407e-02, 2.7588871724490177e-02,
       1.2772568275846376e-03, 1.1870477232884880e-03,
       6.6151526031448481e-04, 2.8700920902279263e-02,
       2.6923374250436609e-02, 2.7412731811994159e-02,
       1.2292891428740628e-03, 1.1572282083179670e-03,
       6.7082893219930749e-04, 2.7830521421686037e-02,
       2.6381014199154160e-02, 2.5752188159348814e-02,
       4.7010567508699707e-03, 4.7862613596491984e-03,
       6.2956917359333335e-04, 3.3582867207498805e-02,
       3.2499792565804410e-02, 5.2362065806234759e-02,
       1.2071587999446984e-03, 1.1722597068450022e-03,
       6.8285733419297314e-04, 2.7723037565576088e-02,
       2.6484194647117300e-02, 2.5000243620286237e-02,
       1.1992129782836855e-03, 1.1681169532274057e-03,
       6.8927212047414032e-04, 2.7263621607971789e-02,
       2.6166325917233751e-02, 2.4083218544791063e-02,
       1.1956172217551491e-03, 1.1598439194851311e-03,
       6.9309436267114681e-04, 2.6808268866742112e-02,
       2.5816560035753462e-02, 2.3206755301880336e-02,
       1.2075817757629624e-03, 1.1718774429559931e-03,
       6.8952365495656841e-04, 2.6734027027662453e-02,
       2.5840668043339964e-02, 2.2918128856242448e-02,
       1.2098230789060823e-03, 1.1755075301626608e-03,
       6.9034908325700626e-04, 2.6742826663304055e-02,
       2.5877092601071721e-02, 2.2863235832214102e-02,
       1.2122158724418137e-03, 1.1796744403710778e-03,
       6.8943262754567127e-04, 2.6764123231112762e-02,
       2.5911973821422886e-02, 2.2873331954416959e-02,
       1.2213393384251769e-03, 1.1913974216387153e-03,
       6.8943557350764292e-04, 2.6873530673682425e-02,
       2.6059696170991808e-02, 2.2993694103213322e-02,
       1.2258434732311410e-03, 1.1948089134616690e-03,
       6.9612408721579893e-04, 2.6983617910252559e-02,
       2.6160885696948227e-02, 2.3195875671953931e-02,
       1.2275496293643977e-03, 1.1929682657566732e-03,
       6.9085634480433970e-04, 2.6723056760392341e-02,
       2.5899460750438516e-02, 2.3048715698115233e-02,
       1.2366002160056678e-03, 1.1979221143935328e-03,
       6.8366033796532792e-04, 2.6179950177618795e-02,
       2.5335738130351126e-02, 2.2727667727755651e-02,
       5.2794406879008498e-03, 5.3448451648079841e-03,
       5.9190698214686721e-04, 3.3077700984891878e-02,
       3.2527259263566179e-02, 5.4465327562450851e-02,
       1.1847890943076959e-03, 1.1515376183283252e-03,
       6.3885350272321938e-04, 2.4060172513152900e-02,
       2.3272795909530276e-02, 1.9874429045484365e-02,
       1.1665276261658723e-03, 1.1370329634562341e-03,
       6.0495777123136018e-04, 2.2807840817193184e-02,
       2.2083801658125728e-02, 1.8691324629891658e-02,
       1.1531433357248881e-03, 1.1286002944666002e-03,
       5.9602412777498342e-04, 2.2225190604038433e-02,
       2.1648759640729789e-02, 1.8465675900316187e-02,
       1.1608030787471080e-03, 1.1434513173309445e-03,
       6.0586761453922014e-04, 2.2570133929952524e-02,
       2.2071955976801803e-02, 1.9601652845172964e-02,
       1.1477582329614624e-03, 1.1383710665540865e-03,
       6.2053171517626599e-04, 2.2771894618293390e-02,
       2.2228843637040353e-02, 2.0404987365309844e-02,
       1.1540851468184628e-03, 1.1463081957980227e-03,
       6.3282720785121343e-04, 2.3131813552112905e-02,
       2.2600927739312816e-02, 2.1253206917682396e-02,
