%YAML:1.0
---
camera_matrix: !!opencv-matrix
   rows: 3
   cols: 3
   dt: d
   data: [ 2.6243185582453275e+03, 0., 1.8884174915963276e+03, 0.,
       2.6292286737607660e+03, 1.1026923662250645e+03, 0., 0., 1. ]
dist_coeff: !!opencv-matrix
   rows: 1
   cols: 14
   dt: d
   data: [ -5.7024542311168922e+00, 2.7017041488360331e+01,
       -6.0194777190494364e-04, 8.0600519984020346e-04,
       -3.4345123909446983e+01, -5.7032349506841191e+00,
       2.6907976438996624e+01, -3.4191982635752986e+01, 0., 0., 0., 0.,
       0., 0. ]
std_intrinsics: !!opencv-matrix
   rows: 18
   cols: 1
   dt: d
   data: [ 2.0283637802934646e+00, 2.1974048743025145e+00,
       2.5845347310801681e+00, 2.1990205923212254e+00,
       6.3952300794866834e-01, 2.3718304580219640e+00,
       2.7652453058619591e-04, 3.7305150343224940e-04,
       4.4098839525248810e+00, 6.4159937706667280e-01,
       2.3537939872080766e+00, 4.3511975178512134e+00, 0., 0., 0., 0.,
       0., 0. ]
std_extrinsics: !!opencv-matrix
   rows: 1266
   cols: 1
   dt: d
   data: [ 1.7800791115847366e-03, 1.7284664873426277e-03,
       7.9985138474166330e-04, 4.4640894506504887e-02,
       3.8051842970718813e-02, 4.5925164760783940e-02,
       1.8103129151684856e-03, 1.7469413616437780e-03,
       8.3383375669431818e-04, 4.4993241303774516e-02,
       3.7386631647399950e-02, 4.6418658525583349e-02,
       1.7730275003884444e-03, 1.7391100571800275e-03,
       8.6878066859420646e-04, 4.5122241646537449e-02,
       3.6864307853837430e-02, 4.6516406769254198e-02,
       1.7433854525274743e-03, 1.7323954309287435e-03,
       8.8929958767623566e-04, 4.5316113368941854e-02,
       3.6780673020012637e-02, 4.6572219507553997e-02,
       3.6171416148828338e-03, 3.8123758284136305e-03,
       7.5624956729165480e-04, 4.1189134136331865e-02,
       3.3177019174580775e-02, 5.2415784980790560e-02,
       1.7017664569893517e-03, 1.7125535334102375e-03,
       8.9735422421291673e-04, 4.5005461199666565e-02,
       3.6478962397445559e-02, 4.6009965199157794e-02,
       1.6916241452326047e-03, 1.6879450049745927e-03,
       8.8614033490719008e-04, 4.4657061467196307e-02,
       3.6303543859426864e-02, 4.5697559064579611e-02,
       1.6954122907833758e-03, 1.6849335465456471e-03,
       8.7309810297552654e-04, 4.4378473400741726e-02,
       3.6267131802583348e-02, 4.5585799898356476e-02,
       1.7401484727288608e-03, 1.7059170602095150e-03,
       8.6022713836906932e-04, 4.4816618958340604e-02,
       3.6921689906012134e-02, 4.6609893271914893e-02,
       1.7195329195692959e-03, 1.6765399555405765e-03,
       8.4664880485711246e-04, 4.4499538803056099e-02,
       3.6925476310518679e-02, 4.6494091442443458e-02,
       1.6638270972924194e-03, 1.6274850549310791e-03,
       8.2779382177586530e-04, 4.3887693736544824e-02,
       3.7103594707811896e-02, 4.6951898099814156e-02,
       1.5989028758150515e-03, 1.5783254760001106e-03,
       8.1544794310768327e-04, 4.3966096885470859e-02,
       3.7476194031726959e-02, 4.8324218384358131e-02,
       1.5694669898829187e-03, 1.5421114827354903e-03,
       7.5620550205382725e-04, 4.4762757815271004e-02,
       3.7405154903611827e-02, 4.9098993109623991e-02,
       1.5621040867194965e-03, 1.5206981041192905e-03,
       7.2708641153398381e-04, 4.4961603503118709e-02,
       3.6986942647169528e-02, 4.9129862860765615e-02,
       1.5823075611018198e-03, 1.5384475847815674e-03,
       7.0892919122581965e-04, 4.4659999280896437e-02,
       3.6715507194742106e-02, 4.8608798095037188e-02,
       3.2794932025896366e-03, 3.5495842527323335e-03,
       7.1942564141418564e-04, 4.1097929452939386e-02,
       3.2820229861225049e-02, 5.1390093018152103e-02,
       1.5984087325614090e-03, 1.5553332763668258e-03,
       7.0571654127565386e-04, 4.4467778802871637e-02,
       3.6626146850979875e-02, 4.8469625678584219e-02,
       1.5880256337866805e-03, 1.5492775310543584e-03,
       6.9610132225583342e-04, 4.4234284962730519e-02,
       3.6428410253970887e-02, 4.7908696438702172e-02,
       1.5647728943025561e-03, 1.5509650341023818e-03,
       6.7843486921367901e-04, 4.4045270362276200e-02,
       3.6467381477986505e-02, 4.7075405274979838e-02,
       1.5741620921125921e-03, 1.5808657441358793e-03,
       6.8043384511187635e-04, 4.4590664411738444e-02,
       3.7326295388904973e-02, 4.7559361276226779e-02,
       1.5817826808456616e-03, 1.5906640061769503e-03,
       6.8379865101641981e-04, 4.5074025004533148e-02,
       3.7658270682407895e-02, 4.8266781198545369e-02,
       1.6332430783065368e-03, 1.5942560367683334e-03,
       6.9657639008388801e-04, 4.5652256711257388e-02,
       3.7339836610112385e-02, 5.0023818604412490e-02,
       1.6358267300593814e-03, 1.5517811645158917e-03,
       7.3363243204417280e-04, 4.5189815008346582e-02,
       3.6635045427285497e-02, 4.9516811202116422e-02,
       1.6082126285575564e-03, 1.4782048212783957e-03,
       7.4801175289105032e-04, 4.4412436409381938e-02,
       3.5933606036117435e-02, 4.8009603240913926e-02,
       1.6021651716849482e-03, 1.4410939871775834e-03,
       7.5361476665499188e-04, 4.4402433090660415e-02,
       3.5839242117446365e-02, 4.8040955524693271e-02,
       1.5534663046560804e-03, 1.3833856381431791e-03,
       7.2876053098267488e-04, 4.4649038706777250e-02,
       3.5224273540095448e-02, 4.7708602883460412e-02,
       3.2497298977443322e-03, 3.5282548544108248e-03,
       6.9528941253141905e-04, 4.0908355509588559e-02,
       3.2571145068626829e-02, 5.1392135296819443e-02,
       1.5460665084801515e-03, 1.3891917724623889e-03,
       7.1882950051336961e-04, 4.5137180522576537e-02,
       3.5330700283618191e-02, 4.8123786260429305e-02,
       1.5648949489999427e-03, 1.4008763127314370e-03,
       7.1974086259866022e-04, 4.5119797129909212e-02,
       3.5402687020966328e-02, 4.8288231553448323e-02,
       1.5950815497348845e-03, 1.4832445939187010e-03,
       7.3354918658878512e-04, 4.3922743837076103e-02,
       3.5572303352752209e-02, 4.7488249158037295e-02,
       1.7671633655159259e-03, 1.6728793600758319e-03,
       7.6280645421551968e-04, 4.3612132824334474e-02,
       3.6245068157351533e-02, 4.8146795295148911e-02,
       1.9672424772318176e-03, 1.8692236804428760e-03,
       7.9478107110329680e-04, 4.2960976819494893e-02,
       3.6195410393541558e-02, 4.7202552597976857e-02,
       2.1197503514900420e-03, 2.0839955326673524e-03,
       8.3753595036878132e-04, 4.2627666352529688e-02,
       3.5734504328610438e-02, 4.4750091975395798e-02,
       2.2015328272438775e-03, 2.2134901878657349e-03,
       8.8675119972371052e-04, 4.3958367576544505e-02,
       3.6273514493285988e-02, 4.5330416915482376e-02,
       2.1967382109369183e-03, 2.2194450250413969e-03,
       8.8972518910389916e-04, 4.4729440038004310e-02,
       3.7241173483036814e-02, 4.7374187364281145e-02,
       2.0718404767247870e-03, 2.0133477040237507e-03,
       7.5027110504036101e-04, 4.1134197137193719e-02,
       3.4561550605244608e-02, 4.3733403548279599e-02,
       2.0940434607582838e-03, 1.9940570403515008e-03,
       6.4164669807676409e-04, 3.5935214354451898e-02,
       3.0091648939992784e-02, 3.6205927022735875e-02,
       3.0757015983150109e-03, 3.2852480620757388e-03,
       5.9599533612381356e-04, 3.9741331050431691e-02,
       3.1533589574569747e-02, 5.0574175597944679e-02,
       2.1196100793805261e-03, 2.0218028918660737e-03,
       5.5629393740852897e-04, 3.2390728217258379e-02,
       2.7162741993939740e-02, 3.1307300156767595e-02,
       2.3702415933536613e-03, 2.2872079364954861e-03,
       5.1531165770950802e-04, 3.0993803215660792e-02,
       2.6042292931898813e-02, 2.9819460903160080e-02,
       2.3415659949328352e-03, 2.2554643858978358e-03,
       4.9377940099672028e-04, 2.8411090622942715e-02,
       2.4005659210142836e-02, 2.7985983843599266e-02,
       2.1872176462474488e-03, 2.1660572004613583e-03,
       4.9678816864074673e-04, 2.9061384778844502e-02,
       2.4519282265037631e-02, 2.8525186644326066e-02,
