%YAML:1.0
---
camera_matrix: !!opencv-matrix
   rows: 3
   cols: 3
   dt: d
   data: [ 2.6042289069822646e+03, 0., 1.8801212879228126e+03, 0.,
       2.5951321903875760e+03, 1.0757690272647731e+03, 0., 0., 1. ]
dist_coeff: !!opencv-matrix
   rows: 1
   cols: 14
   dt: d
   data: [ 1.0315310707651146e+00, -1.2423030366182535e+02,
       -4.4273966289023452e-03, 1.6579417565561064e-03,
       5.7875733536896541e+02, 1.0417232667064187e+00,
       -1.2455641626135909e+02, 5.7996973177227858e+02, 0., 0., 0., 0.,
       0., 0. ]
std_intrinsics: !!opencv-matrix
   rows: 18
   cols: 1
   dt: d
   data: [ 2.2656223575087355e+00, 2.3266366912721850e+00,
       4.2815257528353179e+00, 3.3275107560877935e+00,
       2.8893934112838671e+00, 2.1896607927341865e+01,
       4.9304102719801754e-04, 6.1121086557514828e-04,
       6.6821512716025770e+00, 2.8977687490556385e+00,
       2.2096579957139220e+01, 5.5691283539100054e+00, 0., 0., 0., 0.,
       0., 0. ]
std_extrinsics: !!opencv-matrix
   rows: 798
   cols: 1
   dt: d
   data: [ 6.3587475436911204e-03, 6.3268248986053984e-03,
       4.7360718119473469e-04, 5.5303309585853548e-02,
       4.3255313780282294e-02, 4.5156965726104309e-02,
       6.4320477583730265e-03, 6.4035553178330472e-03,
       4.7890967996265483e-04, 5.5294924681419111e-02,
       4.3253732594657604e-02, 4.5290808902369140e-02,
       5.8866366809305765e-03, 5.8423008495231315e-03,
       5.0179190511771355e-04, 5.5439996534431754e-02,
       4.3400964192613023e-02, 4.4750762121197427e-02,
       1.7774740757714068e-03, 1.8042816480851873e-03,
       7.4961418508702623e-04, 4.0584672301411655e-02,
       3.1405150817261765e-02, 2.8023706089157545e-02,
       1.7649027444187394e-03, 1.7988488883985954e-03,
       7.4972866716279058e-04, 4.0210468733418304e-02,
       3.1084324353727728e-02, 2.7869234574525299e-02,
       1.7646854510609579e-03, 1.8003795260683206e-03,
       7.4927905953126657e-04, 4.0260011256428321e-02,
       3.1109708042465344e-02, 2.7940243056910494e-02,
       1.7694478874649799e-03, 1.8066088541374720e-03,
       7.4481139611675946e-04, 4.0385063607006659e-02,
       3.1200752250599269e-02, 2.8002510159876932e-02,
       1.7695408621532327e-03, 1.8096999648184251e-03,
       7.4222372619868959e-04, 4.0332284879343525e-02,
       3.1135422462265479e-02, 2.8017662544040544e-02,
       1.8087667369814666e-03, 1.8349798979768650e-03,
       7.1137528922519326e-04, 4.1062993970799898e-02,
       3.1605240450375549e-02, 2.8012085763066550e-02,
       2.2914529779469749e-03, 2.3119826987209702e-03,
       4.5889737936799968e-04, 3.9104982071129897e-02,
       3.0309808377421411e-02, 2.8270092628895977e-02,
       3.0257301921866341e-03, 2.9585170433138936e-03,
       5.0760896234758508e-04, 5.2084921598440456e-02,
       4.0412977928260679e-02, 3.1320264809334850e-02,
       2.4825668893382388e-03, 2.3382762084044931e-03,
       7.1717607950796546e-04, 6.1178740683203878e-02,
       4.7474774106111631e-02, 3.7141391287936379e-02,
       2.3748704856776334e-03, 2.1737194618146800e-03,
       8.1097233129642852e-04, 6.5307787637592526e-02,
       5.0746059638206747e-02, 4.1685549476915829e-02,
       6.3747328718668532e-03, 6.3356782174114820e-03,
       4.8806873702032333e-04, 5.5327028359123655e-02,
       4.3300370342782668e-02, 4.5641181367040484e-02,
       2.2414520111116894e-03, 2.0572865265645161e-03,
       8.9860739063022245e-04, 6.8050923248657857e-02,
       5.2835262591137855e-02, 4.2694102479958009e-02,
       2.1395111426183821e-03, 1.9496844546096333e-03,
       9.9216092717251798e-04, 6.6973023427268644e-02,
       5.1884536986532025e-02, 4.0812577249567751e-02,
       2.0458068681577062e-03, 1.8825791125168746e-03,
       1.0122663175819310e-03, 6.5471655598885639e-02,
       5.0750363783417018e-02, 3.8791735793858022e-02,
       2.0307277453449003e-03, 1.8417717648776324e-03,
       1.0380846853433297e-03, 6.5085034478649023e-02,
       5.0409359759366980e-02, 3.8822187640882300e-02,
       2.0134540126652513e-03, 1.8219659444503333e-03,
       1.0453504399673061e-03, 6.4799489168046898e-02,
       5.0184485865701331e-02, 3.8490983094258115e-02,
       2.0248245842597002e-03, 1.8166303343451319e-03,
       1.0540593516259651e-03, 6.5038755531957343e-02,
       5.0375063359508379e-02, 3.8588253646095284e-02,
       2.0333728203957824e-03, 1.8181713155568328e-03,
       1.0562671715418841e-03, 6.5332260389855096e-02,
       5.0609821037424840e-02, 3.8803646057555791e-02,
       2.0330685263490436e-03, 1.8127715854212422e-03,
       1.0600196996575623e-03, 6.5288532289060036e-02,
       5.0581318711963426e-02, 3.8723480739368120e-02,
       2.0272829529433441e-03, 1.8081681114720206e-03,
       1.0639510366084093e-03, 6.5237270380756343e-02,
       5.0539781453170639e-02, 3.8682218277855181e-02,
       1.9839845834167804e-03, 1.7771537027594501e-03,
       1.0713890365619760e-03, 6.4777470231109760e-02,
       5.0193085422685572e-02, 3.8166688657102467e-02,
       6.4959701687618953e-03, 6.4612319655841834e-03,
       4.9003132003971786e-04, 5.5195861438714806e-02,
       4.3198622636007870e-02, 4.6110312422103401e-02,
       1.9565526654324811e-03, 1.7635475468968005e-03,
       1.0628916878467026e-03, 6.4473340381409949e-02,
       4.9976888142563014e-02, 3.7895117151105516e-02,
       1.9777405911789682e-03, 1.7820453354352853e-03,
       1.0382132008080829e-03, 6.4227210880778512e-02,
       4.9739598927950254e-02, 3.8054686285668000e-02,
       1.9349498122642082e-03, 1.7880504282158350e-03,
       9.3431871218551570e-04, 6.0496604705331594e-02,
       4.6680992290807896e-02, 3.6899825153879115e-02,
       1.7520098342898008e-03, 1.7593564964653182e-03,
       8.8430685872131147e-04, 5.5627945390848275e-02,
       4.2773499260220990e-02, 3.4156467717812757e-02,
       1.6428926141059980e-03, 1.7642065004805339e-03,
       8.4548819447943389e-04, 5.3394632783476143e-02,
       4.1496080205529938e-02, 3.1868461092988271e-02,
       1.6395353768317129e-03, 1.7798539404878602e-03,
       8.6755214667974653e-04, 5.5560250276417235e-02,
       4.3258060606077689e-02, 3.3726090216864943e-02,
       1.6510762525889799e-03, 1.8149844442412345e-03,
       8.9327114961699247e-04, 6.0862536752090253e-02,
       4.7519722885234227e-02, 3.8082496040714127e-02,
       1.7047938588872517e-03, 1.8580090542304716e-03,
       9.2597848514044381e-04, 6.6626137506503855e-02,
       5.1935477750974811e-02, 4.3623843544679332e-02,
       1.7228329153993283e-03, 1.8682755696903318e-03,
       9.3699213890681735e-04, 6.8085074132270759e-02,
       5.2955333534824081e-02, 4.5322955927986436e-02,
       1.7285378217153959e-03, 1.8720620630226529e-03,
       9.3058592160816993e-04, 6.7889030091126748e-02,
       5.2789742699471766e-02, 4.5167210710665033e-02,
       6.3387368670938119e-03, 6.3090213902685134e-03,
       4.9848571043011969e-04, 5.5303776199169381e-02,
       4.3292510195859717e-02, 4.6474400875724270e-02,
       1.7264592422045644e-03, 1.8758259850969758e-03,
       9.1576711207214557e-04, 6.7013064313225457e-02,
       5.2225675307353669e-02, 4.4040121313671549e-02,
       1.7306008896501670e-03, 1.8835784598747638e-03,
       9.1364407560134357e-04, 6.7308338429242193e-02,
       5.2393495036942100e-02, 4.4504074376932060e-02,
       1.7391726066489262e-03, 1.8861215831020716e-03,
       9.1559674477473404e-04, 6.7686741017515248e-02,
       5.2683222565914553e-02, 4.4867516390395892e-02,
       1.7404933170768555e-03, 1.8836272454568273e-03,
       9.1645070795449860e-04, 6.7458135366455924e-02,
       5.2471319402221779e-02, 4.4738706091495294e-02,
       1.7453276790757447e-03, 1.8882876620204556e-03,
       9.1435157363164510e-04, 6.7806094588269528e-02,
       5.2766715727318128e-02, 4.5018424036355115e-02,
       6.0924827270701643e-03, 6.0684888893214736e-03,
       5.3165128002504315e-04, 5.5024488886184442e-02,
       4.3080551632655319e-02, 4.6949058021432080e-02,
