%YAML:1.0
---
camera_matrix: !!opencv-matrix
   rows: 3
   cols: 3
   dt: d
   data: [ 2.6079783702428444e+03, 0., 1.9051777718055653e+03, 0.,
       2.5990763052759439e+03, 1.0898571620389121e+03, 0., 0., 1. ]
dist_coeff: !!opencv-matrix
   rows: 1
   cols: 14
   dt: d
   data: [ 4.0808640144811770e-01, -3.2039296341924690e+01,
       -4.3742032184974355e-03, 2.6643659805982056e-03,
       5.6044070357657340e+01, 4.6627149632715092e-01,
       -3.2772138158852272e+01, 5.8070343066115583e+01, 0., 0., 0., 0.,
       0., 0. ]
std_intrinsics: !!opencv-matrix
   rows: 18
   cols: 1
   dt: d
   data: [ 1.6977586631040054e+00, 1.7463894091197016e+00,
       3.2415701880116248e+00, 2.4801623119404561e+00,
       3.6341051343919606e+00, 2.8713411181033909e+01,
       3.4008929649788263e-04, 4.2547704142020017e-04,
       5.8914390416765038e+01, 3.6439744673305370e+00,
       2.8821798871571634e+01, 5.9169722295569294e+01, 0., 0., 0., 0.,
       0., 0. ]
std_extrinsics: !!opencv-matrix
   rows: 1596
   cols: 1
   dt: d
   data: [ 6.5560957049633399e-03, 6.5317190027716337e-03,
       4.9548410929080907e-04, 4.1905024862567676e-02,
       3.2444670089742861e-02, 4.2101341596217666e-02,
       6.6364362895291584e-03, 6.6139461811066270e-03,
       5.0212072527439501e-04, 4.1895879507982250e-02,
       3.2452440423054625e-02, 4.2277061254757116e-02,
       6.0322951827529881e-03, 5.9974578735022196e-03,
       5.1876528545223230e-04, 4.2013091449388508e-02,
       3.2590734240568867e-02, 4.1382139510649098e-02,
       1.4560119760729626e-03, 1.4675922205658663e-03,
       6.1724156217689698e-04, 3.0791224276424854e-02,
       2.3449146916044016e-02, 2.3744681350804459e-02,
       1.4560541772768874e-03, 1.4707517503043464e-03,
       6.1590777768655270e-04, 3.0875136247802352e-02,
       2.3500706835996320e-02, 2.3863588412950113e-02,
       1.4457232051910917e-03, 1.4621292402765785e-03,
       6.1712891955434087e-04, 3.0503383150460538e-02,
       2.3211689984394268e-02, 2.3558212627806795e-02,
       1.4467063607467615e-03, 1.4622946683753688e-03,
       6.1876794861625845e-04, 3.0571996609742264e-02,
       2.3261364033053133e-02, 2.3642018849848210e-02,
       1.4458285623243242e-03, 1.4632547029367721e-03,
       6.1699779845073065e-04, 3.0540358219686280e-02,
       2.3232216899022308e-02, 2.3612393055559098e-02,
       1.4426059113684065e-03, 1.4599777415353129e-03,
       6.1727823681501093e-04, 3.0419517657228196e-02,
       2.3145212664551742e-02, 2.3430787877775645e-02,
       1.4496190890496206e-03, 1.4682988964994515e-03,
       6.1370300897642166e-04, 3.0636783105462102e-02,
       2.3301420937516151e-02, 2.3674572584170314e-02,
       1.4451689427755466e-03, 1.4661748543533992e-03,
       6.1288236403420537e-04, 3.0487863714743543e-02,
       2.3177633203888447e-02, 2.3550205195389477e-02,
       1.4489984397971941e-03, 1.4699066261955232e-03,
       6.1173776163543170e-04, 3.0596588620703601e-02,
       2.3255777630756379e-02, 2.3670521278822226e-02,
       1.4566553158633908e-03, 1.4742920669034388e-03,
       6.0942394684198697e-04, 3.0622299205513966e-02,
       2.3263467517197812e-02, 2.3677623958351948e-02,
       6.6937085532112620e-03, 6.6574660841565141e-03,
       5.1867231786664335e-04, 4.1797665432400224e-02,
       3.2414237390692255e-02, 4.3277182268532270e-02,
       1.4839252485603475e-03, 1.5023420782899087e-03,
       5.8781938516782792e-04, 3.1157605381470777e-02,
       2.3605929098716529e-02, 2.3670786170068063e-02,
       1.6324608998760934e-03, 1.6976130800556420e-03,
       5.0827389763880167e-04, 2.9785924593819384e-02,
       2.2420574834281341e-02, 2.2554683011615759e-02,
       2.0864530398947540e-03, 2.1006634509065933e-03,
       4.2164469751613002e-04, 2.9681837332226218e-02,
       2.2647515464303970e-02, 2.4708620647678009e-02,
       2.5404447331976864e-03, 2.5886978388486880e-03,
       3.8039168623137207e-04, 3.2834422791178278e-02,
       2.5079618612769309e-02, 2.5705189805348166e-02,
       2.9295547597349629e-03, 2.9012017721922910e-03,
       5.0463364149570496e-04, 3.9509461100030493e-02,
       3.0168584051316349e-02, 2.5836797038966929e-02,
       2.5091169931249543e-03, 2.4912227785071541e-03,
       6.5898403242849125e-04, 4.4761986625189723e-02,
       3.4030680168630173e-02, 2.9239154842992360e-02,
       2.2589570557540375e-03, 2.1596036896807664e-03,
       6.7527088194075529e-04, 4.6443814519761352e-02,
       3.5434448836897149e-02, 3.1516095634377135e-02,
       2.1430495813396381e-03, 2.0147249000782574e-03,
       7.1498584607618178e-04, 4.7884982161512817e-02,
       3.6553541568265041e-02, 3.3126418276182068e-02,
       2.0847027758774919e-03, 1.9458994227602128e-03,
       7.4145285720425536e-04, 4.9616431980335787e-02,
       3.7846578012614381e-02, 3.5624314376799825e-02,
       1.9518118384204317e-03, 1.8155325848364626e-03,
       7.8819093806928254e-04, 5.0000021964852287e-02,
       3.8106458367092803e-02, 3.5681167507111713e-02,
       6.5696106793091342e-03, 6.5370152794564096e-03,
       5.0825501632805544e-04, 4.1922822117449625e-02,
       3.2490977185692743e-02, 4.2616838702680314e-02,
       1.9581229446165491e-03, 1.8333390544902613e-03,
       8.1721282216488044e-04, 5.1658779439461122e-02,
       3.9442465517365230e-02, 3.7350683160921737e-02,
       1.9166864238298845e-03, 1.7900405043898688e-03,
       8.5258182032560176e-04, 5.1675810187764112e-02,
       3.9429238219426038e-02, 3.7373603179865010e-02,
       1.8561603366770087e-03, 1.7366987769274029e-03,
       8.9425895584207215e-04, 5.0801470785921059e-02,
       3.8789874234446305e-02, 3.5587506163201992e-02,
       1.8043697967129928e-03, 1.6973032080748766e-03,
       9.1015758902440323e-04, 5.0159785424587523e-02,
       3.8290501376474585e-02, 3.4394296540654901e-02,
       1.7523913064213170e-03, 1.6584013778556336e-03,
       9.0201852933018448e-04, 4.9670306718482271e-02,
       3.7922183720162823e-02, 3.3758027987679448e-02,
       1.7306026891660913e-03, 1.6412044273679417e-03,
       9.1141819172630562e-04, 4.9646520237906687e-02,
       3.7892699654477557e-02, 3.3721441460799681e-02,
       1.7196251120626877e-03, 1.6126155480484506e-03,
       9.1726487230908412e-04, 4.9352255118233705e-02,
       3.7669808227241516e-02, 3.3529448721179404e-02,
       1.6997982847954441e-03, 1.5838453176271160e-03,
       9.1984010298088261e-04, 4.8928673106879116e-02,
       3.7347516943728121e-02, 3.3061192598301273e-02,
       1.6988178126931546e-03, 1.5901395477024218e-03,
       9.1981756145443684e-04, 4.9135796633676940e-02,
       3.7504890646669828e-02, 3.3229282322418438e-02,
       1.7039275441019558e-03, 1.5883182687675239e-03,
       9.2250020468852734e-04, 4.9255878364939422e-02,
       3.7602132679018942e-02, 3.3338663826902863e-02,
       6.0835257958903712e-03, 6.0531733852014083e-03,
       5.1205031315978955e-04, 4.1881762906996835e-02,
       3.2471139045516649e-02, 4.1383114838304674e-02,
       1.7065451269433656e-03, 1.5847226932469681e-03,
       9.2648056398652082e-04, 4.9317888656890532e-02,
       3.7654794220759638e-02, 3.3354807764055569e-02,
       1.7090632957373856e-03, 1.5839674112410470e-03,
       9.2622645897969067e-04, 4.9391666840183326e-02,
       3.7715199088348965e-02, 3.3427014393023043e-02,
       1.7142705579818831e-03, 1.5862331423743040e-03,
       9.2868037292734946e-04, 4.9541470685093437e-02,
       3.7832581228337103e-02, 3.3599730002603703e-02,
       1.7131078042024574e-03, 1.5799374475141831e-03,
       9.3032705593935905e-04, 4.9472934285596223e-02,
       3.7781294085509461e-02, 3.3524020444348240e-02,
       1.7123817482646894e-03, 1.5798868166817719e-03,
       9.3110857137860431e-04, 4.9508932477399251e-02,
       3.7810377079354758e-02, 3.3542918381866405e-02,
       1.7103026688659716e-03, 1.5767662157683314e-03,
       9.3156012566818008e-04, 4.9440423325377292e-02,
       3.7758491104857878e-02, 3.3451469281108197e-02,
