%YAML:1.0
---
camera_matrix: !!opencv-matrix
   rows: 3
   cols: 3
   dt: d
   data: [ 2.6039541864345456e+03, 0., 1.8653231857864769e+03, 0.,
       2.6002038855805004e+03, 1.0525924143205341e+03, 0., 0., 1. ]
dist_coeff: !!opencv-matrix
   rows: 1
   cols: 14
   dt: d
   data: [ -1.3139921185212781e+01, 1.3560421234930234e+02,
       -1.3129989555006842e-02, -2.3106922153084738e-03,
       -2.1675876400008795e+02, -1.3146831081257314e+01,
       1.3551908534147043e+02, -2.1569819273047781e+02, 0., 0., 0., 0.,
       0., 0. ]
std_intrinsics: !!opencv-matrix
   rows: 18
   cols: 1
   dt: d
   data: [ 3.0145949143998516e+00, 3.0434719536405326e+00,
       4.5617029926114556e+00, 4.0588151076758514e+00,
       7.4253006958899421e+00, 7.0288421319983243e+01,
       5.3317943428333970e-04, 5.9909584445543202e-04,
       1.8459197877241616e+02, 7.4278338508697184e+00,
       7.0062679178335088e+01, 1.8550263043802502e+02, 0., 0., 0., 0.,
       0., 0. ]
std_extrinsics: !!opencv-matrix
   rows: 882
   cols: 1
   dt: d
   data: [ 6.5139257879034086e-03, 6.5281703103953802e-03,
       4.0500970845121475e-04, 8.0042578511523146e-02,
       7.1423223111505257e-02, 6.7396236377623431e-02,
       6.7270677779727953e-03, 6.7320167602735242e-03,
       4.0727334274704411e-04, 8.0092727819325513e-02,
       7.1488958153187274e-02, 6.7829981893696531e-02,
       5.6193724159663656e-03, 5.6022043282081060e-03,
       4.3874904956521879e-04, 7.6216966556308566e-02,
       6.8128442411590689e-02, 6.4128123988786687e-02,
       2.5827937309985528e-03, 2.6088868960313315e-03,
       9.5332797246047013e-04, 7.1247494056071239e-02,
       6.6626690760095128e-02, 6.9566230564816672e-02,
       2.2826767801272033e-03, 2.4035687289577202e-03,
       8.8752985323553352e-04, 7.7297372290861782e-02,
       7.0167546805511141e-02, 6.4542536546144072e-02,
       2.0703713054527613e-03, 2.2337527022727628e-03,
       9.1881526008505280e-04, 8.2098049975257270e-02,
       7.3525233102641405e-02, 6.3701136694255769e-02,
       1.9994065372472484e-03, 2.1854482648539153e-03,
       9.4897938900463370e-04, 8.2965629709214617e-02,
       7.4133420633619815e-02, 6.4121990507783611e-02,
       1.9654083332057838e-03, 2.1686758227145888e-03,
       9.5535895451637914e-04, 8.3130643093842729e-02,
       7.4157153692592279e-02, 6.2961057105743373e-02,
       1.9510760357875968e-03, 2.1611937544569167e-03,
       9.6144215420780046e-04, 8.2730020420652930e-02,
       7.3783600931766488e-02, 6.2033396132821841e-02,
       1.9483724413717359e-03, 2.1580012034323900e-03,
       9.6170029732937619e-04, 8.2618953902130920e-02,
       7.3668889544129590e-02, 6.1843202473873017e-02,
       1.9448306237832302e-03, 2.1559268003695110e-03,
       9.6156471739795965e-04, 8.2595734043735561e-02,
       7.3629082649597971e-02, 6.1450704896078873e-02,
       1.9495962903260998e-03, 2.1593155973735406e-03,
       9.6128720949486819e-04, 8.3102450951305112e-02,
       7.4069436569672603e-02, 6.1455817621423769e-02,
       1.9536520521461044e-03, 2.1609120925858817e-03,
       9.6204324769697468e-04, 8.3440853552482860e-02,
       7.4367937074005214e-02, 6.1751564031070343e-02,
       6.0865837901128437e-03, 6.0880527090940439e-03,
       4.1521893612426233e-04, 7.6465360005841546e-02,
       6.8317161928153000e-02, 6.4586212718103095e-02,
       1.9320223163684768e-03, 2.1582533882751279e-03,
       9.3201259505417018e-04, 8.2037167015198559e-02,
       7.3066070512995698e-02, 5.8726752759891629e-02,
       2.0594688062868113e-03, 2.2717320585198975e-03,
       8.2318506873454197e-04, 7.9145561242455337e-02,
       6.9901740434948970e-02, 5.7485078773107399e-02,
       2.0332345286584448e-03, 2.1875231239873367e-03,
       9.0897457297923990e-04, 8.3134742148623278e-02,
       7.3637879179527022e-02, 5.9911041323527009e-02,
       2.0244456444022444e-03, 2.1516214367999580e-03,
       9.3548906188117462e-04, 8.5655272860710313e-02,
       7.5289503233214802e-02, 6.2725720808840993e-02,
       2.0261725855263411e-03, 2.1315276407708871e-03,
       1.0270290488712502e-03, 8.7915296677104585e-02,
       7.8306685768734924e-02, 6.0248265369828503e-02,
       2.0314279348462448e-03, 2.1005770143338663e-03,
       1.0663358153995821e-03, 8.7027598986964078e-02,
       7.7525488467164019e-02, 5.9330042506553306e-02,
       2.0493387152859277e-03, 2.1038932134796952e-03,
       1.0665100879436150e-03, 8.7127295399592616e-02,
       7.7652767181641394e-02, 5.9880530404166361e-02,
       2.0401696208477982e-03, 2.0982611706618637e-03,
       1.0712239595375810e-03, 8.6869142305241454e-02,
       7.7397850985470029e-02, 5.9117508856025382e-02,
       6.1226841976740427e-03, 6.1334046477522150e-03,
       3.9027041767376506e-04, 7.6465255871714558e-02,
       6.8216234834093503e-02, 6.5530326403291025e-02,
       2.0495175464416981e-03, 2.1122353378193160e-03,
       1.0633118864569818e-03, 8.7550845683851714e-02,
       7.8016136659242424e-02, 5.9785767661082241e-02,
       2.0551838234837425e-03, 2.1184353834535611e-03,
       1.0585436434649821e-03, 8.7654658583706135e-02,
       7.8112654115485763e-02, 5.9990269479063309e-02,
       2.0499969122545372e-03, 2.1096139036087614e-03,
       1.0667218982115005e-03, 8.7560741137159323e-02,
       7.8028723697569372e-02, 5.9776680825531711e-02,
       2.0516380841307841e-03, 2.1080359834736852e-03,
       1.0678751224986916e-03, 8.7495707127449390e-02,
       7.7970904000267377e-02, 5.9824886373483474e-02,
       2.0505603313712658e-03, 2.1051873048901610e-03,
       1.0720361270704596e-03, 8.7557832781854250e-02,
       7.8029067971920593e-02, 5.9864890003175748e-02,
       2.0560012452479001e-03, 2.1076689670947745e-03,
       1.0719311950342990e-03, 8.7712814876698200e-02,
       7.8161869584211383e-02, 6.0075025023540375e-02,
       2.0525921020295946e-03, 2.1066379178400901e-03,
       1.0719661951152221e-03, 8.7728616522759317e-02,
       7.8182217995409822e-02, 6.0061045711653271e-02,
       2.0470221609810552e-03, 2.1110906819826426e-03,
       1.0611885481345636e-03, 8.7719824461678544e-02,
       7.8197906453462029e-02, 6.0247462403290160e-02,
       2.3696791921315910e-03, 2.2282612252104228e-03,
       1.0047704287728548e-03, 8.6083401509162910e-02,
       7.5931172718093576e-02, 6.8896616520907936e-02,
       5.6454894606846598e-03, 5.6636021014749936e-03,
       4.0269266126340987e-04, 7.6526601812396830e-02,
       6.8276194152549666e-02, 6.4861155430463002e-02,
       3.4300047448735807e-03, 2.9963943301874259e-03,
       7.4975379807574853e-04, 7.3995680058364238e-02,
       6.5190443206382898e-02, 6.7002200420893471e-02,
       3.1873856138305437e-03, 3.1698341733165350e-03,
       7.1530967210235296e-04, 7.4823017301425182e-02,
       6.6300579538870461e-02, 6.0611967437160762e-02,
       4.9065465980658897e-03, 4.8303573895838213e-03,
       5.6500752646930941e-04, 7.4127119617444781e-02,
       6.5995086259543992e-02, 6.5417682480937489e-02,
       2.5059759238586165e-03, 2.4639437471985675e-03,
       5.8401230722653899e-04, 6.8075332289871893e-02,
       6.0458592043081343e-02, 5.5666587815870347e-02,
       2.1975834616435415e-03, 2.1435463767807261e-03,
       7.0912897336632705e-04, 6.8706906276751037e-02,
       6.1066253509256672e-02, 5.4784957385332442e-02,
       2.2493815294748628e-03, 2.2031933564404102e-03,
       7.2467167303952090e-04, 7.4322819087631442e-02,
       6.5908302923330664e-02, 6.0051014880218127e-02,
       2.1595235198908903e-03, 2.1879308445176076e-03,
       7.1840974784095977e-04, 7.5828474173253224e-02,
       6.7332071139113409e-02, 6.1902203511851155e-02,
       2.1427928965051645e-03, 2.1699472654047496e-03,
       7.3160357140817408e-04, 7.6517284857365281e-02,
       6.7867589691954583e-02, 6.2964388114285327e-02,
       2.1564999277788859e-03, 2.1589017773299369e-03,
       7.4392183777620348e-04, 7.6351952906162701e-02,
       6.7726121005380238e-02, 6.2490758053043841e-02,
