%YAML:1.0
---
camera_matrix: !!opencv-matrix
   rows: 3
   cols: 3
   dt: d
   data: [ 2.6160801067386155e+03, 0., 1.9008588264531218e+03, 0.,
       2.6064496070140208e+03, 1.0931163127908976e+03, 0., 0., 1. ]
dist_coeff: !!opencv-matrix
   rows: 1
   cols: 14
   dt: d
   data: [ -1.2943168009314020e+01, 5.6933657885547490e+01,
       -9.9271159719204697e-04, 1.4769764200612070e-03,
       -7.9490646766665193e+01, -1.2941775724589476e+01,
       5.6913143853974944e+01, -7.9444597861513984e+01, 0., 0., 0., 0.,
       0., 0. ]
std_intrinsics: !!opencv-matrix
   rows: 18
   cols: 1
   dt: d
   data: [ 1.0669915656096609e+00, 1.0680618405371907e+00,
       1.7577717888726128e+00, 1.4896171314898077e+00,
       2.0428968248974794e-01, 1.6855178276194729e+00,
       2.0785089850843948e-04, 2.6479570251466467e-04,
       3.1178996804425476e+00, 2.0390557011926441e-01,
       1.6820285290112647e+00, 3.1109920807255587e+00, 0., 0., 0., 0.,
       0., 0. ]
std_extrinsics: !!opencv-matrix
   rows: 864
   cols: 1
   dt: d
   data: [ 7.8996370448798248e-03, 7.8968914171764111e-03,
       5.3529879691200126e-04, 2.2606241925679761e-02,
       1.9694239142524859e-02, 4.5701679569401105e-02,
       7.9023794868960870e-03, 7.9002633896193795e-03,
       5.3533777248735261e-04, 2.2600158521486256e-02,
       1.9697564212794821e-02, 4.5894793473503157e-02,
       7.7884724100182141e-03, 7.7914921237569029e-03,
       5.3008604214708913e-04, 2.2517446891897355e-02,
       1.9552383533866874e-02, 4.4737153016530029e-02,
       9.7658503098920738e-04, 9.3019037023715269e-04,
       3.7881579772522904e-04, 9.8923606300529883e-03,
       8.3663917011802778e-03, 9.2626671959697982e-03,
       9.8783646613920749e-04, 9.4588045188199348e-04,
       3.8352764777024661e-04, 1.0386192616481655e-02,
       8.6926040340533049e-03, 9.6222206496328969e-03,
       9.6709673731108900e-04, 9.3723161495102376e-04,
       3.7704257317468703e-04, 1.0307693134652129e-02,
       8.6376261630984833e-03, 9.9624865489946583e-03,
       9.6541374552388192e-04, 9.4000285492328234e-04,
       3.7384249890861938e-04, 1.0359169860138075e-02,
       8.6408803423513487e-03, 1.0067934586987003e-02,
       9.6241504833248146e-04, 9.4347294437039731e-04,
       3.7554133981245732e-04, 1.0406109512218620e-02,
       8.6762266947352385e-03, 1.0204021718067424e-02,
       9.6016058731087240e-04, 9.3740263390058789e-04,
       3.7553042084643675e-04, 1.0344006593222474e-02,
       8.6265260712410780e-03, 1.0083723367254747e-02,
       9.6103946548675170e-04, 9.4041235682926151e-04,
       3.7554694967526425e-04, 1.0366197843452983e-02,
       8.6401393467259759e-03, 1.0159208251034259e-02,
       9.6521027605365897e-04, 9.4303801455248844e-04,
       3.7511107825466714e-04, 1.0395821598498667e-02,
       8.6645070811720622e-03, 1.0196401974771238e-02,
       7.8936948125561731e-03, 7.8968304713308724e-03,
       5.3001697483787775e-04, 2.2521820696900993e-02,
       1.9553209614198024e-02, 4.5317687983568659e-02,
       9.6795298950224122e-04, 9.4499219300066988e-04,
       3.7551123852884997e-04, 1.0426018168173019e-02,
       8.6896271489694081e-03, 1.0235580695964972e-02,
       9.6622186971440853e-04, 9.4377761566492076e-04,
       3.7496046899511231e-04, 1.0417584893284390e-02,
       8.6758882166959473e-03, 1.0226157924444892e-02,
       9.6504073876287034e-04, 9.4329597037575471e-04,
       3.7569418346875368e-04, 1.0438995236874502e-02,
       8.6865754238168655e-03, 1.0259481697572225e-02,
       9.6436770599570888e-04, 9.4020573178206003e-04,
       3.7474104393365494e-04, 1.0412530782205191e-02,
       8.6574292984851232e-03, 1.0187012849401197e-02,
       1.0149570860275155e-03, 9.6090364827490331e-04,
       3.5722343358588442e-04, 9.8011323223203810e-03,
       8.1847218151410751e-03, 9.5807714095783227e-03,
       1.0682789014193601e-03, 1.1412813488243837e-03,
       2.8222670080983015e-04, 1.1390125995938097e-02,
       9.9862044150627535e-03, 8.5312713707416180e-03,
       1.0070373854756016e-03, 9.1626738292324228e-04,
       4.1864119159173735e-04, 1.3473189559703527e-02,
       1.1293438382772523e-02, 9.2085127707711763e-03,
       7.4820514601068875e-03, 7.4643099994098593e-03,
       5.2554858649934272e-04, 2.2098283168682585e-02,
       1.9200677544695444e-02, 4.4994651435785307e-02,
       8.9609546742675905e-04, 8.4505068525634274e-04,
       4.3298295300959409e-04, 1.3209248417734274e-02,
       1.1088989811844457e-02, 8.3916855915887323e-03,
       9.0115505025756921e-04, 8.6897375408260061e-04,
       4.3151854093463171e-04, 1.3416074190853510e-02,
       1.1343409754040461e-02, 8.4252407538287135e-03,
       9.0749146644279060e-04, 8.6858295431706690e-04,
       4.3009031177931764e-04, 1.3350814829992534e-02,
       1.1258441873740711e-02, 8.4631639661587755e-03,
       9.1709064972547672e-04, 8.7352737473545515e-04,
       4.3405712096452492e-04, 1.3518175398508823e-02,
       1.1391914802987421e-02, 8.6576868055144481e-03,
       9.1333861386359524e-04, 8.6852985297368554e-04,
       4.3880147192418566e-04, 1.3518868843143036e-02,
       1.1378383176598377e-02, 8.5766322258675129e-03,
       9.1216986561341265e-04, 8.6376729040515499e-04,
       4.3943726358785986e-04, 1.3454757118149094e-02,
       1.1312548633577840e-02, 8.5050772816087812e-03,
       9.1350534901109325e-04, 8.6227612096655419e-04,
       4.4019190198847543e-04, 1.3459883694415298e-02,
       1.1304960071955986e-02, 8.5431282646774211e-03,
       9.1152641682026630e-04, 8.6083166443063589e-04,
       4.3980101084418224e-04, 1.3461083072285147e-02,
       1.1305725363769935e-02, 8.5676577121112634e-03,
       9.1465842003228700e-04, 8.6519167624255053e-04,
       4.3828221493848310e-04, 1.3488816778082006e-02,
       1.1336520056524153e-02, 8.6206073996971614e-03,
       9.1481522450164332e-04, 8.6410271601464119e-04,
       4.3864891268942087e-04, 1.3481350020088097e-02,
       1.1321488023731570e-02, 8.6248726523853198e-03,
       4.8077691194428609e-03, 4.7785768157458967e-03,
       4.6317141567869791e-04, 1.9244589929309153e-02,
       1.6333991954955270e-02, 3.4600759342495062e-02,
       9.1621010398220662e-04, 8.6192115316934437e-04,
       4.3962709304299318e-04, 1.3452864553085470e-02,
       1.1284337065539178e-02, 8.5936701111682806e-03,
       9.5682490161530325e-04, 8.7618852549406858e-04,
       4.0348503155295901e-04, 1.3020828967728647e-02,
       1.0962047236828483e-02, 8.9868978456743472e-03,
       9.4124580703692292e-04, 8.9773445136878997e-04,
       3.9226978605021992e-04, 1.2805120225304101e-02,
       1.0789671312188482e-02, 9.2447479860214808e-03,
       8.7662953035554645e-04, 8.8279982803244087e-04,
       4.2359503748881254e-04, 1.2840966196982719e-02,
       1.0839562830617055e-02, 9.9706085588064357e-03,
       8.6463439406286326e-04, 8.5405314082044798e-04,
       4.2418589852655556e-04, 1.2101011048509549e-02,
       1.0112529078371846e-02, 9.5608157844408927e-03,
       8.5196796057980246e-04, 8.4295861229976730e-04,
       4.1845312621367059e-04, 1.1876673760141364e-02,
       9.8005849077796286e-03, 9.4154605476024361e-03,
       8.5531863791869279e-04, 8.4949166338819688e-04,
       4.2003480160615072e-04, 1.2128763116255837e-02,
       1.0092972734641242e-02, 9.3945672371438301e-03,
       8.6628046446663473e-04, 8.6119203372623273e-04,
       4.2253781714947391e-04, 1.2418734721968723e-02,
       1.0383184661972494e-02, 9.4750149640386982e-03,
       8.6437322229801191e-04, 8.5830853052618430e-04,
       4.2525410586425933e-04, 1.2442575473899873e-02,
       1.0382772650427871e-02, 9.5559300080162168e-03,
       8.6464786629552183e-04, 8.6068874783580887e-04,
       4.2462684321597138e-04, 1.2456535878281659e-02,
       1.0402507958928216e-02, 9.5446706368170330e-03,
       2.5243511964994012e-03, 2.5078515936157062e-03,
       5.0701697200488738e-04, 1.6949986562029850e-02,
       1.4220391120062455e-02, 2.6075241630259233e-02,
