%YAML:1.0
---
camera_matrix: !!opencv-matrix
   rows: 3
   cols: 3
   dt: d
   data: [ 2.6138522699403452e+03, 0., 1.8802768291804159e+03, 0.,
       2.6096177527128407e+03, 1.1161181326740898e+03, 0., 0., 1. ]
dist_coeff: !!opencv-matrix
   rows: 1
   cols: 14
   dt: d
   data: [ -1.0241784756376125e+01, 3.5976227421066731e+01,
       5.1620293011209323e-03, -1.3208281663788263e-03,
       -8.7271723385281970e+00, -1.0252197180652313e+01,
       3.6085085964354953e+01, -9.2078257702687729e+00, 0., 0., 0., 0.,
       0., 0. ]
std_intrinsics: !!opencv-matrix
   rows: 18
   cols: 1
   dt: d
   data: [ 2.0191851365532840e+00, 1.7946071787682363e+00,
       2.8944350483832930e+00, 2.9056702596477075e+00,
       3.5868422225446467e-01, 2.2276265860711519e+00,
       3.9954938793241429e-04, 3.9352654146928445e-04,
       1.1482967562567939e+01, 3.5971477425919768e-01,
       2.2073912926981949e+00, 1.1331274773501358e+01, 0., 0., 0., 0.,
       0., 0. ]
std_extrinsics: !!opencv-matrix
   rows: 1104
   cols: 1
   dt: d
   data: [ 1.1748850647174916e-02, 1.1737549422841109e-02,
       6.5476029567721264e-04, 4.9114730037691658e-02,
       4.9665169000209182e-02, 7.5039694021488954e-02,
       1.1226188146367609e-02, 1.1217889464031728e-02,
       6.4161305618454527e-04, 4.9331557642679359e-02,
       4.9900753895027718e-02, 7.4706005564075542e-02,
       4.0394695305820544e-03, 4.0604926091922658e-03,
       7.3629431038063121e-04, 4.6875094956547639e-02,
       4.5943097699727715e-02, 5.2897593871668258e-02,
       1.5397016879682977e-03, 1.5985235895355637e-03,
       7.6169526043168322e-04, 4.0925979615112691e-02,
       4.0088899728063884e-02, 3.4598937866551306e-02,
       1.5420032275633368e-03, 1.6053922155956244e-03,
       7.5757876997541889e-04, 4.0670351231883381e-02,
       3.9790764164617666e-02, 3.5540935034669846e-02,
       1.5503108315018633e-03, 1.6060774611470086e-03,
       7.5309016848703356e-04, 4.0224899186899317e-02,
       3.9393249437075374e-02, 3.5561106349385974e-02,
       1.5686249790548303e-03, 1.6142513082236904e-03,
       7.5413180862272456e-04, 4.0311779384954595e-02,
       3.9461512515144112e-02, 3.5127984798772049e-02,
       1.5770779923248500e-03, 1.5729311073004852e-03,
       7.6412176771270437e-04, 3.9975097571001462e-02,
       3.8968844639353913e-02, 3.4919523947552912e-02,
       1.5869381608360203e-03, 1.5444985185814786e-03,
       7.6726067900921059e-04, 3.9650118755408220e-02,
       3.8562792445810457e-02, 3.4766309364922622e-02,
       1.5981580863628408e-03, 1.5046642616957119e-03,
       7.7556568200946852e-04, 3.9254241153457020e-02,
       3.8068008006202782e-02, 3.4941194650521083e-02,
       1.6005477932822122e-03, 1.4685094017295177e-03,
       7.8586559078130393e-04, 3.8706409511375182e-02,
       3.7490997176305878e-02, 3.4818230466618229e-02,
       1.5975726911959672e-03, 1.4553389703389520e-03,
       7.9128084899902603e-04, 3.8545753441402986e-02,
       3.7337649973584408e-02, 3.4617245192863529e-02,
       1.5901114487060402e-03, 1.4366653509401048e-03,
       8.0255486579136951e-04, 3.8741612242733786e-02,
       3.7531820897130308e-02, 3.4197611998526098e-02,
       4.7843183700068291e-03, 4.8789055284962565e-03,
       6.3658250150241545e-04, 4.5821840574861904e-02,
       4.5462494900586611e-02, 5.6239498673049775e-02,
       1.4882987100388470e-03, 1.4174385829374841e-03,
       8.2761703536625008e-04, 3.7759188346140678e-02,
       3.6963920276839014e-02, 3.0519106939235478e-02,
       1.4878602347815747e-03, 1.4038920353279525e-03,
       8.4134584983659602e-04, 3.6700514098038400e-02,
       3.6079448682586120e-02, 2.8102688994242460e-02,
       1.5014542611981002e-03, 1.4215823996868561e-03,
       8.3543091111686302e-04, 3.6651369713142160e-02,
       3.6205872494080013e-02, 2.7440315925507427e-02,
       1.5098979438577503e-03, 1.4368867674259308e-03,
       8.3131446278597598e-04, 3.6850467618593424e-02,
       3.6472024639944221e-02, 2.7457141530668847e-02,
       1.5122569849276228e-03, 1.4329190026672212e-03,
       8.3291194478537502e-04, 3.6674907322179644e-02,
       3.6241004268735375e-02, 2.7527784628203565e-02,
       1.4656818240836522e-03, 1.3911444699175384e-03,
       7.8116108159666914e-04, 3.3104889454865775e-02,
       3.2557211228147788e-02, 2.4282805442935568e-02,
       1.4304060012573518e-03, 1.3868570492323760e-03,
       7.4201455813288283e-04, 3.0583681186071316e-02,
       3.0334714354926771e-02, 2.2866621757736221e-02,
       1.4066503331310641e-03, 1.3966895807883623e-03,
       7.7092718795232170e-04, 3.1330494764610667e-02,
       3.1146334750223673e-02, 2.5303405809629725e-02,
       1.4117267630356293e-03, 1.4130364765458973e-03,
       7.8020263923818378e-04, 3.1836084371047464e-02,
       3.1714510608686956e-02, 2.6721278766277324e-02,
       1.5446920627935001e-03, 1.5248010776008571e-03,
       7.2301391071593636e-04, 3.2031235397394539e-02,
       3.2341663128052353e-02, 2.7442392749765471e-02,
       5.9934538305962907e-03, 6.0609973568064961e-03,
       5.8448259009757583e-04, 4.5470427201084712e-02,
       4.5680198022333099e-02, 5.9727370747589083e-02,
       2.0386996486846400e-03, 1.9662925175416134e-03,
       6.6967856236931393e-04, 3.6426067890968548e-02,
       3.6972538128262664e-02, 3.3358876937908677e-02,
       2.4160499771909765e-03, 2.3384047336728660e-03,
       6.7832363940447781e-04, 3.9839788434656256e-02,
       4.0389596698134599e-02, 3.7853291417319239e-02,
       2.6210405081011972e-03, 2.5399549632632904e-03,
       6.4544767797335265e-04, 4.0275857632666300e-02,
       4.0561454068195828e-02, 3.7432385430713165e-02,
       2.8100854895500831e-03, 2.7524509501730987e-03,
       6.2312581194082326e-04, 4.0933312450359013e-02,
       4.1157501745483327e-02, 3.9227316888620946e-02,
       3.0454532627307339e-03, 3.0311385776267187e-03,
       7.0497606062420125e-04, 4.2130024436426577e-02,
       4.2725294758440245e-02, 4.3254410458066946e-02,
       3.2780211509345018e-03, 3.2705516272545630e-03,
       7.1609107810657446e-04, 4.2696950450074704e-02,
       4.3597394547945006e-02, 4.4963383268722797e-02,
       2.8208535202015180e-03, 2.8206688376269306e-03,
       7.2455485463946941e-04, 4.2143141580501427e-02,
       4.2843128900325343e-02, 4.3809050650110197e-02,
       2.3791749085756769e-03, 2.3743389663010805e-03,
       7.4728504351077570e-04, 4.1405560898356945e-02,
       4.2010825909150694e-02, 4.1423968651989364e-02,
       2.2169092769581339e-03, 2.2306598594568679e-03,
       7.6369212027072714e-04, 4.0757429700945563e-02,
       4.1126258540060093e-02, 4.0988723127053761e-02,
       2.1112471987233127e-03, 2.1424385033591022e-03,
       8.0599705017620675e-04, 4.0599519845230504e-02,
       4.1097365906773216e-02, 4.0957870178050283e-02,
       7.7273070716552339e-03, 7.7488438517937788e-03,
       6.8157199651908227e-04, 4.5602884234384973e-02,
       4.6125418000706894e-02, 6.3018271256972166e-02,
       2.0632603487703389e-03, 2.0905981350844097e-03,
       7.9935197320213369e-04, 4.0133451433816518e-02,
       4.0558154152502052e-02, 4.0167418074288197e-02,
       1.9780439933801981e-03, 2.0016708205689532e-03,
       7.8776164404081677e-04, 3.9226526103656581e-02,
       3.9673687355492517e-02, 3.8415542497739499e-02,
       1.9397020118385670e-03, 1.9634511322369269e-03,
       7.9212411753934626e-04, 3.8395807072124394e-02,
       3.9050105414318317e-02, 3.7464747608205416e-02,
       1.9198666413895533e-03, 1.9474464306699943e-03,
       7.8812599145517955e-04, 3.8044438803861755e-02,
       3.8817590747612728e-02, 3.6949016228585027e-02,
       1.9211823005278483e-03, 1.9271039098699657e-03,
       7.3301289974413207e-04, 3.8158497990602690e-02,
       3.8802303498927500e-02, 3.7119642350648067e-02,
       1.8969692703504173e-03, 1.8867305908613053e-03,
       6.8560008011432367e-04, 3.8013946807400459e-02,
       3.8549030249106261e-02, 3.8861961403114806e-02,
