%YAML:1.0
---
camera_matrix: !!opencv-matrix
   rows: 3
   cols: 3
   dt: d
   data: [ 2.6166426087478735e+03, 0., 1.8536348916959985e+03, 0.,
       2.6076378446674562e+03, 1.1146852897847282e+03, 0., 0., 1. ]
dist_coeff: !!opencv-matrix
   rows: 1
   cols: 14
   dt: d
   data: [ -9.8214242425640297e+00, 4.3418534864601618e+01,
       4.1883158933270857e-03, -4.5551954353575475e-03,
       -3.8488791749812158e+01, -9.8202465466914415e+00,
       4.3386746645869550e+01, -3.8593984507183151e+01, 0., 0., 0., 0.,
       0., 0. ]
std_intrinsics: !!opencv-matrix
   rows: 18
   cols: 1
   dt: d
   data: [ 2.0274051684195875e+00, 1.7938234792719956e+00,
       3.0494903600999455e+00, 2.9324482845294182e+00,
       4.7500218557610113e-01, 2.7735855876019815e+00,
       4.0728292572341125e-04, 4.1335824654800549e-04,
       8.8518357082058401e+00, 4.7639574593788303e-01,
       2.7581965246623752e+00, 8.7414646175077184e+00, 0., 0., 0., 0.,
       0., 0. ]
std_extrinsics: !!opencv-matrix
   rows: 1098
   cols: 1
   dt: d
   data: [ 1.5800502817335943e-03, 1.6640535921442273e-03,
       7.6909067132736994e-04, 4.2726414644632241e-02,
       4.0469671801107027e-02, 3.5353038141673336e-02,
       1.5895172834864864e-03, 1.6819039445779664e-03,
       7.6546735763570906e-04, 4.2344953323741254e-02,
       4.0068082819734327e-02, 3.6319177543715934e-02,
       1.6012825843613407e-03, 1.6773241681638140e-03,
       7.5943680933489961e-04, 4.2132697477435609e-02,
       4.0001623870735685e-02, 3.5637928662214317e-02,
       1.6119240080549354e-03, 1.6519524231644693e-03,
       7.6969506002443793e-04, 4.2106342049303296e-02,
       3.9822972333696562e-02, 3.5556313154976329e-02,
       1.6192479891971193e-03, 1.6182766866649238e-03,
       7.7617668267511582e-04, 4.1636798894150354e-02,
       3.9264708120996472e-02, 3.5231803418412401e-02,
       4.5499245343205924e-03, 4.6622087596502135e-03,
       7.0196049711837040e-04, 4.8964792026788578e-02,
       4.6261642036280776e-02, 5.5165990169454525e-02,
       1.6324074423428741e-03, 1.5867204600680811e-03,
       7.8260028292706897e-04, 4.1381642736684425e-02,
       3.8875918415176590e-02, 3.5368707414161753e-02,
       1.6391061932705890e-03, 1.5479156783896068e-03,
       7.9287535185470039e-04, 4.0916002051805254e-02,
       3.8306956813757488e-02, 3.5405924846671065e-02,
       1.6359818649828658e-03, 1.5139026657590329e-03,
       8.0417366596943817e-04, 4.0386870005345014e-02,
       3.7749449938196372e-02, 3.5129471050579869e-02,
       1.6380078247076348e-03, 1.5104588426283557e-03,
       8.0729597071801376e-04, 4.0619518105541506e-02,
       3.7977807217104843e-02, 3.5019704841844308e-02,
       1.5738346773129892e-03, 1.4522542190844397e-03,
       8.2811102211106154e-04, 3.9674499436716533e-02,
       3.7245355689665520e-02, 3.2333992736083603e-02,
       1.5196715297527434e-03, 1.4588203309564248e-03,
       8.4610454405494354e-04, 3.9096096478153361e-02,
       3.7000663866268609e-02, 2.9511939455631370e-02,
       1.5348895116141482e-03, 1.4648304108292641e-03,
       8.4558002305381446e-04, 3.8437168499370220e-02,
       3.6571567242478877e-02, 2.7852664412428896e-02,
       1.5397645271471344e-03, 1.4719816017291531e-03,
       8.4368331115505031e-04, 3.8507941659393932e-02,
       3.6676099096203410e-02, 2.7698170570412305e-02,
       1.5510887305171827e-03, 1.4820920449355086e-03,
       8.4809637738174728e-04, 3.8873399440911165e-02,
       3.7022027386730327e-02, 2.7925313819995114e-02,
       1.5523076858047482e-03, 1.4726301822543090e-03,
       8.3443955990534157e-04, 3.7818205927587320e-02,
       3.5795996412314721e-02, 2.7617219877060280e-02,
       5.4281928224353257e-03, 5.5383665554961355e-03,
       5.9625197845475429e-04, 4.7787390529092928e-02,
       4.5932371090600228e-02, 5.8712801078208338e-02,
       1.4833169818187237e-03, 1.4356947431503602e-03,
       7.5694350660138112e-04, 3.2951756391480000e-02,
       3.1241426621317053e-02, 2.3433259075902772e-02,
       1.4566296529225596e-03, 1.4552564055543458e-03,
       7.6026102096729510e-04, 3.2618524565858259e-02,
       3.1250495993544583e-02, 2.4563566438725849e-02,
       1.4329194015533116e-03, 1.4551769733650510e-03,
       7.9290483116263566e-04, 3.3423365868561997e-02,
       3.1977764868698418e-02, 2.6722239675387286e-02,
       1.4775959279443294e-03, 1.5114743258604082e-03,
       7.6610325407516278e-04, 3.3500774394043392e-02,
       3.2365015209962843e-02, 2.7679377587673512e-02,
       1.8027547487824832e-03, 1.7675045588788105e-03,
       6.8320599298258818e-04, 3.5989766874697265e-02,
       3.4998690383636975e-02, 3.0072860844639233e-02,
       2.2799570292694744e-03, 2.2202870103290016e-03,
       6.8250656894608126e-04, 4.0564778906292898e-02,
       3.9554873491158611e-02, 3.6442607230849092e-02,
       2.4885372189709758e-03, 2.4285522156608573e-03,
       6.8606442395637381e-04, 4.2055935080459975e-02,
       4.0923395358099940e-02, 3.8257498228757611e-02,
       2.8064935716772166e-03, 2.7480772666616964e-03,
       6.0631333061632276e-04, 4.2757690752408199e-02,
       4.1220861824893387e-02, 3.7860113407967765e-02,
       2.8322155411288756e-03, 2.8085711163734718e-03,
       6.7429875869517487e-04, 4.3523841275875309e-02,
       4.2214453474888183e-02, 4.0980165762510949e-02,
       3.0956140038179585e-03, 3.1034494386698009e-03,
       7.5724673242572060e-04, 4.4643602206671976e-02,
       4.3845479499351130e-02, 4.4432471771541963e-02,
       6.7396462177275488e-03, 6.7886255390567718e-03,
       6.0742160681252690e-04, 4.8023278092821316e-02,
       4.6483131185120603e-02, 6.0769193987449829e-02,
       2.8711763833099138e-03, 2.8884993524607118e-03,
       7.3453935868255304e-04, 4.4473689357888355e-02,
       4.3590674423748886e-02, 4.3872986600458713e-02,
       2.5694381121434667e-03, 2.5861229574607606e-03,
       7.5023367353821142e-04, 4.4167112860764475e-02,
       4.3099239216859556e-02, 4.2889813716678812e-02,
       2.3783821136969074e-03, 2.4000596366482744e-03,
       7.4336569725243066e-04, 4.3188525001130768e-02,
       4.2008112437847779e-02, 4.1569109008764260e-02,
       2.1549349410376465e-03, 2.2058366073687695e-03,
       8.0824182392198968e-04, 4.2859719143941481e-02,
       4.1620297794987819e-02, 4.1493583271725955e-02,
       2.0853742952540288e-03, 2.1388069098871943e-03,
       8.2103567689354828e-04, 4.2324218798934041e-02,
       4.1194377812134850e-02, 4.0816917446483768e-02,
       2.0016326378916741e-03, 2.0504315785697244e-03,
       8.0865524519792623e-04, 4.1768669100996698e-02,
       4.0539069659387097e-02, 3.9389192038140813e-02,
       1.9592097501610517e-03, 2.0060707014213485e-03,
       8.0558599449794845e-04, 4.0790568945591410e-02,
       3.9829891672477587e-02, 3.8148462971775876e-02,
       1.9458194329200337e-03, 1.9908218368125314e-03,
       8.0770511081635396e-04, 4.0321427594711509e-02,
       3.9439527023068091e-02, 3.7561330670103490e-02,
       1.9362168029575539e-03, 1.9791677710442662e-03,
       7.7782654067827376e-04, 4.0016692476204110e-02,
       3.9229518277840020e-02, 3.7119563772824098e-02,
       1.9264548081444660e-03, 1.9404756381796338e-03,
       7.1606662307254149e-04, 4.0024193741357683e-02,
       3.9053641024524875e-02, 3.8222099231192318e-02,
       9.4112984326317293e-03, 9.4055221722204249e-03,
       8.3878951146866532e-04, 4.8080119363595686e-02,
       4.6982442400839097e-02, 6.4735851196062288e-02,
       1.8885701028293889e-03, 1.9024553642889509e-03,
       6.8862052170082439e-04, 3.9723316275587471e-02,
       3.8878768558864664e-02, 4.0078520781087548e-02,
       1.8823731937192237e-03, 1.9082271714655811e-03,
       6.9930894727370419e-04, 3.9843275257483719e-02,
       3.8944298434872605e-02, 4.0104914085577717e-02,
       1.8303836055707829e-03, 1.8726601762117392e-03,
       6.9007075847760937e-04, 3.9269453595078586e-02,
       3.7859549068197891e-02, 3.8287453484511048e-02,
