%YAML:1.0
---
camera_matrix: !!opencv-matrix
   rows: 3
   cols: 3
   dt: d
   data: [ 2.6252552031221521e+03, 0., 1.9209846114583438e+03, 0.,
       2.6215885455526322e+03, 1.0968421645396934e+03, 0., 0., 1. ]
dist_coeff: !!opencv-matrix
   rows: 1
   cols: 14
   dt: d
   data: [ -1.0311119260816566e+01, 3.5376736401155931e+01,
       1.1525547268392213e-03, 4.3581335334459802e-03,
       -7.0474572718186081e+00, -1.0324223051768811e+01,
       3.5510062048286457e+01, -7.5600663719043704e+00, 0., 0., 0., 0.,
       0., 0. ]
std_intrinsics: !!opencv-matrix
   rows: 18
   cols: 1
   dt: d
   data: [ 1.8299034154887217e+00, 1.8566950552283092e+00,
       2.5398456918403549e+00, 2.3238612538296168e+00,
       4.0436795971334005e-01, 2.2840267689614304e+00,
       2.9025891943082444e-04, 3.6383066073126342e-04,
       7.8377305000447564e+00, 4.0507485625603273e-01,
       2.2769618115950472e+00, 7.7326526142870051e+00, 0., 0., 0., 0.,
       0., 0. ]
std_extrinsics: !!opencv-matrix
   rows: 1494
   cols: 1
   dt: d
   data: [ 1.7769625908549646e-03, 1.7478425493290628e-03,
       7.0055924097723200e-04, 3.8030415981367936e-02,
       3.4200887605926954e-02, 3.3448270149613345e-02,
       1.6239268938510294e-03, 1.6011617294399167e-03,
       7.2274980148891589e-04, 3.8478520834766390e-02,
       3.4631624677203252e-02, 3.4019769839417631e-02,
       1.6018221553482169e-03, 1.5722570709313629e-03,
       7.4346351787142671e-04, 3.9920539353776423e-02,
       3.5853656382667201e-02, 3.6036212897995079e-02,
       1.6254520130996324e-03, 1.6059088327634390e-03,
       7.6314120650348754e-04, 4.1222276580550797e-02,
       3.6962791725627511e-02, 3.7786925227857669e-02,
       1.6103654514558138e-03, 1.5930949747067398e-03,
       7.5876648067597083e-04, 4.0744699887720323e-02,
       3.6471635920839462e-02, 3.7139881744949720e-02,
       3.4171386997519310e-03, 3.5206084249269636e-03,
       7.5081357164621411e-04, 4.6074590902640704e-02,
       4.0409765101414030e-02, 5.4203009293646090e-02,
       1.5178855160143145e-03, 1.4968821168784400e-03,
       7.4599235248540329e-04, 3.9364328890481540e-02,
       3.5294960085697429e-02, 3.5169730802384426e-02,
       1.4823582260029419e-03, 1.4597534447573319e-03,
       7.5383212395071988e-04, 3.9198249837742866e-02,
       3.5268174647454284e-02, 3.5114863109380022e-02,
       1.4045161866987417e-03, 1.3761771789075577e-03,
       7.5767354992884036e-04, 3.8175512893980225e-02,
       3.4557360567757163e-02, 3.4157914677049074e-02,
       1.3657652297450729e-03, 1.3298945327578895e-03,
       7.6486787060947071e-04, 3.7689714269362254e-02,
       3.4256332499281963e-02, 3.3752546395755791e-02,
       1.3600692906402920e-03, 1.3204765328115903e-03,
       7.6467466656368339e-04, 3.7931788644886215e-02,
       3.4546350462522607e-02, 3.4558633626373882e-02,
       1.3638074166071109e-03, 1.3183877910722941e-03,
       7.6023728032318446e-04, 3.8452570411725215e-02,
       3.4920905406062408e-02, 3.5589840135037770e-02,
       1.3773106326011345e-03, 1.3274206478878937e-03,
       7.2900252100680006e-04, 3.9106261805134303e-02,
       3.5117291171847906e-02, 3.6631630966246151e-02,
       1.3781401436090551e-03, 1.3146708023033062e-03,
       7.2069360148758685e-04, 3.9757027774674436e-02,
       3.5356496122643376e-02, 3.7597366403595206e-02,
       1.3702459873274973e-03, 1.3063427520011025e-03,
       7.1629900518125191e-04, 4.0152952541520660e-02,
       3.5537797573774801e-02, 3.8153739450598245e-02,
       1.4093362276736152e-03, 1.3382623547389108e-03,
       7.0869292322904413e-04, 3.9229276575982283e-02,
       3.4997628757296874e-02, 3.7115091023346598e-02,
       3.3631348321384253e-03, 3.4534462543397522e-03,
       7.4771051562263872e-04, 4.6082228077443381e-02,
       4.0469761829824598e-02, 5.4004678954575287e-02,
       1.4750968993239967e-03, 1.4231150529469931e-03,
       6.9161027353607785e-04, 3.8269695215068344e-02,
       3.4655130391154927e-02, 3.5742212677209582e-02,
       1.5615207521285756e-03, 1.5194941803416601e-03,
       6.8854881879587158e-04, 3.8084279030413795e-02,
       3.4663192359787993e-02, 3.5015329866315233e-02,
       1.6117610092594222e-03, 1.5811320883760403e-03,
       6.9845792131829649e-04, 3.8158951951264286e-02,
       3.4639206255656738e-02, 3.4431008061203416e-02,
       1.6101900096253889e-03, 1.5847265325620182e-03,
       7.0420736109970373e-04, 3.8031718909719729e-02,
       3.4419818649111790e-02, 3.3921460475277915e-02,
       1.5910136013249031e-03, 1.5604103173087419e-03,
       6.6569868073209520e-04, 3.7321415550955424e-02,
       3.3968692540330948e-02, 3.2348295730713773e-02,
       1.5987051670571925e-03, 1.5985913700797497e-03,
       6.5173984652556040e-04, 3.7417357892645921e-02,
       3.4510868636477239e-02, 3.2775647683376652e-02,
       1.6298767428178688e-03, 1.6327282836233715e-03,
       6.6247781609940937e-04, 3.7948353727605390e-02,
       3.4997040885656666e-02, 3.3538985822628126e-02,
       1.7177807297556707e-03, 1.7001040525434401e-03,
       6.8476536588039927e-04, 3.9023458776233637e-02,
       3.5669029139486698e-02, 3.4720798268956014e-02,
       1.6871381050231461e-03, 1.6773273062932982e-03,
       7.3035092479196344e-04, 3.8910252504175673e-02,
       3.4948895513905245e-02, 3.4399385315651038e-02,
       1.6277572821136732e-03, 1.6263159621964789e-03,
       7.3902011763590856e-04, 3.8435281970011885e-02,
       3.4346663133844865e-02, 3.3766617215826286e-02,
       3.2693538843913930e-03, 3.3475723352722471e-03,
       7.5041629888833038e-04, 4.6207846469419285e-02,
       4.0436156455191524e-02, 5.3651685352751333e-02,
       1.6127272909521851e-03, 1.6180941717803595e-03,
       7.5788790699480755e-04, 3.8508701210777103e-02,
       3.4250822962903694e-02, 3.3827645471401165e-02,
       1.5872385648827763e-03, 1.5816702762307222e-03,
       7.5558934363650183e-04, 3.8186635665264049e-02,
       3.3970143689818717e-02, 3.3534280809761931e-02,
       1.5841046145559905e-03, 1.5720709400576876e-03,
       7.5065586219278876e-04, 3.8195667364223113e-02,
       3.4080266974844932e-02, 3.3628828968128396e-02,
       1.5517777088968894e-03, 1.5365671221347970e-03,
       7.3858764163136259e-04, 3.8043591111261869e-02,
       3.4092981069510676e-02, 3.3519386995717812e-02,
       1.4691824340998133e-03, 1.4502721253412730e-03,
       7.2783356977763913e-04, 3.7607853097558132e-02,
       3.4080632884571881e-02, 3.3375386833432552e-02,
       1.4008871033483977e-03, 1.3683110502530293e-03,
       7.3057613693152919e-04, 3.7330546146324875e-02,
       3.4000169442016587e-02, 3.3591528035540698e-02,
       1.3363436052861008e-03, 1.2908416102309981e-03,
       7.3927916306609017e-04, 3.6887678287089928e-02,
       3.3498667031564115e-02, 3.3172997314544900e-02,
       1.2927183382823693e-03, 1.2389538352105801e-03,
       7.3193260256171041e-04, 3.7017364546862566e-02,
       3.3163670471357883e-02, 3.3306757945088847e-02,
       1.2562179662584387e-03, 1.2014855518157495e-03,
       6.9805614490019543e-04, 3.6994431865610161e-02,
       3.2723546541830524e-02, 3.3494742457946633e-02,
       1.2603836315692439e-03, 1.2072702401709678e-03,
       6.9228465352072358e-04, 3.7143237783767540e-02,
       3.2709980610913000e-02, 3.3734092765540485e-02,
       3.2370494541637887e-03, 3.3088826960668400e-03,
       7.0550445689216725e-04, 4.4812495785717610e-02,
       4.0257705171109104e-02, 5.2864493350801234e-02,
       1.2553584499738826e-03, 1.2466649819021407e-03,
       6.8068726043307129e-04, 3.7428046215483360e-02,
       3.2580276311216953e-02, 3.4024489544422977e-02,
       1.2410378833234651e-03, 1.2304042076591957e-03,
       6.5354609099838490e-04, 3.7085128016052640e-02,
       3.1954067571185782e-02, 3.4485658941878522e-02,
       1.2702020745066394e-03, 1.2553510551244641e-03,
       6.3335397976866888e-04, 3.6337549863420408e-02,
       3.1489028121424317e-02, 3.3910869234405609e-02,
