%YAML:1.0
---
camera_matrix: !!opencv-matrix
   rows: 3
   cols: 3
   dt: d
   data: [ 2.6073323826990700e+03, 0., 1.8821427207383674e+03, 0.,
       2.6014232379322784e+03, 1.0654110577998936e+03, 0., 0., 1. ]
dist_coeff: !!opencv-matrix
   rows: 1
   cols: 14
   dt: d
   data: [ -3.6350893166972340e+00, 4.6920932182990853e+01,
       -9.2713991774628548e-03, -1.4186456863615068e-03,
       2.9069084191166809e+02, -3.6082577332598311e+00,
       4.6292085463912095e+01, 2.9381971130289088e+02, 0., 0., 0., 0.,
       0., 0. ]
std_intrinsics: !!opencv-matrix
   rows: 18
   cols: 1
   dt: d
   data: [ 1.9805356568296555e+00, 1.9860106255917034e+00,
       3.2412540001221068e+00, 2.6559524660853531e+00,
       3.0924364045479713e+00, 2.3973615586524211e+01,
       3.3663404469882400e-04, 4.1931480439592200e-04,
       6.0651615829229399e+00, 3.0953553363717221e+00,
       2.3887499911127957e+01, 6.5095691672307341e+00, 0., 0., 0., 0.,
       0., 0. ]
std_extrinsics: !!opencv-matrix
   rows: 1764
   cols: 1
   dt: d
   data: [ 6.0496710029811903e-03, 6.0369241478149989e-03,
       3.7445210942330229e-04, 5.6910273951096706e-02,
       4.6846409176140767e-02, 5.2750779905263744e-02,
       6.2561937752869008e-03, 6.2363300750868994e-03,
       3.7702528090994755e-04, 5.6945371784939157e-02,
       4.6888465991280555e-02, 5.3201731742458465e-02,
       5.1399233891371923e-03, 5.1093826843752231e-03,
       3.9662632387077121e-04, 5.4224500972671855e-02,
       4.4658688270482652e-02, 4.9674193636824564e-02,
       1.9282754712239237e-03, 1.8359690968873404e-03,
       7.2528298541419539e-04, 5.1080062058138163e-02,
       4.3695559188698455e-02, 4.6890757812886825e-02,
       1.8071054931696633e-03, 1.7608077636503908e-03,
       6.7987322106234053e-04, 5.3113392988608087e-02,
       4.4701542010519887e-02, 4.4929676536702032e-02,
       1.7066532908308763e-03, 1.6869758036584747e-03,
       6.6991308077137207e-04, 5.4998534266894217e-02,
       4.5876526349134271e-02, 4.4655638753078937e-02,
       1.6291256297608233e-03, 1.6483259838084823e-03,
       6.6809118845140953e-04, 5.7217220238601596e-02,
       4.7323074008208385e-02, 4.4497043959600031e-02,
       1.5847017804104123e-03, 1.6210735057199084e-03,
       6.8100313420287213e-04, 5.8248709259617740e-02,
       4.8040289133385448e-02, 4.5149060389479211e-02,
       1.5462851116250938e-03, 1.5967251121759142e-03,
       6.8981934945451507e-04, 5.8535094301112020e-02,
       4.8203719769018889e-02, 4.5375509888926746e-02,
       1.5266180723931607e-03, 1.5869494523454333e-03,
       6.9615732607517346e-04, 5.8866702458471663e-02,
       4.8420338378283800e-02, 4.5539999049843800e-02,
       1.5131574257135248e-03, 1.5783884313826464e-03,
       6.9744799411712100e-04, 5.8823381194463918e-02,
       4.8347137693099305e-02, 4.5098339440636535e-02,
       1.5064483922444744e-03, 1.5746891561385719e-03,
       6.9820868676136161e-04, 5.8978983724445322e-02,
       4.8455376825638635e-02, 4.4920051788644409e-02,
       1.4998000396163067e-03, 1.5691294268707157e-03,
       7.0066542088103711e-04, 5.8804682888502810e-02,
       4.8311215947372615e-02, 4.4534771345120322e-02,
       5.5045620992794416e-03, 5.4658912426014438e-03,
       3.8456328193646575e-04, 5.4099912303546646e-02,
       4.4500781264182103e-02, 5.1428847346395884e-02,
       1.4967506819701672e-03, 1.5671150015032431e-03,
       7.0167567300456345e-04, 5.8700614643256308e-02,
       4.8227287488725776e-02, 4.4317947125621752e-02,
       1.5001279859538441e-03, 1.5697331115318983e-03,
       6.9921502922456764e-04, 5.8783453258567486e-02,
       4.8286617695444595e-02, 4.4310016171135204e-02,
       1.4956341648822734e-03, 1.5659174969375183e-03,
       7.0154065859655496e-04, 5.8624195627646342e-02,
       4.8153155760789261e-02, 4.4196000899253796e-02,
       1.4948029862485034e-03, 1.5655961945156953e-03,
       7.0050507108760805e-04, 5.8576475923562660e-02,
       4.8110135776797125e-02, 4.4089198506536524e-02,
       1.4941480022328652e-03, 1.5644063032989181e-03,
       7.0120155804134028e-04, 5.8615755475962754e-02,
       4.8136977681280183e-02, 4.3963482758454089e-02,
       1.4938270935962801e-03, 1.5632898046532523e-03,
       7.0111511649228661e-04, 5.8629392400933171e-02,
       4.8144713428594471e-02, 4.3822693823262489e-02,
       1.4998101629589236e-03, 1.5670990298242741e-03,
       7.0146512780142555e-04, 5.8986297494162135e-02,
       4.8438077417622932e-02, 4.4051567641909983e-02,
       1.5008649227911184e-03, 1.5674174715289426e-03,
       7.0214058385364314e-04, 5.9104263733574511e-02,
       4.8531659331273180e-02, 4.4108986653976688e-02,
       1.5039321020428383e-03, 1.5692205702623628e-03,
       7.0237666350584846e-04, 5.9226319745342114e-02,
       4.8632778238764017e-02, 4.4290866761263883e-02,
       1.4995779060674279e-03, 1.5654589087317258e-03,
       7.0251771048649477e-04, 5.9024132395989533e-02,
       4.8462433302282469e-02, 4.4031656307289606e-02,
       5.6137757557154985e-03, 5.5971047118355197e-03,
       3.7781086830635782e-04, 5.4386821636479288e-02,
       4.4782811183569041e-02, 5.0274264745703991e-02,
       1.4820938417706053e-03, 1.5625412509431402e-03,
       6.7715836616934525e-04, 5.8300358866516869e-02,
       4.7838644925090275e-02, 4.2083930080345847e-02,
       1.4854671908118482e-03, 1.5912605668005626e-03,
       6.3057517846305301e-04, 5.8628270134847525e-02,
       4.8281264028817591e-02, 4.1919681939647624e-02,
       1.5691512817616394e-03, 1.7276427497838489e-03,
       5.4560800991424819e-04, 5.5582781898433610e-02,
       4.5184732578974172e-02, 4.0791590656686874e-02,
       1.5447508788170234e-03, 1.6099383063959225e-03,
       6.1726390890337525e-04, 5.6532115779058235e-02,
       4.6290936444415107e-02, 3.9852120329998589e-02,
       1.5329732256619995e-03, 1.5807536733323661e-03,
       6.5851070911320886e-04, 5.7458852195595357e-02,
       4.7084293674674364e-02, 4.0344849965048821e-02,
       1.5309788985667023e-03, 1.5876515801375205e-03,
       6.9103561880492137e-04, 5.9298181216164723e-02,
       4.8690891289554492e-02, 4.2015658275945514e-02,
       1.4950627551256466e-03, 1.5578536198261287e-03,
       6.8915010398225447e-04, 5.7849890110419341e-02,
       4.7326845674072381e-02, 4.1168284806224004e-02,
       5.6793672780006080e-03, 5.6751045649724614e-03,
       3.6398749789962227e-04, 5.4438062356780115e-02,
       4.4798306614240543e-02, 5.0878092754099158e-02,
       1.5227094178358121e-03, 1.5891549363339756e-03,
       7.2404724388177720e-04, 6.1056022421896824e-02,
       5.0032876370269409e-02, 4.3810135309639599e-02,
       1.5168025374600754e-03, 1.5757537651037777e-03,
       7.6519592299101411e-04, 6.1255650910841113e-02,
       5.0307158339540525e-02, 4.2812960125379391e-02,
       1.5360065285234628e-03, 1.5734575030375406e-03,
       7.8199675686205510e-04, 6.2544917918051002e-02,
       5.1317230226383251e-02, 4.3639340466844839e-02,
       1.5453660249278192e-03, 1.5389491200946256e-03,
       7.9676989017463367e-04, 6.1668258690867929e-02,
       5.0552319449189448e-02, 4.2812992555807658e-02,
       1.5360389585256445e-03, 1.5391112431620163e-03,
       8.0460566358157371e-04, 6.1937551506781922e-02,
       5.0788351024927285e-02, 4.2921249539495852e-02,
       1.5521361707315866e-03, 1.5471146166175702e-03,
       8.0861820136003150e-04, 6.2617653938194226e-02,
       5.1337756431823006e-02, 4.3670641322248079e-02,
       1.5565483799333385e-03, 1.5386737264280808e-03,
       8.0069982173010756e-04, 6.2040229428497608e-02,
       5.0836787253264168e-02, 4.3363740138326085e-02,
       1.5525592331935816e-03, 1.5405039321218722e-03,
       7.9945658303880542e-04, 6.2007906216795222e-02,
       5.0818669063898057e-02, 4.3276086040259037e-02,
       1.5456155879352597e-03, 1.5366155701246691e-03,
       8.0673501590689683e-04, 6.1820678601192426e-02,
       5.0687675460324759e-02, 4.2813948337114001e-02,
