%YAML:1.0
---
camera_matrix: !!opencv-matrix
   rows: 3
   cols: 3
   dt: d
   data: [ 2.6174968056246244e+03, 0., 1.8119373058816875e+03, 0.,
       2.6095912567639416e+03, 1.1076195437353704e+03, 0., 0., 1. ]
dist_coeff: !!opencv-matrix
   rows: 1
   cols: 14
   dt: d
   data: [ -5.6069860944134584e+00, 6.2415345665751360e+01,
       -2.9296527855612476e-03, -1.1383613872587739e-02,
       2.5680096598794759e+00, -5.5627297246145702e+00,
       6.1810568465954731e+01, 3.7803399697919398e+00, 0., 0., 0., 0.,
       0., 0. ]
std_intrinsics: !!opencv-matrix
   rows: 18
   cols: 1
   dt: d
   data: [ 2.4526329440216705e+00, 2.4006206491223576e+00,
       4.6389857008998483e+00, 3.7671000167189486e+00,
       3.5421384948067036e+00, 2.4921357964271515e+01,
       4.9955197405155761e-04, 6.0651755640441266e-04,
       7.8817011150767115e+01, 3.5497044493377099e+00,
       2.4983007414968025e+01, 7.8932575047881770e+01, 0., 0., 0., 0.,
       0., 0. ]
std_extrinsics: !!opencv-matrix
   rows: 1056
   cols: 1
   dt: d
   data: [ 8.8308953325415638e-03, 8.9391835265741435e-03,
       4.5981059488569025e-04, 9.4031885043459579e-02,
       7.6751895029323752e-02, 7.6320656822224067e-02,
       8.1348573292556736e-03, 8.2502234088040870e-03,
       4.9380142534302966e-04, 9.4240979473227640e-02,
       7.6958516635087862e-02, 7.4904652959263338e-02,
       8.4647889938106666e-03, 8.5613387224446127e-03,
       5.0456063126555603e-04, 9.5037785552769885e-02,
       7.7617303163697346e-02, 7.6880982655716051e-02,
       2.1995475205800314e-03, 2.1994570638095502e-03,
       6.6632061697977226e-04, 5.9384623119666642e-02,
       4.8699365395400845e-02, 3.8580743126259934e-02,
       1.8915745153028564e-03, 1.9222119445992914e-03,
       8.5121118752574498e-04, 6.0150642068884368e-02,
       4.9181348828550298e-02, 3.8576833213398609e-02,
       1.8828160832721468e-03, 1.8847032617475004e-03,
       9.2980513118940018e-04, 6.2427035843304751e-02,
       5.0908514209971840e-02, 4.0038290077702571e-02,
       1.8444455424764361e-03, 1.8529204236169790e-03,
       9.7144101693187829e-04, 6.3566439589928109e-02,
       5.1868099627951490e-02, 4.1153281203946825e-02,
       1.8452325434606478e-03, 1.8486741914024273e-03,
       9.8312779297480722e-04, 6.3870657869064443e-02,
       5.2128104611190919e-02, 4.1507838960634820e-02,
       1.8447060299709782e-03, 1.8450080002638753e-03,
       9.9439518286990013e-04, 6.4347922813638075e-02,
       5.2511861893475696e-02, 4.1851659847303720e-02,
       1.8469154284909896e-03, 1.8481394704880220e-03,
       9.9252143101270134e-04, 6.4732814202511937e-02,
       5.2821676155059165e-02, 4.2133799642922805e-02,
       1.8446338591977961e-03, 1.8473264084293913e-03,
       9.9313687935965425e-04, 6.4575518479645475e-02,
       5.2700904452572167e-02, 4.2058598618313410e-02,
       1.8412543443025306e-03, 1.8434383034336261e-03,
       9.9857983352721045e-04, 6.4590109749273344e-02,
       5.2715618764093919e-02, 4.2065132070478205e-02,
       1.8356002244152270e-03, 1.8371934931963559e-03,
       1.0009323246736421e-03, 6.4137680195834892e-02,
       5.2349127935966057e-02, 4.1792762775556609e-02,
       8.4517798938846516e-03, 8.5482571339181267e-03,
       5.0775352916975804e-04, 9.5363890853917124e-02,
       7.7879618147536953e-02, 7.6395938120209311e-02,
       1.8329346690470630e-03, 1.8339635342211390e-03,
       1.0058066938262663e-03, 6.4130655280426691e-02,
       5.2347405323671867e-02, 4.1782663646654249e-02,
       1.8372858638987678e-03, 1.8383471155066751e-03,
       1.0054814675318868e-03, 6.4646796414728841e-02,
       5.2750698095181771e-02, 4.2110736229555371e-02,
       1.8445281650727951e-03, 1.8402968009195600e-03,
       1.0490610631095974e-03, 6.8020511571026621e-02,
       5.5471818248733408e-02, 4.4408260725375716e-02,
       1.8374945772053404e-03, 1.8522388372038301e-03,
       1.0558781446236387e-03, 7.0899427933137041e-02,
       5.7851064073607954e-02, 4.6640013819967782e-02,
       1.8459889103885118e-03, 1.8615534500116919e-03,
       1.0473082858470449e-03, 7.1288081188433147e-02,
       5.8154598460697031e-02, 4.6914953035584690e-02,
       1.8529213575611317e-03, 1.8665494365976509e-03,
       1.0454108416595462e-03, 7.1608749330442964e-02,
       5.8414380339868739e-02, 4.7120304110336235e-02,
       1.8615645773626076e-03, 1.9072029967425895e-03,
       9.8373882406569291e-04, 7.1830324797234599e-02,
       5.8742502957919170e-02, 4.8315266591218806e-02,
       1.9218771104436737e-03, 1.9688376154212857e-03,
       7.5389547399156028e-04, 6.2584125770867402e-02,
       5.0780498179973925e-02, 5.1890832545493266e-02,
       1.9829030008899542e-03, 2.0579493562026697e-03,
       6.9989092250660159e-04, 6.4179252772592288e-02,
       5.2091981593834054e-02, 4.0594427927948443e-02,
       1.9998119997013813e-03, 2.0294473568319639e-03,
       8.0785886720868350e-04, 6.8764983913458644e-02,
       5.5942131310060657e-02, 4.0428001853940479e-02,
       8.4038950192278482e-03, 8.5015768576053464e-03,
       5.1273280321032367e-04, 9.5681516295348781e-02,
       7.8148954303323720e-02, 7.6784553189606475e-02,
       1.9646359000508721e-03, 1.9964453967067303e-03,
       9.2552304064505637e-04, 6.7812111340211562e-02,
       5.5777495390964049e-02, 4.3244137955986174e-02,
       1.8911212429771874e-03, 1.9493248218779493e-03,
       9.5505188512597713e-04, 6.9278414138610592e-02,
       5.6756467024635653e-02, 4.2405043047899181e-02,
       1.8398841549393456e-03, 1.9194359003088842e-03,
       9.6544895283178845e-04, 7.4742062375958498e-02,
       6.0908450800299503e-02, 4.4486617712616409e-02,
       1.8395460426917476e-03, 1.9220899430744290e-03,
       1.0091136403561139e-03, 8.0561257841151465e-02,
       6.5738895436940142e-02, 4.8162736644409808e-02,
       1.8468866346161780e-03, 1.9287167139502260e-03,
       1.0232262647253550e-03, 8.4235173271334049e-02,
       6.8772951109155628e-02, 5.0256326155913737e-02,
       1.8732327514103643e-03, 1.9427976242580363e-03,
       1.0312216446450558e-03, 8.3298995029305586e-02,
       6.8148061861958362e-02, 5.0890083358402914e-02,
       1.8631981999476513e-03, 1.9271867693442469e-03,
       1.0121409848154262e-03, 8.0721764995128453e-02,
       6.5814790111877977e-02, 4.9212507988288287e-02,
       1.8531863895018803e-03, 1.9203373081303529e-03,
       1.0077851320297881e-03, 7.9706264632343163e-02,
       6.4935449151397762e-02, 4.8152682923414930e-02,
       1.8417763873351688e-03, 1.9138302328111710e-03,
       1.0046327896467066e-03, 7.9232341946432513e-02,
       6.4504089300910644e-02, 4.7529279814152364e-02,
       1.8341186539198942e-03, 1.9076793540335273e-03,
       9.9858821400149829e-04, 7.9074335529664516e-02,
       6.4306981965505577e-02, 4.7145512887938695e-02,
       8.5293406019481370e-03, 8.6336791672164959e-03,
       4.9259437236900386e-04, 9.5329989477015140e-02,
       7.7841183646372158e-02, 7.7577741603291978e-02,
       1.8381798306891144e-03, 1.9092014844549047e-03,
       9.9456940682122411e-04, 7.9468923951913559e-02,
       6.4616912615762925e-02, 4.7277053730975162e-02,
       1.8392013101694012e-03, 1.9082285536884168e-03,
       9.9788705011757332e-04, 7.9477603054792650e-02,
       6.4609857572365662e-02, 4.7505585925170402e-02,
       1.8426140940903698e-03, 1.9073707692507831e-03,
       9.9734938818352267e-04, 8.0125409643543366e-02,
       6.5091611068940458e-02, 4.7962824790263418e-02,
       1.8459160077116028e-03, 1.9062851619112424e-03,
       9.9797641546505085e-04, 8.0528416687563484e-02,
       6.5375974742900522e-02, 4.8414324892272043e-02,
       1.8479654062571313e-03, 1.9039054861025447e-03,
       9.9955487638228721e-04, 8.0943685648354302e-02,
       6.5661954456542104e-02, 4.8768817845947492e-02,
       1.8505272046566517e-03, 1.9027459859124018e-03,
       9.9811118792374025e-04, 8.1273018587603774e-02,
       6.5885679154111212e-02, 4.9045333473701970e-02,
