%YAML:1.0
---
summary: "Filter by distance, md=250, ds=125."
init_cam_calib: C99-1010_3p_3
camera_matrix: !!opencv-matrix
   rows: 3
   cols: 3
   dt: d
   data: [ 2.5616987069918287e+03, 0., 1.8728747223612236e+03, 0.,
       2.5601845048873442e+03, 1.0815656771045169e+03, 0., 0., 1. ]
dist_coeff: !!opencv-matrix
   rows: 5
   cols: 1
   dt: d
   data: [ 2.1291317640990605e-02, -5.8177444275887912e-02,
       -2.3507921694954442e-04, -1.8707050773920867e-03,
       5.3854649218177959e-02 ]
rvec: !!opencv-matrix
   rows: 158
   cols: 3
   dt: d
   data: [ -3.1106633003454531e+00, -1.3972162239951057e-02,
       -3.2931321170944224e-02, -3.0890588675188133e+00,
       -8.2044582776647206e-03, 4.6916006789564368e-02,
       -3.0910920638611512e+00, 3.2943140859129305e-02,
       -1.3135183723872482e-01, -3.0911371858137562e+00,
       -3.8023796021667458e-04, -7.7956588371235425e-02,
       -3.0538886149624744e+00, -4.2708857222510568e-02,
       -6.9905399038955859e-02, -3.0880925491780249e+00,
       -3.1379823844676920e-02, -1.3865665916330677e-01,
       -3.1257731943185205e+00, -4.0809537035823365e-02,
       -1.2413805974949560e-01, 3.0853940549844125e+00,
       2.1140724193112513e-03, 1.2150204797259512e-01,
       3.0355936967595905e+00, -8.5237567947952786e-03,
       7.4891173904517119e-02, 3.1374953056827874e+00,
       4.3267081854808327e-02, 2.6386737248616714e-02,
       -3.0955983820497917e+00, -5.9006089072256983e-02,
       -3.8907345860548857e-02, -3.0525331143840635e+00,
       -4.4816019933904841e-02, -2.8044051724440050e-02,
       -3.0029917625732572e+00, -2.9227469052306315e-02,
       -1.3218963412010513e-02, -2.9611320430665291e+00,
       -2.9029653627603923e-02, -2.1675918723534835e-02,
       -2.9815026602342201e+00, -3.6504862018516715e-02,
       -7.8965459536619126e-02, -3.0160093291543375e+00,
       -3.9459806326947962e-02, -3.5816288627245715e-02,
       -3.0658694153587063e+00, 1.9518049953334911e-03,
       -2.7898053222927897e-02, -3.1347240852883309e+00,
       1.1034310296854529e-02, -7.6103636339784264e-03,
       3.0942288105444420e+00, 2.0049479928642689e-02,
       -2.3474726024440829e-02, 3.1047573998678830e+00,
       2.7904410602929801e-02, 1.0389570692706949e-01,
       3.1306090851493766e+00, 1.4641275208889559e-02,
       1.0486607143694886e-01, -3.1356922956273361e+00,
       -3.1742436533711338e-02, -2.1241052033331813e-02,
       3.1322297228577747e+00, 1.2760142769937427e-02,
       1.0606749164495825e-01, 3.1057692504874286e+00,
       4.5850456303238880e-03, 1.6350490119154745e-01,
       3.0883642466234700e+00, 4.7618819938640984e-02,
       1.4596980560650052e-01, 3.1071241580326578e+00,
       1.0822858468332098e-02, 1.5790775084914402e-01,
       -3.1366599870467620e+00, 9.4648485699038581e-02,
       -9.9807419416456808e-02, -3.0830646901091754e+00,
       1.2128058593942653e-01, -4.5839116660836288e-02,
       -3.0776921593590738e+00, -1.7234359641152466e-02,
       6.9311742170018635e-03, -3.0876544883792616e+00,
       5.7774753399986289e-03, 1.4091700600511728e-01,
       3.1383278127916165e+00, 4.0729487240705735e-02,
       -1.1313222685495407e-01, 3.0904211714600947e+00,
       6.9156355980631135e-02, -9.1418276163520606e-02,
       3.0392744993871417e+00, 6.7032324845319055e-02,
       -4.9599840770968316e-02, 3.0625297233265867e+00,
       7.0712103762928246e-05, -1.7560170700240696e-01,
       3.1013527581996332e+00, 6.1617092193330322e-02,
       -2.5767716140350061e-01, -3.0972100590058051e+00,
       -4.6662594214143573e-02, 3.8227775131942116e-01,
       -3.0632011194795274e+00, -5.8671076772291823e-02,
       5.9315722126084169e-01, -3.0062716888482495e+00,
       -9.0290889498203908e-02, 7.8212612423243733e-01,
       -2.9765521295979962e+00, -3.4566797992423764e-02,
       8.7562383317793324e-01, -2.9341673955315284e+00,
       -7.5134787522621871e-02, 8.9041439112335996e-01,
       -2.9315913653222445e+00, -9.0265238191927305e-02,
       9.8787028434167479e-01, -2.9161707541599604e+00,
       -8.4345588030788704e-02, 1.1064623505342970e+00,
       -2.9676312144972661e+00, -5.1992074173268918e-03,
       9.3684427334803100e-01, -2.9547106045255878e+00,
       -8.3806029004440369e-02, 8.6044136844794750e-01,
       -2.9783562272607247e+00, -4.6200958391411216e-02,
       7.6772093801691688e-01, -2.9756345696869655e+00,
       -3.0522607152932219e-02, 8.5378543452694788e-01,
       -2.9905464590969060e+00, -3.7616776775578668e-02,
       8.8698974048717116e-01, 2.9951848506649812e+00,
       5.8356370596984133e-02, -9.3473362437351692e-01,
       2.9593902657072748e+00, 7.2806578756592535e-02,
       -9.1758865850675486e-01, -3.0198734459897727e+00,
       -1.1994753866013398e-01, 8.5462204958852661e-01,
       -2.9728535297664695e+00, -1.4096362057988063e-01,
       8.6246664883511570e-01, -2.9439515392794346e+00,
       -1.5589474259410532e-01, 8.0270438032980662e-01,
       -2.9652963697446282e+00, -1.2797570969509708e-01,
       7.6389682996362163e-01, -3.0040653440413405e+00,
       -1.2243843127953352e-01, 7.8314623925961035e-01,
       2.9983970528592314e+00, 8.3250386490249406e-02,
       -8.6971187081143508e-01, 2.9375395107296201e+00,
       5.0072720882903717e-02, -8.5423358544667649e-01,
       2.8969536441204604e+00, 8.9340519813202283e-03,
       -8.1464046305925042e-01, 2.8598278768495411e+00,
       1.7262904224836544e-02, -8.0228791066358940e-01,
       2.8880244770607777e+00, 2.2949844578438704e-02,
       -8.0596462051263007e-01, 2.9188879125886538e+00,
       1.5592832952985296e-02, -7.9048988194700454e-01,
       2.9388403057606243e+00, 8.4905823216285224e-03,
       -7.7459903605422509e-01, 2.9549388308981919e+00,
       1.7042116832891641e-02, -8.1266066502646561e-01,
       2.9716686098106666e+00, -6.6812726056140782e-03,
       -8.6157815971774221e-01, 2.9599427617595375e+00,
       1.8371404500845418e-02, -8.8172593745946481e-01,
       2.9436256936520335e+00, 7.9773718538948629e-02,
       -8.8316308269421639e-01, 2.9779086886188288e+00,
       1.4322473944673402e-02, -7.6726298979193452e-01,
       2.9381931883720038e+00, -2.0668251888605157e-02,
       -7.8826327995838652e-01, 2.8937392789411107e+00,
       6.0039366094014557e-02, -8.1076199421902284e-01,
       2.8904317817498035e+00, 1.8067605111613851e-02,
       -8.8233599084093939e-01, 2.9245227098337634e+00,
       2.1100313471728433e-02, -8.5447003710806724e-01,
       2.9743772601563032e+00, 3.5446922532474459e-02,
       -8.5334455213887739e-01, 2.9706866107703696e+00,
       -7.0549019412301595e-03, -9.8584118852747127e-01,
       2.8733922102870921e+00, 2.9420453999670519e-02,
       -1.2664459204905967e+00, -2.8109649707123139e+00,
       3.9882006480876211e-02, 1.3257819484962117e+00,
       -2.8228181531069105e+00, 6.4744826859608903e-02,
       1.3529378855601131e+00, 2.7246759423202369e+00,
       3.9266807881684219e-02, -1.5479516965303153e+00,
       2.6889100015848344e+00, 3.1818240709477454e-02,
       -1.5396949364281067e+00, 2.6826914802525890e+00,
       -6.3397699621222719e-03, -1.5598548302384740e+00,
       2.6090453686388275e+00, 5.0957124409808402e-02,
       -1.6762199426953548e+00, -2.6620401387712938e+00,
       1.8300435409657836e-02, 1.6700379835484824e+00,
       -2.6520253096236965e+00, -8.2249907954891593e-02,
       1.5943876259417020e+00, -2.5977359082803360e+00,
       -9.8092705110004383e-02, 1.5847642480838382e+00,
       -2.5949537843314445e+00, -1.0287798076426258e-01,
       1.6250754801844234e+00, -2.6136926308837611e+00,
       -1.0912748491560556e-01, 1.6630458494899669e+00,
       -2.6508059631655367e+00, -6.8217100811712297e-02,
       1.6747997119593745e+00, 2.6355631987719801e+00,
       1.3252853319096244e-02, -1.6315041321857005e+00,
       2.5844929012253970e+00, -3.1757911152344644e-02,
       -1.6104137937580587e+00, 2.6016519732006111e+00,
       -4.8696259382490038e-02, -1.5804794130553976e+00,
