%YAML:1.0
---
summary: "Filter by distance, md=200, ds=50."
init_cam_calib: C99-1010_3p_3
camera_matrix: !!opencv-matrix
   rows: 3
   cols: 3
   dt: d
   data: [ 2.5628427597223904e+03, 0., 1.8786597006019410e+03, 0.,
       2.5619750904878906e+03, 1.0828716130542903e+03, 0., 0., 1. ]
dist_coeff: !!opencv-matrix
   rows: 5
   cols: 1
   dt: d
   data: [ 1.7309831964882987e-02, -4.0210546280588746e-02,
       -5.8695016323390993e-04, -1.2823175099447889e-03,
       3.0464137045654607e-02 ]
rvec: !!opencv-matrix
   rows: 211
   cols: 3
   dt: d
   data: [ -3.1106906041487385e+00, -1.3913539520644414e-02,
       -3.5867890321146428e-02, -3.1088176277686546e+00,
       -7.9876127409720613e-03, -3.2048052503730419e-02,
       -3.0757204808361891e+00, -8.6040606825613635e-03,
       3.8529771219883067e-02, -3.0964087497546857e+00,
       -1.0929028866540855e-02, -4.3355688121084771e-02,
       -3.0794584188697161e+00, 7.4614113076231600e-02,
       -1.4107227655246546e-01, -3.0745387292234105e+00,
       -2.4681508113527272e-02, -6.9954067926612407e-02,
       -3.1009711045624115e+00, -4.9833407057284694e-02,
       -1.2884899453638007e-01, 3.1358505283365696e+00,
       3.0250951021182505e-02, 1.2909208579323547e-01,
       3.0852690422303470e+00, 1.9091966557967272e-03,
       1.2453054213481861e-01, 3.0463085582538976e+00,
       5.8709409565543763e-03, 1.1095290441192479e-01,
       3.0476412566298459e+00, -1.9091155273907468e-02,
       8.0351033590875323e-02, 3.0216638777300981e+00,
       -2.1431828165691464e-02, 9.9073529008938482e-02,
       3.0400096374433994e+00, -1.3225974165839193e-03,
       1.1091715201402114e-01, 3.1137198553279561e+00,
       3.8064696392901567e-02, 2.8795711542022800e-02,
       -3.1325789967276907e+00, -5.8445613683052434e-02,
       -4.5547655318719155e-02, -3.0956825090903966e+00,
       -5.9043697203108904e-02, -4.1940551566433254e-02,
       -3.0631898907093880e+00, -4.5870915244084112e-02,
       -2.8079841263363159e-02, -3.0252603353664247e+00,
       -3.6631972906830575e-02, -5.8603538382360730e-03,
       -2.9856163318421984e+00, -2.6578316798705245e-02,
       -2.6457975317666329e-02, -2.9532558407017691e+00,
       -3.0655353361308261e-02, -3.1269470220807720e-02,
       -2.9722015351748006e+00, -2.5833913086054282e-02,
       -4.7044358162640632e-02, -2.9950824124022537e+00,
       -3.8311004124408896e-02, -7.2236567419971170e-02,
       -3.0177277689090105e+00, -3.3380530855249536e-02,
       -3.2770129389792589e-02, -3.0411816978190225e+00,
       -4.4493021963625421e-03, -2.1830023746968977e-02,
       -3.1064108032974720e+00, 5.7520123204326430e-03,
       -1.5867979478794945e-02, -3.1346678567350401e+00,
       1.0943840196534629e-02, -1.0708629070073925e-02,
       3.1246689054972050e+00, 2.0477806820804117e-02,
       -3.7630445617297899e-02, 3.0883394346784194e+00,
       3.0154361420535916e-02, -1.6849684007211214e-02,
       3.1016063002864058e+00, 3.7884942473211496e-02,
       6.5183276797281309e-02, 3.1117541344048045e+00,
       6.2441781206533974e-03, 1.2286502272906225e-01,
       -3.1420873929863835e+00, -4.4013243193920713e-02,
       -5.6151822602861473e-02, -3.1333769291818396e+00,
       -2.0128519698326748e-02, -4.8308780190360286e-02,
       3.1269449602637551e+00, 9.4192002701224010e-03,
       1.1463375337760846e-01, 3.1088550467864575e+00,
       -2.7620744844899641e-04, 1.7317964926912857e-01,
       3.0813415233868229e+00, 1.9830257937613043e-02,
       1.4190697574780239e-01, 3.0864376473402495e+00,
       3.6768778965558371e-02, 1.5186014018110724e-01,
       3.1099780580239771e+00, 3.4670529699758457e-03,
       1.5755671296521639e-01, -3.1366024058240476e+00,
       9.4790124303301221e-02, -1.0266563132258512e-01,
       -3.1051980406886832e+00, 1.1793553442291746e-01,
       -6.4655012954512328e-02, -3.0570936671855931e+00,
       1.2454222799427661e-01, -4.0907443938430058e-02,
       -3.0805540700318566e+00, 7.2580301968527827e-03,
       -1.5312714542506153e-02, -3.0780358657693454e+00,
       -1.5629888591178840e-02, 1.0090888305737314e-01,
       -3.1094402173292783e+00, -3.8319985431552756e-03,
       1.3129458872315433e-01, 3.1216474179845939e+00,
       5.6044071078967410e-02, -1.0162279109182715e-01,
       3.0756969801698673e+00, 7.1521794624653759e-02,
       -7.9583838092611714e-02, 3.0367639917608522e+00,
       5.6038388475307503e-02, -4.5881022937091814e-02,
       3.0576085570384484e+00, 3.2026850517742010e-04,
       -1.5059797095024324e-01, 3.0863940600757949e+00,
       2.6969649765349185e-02, -2.1707654389777503e-01,
       3.1202496223706850e+00, 5.7947372452513309e-02,
       -2.6880070679627299e-01, -3.0959909127625314e+00,
       -4.1492726195313530e-02, 3.9517257091720981e-01,
       -3.0837820378164778e+00, -7.1174485472433199e-02,
       5.5348780447548152e-01, 3.0667651114301178e+00,
       9.1007739164055024e-02, -6.7220823572232857e-01,
       -3.0069493975366695e+00, -9.0542531859319708e-02,
       7.7945237961271696e-01, -2.9857594064469870e+00,
       -5.2700176964839106e-02, 8.8406527137591251e-01,
       -2.9661786132326040e+00, -5.4700821554072604e-02,
       8.8586336078592065e-01, -2.9257424998241390e+00,
       -8.0826913529583128e-02, 8.9171863925885075e-01,
       -2.9245958431510446e+00, -8.4914368367156476e-02,
       9.7828239504348291e-01, -2.8994971863855645e+00,
       -8.1732179094492360e-02, 1.0984655410791242e+00,
       -2.9336411707577428e+00, -8.6531478733725312e-02,
       1.0898641359201016e+00, -2.9745527561354126e+00,
       -6.3557331751131320e-03, 9.4557926479032917e-01,
       -2.9570207223767175e+00, -1.1345574308467664e-02,
       8.9272829615130445e-01, -2.9427039638511321e+00,
       -8.4831106072716544e-02, 8.5754369414498111e-01,
       -2.9788143601681063e+00, -4.7669695850241667e-02,
       7.7295249018403622e-01, -2.9688207535987847e+00,
       -6.3942800098673327e-02, 7.3373724946588814e-01,
       -2.9789631484980332e+00, -9.7059761858348022e-03,
       7.8464138799240080e-01, -2.9756343883505258e+00,
       -3.7685688360990940e-02, 8.6130843562853698e-01,
       -2.9911007898957855e+00, -3.7991104021306489e-02,
       8.8415836125785430e-01, 2.9963745063950351e+00,
       5.8740702866980028e-02, -9.3227607092643794e-01,
       2.9605499900096843e+00, 7.3153169721639391e-02,
       -9.1518628936710822e-01, 3.0000902205722744e+00,
       1.0465612081194288e-01, -8.4434957955804069e-01,
       -2.9911748144836752e+00, -1.3083201508381301e-01,
       8.5180710087449163e-01, -2.9624717729582009e+00,
       -1.4874250338408504e-01, 8.3309513416360703e-01,
       -2.9833504255879935e+00, -1.1425501106446252e-01,
       7.8646141852374463e-01, -3.0097321301136235e+00,
       -1.1132858470002716e-01, 7.8136538046317183e-01,
       2.9994751829577000e+00, 8.3617226953170226e-02,
       -8.6716231595384530e-01, 2.9713630111562241e+00,
       5.6921382477170414e-02, -8.6650525668199141e-01,
       2.9387335696238970e+00, 5.0373301476003017e-02,
       -8.5182635398796491e-01, 2.9120490893987085e+00,
       1.8274913208317135e-02, -8.1581586739769274e-01,
       2.8682436876801156e+00, -6.3855850963760938e-03,
       -8.1032827477677782e-01, 2.8595635601005647e+00,
       -2.4795871811468431e-02, -8.0715470953626434e-01,
       2.8780548085985562e+00, 1.5801202336689118e-02,
       -7.9253461995842267e-01, 2.9071046879707536e+00,
       1.3963040642143210e-02, -8.0779203642465136e-01,
       2.9218635142669993e+00, 1.9522289722621242e-02,
       -7.8590263347482714e-01, 2.9396908441698812e+00,
       8.5400775441773873e-03, -7.7153792131405519e-01,
       2.9492376325984764e+00, 1.3156073602543016e-02,
       -8.1143123037948550e-01, 2.9759969646907471e+00,
       -3.5120819773309865e-02, -8.4544569686568638e-01,
       2.9442596965499805e+00, 1.6036810072293090e-03,
       -8.3401112394326204e-01, 2.9714247059137611e+00,
       -2.1528207778251417e-03, -8.7667289671586668e-01,
