%YAML:1.0
---
summary: "Filter by time, rd=15, rs=10."
init_cam_calib: C99-1010_3p_3
camera_matrix: !!opencv-matrix
   rows: 3
   cols: 3
   dt: d
   data: [ 2.5700985538458826e+03, 0., 1.8781324225563912e+03, 0.,
       2.5672071416351178e+03, 1.0867817578084871e+03, 0., 0., 1. ]
dist_coeff: !!opencv-matrix
   rows: 5
   cols: 1
   dt: d
   data: [ 2.4052632096567224e-02, -6.7861413196613027e-02,
       -4.0943578305446262e-04, -1.4720728311371192e-03,
       6.3748510884427220e-02 ]
rvec: !!opencv-matrix
   rows: 155
   cols: 3
   dt: d
   data: [ -3.1000041332505286e+00, -8.5179679235972573e-03,
       -1.4031315053678653e-03, -3.0843277001513587e+00,
       -7.7560876674748983e-03, 2.4609707738247937e-02,
       -3.0775324324267985e+00, -1.2914277102714882e-02,
       1.6375038295692805e-02, -3.0805263046464177e+00,
       -4.1040916688598588e-03, 2.0871368450638614e-02,
       -3.0707066734824062e+00, -6.7055411875821397e-03,
       2.9191417832702706e-02, -3.0773686096521748e+00,
       7.4727698145544821e-02, -1.4104227482081955e-01,
       -3.0842549346295423e+00, -7.3533706750490884e-03,
       -7.0997663649506867e-02, -3.0587589464162441e+00,
       -3.8935860953514353e-02, -5.8495017467845405e-02,
       -3.0527069930566220e+00, -4.8596911531916517e-02,
       -1.8369487559666023e-01, -3.0874714619613197e+00,
       -4.8195067915159651e-02, -1.2512612082786950e-01,
       3.1293214278092161e+00, 4.3345532947261069e-03,
       9.7372438297074052e-02, 3.0339345803212798e+00,
       -5.4275671205912899e-03, 1.0201953155300121e-01,
       3.0266877029264903e+00, -2.9410001579146673e-02,
       7.0359078842675518e-02, 3.0402128146118357e+00,
       3.9309228017943097e-03, 8.5933893700176608e-02,
       3.0269473050358879e+00, -1.3054389008240668e-02,
       9.2525677718156882e-02, 3.0422885323475954e+00,
       -1.4755833159726427e-03, 1.1103437927279963e-01,
       -3.1158998646986742e+00, -6.0594175743034689e-02,
       -4.0214361857725534e-02, -2.9534941017893690e+00,
       -2.7125686090148548e-02, -3.0780950364675413e-02,
       -2.9502070346964215e+00, -3.3884008741616269e-02,
       -7.1308454230438259e-02, -3.0239577559800912e+00,
       -1.3788381762550411e-02, -4.5530124863734131e-02,
       -3.0842301245438648e+00, -5.8941175117760260e-03,
       6.7934857474616042e-02, 3.0808008227290280e+00,
       3.7399522936506946e-02, 7.6786706693086043e-02,
       3.1291560792693192e+00, 3.7399077378197018e-02,
       9.5645846513325292e-02, -3.1313606299068426e+00,
       -1.9924409924917019e-02, -4.8415009597629205e-02,
       3.1197058478442821e+00, -2.5043764184095054e-03,
       1.7391133759690031e-01, 3.0962035383291608e+00,
       3.5655198919211616e-02, 1.4655726521608026e-01,
       3.1321819276084431e+00, -8.6161918019918862e-02,
       1.0152972850583349e-01, -3.0797170851881197e+00,
       2.5969663478399237e-02, -1.9953462624302809e-02,
       -3.0763870169592047e+00, -1.5985520904608671e-03,
       1.2192434706620005e-01, 3.0526102364829524e+00,
       6.7333379218032549e-02, -4.1508981148823260e-02,
       3.0639735750574366e+00, 1.2186604984293051e-04,
       -1.7472630508218376e-01, -3.1133068719256665e+00,
       -6.5559778268669613e-02, 3.3655822632222898e-01,
       -3.0683378470178511e+00, -5.4541044735638929e-02,
       5.3794231352617494e-01, 3.0676150820716024e+00,
       8.3783500606304531e-02, -6.6746439068959196e-01,
       -2.9975411228269206e+00, -6.6755584821100347e-02,
       8.5212243120832887e-01, -2.9644382484995133e+00,
       -5.5066030614694401e-02, 8.8712541723957550e-01,
       -2.9225528323920695e+00, -8.5297178059634451e-02,
       9.7958846080890560e-01, -2.8975231124492442e+00,
       -8.2134369390505252e-02, 1.0992207612916753e+00,
       -2.9614140678195917e+00, -5.5854862930003281e-02,
       1.0303115637678069e+00, -2.9682552697533828e+00,
       -4.8028107881665658e-02, 8.8164456171753358e-01,
       -2.9427325802960311e+00, -9.1701429933824671e-02,
       8.6377334866627953e-01, -2.9645264383743606e+00,
       -8.9370332871669719e-02, 8.2339983099916092e-01,
       -2.9690733738217880e+00, -4.4581586104519802e-02,
       7.4964275160149840e-01, -2.9719720674420946e+00,
       -5.8701058729481150e-02, 7.3671726007302163e-01,
       -2.9761915230379969e+00, -6.0627401657914547e-02,
       7.4189797691696502e-01, -2.9880934623991142e+00,
       -6.3011426848189112e-02, 7.4589482911655680e-01,
       -2.9786326555232741e+00, -2.2805337149186901e-02,
       7.5244745116767375e-01, 3.0168691256459952e+00,
       5.5374030772661856e-02, -9.1559635456672461e-01,
       -2.9362686953492103e+00, -1.6012661868724842e-01,
       7.9945342807982411e-01, -2.9457157916013341e+00,
       -1.2498783923313656e-01, 7.4808351984890253e-01,
       -2.9933792575654965e+00, -1.1823598413860778e-01,
       7.8696619226398346e-01, 2.9727441498947913e+00,
       5.7255753546450974e-02, -8.6925825123281486e-01,
       2.8530017654146693e+00, -2.4146375027558831e-02,
       -8.2052645284310810e-01, 2.9211898289714022e+00,
       1.6054584777841718e-02, -7.8983032469232051e-01,
       2.9503366192717584e+00, 1.3530225375664364e-02,
       -8.1345665113267485e-01, 2.9543536545889184e+00,
       1.0857209863286582e-02, -7.9930620192816992e-01,
       2.9724454450614637e+00, 3.9830555952542583e-03,
       -7.9632089567371100e-01, 2.9553034059610317e+00,
       -4.3014716927286265e-03, -7.9304613359645237e-01,
       2.9506972636402353e+00, 6.5748320964337066e-03,
       -8.0328282664332884e-01, 2.9695545349406660e+00,
       5.7701228579897096e-03, -8.9107646181593037e-01,
       2.9765074566426057e+00, -2.0595121577164498e-02,
       -8.0018747370159959e-01, 2.9725903377255589e+00,
       -1.9716632021174251e-02, -8.3795632690573574e-01,
       2.9653456955801820e+00, 9.1071614662606562e-02,
       -8.6968579570882210e-01, 2.9751859419672364e+00,
       1.3594180381366176e-02, -7.3490958056655986e-01,
       2.9205450229463370e+00, 1.1946534055099860e-02,
       -7.8939368927890552e-01, 2.8925865065191747e+00,
       2.9932138329966693e-02, -8.7427182928485292e-01,
       2.9791338050867910e+00, 4.3834300534013250e-02,
       -8.6614887509424721e-01, 2.9630738499989508e+00,
       -1.9430248386751208e-02, -1.0377399635442293e+00,
       2.8914997609014628e+00, 3.6351536421215171e-02,
       -1.2061247374346118e+00, -2.8245975384987281e+00,
       -5.4008362225994814e-03, 1.3367526563222838e+00,
       -2.8076933210376307e+00, 1.8847733368361784e-02,
       1.3617835007004919e+00, -2.8003615472070700e+00,
       3.9977809296831479e-02, 1.3259951330492701e+00,
       -2.7502812004052410e+00, -3.7205389307387142e-02,
       1.5167986022300493e+00, 2.6888605351553410e+00,
       1.2531535160884125e-02, -1.5414113870870159e+00,
       2.6652182384352043e+00, 1.0700131298491875e-02,
       -1.5632886476947543e+00, 2.6035587333000616e+00,
       2.9288966567171375e-02, -1.6903337799281075e+00,
       2.6306785782768189e+00, -2.9514059518242017e-02,
       -1.6722128275191794e+00, 2.6347915092221581e+00,
       -6.0754099999415266e-03, -1.6789566005591627e+00,
       -2.6437321860713046e+00, 2.4022212115547052e-02,
       1.6573501949189722e+00, -2.6277781895055896e+00,
       -8.2081492998167069e-02, 1.5783258645232288e+00,
       -2.6105967998882909e+00, -1.0166957067060844e-01,
       1.6099087334509936e+00, -2.6025196105956256e+00,
       -9.6300058062245772e-02, 1.6817449747838107e+00,
       2.6389151740010579e+00, 1.4669232323079174e-02,
       -1.6303253383470451e+00, 2.5780242872681778e+00,
       -7.7857163270662208e-02, -1.5497962741275728e+00,
       -2.6793316595959484e+00, 2.1864545292554417e-02,
       1.6372492419349018e+00, -2.6644606709096355e+00,
       -1.8213170026034897e-02, 1.6376707687687684e+00,
       -2.6372109587339638e+00, 2.2854609411487120e-02,
       1.6293833990934725e+00, -2.6521641915744838e+00,
       1.0454846112850793e-02, 1.5441882210380873e+00,
