%YAML:1.0
---
summary: "Filter by time and points, rd=20, rs=10, sp=5, sf=0."
init_cam_calib: C99-1010_3p_3
camera_matrix: !!opencv-matrix
   rows: 3
   cols: 3
   dt: d
   data: [ 2.5635109483726260e+03, 0., 1.8868023537740539e+03, 0.,
       2.5625358212979718e+03, 1.0917103436207028e+03, 0., 0., 1. ]
dist_coeff: !!opencv-matrix
   rows: 5
   cols: 1
   dt: d
   data: [ 2.4570602422784735e-02, -6.5696226996249912e-02,
       1.9100970230904988e-04, -6.1816534870732230e-04,
       6.0915953140156527e-02 ]
rvec: !!opencv-matrix
   rows: 131
   cols: 3
   dt: d
   data: [ -3.0497054335002556e+00, 2.6852996052085687e-02,
       5.2459795752462825e-02, -3.0225475020953962e+00,
       -6.7045691549102848e-03, -1.0892926037640768e-02,
       -3.0254937804594833e+00, -1.4482602940801067e-03,
       2.0947556908180141e-02, -3.0229779148178335e+00,
       8.8030978008487928e-03, 2.3794456721753347e-02,
       -3.0390680507288121e+00, 2.5861423220595495e-02,
       3.9774157931298487e-02, -3.0414788425994215e+00,
       4.6170742942564888e-02, 2.5971311458304790e-02,
       -3.0524183600388208e+00, 3.7338854795793561e-02,
       4.5606908519815283e-02, -3.0933229431185132e+00,
       2.7563049941151094e-02, -3.0999086056713452e-02,
       -3.1221506964126324e+00, 2.3830829833287621e-02,
       -1.0791855822574284e-01, -3.0763381768832274e+00,
       5.9293398090976279e-03, -3.4718435503709920e-02,
       -3.0573504306561543e+00, 4.1667911775617329e-02,
       -1.2721437284609502e-01, -3.0678621097490488e+00,
       2.0062898716141499e-03, -5.2695458318905250e-02,
       -3.0815681098283743e+00, 2.4177277693283952e-02,
       -2.2971717779245535e-02, -3.0922961004927054e+00,
       2.4444691865067002e-02, -3.4117219239867387e-02,
       -3.0855316517448417e+00, 5.4303809587888940e-02,
       -2.4697525190975459e-02, -3.0787649630979828e+00,
       8.0083022987341240e-02, -1.3699697422585036e-01,
       -3.0934016778671585e+00, 2.2803974216574020e-02,
       -4.2941461868783358e-02, -3.0833003271544359e+00,
       7.5896932011366006e-02, -1.5457024548078332e-01,
       -3.0843295810071698e+00, 5.6435734613464661e-03,
       3.9798511619099031e-02, -3.1209289381030212e+00,
       4.6009992102498155e-02, -5.7674630918077348e-02,
       3.0133207764739005e+00, -7.1429952411011495e-03,
       3.7873903456850766e-02, 2.9315379013691256e+00,
       -2.1311916419456449e-02, -1.6501920395347289e-02,
       2.9468917818156255e+00, -3.1014201968349895e-02,
       -1.6512192558575698e-02, 2.9804060004309827e+00,
       -4.4496777516765174e-02, -3.6418804025966337e-03,
       2.9797705079527663e+00, -4.5822829225359060e-02,
       -2.0857784360210185e-02, 2.9912060585222391e+00,
       -2.6212947627319783e-02, 3.1937006212136849e-03,
       3.0532733080514154e+00, -4.0863241727360639e-02,
       9.4582756772375711e-04, 3.0534724083590699e+00,
       -3.3509108522934761e-02, 7.3126630834545563e-03,
       3.0831481964465590e+00, -3.9218462979879451e-02,
       3.4633237134612485e-02, -3.1113609163106255e+00,
       2.5458120719384716e-02, 2.5857208541584492e-02,
       -3.0380572803828172e+00, -7.2038860396200803e-03,
       -3.5976821187261289e-02, -2.9581493362128080e+00,
       7.5966962572528260e-02, 2.9502595313779047e-02,
       -3.0162863239508808e+00, -3.6295103102187330e-02,
       -3.4166819848554901e-02, -3.0434322354842465e+00,
       -6.1460918385453950e-02, -4.3495528374874914e-02,
       -3.0419874647723302e+00, -6.3458821231380386e-02,
       -3.4521888253695190e-02, -3.0659866730714707e+00,
       -7.5624179452880455e-02, 1.8652353568547220e-03,
       3.0725813232052923e+00, 5.9152889364766557e-02,
       -2.2993317899129728e-02, 3.0879523488762888e+00,
       -3.5294044878596102e-02, -6.6216506940331418e-02,
       3.1432561381292241e+00, 9.2651963559539259e-03,
       9.3908025580631809e-03, -3.0851814290578101e+00,
       1.1102993903891743e-02, 4.7781699208320916e-03,
       -3.0651996747005157e+00, -1.6750524514747438e-02,
       9.8422076774758019e-02, -3.1231310210489482e+00,
       1.2376717566276541e-01, 1.2994558109939175e-01,
       3.0871332505812998e+00, -1.0663844461890652e-01,
       -2.1905204134356313e-01, 3.0860993847900131e+00,
       -2.5677109491822579e-02, -1.5306109726557629e-01,
       3.0790279808951406e+00, 1.0200605222653275e-01,
       -2.6440272738723247e-01, 3.0694651951854461e+00,
       5.2804733999155390e-02, -4.9128264688443657e-01,
       -2.9824278433551177e+00, -5.0981537961147516e-02,
       8.7225158358280719e-01, -2.9179124052673053e+00,
       -5.7185714382551503e-02, 9.4340233752163494e-01,
       -2.8655019499068404e+00, -7.5136474711406900e-02,
       1.0865256326967756e+00, -2.9433316404128247e+00,
       2.2603552507546525e-02, 9.3086926298183159e-01,
       -2.9365045171265840e+00, -6.5431266220079651e-02,
       9.9121452516195485e-01, -2.9635729754321138e+00,
       -4.7663878745534842e-02, 8.3390943113824034e-01,
       -2.9203880014190293e+00, -7.4806663051707925e-02,
       9.1175879433586149e-01, -2.9132250792521357e+00,
       -8.7584461935873936e-02, 8.0997969245091483e-01,
       -2.9670356188449341e+00, -6.5468970047492747e-02,
       7.9706344129225326e-01, 2.8852706735261648e+00,
       -3.4619468507338526e-02, -8.0932057090803056e-01,
       -3.0216579544412285e+00, 8.3347445485337391e-03,
       8.0907669374926894e-01, 2.9959008128929385e+00,
       -1.2162709083474110e-02, -8.6563382431721136e-01,
       3.0141788099875821e+00, -9.3291810138559580e-04,
       -8.5572998889742691e-01, 3.0108579593291904e+00,
       -5.7240236049094940e-03, -8.7630930844643184e-01,
       3.0099578068278610e+00, 2.7423496778745945e-02,
       -8.6903708691193760e-01, -2.9543459285904645e+00,
       -6.3121032108892097e-02, 8.7241244326642331e-01,
       -2.9958874877234614e+00, -1.0924578140160927e-01,
       8.8768463951790211e-01, -2.7972351446857799e+00,
       -9.7865837619646651e-02, 9.6495031070378778e-01,
       -2.8854438821377157e+00, -8.5019604357601128e-02,
       8.7976303002001355e-01, 2.9381460140023905e+00,
       5.9428404105605431e-02, -8.9523052822004234e-01,
       -3.0171643365573662e+00, -4.2471486905461958e-02,
       9.1744999946092531e-01, -2.9847780668213657e+00,
       -1.4517367362030725e-02, 8.5663373716347879e-01,
       -2.9518042986596540e+00, -6.2632533187862799e-02,
       9.9873818890504285e-01, 2.9096497233174441e+00,
       1.8411518991727077e-02, -1.1270091061974539e+00,
       -2.8309400233195681e+00, -6.5777824538361507e-02,
       1.2464223176542053e+00, 2.8248934468493823e+00,
       6.7060750337942898e-02, -1.3123866258500649e+00,
       2.7137214925780211e+00, 4.8906739089105401e-02,
       -1.5420813197423515e+00, 2.7060317528158482e+00,
       1.4751005206710124e-02, -1.5617607275093406e+00,
       -2.6439166815002468e+00, -1.0318286208576009e-01,
       1.6104452190330785e+00, -2.6555515308585251e+00,
       -6.5215519632271332e-02, 1.6039090931524258e+00,
       -2.6035205829231090e+00, 2.1049613811270549e-02,
       1.6251073792453410e+00, -2.6099937911912514e+00,
       -8.2598280429062990e-02, 1.5265110369990589e+00,
       -2.5712197666474594e+00, -7.9289510449251518e-02,
       1.6581997132400712e+00, 2.5639095152641249e+00,
       -1.6041369799985709e-02, -1.7120535975048730e+00,
       2.5650569428223466e+00, -1.1539897628836195e-01,
       -1.6850077535651904e+00, 2.6171390629535369e+00,
       -8.7404887361592527e-03, -1.6545062185325301e+00,
       2.6755984169106037e+00, 2.4688795622354556e-02,
       -1.5895678290544979e+00, 2.6313162292460683e+00,
       7.8102023331528977e-02, -1.5974085298266005e+00,
       2.8122507990640395e+00, -6.2906995998999815e-03,
       -1.3050787555820091e+00, 2.7820965383399869e+00,
       -4.0185412139443245e-02, -1.2930328784148046e+00,
       2.9434360221541782e+00, 9.8783028431216769e-03,
       -1.0240274872927912e+00, 2.8623585642026206e+00,
       -1.2220369036662829e-02, -1.0582470374989208e+00,
