%YAML:1.0
---
summary: "Filter by time and points, rd=20, rs=0, sp=5, sf=2."
init_cam_calib: C99-1010_3p_3
camera_matrix: !!opencv-matrix
   rows: 3
   cols: 3
   dt: d
   data: [ 2.5702281658792049e+03, 0., 1.8748280021069411e+03, 0.,
       2.5692082346206275e+03, 1.0863839810532959e+03, 0., 0., 1. ]
dist_coeff: !!opencv-matrix
   rows: 5
   cols: 1
   dt: d
   data: [ 2.6083188827817200e-02, -7.1948811536214144e-02,
       -3.6533428736349951e-04, -1.6373616530450401e-03,
       6.1302959017033053e-02 ]
rvec: !!opencv-matrix
   rows: 132
   cols: 3
   dt: d
   data: [ -3.0548327843726821e+00, 2.7175280380883501e-02,
       -1.5111849562923094e-02, -3.0331974887688102e+00,
       4.4392547522894054e-03, 1.6870015781817033e-02,
       -3.0230196472981876e+00, -5.5691566338418198e-03,
       1.7332375676486590e-02, -3.0314720641821320e+00,
       4.2582754136025755e-03, 2.7913203988343020e-02,
       -3.0223902986483799e+00, 6.9874456153689035e-03,
       2.9828869266359234e-02, -3.0415926635908788e+00,
       3.8770249622407604e-02, 5.4428246260666210e-02,
       -3.0486266996066664e+00, 4.4837248981161183e-02,
       3.6788064947823933e-02, -3.0586881445666347e+00,
       2.2543617504343368e-02, 4.8264417670873659e-02,
       -3.1093963890937473e+00, 2.3869891882936759e-02,
       -1.5622229959707454e-01, -3.0900303606880994e+00,
       -1.5048309644988678e-02, -3.5749573916659401e-02,
       -3.0696862797260858e+00, 3.9170952762809935e-02,
       -1.0974970495428547e-01, -3.0688961743786454e+00,
       4.3733188198282744e-02, -9.3580885272408668e-02,
       -3.0742246339483668e+00, 8.6798650857930898e-03,
       -1.4230609890252975e-02, -3.0942852072628289e+00,
       2.0227262286079014e-02, -3.0653204644202431e-02,
       -3.0841299751961762e+00, 2.2556807373492003e-02,
       -3.1715791302783111e-02, -3.0971398173010622e+00,
       8.1844775088699237e-02, -8.7135243835620199e-02,
       -3.0797635873233506e+00, 6.9347799148709352e-02,
       -1.3321940492847953e-01, -3.0667337448365619e+00,
       2.3063245133249168e-02, -3.9112890864710731e-02,
       -3.0870991390373179e+00, 6.0772383817305417e-02,
       -1.2553679303907700e-01, -3.0717595647829765e+00,
       -9.6161241124343832e-03, 6.6627695716125548e-02,
       3.1026201683761521e+00, -9.7674241374880403e-03,
       2.3254011131853200e-02, 2.9821702528521121e+00,
       -1.9409301862663417e-02, -2.9552115453432129e-02,
       2.8914948852757467e+00, -3.7084709608722941e-02,
       4.0679833268255139e-02, 2.9825005770536221e+00,
       -3.6759813427922505e-02, -2.6742237043341905e-02,
       2.9749305620199342e+00, -4.7945746603731541e-02,
       -2.7585857681345503e-02, 2.9762074385423585e+00,
       -3.6152366518816585e-02, -2.4049963062937968e-02,
       3.0152184871775183e+00, -2.7485884083311599e-02,
       1.1900259264205865e-02, 3.0524903153016902e+00,
       -3.7854755935906280e-02, 1.4561488992805743e-03,
       3.0466666781930809e+00, -2.7074132602707086e-02,
       9.7353125437070510e-03, 3.1159688828442866e+00,
       -4.6212402128703742e-02, -4.0283447394279241e-02,
       -3.0611249832068896e+00, -2.5152486383437089e-02,
       -1.5811338160029321e-02, -2.9941822450760962e+00,
       4.0294422665552256e-02, 5.9773348234518173e-02,
       -2.9634178502339510e+00, -4.4288458426957516e-03,
       -3.6367385099986150e-03, -3.0419214855892922e+00,
       -4.7163192345444589e-02, -3.7516565954711617e-02,
       -3.0516476865568940e+00, -6.0594522628566495e-02,
       -2.5067860302899744e-02, -3.0530310456439920e+00,
       -6.6335209075766857e-02, -2.3160974651897089e-02,
       -3.0588606481673275e+00, -1.0442591112871930e-01,
       -2.8294246845030360e-02, 3.0069548611583548e+00,
       -4.8130316828850189e-02, -8.6031538845534536e-02,
       3.1207296652514152e+00, -1.3842653054804829e-02,
       -4.8591876310397061e-02, -3.1093161048698956e+00,
       2.9844748892614830e-03, -2.7059557302317789e-04,
       -3.0839557848304522e+00, 2.0963564158770275e-02,
       2.6104676995459236e-02, -3.0713904056059622e+00,
       5.2776131139412083e-02, 1.7697385438652510e-01,
       3.1242299324496967e+00, -1.0978973401556072e-01,
       -9.0514216560261568e-02, 3.0928846603659874e+00,
       -8.0377647090872417e-02, -2.2323245339031242e-01,
       3.0749554083607258e+00, 4.5491552648129596e-02,
       -1.5495553198216888e-01, 3.0499194902590565e+00,
       6.0939435939092242e-02, -4.6152863075768213e-01,
       3.0640856565673378e+00, 6.3507973381213820e-02,
       -7.1185147864670451e-01, -2.9516774579465106e+00,
       -4.8064652105573931e-02, 9.2913590199711793e-01,
       -2.8926763887387237e+00, -8.7860340538179982e-02,
       1.0457383330375425e+00, -2.9032239545897771e+00,
       -8.5991018590075546e-02, 1.0601457995553512e+00,
       -2.9526293270642272e+00, -2.7318665793417990e-02,
       9.2431638908895442e-01, -2.9316085078682259e+00,
       -7.1436585609192346e-02, 9.7873197785523358e-01,
       -2.9608795555908345e+00, -4.6743927764269610e-02,
       8.2991764246657218e-01, -2.8954768129105735e+00,
       -6.3386709158421192e-02, 8.5968523873840730e-01,
       -2.9214858287458236e+00, -7.5582356775470802e-02,
       8.1184000143457891e-01, -3.0185019291836088e+00,
       -4.6232130493028302e-02, 7.8716737937627312e-01,
       2.9368557144126819e+00, -3.3652633402390879e-02,
       -7.9793151758312453e-01, 2.9979446425353609e+00,
       -1.6926570209952425e-02, -8.5739504299611879e-01,
       2.9937434826241947e+00, -1.6845640572210510e-02,
       -8.7651587730460467e-01, 3.0020491619609082e+00,
       1.0895735294182767e-03, -8.5975060220846644e-01,
       2.9881958035520180e+00, -8.6815370758561074e-03,
       -8.8597202928360685e-01, -2.9730315529633482e+00,
       -4.1418738476990360e-02, 8.8881973936541203e-01,
       -2.9427330813395352e+00, -7.4254180972522010e-02,
       8.7821651174780369e-01, -2.8949814880201883e+00,
       -1.0658234001851917e-01, 9.5948285957554391e-01,
       -2.8410861069517122e+00, -4.7031966168397048e-02,
       9.5737014310786628e-01, -2.9753665172592880e+00,
       -7.7936585203829942e-02, 8.8644689049671366e-01,
       2.9178938868871533e+00, 1.0894477590351970e-02,
       -9.5585838623844921e-01, -2.9964670272467471e+00,
       -4.5731180558317201e-02, 9.0477068724614373e-01,
       -2.9496770605594200e+00, 1.9735252638141916e-02,
       8.9148695484647256e-01, -2.8964367103790880e+00,
       -4.5698598819597376e-02, 1.0690473486217023e+00,
       2.9247974185245167e+00, 1.3008472359274685e-02,
       -1.1260490121247118e+00, -2.8338570392333642e+00,
       -4.5242675613833092e-02, 1.3511526688615660e+00,
       2.7556720145226521e+00, 1.5902545278397996e-02,
       -1.4832712773683288e+00, 2.7051858987666608e+00,
       5.5215307363320906e-02, -1.5600525943290064e+00,
       2.6890519709423226e+00, 6.5759411669971485e-02,
       -1.5654802814980193e+00, -2.6417220767434446e+00,
       -9.3872714433490656e-02, 1.6261388155465122e+00,
       -2.6207551969962233e+00, 1.2645028071228494e-02,
       1.5972470658619393e+00, -2.6147582732845227e+00,
       -4.9702367401877438e-02, 1.5345631573390577e+00,
       -2.5752668362597797e+00, -7.6002648880554288e-02,
       1.5972504969237937e+00, -2.5924355849739262e+00,
       -8.3860020694001516e-02, 1.7093332086045894e+00,
       2.5182312488428225e+00, -1.9048710044957673e-01,
       -1.6910655065802704e+00, 2.5738881611615123e+00,
       -7.3703283953277826e-02, -1.7146004733201172e+00,
       2.6471873051328840e+00, -5.2563448049575013e-03,
       -1.6347809067544725e+00, -2.6796694813594248e+00,
       -7.2198906099027016e-02, 1.6209111664431093e+00,
       2.7103661443970100e+00, -7.0486066225760563e-02,
       -1.4344174710249775e+00, 2.8132205259487524e+00,
       -7.5865100201105831e-02, -1.2563093624543422e+00,
       2.8561656605611363e+00, -3.5619313434133479e-02,
       -1.1701283332127708e+00, 2.9011838700317236e+00,
       3.6242472323131563e-03, -1.0106911300118975e+00,
