%YAML:1.0
---
summary: "Filter by time and points, rd=20, rs=10, sp=5, sf=4."
init_cam_calib: C99-1010_3p_3
camera_matrix: !!opencv-matrix
   rows: 3
   cols: 3
   dt: d
   data: [ 2.5610937119218470e+03, 0., 1.8806664040530666e+03, 0.,
       2.5605874443958105e+03, 1.0927675580336409e+03, 0., 0., 1. ]
dist_coeff: !!opencv-matrix
   rows: 5
   cols: 1
   dt: d
   data: [ 2.3247595227820252e-02, -6.4858157979945028e-02,
       1.8204716622544171e-04, -1.1764626481595888e-03,
       6.0404238768225697e-02 ]
rvec: !!opencv-matrix
   rows: 131
   cols: 3
   dt: d
   data: [ -3.0492456992437016e+00, 2.7420599408117120e-02,
       5.5538613865709352e-02, -3.0236087857682294e+00,
       -6.6667300771867527e-03, -8.3424686871902236e-03,
       -3.0259618155061143e+00, -1.4539980986289487e-03,
       2.3253604811480786e-02, -3.0230104142117944e+00,
       9.0257248169590912e-03, 2.6791446552747233e-02,
       -3.0422791291617983e+00, 2.6065484524065322e-02,
       4.2802204334901242e-02, -3.0411466215455385e+00,
       4.6144263870076238e-02, 2.8528695667457530e-02,
       -3.0502457619662717e+00, 3.7578244072433896e-02,
       4.8343664948023023e-02, -3.0912937476891678e+00,
       2.6781973018489051e-02, -2.8338003896410717e-02,
       -3.1224034698119008e+00, 2.3751785081040946e-02,
       -1.0393724423673881e-01, -3.0751860363351082e+00,
       5.4224511856127474e-03, -3.1882931546328014e-02,
       -3.0580604093035406e+00, 4.2054701548768232e-02,
       -1.2379159001485546e-01, -3.0651406472921412e+00,
       1.6767136692681832e-03, -4.7841805244919322e-02,
       -3.0815998786695444e+00, 2.3978624957446473e-02,
       -2.0493909153759093e-02, -3.0923585755672329e+00,
       2.4518100599429465e-02, -3.1265681645302350e-02,
       -3.0854152101319805e+00, 5.4620461990244278e-02,
       -2.1857145908343992e-02, -3.0802864015501696e+00,
       8.0178725766153799e-02, -1.3347681548197043e-01,
       -3.0920173705078464e+00, 2.2651852076410527e-02,
       -3.8610352087255634e-02, -3.0820707531299467e+00,
       7.5546666635630921e-02, -1.5175321309146914e-01,
       -3.0818587270148710e+00, 4.8129571397234677e-03,
       4.3717279088335795e-02, -3.1144393345091275e+00,
       4.5405534824955386e-02, -5.2969533860382438e-02,
       3.0140210792386646e+00, -7.9918412690966056e-03,
       3.3527981211986982e-02, 2.9313693915654402e+00,
       -2.0727280333451184e-02, -1.9713806383208507e-02,
       2.9460269503095380e+00, -3.1071744918885237e-02,
       -2.0056189438141411e-02, 2.9804422571922315e+00,
       -4.4080153150352033e-02, -6.6114583217078910e-03,
       2.9803493929056630e+00, -4.5647614828490640e-02,
       -2.4169406857921502e-02, 2.9918181260835528e+00,
       -2.5741145967854432e-02, 1.1000154357002909e-03,
       3.0543748572652114e+00, -3.9934006386855493e-02,
       -3.3941401101500140e-03, 3.0532247076442429e+00,
       -3.3622366997802161e-02, 3.9969615601878374e-03,
       3.0865291554633214e+00, -3.7609256524177494e-02,
       2.9259093645471315e-02, -3.1085144205263715e+00,
       2.5446224918492671e-02, 3.0002745688751140e-02,
       -3.0362805537868471e+00, -6.8524299620883709e-03,
       -3.3841493056109950e-02, -2.9593249798565542e+00,
       7.5940656172836407e-02, 3.2570986962796221e-02,
       -3.0184383023071684e+00, -3.7162329471228168e-02,
       -3.2949265375652736e-02, -3.0481978675385193e+00,
       -6.0662440316184833e-02, -4.2005090936435778e-02,
       -3.0404734694461983e+00, -6.3438491211174619e-02,
       -3.0108120266217415e-02, -3.0661661165401362e+00,
       -7.5303327238867485e-02, 5.1415170935694586e-03,
       3.0550421961412417e+00, 6.0738751360193868e-02,
       -3.1188407441610673e-02, 3.0873626607581826e+00,
       -3.4947884480700499e-02, -6.9765152144303191e-02,
       3.1398081012553298e+00, 8.8186196926797987e-03,
       7.4943989933440201e-03, -3.0844084396813947e+00,
       1.1138761640737941e-02, 8.1424624568598621e-03,
       -3.0587108334403608e+00, -1.6383384173773153e-02,
       1.0179848575063030e-01, -3.1218609283931649e+00,
       1.2334144751711829e-01, 1.3401191786668176e-01,
       3.0878767179752700e+00, -1.0519352046429804e-01,
       -2.2200737964375619e-01, 3.0850080887063402e+00,
       -2.5760786665117750e-02, -1.5676950195495307e-01,
       3.0776606334708259e+00, 1.0243270134346484e-01,
       -2.6698241719877541e-01, 3.0699781785857581e+00,
       5.2746247843829697e-02, -4.9479751292573321e-01,
       -2.9802756133055692e+00, -5.1444011477660055e-02,
       8.7634962274109840e-01, -2.9171079088555367e+00,
       -5.7494573252811550e-02, 9.4610095772506897e-01,
       -2.8649428116049465e+00, -7.4486352265109190e-02,
       1.0887407009206149e+00, -2.9418917867436121e+00,
       2.1838538102071963e-02, 9.3289131608723153e-01,
       -2.9350296021374125e+00, -6.6108430610738525e-02,
       9.9497788038817225e-01, -2.9590343148758720e+00,
       -5.0424723606939677e-02, 8.4359330395523124e-01,
       -2.9197798807799180e+00, -7.5041889936409562e-02,
       9.1344114778377927e-01, -2.9127012955221607e+00,
       -8.7593495698132240e-02, 8.1294808999161605e-01,
       -2.9663028353503242e+00, -6.5792016228389830e-02,
       8.0030570001274381e-01, 2.8840578841882918e+00,
       -3.4383920776442874e-02, -8.1080244153298187e-01,
       -3.0207393140235053e+00, 8.4813171615398669e-03,
       8.1337245402419145e-01, 2.9936150044624754e+00,
       -1.1996367247457493e-02, -8.6774369549709396e-01,
       3.0139595075572054e+00, -4.6070681955460183e-04,
       -8.5860880312781251e-01, 3.0096727447508380e+00,
       -6.4974062040898456e-03, -8.7698571973791350e-01,
       3.0096870193524685e+00, 2.7704810750885916e-02,
       -8.7110051321285342e-01, -2.9531939893313770e+00,
       -6.3569950852011323e-02, 8.7523862060698299e-01,
       -2.9924356412628428e+00, -1.0983842924764958e-01,
       8.9091929950092252e-01, -2.7952519440465609e+00,
       -9.8295909566807782e-02, 9.6832995496513852e-01,
       -2.8844391916570697e+00, -8.4903868797775145e-02,
       8.8231097514904167e-01, 2.9389636871952383e+00,
       5.9807563897627751e-02, -8.9766986421151773e-01,
       -3.0135762211401236e+00, -4.2543556947092498e-02,
       9.1906361573257467e-01, -2.9841429816348648e+00,
       -1.4793363175005899e-02, 8.5955514057999427e-01,
       -2.9507435323843496e+00, -6.3034316281697908e-02,
       1.0012731439251323e+00, 2.9105157523407943e+00,
       1.7740778197318254e-02, -1.1286091257246060e+00,
       -2.8299117695931897e+00, -6.6124535324525710e-02,
       1.2488942943668491e+00, 2.8227312162080969e+00,
       6.8390719423514795e-02, -1.3146052759469335e+00,
       2.7119894853122424e+00, 4.9751672868713834e-02,
       -1.5461992713503314e+00, 2.7053127260068011e+00,
       1.4896670173082244e-02, -1.5653964031078273e+00,
       -2.6409485564077038e+00, -1.0362064587802927e-01,
       1.6147450117462914e+00, -2.6435146052245648e+00,
       -6.0836428609997106e-02, 1.6037610811582617e+00,
       -2.6010147974129247e+00, 2.0935049167100997e-02,
       1.6282936575764728e+00, -2.6076803853095614e+00,
       -8.2489520899719004e-02, 1.5296381658832916e+00,
       -2.5698260800617865e+00, -7.9077731656527733e-02,
       1.6601943545224291e+00, 2.5641911014911627e+00,
       -1.5641910347276636e-02, -1.7111572182014427e+00,
       2.5651698220624706e+00, -1.1663103733993753e-01,
       -1.6896911139360642e+00, 2.6158191767964314e+00,
       -8.9527127928910530e-03, -1.6579358252610492e+00,
       2.6749323423899884e+00, 2.4615409740565662e-02,
       -1.5926329858469144e+00, 2.6275680285486724e+00,
       7.9926846416502037e-02, -1.6012087240952961e+00,
       2.8119688048669707e+00, -5.9419763773741925e-03,
       -1.3072080422043504e+00, 2.7789402897788560e+00,
       -3.8582805337591175e-02, -1.2960514337015709e+00,
       2.9413200854303252e+00, 1.0487828782311357e-02,
       -1.0247411886948663e+00, 2.8626880038411668e+00,
       -1.1576172455340707e-02, -1.0615539252041057e+00,
