%YAML:1.0
---
summary: "Filter by distance, md=250, ds=125."
init_cam_calib: C99-1010_3p_3
camera_matrix: !!opencv-matrix
   rows: 3
   cols: 3
   dt: d
   data: [ 2.5620698580806634e+03, 0., 1.8740255011623817e+03, 0.,
       2.5610191759854551e+03, 1.0844133585411678e+03, 0., 0., 1. ]
dist_coeff: !!opencv-matrix
   rows: 5
   cols: 1
   dt: d
   data: [ 2.3242596977618400e-02, -6.6314319013098713e-02,
       -3.6031570337294457e-04, -1.6137665275613711e-03,
       6.1312294052817802e-02 ]
rvec: !!opencv-matrix
   rows: 174
   cols: 3
   dt: d
   data: [ -3.0549944933031519e+00, 2.6212869542708590e-02,
       -1.4688684719870117e-02, -3.0334157716671308e+00,
       4.1271058787325969e-03, 1.5422342466627416e-02,
       -3.0662522352937258e+00, 2.8794842940154691e-02,
       3.6553080148390288e-02, -3.0992726560894512e+00,
       2.8386998020487834e-02, -1.2790471033333461e-01,
       -3.0979672332249146e+00, -1.0169659967302768e-02,
       -4.7146353494562192e-02, -3.0776167207108851e+00,
       2.5182216517085531e-02, -9.2498903913674588e-02,
       -3.0683397407928314e+00, 3.1780597848882750e-02,
       -7.5261910412823319e-02, -3.0850519582267433e+00,
       2.4431778869788874e-02, -2.3606916923807460e-02,
       -3.1011331984365640e+00, 8.0284279180157486e-02,
       -9.2481252135621195e-02, -3.0747510354101344e+00,
       7.5124836847976842e-02, -1.3297978699667562e-01,
       -3.0814837143420792e+00, 4.4266780005447669e-02,
       -8.7267546362435625e-02, -3.0601922082297528e+00,
       2.3504727317328368e-02, -7.6062143184809335e-03,
       -3.0835312574088083e+00, 6.3082205920174397e-02,
       -1.3435408411446007e-01, -3.1303311017213757e+00,
       4.1643763784580061e-02, -4.3933770030876486e-02,
       3.1023584793900536e+00, -1.0025151125822290e-02,
       2.2199099848111831e-02, 3.0378465595867663e+00,
       -5.5791205207470088e-03, 4.7194456219577234e-02,
       2.9561146123148165e+00, -1.6054308519035297e-02,
       -1.5066263011518768e-02, 2.9055733583702428e+00,
       -4.4630230909176054e-02, 3.4195318185930093e-02,
       2.9329667043315784e+00, -3.9535390420217142e-02,
       -1.8572953211534609e-03, 2.9756614019819678e+00,
       -2.4752806704814809e-02, -2.8988387215122823e-02,
       3.0141844672412881e+00, -2.7307754810852035e-02,
       1.1894066413781349e-02, 3.0513181502581208e+00,
       -3.9589130696972653e-02, -5.5046186427587093e-03,
       -3.0985634562426339e+00, 1.9505989296673482e-02,
       3.5929775023344004e-02, -3.0504257236865144e+00,
       -1.8459910906583121e-02, 1.5151777430960630e-02,
       -3.0000879045902562e+00, 4.0755975793578585e-02,
       5.8866891173820178e-02, -3.0063971967320668e+00,
       -3.5867882593194830e-02, -1.0570130502627109e-02,
       -3.0431730492401168e+00, -4.7595586898979261e-02,
       -3.8992731401256926e-02, -3.0957315324670813e+00,
       -1.1098879348431616e-01, -3.0951063280131329e-02,
       3.1128712035685755e+00, 1.0224497994779025e-01,
       5.9325559773809995e-02, 3.0655627072543936e+00,
       6.0287673491172429e-02, -2.6027459786417149e-02,
       3.0018128003114395e+00, -8.7650183469921948e-03,
       -8.5126624403727161e-02, 3.0344791453318569e+00,
       -4.4758792881857419e-02, -8.8999691412129350e-02,
       3.0779745317042626e+00, -3.9474099000230613e-02,
       -8.0086822661489324e-02, 3.1182295709944960e+00,
       -1.6743162396875101e-02, -6.5979438749114702e-02,
       -3.1324548380116841e+00, -4.9145088475059983e-03,
       -9.0693203255899166e-03, -3.0971930080603611e+00,
       7.2808689977356235e-03, 5.2259367250424554e-03,
       -3.0657845717992229e+00, -2.4220497873950506e-02,
       8.9064501582095557e-02, -3.0829613919315526e+00,
       6.2899431213290974e-02, 1.7510936249192316e-01,
       -3.1289759058685696e+00, 8.7493362011398484e-02,
       1.5610098995665886e-01, 3.1255605233320796e+00,
       -1.0970470689353380e-01, -7.4913455807529478e-02,
       3.0889364972840889e+00, -8.8959779535300931e-02,
       -1.2879903429755446e-01, 3.1058161397912967e+00,
       -1.2991049900067403e-01, -2.3274671031019292e-01,
       3.0792424746848037e+00, -5.2607629539853061e-02,
       -2.1550017507045965e-01, 3.0714371234537672e+00,
       -1.8478159918340144e-02, -1.5557339368952866e-01,
       3.0937309956026784e+00, 9.7757542775750647e-02,
       -1.8853230274794894e-01, 3.0722393570285522e+00,
       7.1512109262292095e-02, -3.4869565571821765e-01,
       3.0678009182603079e+00, 4.7216515202841584e-02,
       -5.1008849929656164e-01, 3.0571623119345555e+00,
       6.4823369631245964e-02, -5.6114808212792866e-01,
       -3.0470841290378345e+00, -6.2288014234547162e-02,
       7.4300651491530267e-01, -2.9793486276188261e+00,
       -4.0538748758182822e-02, 8.5278039637117076e-01,
       -2.9546975817754215e+00, -5.4550401471519731e-02,
       9.2244177655905624e-01, -2.8998661676448374e+00,
       -7.1665171258656138e-02, 1.0107790710821416e+00,
       -2.9400559218669411e+00, -5.1646817500325300e-02,
       9.9422039002347884e-01, -2.9369842782490703e+00,
       2.3420049652004234e-02, 9.1734850040565086e-01,
       -2.9345911693108646e+00, -5.1731397642860583e-02,
       9.0774058463552076e-01, -2.8971416507176309e+00,
       -8.4740365474087032e-02, 8.8870322392758672e-01,
       -2.9288703377713539e+00, -8.5166493768078208e-02,
       8.1979713070863025e-01, -2.9816922289138468e+00,
       -1.0903981385319944e-01, 8.2157448364842023e-01,
       -3.0369597729397988e+00, -3.2996792561569496e-02,
       7.6578359255484885e-01, 3.0226058091480592e+00,
       -2.2041544718996931e-02, -7.7177587867657138e-01,
       2.9484096026278275e+00, -2.8136829180553338e-02,
       -8.2541237566248837e-01, 2.9009459427869695e+00,
       -4.5218781777001747e-02, -8.2064448599560436e-01,
       2.9052117367421917e+00, -3.3902411619175718e-02,
       -7.9837637793860550e-01, 2.9526269733003563e+00,
       -2.4156870664794945e-02, -7.8636346951068881e-01,
       2.9874078070772812e+00, -2.3504230683698120e-02,
       -8.0713637417954209e-01, 3.0162927988399462e+00,
       -1.7136030021145866e-02, -8.0821205436483945e-01,
       -3.0213443331342922e+00, 9.0572519147444040e-03,
       8.1762302439647305e-01, 2.9943670814888410e+00,
       -1.0343899286006540e-02, -8.8996961827330956e-01,
       2.9872199866091371e+00, 1.1393601360648341e-02,
       -8.7159650226667462e-01, -2.9833545734312934e+00,
       -3.1741613619987848e-02, 8.8226085092024698e-01,
       -2.9494611464701306e+00, -8.7885030005454182e-02,
       8.4414899790190379e-01, -2.9743630307389397e+00,
       -7.7644849568064001e-02, 8.7491122718766545e-01,
       -2.9010689476050624e+00, -1.0767593767026208e-01,
       9.5296158262026909e-01, -2.8639151859110945e+00,
       -8.4233738685032353e-02, 9.5255664103121829e-01,
       -2.8085078105977974e+00, -8.1717207907890832e-02,
       9.6853379848399324e-01, -2.8422289009066111e+00,
       -4.7211215716847645e-02, 9.5599287748836703e-01,
       -2.8934034971746798e+00, -6.1692231076349080e-02,
       8.9072448431628071e-01, -2.9342286189724409e+00,
       -5.2119593987404809e-02, 9.0661686997827429e-01,
       -2.9843852156696777e+00, -8.3540482699216739e-02,
       8.9159228833149196e-01, 2.9983760612013337e+00,
       9.0228821039451915e-02, -8.8201731916410631e-01,
       2.9662517762297327e+00, 8.3999356844169204e-02,
       -8.8168794609975876e-01, 2.9119339746251116e+00,
       5.8860177786802179e-02, -8.9780260258707101e-01,
       2.9136773155410109e+00, -7.0702333268431198e-03,
       -9.4121523002238916e-01, 2.9428059769373638e+00,
       2.5982013572190692e-02, -9.2207586112572382e-01,
       -3.0151058096113226e+00, -4.1252519785261808e-02,
       9.2400311156770998e-01, -2.9880567008309979e+00,
       -2.2787918610885565e-02, 8.7711065447268288e-01,
       -2.9408871488494026e+00, -4.0404625727868536e-02,
       9.9421003780568473e-01, -2.8981816838645855e+00,
       -4.5503818436435653e-02, 1.0677521574269169e+00,
