%YAML:1.0
---
summary: "Filter by time and points, rd=20, rs=0, sp=5, sf=3."
init_cam_calib: C99-1010_3p_3
camera_matrix: !!opencv-matrix
   rows: 3
   cols: 3
   dt: d
   data: [ 2.5649397799787494e+03, 0., 1.8800770231937706e+03, 0.,
       2.5638085800405424e+03, 1.0841251345840390e+03, 0., 0., 1. ]
dist_coeff: !!opencv-matrix
   rows: 5
   cols: 1
   dt: d
   data: [ 7.1326996579466522e-03, 1.0763908687464381e-02,
       -8.0850498575427458e-04, -9.8674159762971955e-04,
       -2.7660097238231238e-02 ]
rvec: !!opencv-matrix
   rows: 115
   cols: 3
   dt: d
   data: [ -3.0381046136778389e+00, -9.3047382131191247e-03,
       -1.6888237204602752e-02, -3.0338803842840365e+00,
       -4.5104376154949883e-03, -2.0976839866870097e-02,
       -3.0368741214825157e+00, 1.6362819920219859e-02,
       1.2148474364234494e-02, -3.0446328344761362e+00,
       3.7476488599985237e-02, -1.0913227768592129e-01,
       -3.0433676086832389e+00, 9.7814653745173882e-02,
       -1.3307506870922198e-01, -3.0711965576244187e+00,
       1.1627952999846700e-01, -1.9301721426765206e-01,
       -3.0968311182727191e+00, 1.5966930817935618e-01,
       -3.4775399790783412e-01, -3.0845246361919156e+00,
       9.4036213860686974e-02, -2.5243888237135720e-01,
       -3.1054015172383282e+00, 1.5448402129347718e-02,
       7.5768035842926379e-02, -3.0479867143014547e+00,
       -8.0534038757312132e-02, 5.2125611735028077e-01,
       -3.0205018828858941e+00, 2.7511598029735677e-02,
       6.1466601669296472e-01, -2.9665686977642030e+00,
       -6.9985903924087670e-02, 8.1719479508289705e-01,
       -2.9473315065349768e+00, -3.9304614562837015e-02,
       8.5434172444424605e-01, -2.9361901279350047e+00,
       -2.7598081557285905e-02, 8.5981899106472648e-01,
       -2.9278914448907463e+00, -6.3664328135104822e-02,
       8.6418009534846219e-01, -3.0057877572983118e+00,
       2.2828133924989679e-02, 8.2183687400334293e-01,
       2.9876005855013066e+00, 2.3444444053193395e-03,
       -8.2345971725317113e-01, 2.9856509292266393e+00,
       -2.4503176104424443e-02, -8.0336310356668816e-01,
       2.9943856656891792e+00, -2.9455147091862859e-02,
       -7.9967833607947991e-01, 3.0456181376514824e+00,
       -3.8382927982521988e-03, -7.7308142411307756e-01,
       -2.9349864545102564e+00, -6.6528175869724000e-04,
       7.4195998399828045e-01, -2.8675626091309687e+00,
       -3.4181424943933683e-02, 6.1035620958955705e-01,
       -2.8491184301613468e+00, -1.0240579529918502e-01,
       5.6103841927118714e-01, -2.8375277128194822e+00,
       -1.2189960545915984e-01, 5.7629095729666613e-01,
       -2.9321073950969923e+00, -3.6569833864805674e-02,
       5.9714227991553226e-01, -2.9737381800207014e+00,
       3.6788789843359045e-02, 6.5865112708854701e-01,
       -2.9688869108684002e+00, -2.5570526245842929e-02,
       7.7792953432447454e-01, -2.9552266924164154e+00,
       3.0821366747708087e-04, 7.3141822192250350e-01,
       -2.8854354740405692e+00, -4.9313393146712570e-02,
       1.0139872317691079e+00, -2.8085457802708667e+00,
       -6.1294263238899679e-02, 1.1779837613700010e+00,
       -2.7783854464750073e+00, -1.8061281116414127e-01,
       1.2883427339086131e+00, -2.7094428918374245e+00,
       -5.0884235599594235e-02, 1.4852557139402338e+00,
       -2.6076934912949792e+00, -1.0267119717908794e-01,
       1.6958533282993868e+00, -2.6200974343803427e+00,
       -1.3789546683046033e-01, 1.5686156330722236e+00,
       -2.6530710431466007e+00, -5.1439634936255522e-02,
       1.5824731781062278e+00, -2.6290704521329862e+00,
       -2.5564342491083570e-02, 1.5813834988226516e+00,
       -2.5965196804691169e+00, -5.4499065318196656e-02,
       1.5970688267861683e+00, -2.5861410629207464e+00,
       -6.3882690638047523e-02, 1.5883117809713332e+00,
       -2.6267947711028530e+00, -1.7244616771803375e-02,
       1.5391535703886505e+00, 2.7408376234737095e+00,
       -1.1872167475917725e-01, -1.5010589436971145e+00,
       -2.6818320290940436e+00, 2.4538231823690838e-02,
       1.5269016367321657e+00, -2.6582501076934943e+00,
       -3.8593538866091862e-02, 1.5606946315788695e+00,
       -2.7745056124949388e+00, 1.5595621491691167e-04,
       1.4087382906423813e+00, -2.7197743876070852e+00,
       -3.8922926396644533e-02, 1.4042213320922154e+00,
       -2.7597812295374231e+00, -2.9693257096592537e-02,
       1.2257810475712068e+00, -2.7331079260130142e+00,
       -5.4421623046066264e-02, 1.0831915916461792e+00,
       -2.8386448013894188e+00, -1.0901885357330066e-01,
       8.4619913704500116e-01, -2.8086026433122790e+00,
       -5.2978242719880567e-02, 7.3025798360391025e-01,
       -2.9820350291421489e+00, -1.1951483105024484e-01,
       4.8162715103386183e-01, -3.0466438066178489e+00,
       -1.4275065655268832e-01, 3.1291584301523112e-01,
       -3.0122117734029845e+00, -7.1797595246279105e-03,
       1.5194037128192250e-01, -3.0594914633554695e+00,
       1.9813158547394835e-02, 4.7295059715720128e-01,
       -3.0749476601511563e+00, -2.9035878274505333e-02,
       4.1031759276590529e-01, -3.0021818957554149e+00,
       -7.6372160133470347e-04, -1.4155256596016166e-01,
       -2.9286508104285223e+00, 1.3148885070555474e-01,
       -9.5096090177457415e-01, -2.7890062795734059e+00,
       8.7610253273047237e-02, -1.1691240960046547e+00,
       -2.7283268189302761e+00, 1.1179723185220498e-01,
       -1.2775378945558493e+00, -2.8031456786105418e+00,
       7.0023309361927605e-02, -1.1966869701445424e+00,
       -2.9183304172714037e+00, 7.2360612598172044e-02,
       -1.0082093607300602e+00, -2.9366603537051130e+00,
       5.3852959372539998e-02, -1.0712326789991988e+00,
       -2.9286256408566542e+00, 4.7391820663626308e-02,
       -1.0801071621332963e+00, 2.7950341291655949e+00,
       -5.4878366534642391e-02, 1.1099136626269239e+00,
       2.8149911779830696e+00, -1.1139245546600108e-02,
       1.0667930240452237e+00, 2.8009369880519133e+00,
       6.7373826843378677e-03, 1.1158086359544406e+00,
       2.8012612955980147e+00, -1.9865523059481934e-03,
       1.1320646714081333e+00, 2.7633881781167009e+00,
       2.3813590928429350e-02, 1.1134402037485986e+00,
       2.7620304623921372e+00, 3.7763448982180925e-02,
       1.1069801495694822e+00, 2.8779633860890863e+00,
       -7.8241022479774824e-02, 1.2255609775331142e+00,
       -2.7987761941881830e+00, 1.4962004271357210e-01,
       -1.2068663709988199e+00, -2.7809119271856142e+00,
       1.2713566650080751e-01, -1.1599134203290142e+00,
       -2.7190311691071476e+00, 7.0212002542406518e-02,
       -1.1823887051310895e+00, -2.7209510318523984e+00,
       6.8013827026421822e-02, -1.1376857519390906e+00,
       -2.7733747431335711e+00, 8.3199433427805867e-03,
       -1.1970701303387532e+00, 2.8918252268136202e+00,
       -3.0523334311668607e-02, 1.1270718228055379e+00,
       2.8990762730454716e+00, -8.2993937025794304e-04,
       1.1474874213275881e+00, 2.8153182888280712e+00,
       -4.1541956180506240e-02, 1.3415494995638302e+00,
       2.7440793590784236e+00, -2.8940695895697529e-02,
       1.4352719456723508e+00, 2.6825879830907957e+00,
       -7.6660503609575645e-02, 1.6112868265701206e+00,
       2.5944866291861062e+00, 5.4784371513811693e-02,
       1.5869561643490222e+00, 2.5466573140040927e+00,
       1.4753622152217979e-02, 1.7311863248981230e+00,
       -2.5161312992423976e+00, 2.0948178749031152e-01,
       -1.7120399009546572e+00, -2.5510100344274416e+00,
       1.6663163087859409e-01, -1.6660044085604735e+00,
       1.2072137245414230e-01, 1.9922665755731661e+00,
       2.4340740689147804e-02, 2.6222884171055760e+00,
       1.9240859571157782e-03, 1.6871954989670650e+00,
       2.5249775735588496e+00, 1.0667942008754193e-01,
       1.6605104510658555e+00, 2.4346772219788857e+00,
       1.9025764706508419e-01, 1.4985161317534976e+00,
       2.4161751537745340e+00, 1.8868762458442717e-01,
       1.5193812602817900e+00, 2.4834359726962405e+00,
       1.1923029332325533e-01, 1.6215659638153423e+00,
