%YAML:1.0
---
summary: "Filter by time and points, rd=20, rs=0, sp=5, sf=2."
init_cam_calib: C99-1010_3p_3
camera_matrix: !!opencv-matrix
   rows: 3
   cols: 3
   dt: d
   data: [ 2.5645517230859618e+03, 0., 1.8725602607898272e+03, 0.,
       2.5647688718978229e+03, 1.0843541836297793e+03, 0., 0., 1. ]
dist_coeff: !!opencv-matrix
   rows: 5
   cols: 1
   dt: d
   data: [ 1.2764213328241689e-02, -1.2837049587805138e-02,
       -6.6214023579693382e-04, -1.8867355245003395e-03,
       -2.7897249310779729e-03 ]
rvec: !!opencv-matrix
   rows: 115
   cols: 3
   dt: d
   data: [ -3.0384398231593899e+00, -9.2821238003397023e-03,
       -1.2767824671086630e-02, -3.0332576162481484e+00,
       -4.4145457011086518e-03, -1.6249078860552022e-02,
       -3.0373471551006679e+00, 1.6495952119610937e-02,
       1.5431009331853070e-02, -3.0453315112735853e+00,
       3.7502285833100148e-02, -1.0503357665519855e-01,
       -3.0467096635875479e+00, 9.8053407374290136e-02,
       -1.2912221452839329e-01, -3.0688755410779760e+00,
       1.1581511258651764e-01, -1.8871951873743886e-01,
       -3.0975634171572390e+00, 1.5996660155326298e-01,
       -3.4449912433105151e-01, -3.0808801120295528e+00,
       9.3555443556288087e-02, -2.4889943006750476e-01,
       -3.1075654213902508e+00, 1.5802633049253220e-02,
       7.9373740736233100e-02, -3.0467108836834322e+00,
       -8.0844201948375230e-02, 5.2701768590674347e-01,
       -3.0192139859870859e+00, 2.7573906322103894e-02,
       6.1946912335287574e-01, -2.9657647029957284e+00,
       -7.0138048907537401e-02, 8.2127719582733716e-01,
       -2.9450023944959711e+00, -3.8125118860258427e-02,
       8.5784602516699504e-01, -2.9351557097341634e+00,
       -2.7583379954056599e-02, 8.6330951208195683e-01,
       -2.9265483960078842e+00, -6.4022576586126673e-02,
       8.6841685604683760e-01, -3.0043019584249295e+00,
       2.2440231871682814e-02, 8.2701724647189301e-01,
       2.9864125112061801e+00, 2.7674175447782241e-03,
       -8.2720244871651627e-01, 2.9837219533783528e+00,
       -2.5675945503879628e-02, -8.0257192235982289e-01,
       2.9938821491302847e+00, -2.8971221126029022e-02,
       -8.0479200807685569e-01, 3.0434622424181415e+00,
       -2.8623681965245728e-03, -7.7832812809751561e-01,
       -2.9352900247580855e+00, -2.2490283377995843e-04,
       7.4671096171477158e-01, -2.8649820850639056e+00,
       -3.4307752000846882e-02, 6.1617851407763735e-01,
       -2.8516317600535830e+00, -1.0153517146605012e-01,
       5.6314684330077069e-01, -2.8385115750042775e+00,
       -1.2038332287465257e-01, 5.7723326029562438e-01,
       -2.9344249804394078e+00, -3.8212756823964682e-02,
       5.9800175254873056e-01, -2.9735096705464690e+00,
       3.5990508116703464e-02, 6.6265455667766049e-01,
       -2.9694250736522605e+00, -2.5746740265261393e-02,
       7.8108413686188893e-01, -2.9545681975722027e+00,
       1.6650262981509763e-04, 7.3580637654778092e-01,
       -2.8827509048210795e+00, -4.9542779093646731e-02,
       1.0191639905758205e+00, -2.8052636537781277e+00,
       -5.9897937700521597e-02, 1.1804331359729368e+00,
       -2.7766247814757579e+00, -1.7993865407964255e-01,
       1.2920136105041367e+00, -2.7067771672255230e+00,
       -5.0461255721398174e-02, 1.4888211905973623e+00,
       -2.6047899629467026e+00, -1.0245913609755786e-01,
       1.6985903225587462e+00, -2.6184692144384512e+00,
       -1.3845112962094042e-01, 1.5730237993912448e+00,
       -2.6519586653170748e+00, -5.2160724290937287e-02,
       1.5866418245865621e+00, -2.6270708471868036e+00,
       -2.5524541337835722e-02, 1.5854620523395710e+00,
       -2.5950452967290212e+00, -5.5243793733919140e-02,
       1.5997757495773981e+00, -2.5801974977586286e+00,
       -6.1084387857781183e-02, 1.5926473231127583e+00,
       -2.6264757210330276e+00, -1.8832777175380198e-02,
       1.5433932195164883e+00, 2.7388090939519194e+00,
       -1.1876947162853096e-01, -1.5052004508571335e+00,
       -2.6832334575163359e+00, 1.9793249652569997e-02,
       1.5328938218097274e+00, -2.6417952524506552e+00,
       -2.9739114278504838e-02, 1.5609650290764305e+00,
       -2.7732156374130432e+00, -5.8858980799157657e-04,
       1.4128929686511871e+00, -2.7168612014077000e+00,
       -3.8154077732058617e-02, 1.4074183449864521e+00,
       -2.7578245857983119e+00, -2.9775327797461178e-02,
       1.2297840239544422e+00, -2.7306744630777628e+00,
       -5.4638867578698930e-02, 1.0873602689314106e+00,
       -2.8382797014103707e+00, -1.0876106853032520e-01,
       8.4669831567198317e-01, -2.8108443398336216e+00,
       -5.3056055909725362e-02, 7.3324390234526227e-01,
       -2.9796453988200473e+00, -1.2055315010404521e-01,
       4.8811912134852758e-01, -3.0420020158636722e+00,
       -1.4286476367912843e-01, 3.1963756754121697e-01,
       -3.0277860158242791e+00, -7.2553559796387666e-03,
       1.5521331181392584e-01, -3.0640993326601529e+00,
       1.9794882455542378e-02, 4.7661635232783472e-01,
       -3.0829473425053027e+00, -3.2936290302157292e-02,
       4.2228466388208280e-01, -2.9969035223522074e+00,
       -4.0381470588028547e-03, -1.4718059482530355e-01,
       -2.9361264660350557e+00, 1.3504889954178712e-01,
       -9.4511246809682947e-01, -2.7923249929524681e+00,
       8.7781289804901394e-02, -1.1653263448408915e+00,
       -2.7319844264200408e+00, 1.1154141131590005e-01,
       -1.2740557585752603e+00, -2.8057018076935503e+00,
       7.0446555817859441e-02, -1.1925802831328867e+00,
       -2.9191212491748786e+00, 7.2327885477333348e-02,
       -1.0029151913760825e+00, -2.9388500559570017e+00,
       5.3574191702963257e-02, -1.0667916687285746e+00,
       -2.9301822713763461e+00, 4.7313723879785663e-02,
       -1.0764205876143047e+00, 2.7995468856882213e+00,
       -5.2777523554464641e-02, 1.1072187464850924e+00,
       2.8159310210583608e+00, -1.2505818963876435e-02,
       1.0637132967155110e+00, 2.8018689755776429e+00,
       6.6577697822513427e-03, 1.1110766130273202e+00,
       2.8025242078859960e+00, -2.2427345816143731e-03,
       1.1279541119772880e+00, 2.7645830843436174e+00,
       2.4206511918719843e-02, 1.1089298927316873e+00,
       2.7639613953254476e+00, 3.8524551285094667e-02,
       1.1039471754375325e+00, 2.8798384250220206e+00,
       -7.7664017108528841e-02, 1.2207484370368482e+00,
       -2.8006175629494918e+00, 1.4971000767275136e-01,
       -1.2037973905690380e+00, -2.7838732962408184e+00,
       1.2840838736448976e-01, -1.1554899685583293e+00,
       -2.7223699933446044e+00, 7.1444704916622956e-02,
       -1.1785323683907698e+00, -2.7233920186102085e+00,
       6.8691683103542858e-02, -1.1338391025939007e+00,
       -2.7772679023746778e+00, 1.1634623518842920e-02,
       -1.1950866774451361e+00, 2.8912300467994907e+00,
       -3.1085533907797974e-02, 1.1224436283834831e+00,
       2.9015933367762967e+00, -3.2441384238811602e-05,
       1.1434784962033466e+00, 2.8166915706519524e+00,
       -4.2007058369826079e-02, 1.3362038532464493e+00,
       2.7495529438077826e+00, -2.5847987996890621e-02,
       1.4335097061004403e+00, 2.6858358145107877e+00,
       -7.5587401148533767e-02, 1.6069146540400758e+00,
       2.5973501836971011e+00, 5.5118084690704075e-02,
       1.5832665004376709e+00, 2.5488893880508292e+00,
       1.5765469268485752e-02, 1.7285076066979301e+00,
       -2.5062700372722420e+00, 2.1017165778117247e-01,
       -1.7152811258790273e+00, -2.5532030157958792e+00,
       1.6622106815647011e-01, -1.6611235835296627e+00,
       -2.5698880193966342e+00, 1.2500651441930510e-01,
       -1.6762049178291114e+00, 2.6253024768376636e+00,
       6.5201481072349064e-04, 1.6817100118484669e+00,
       2.5234829857317478e+00, 1.0764791271836947e-01,
       1.6600248236964310e+00, 2.4374446169458670e+00,
       1.9152008606578189e-01, 1.4969037522087196e+00,
       2.4205303975642019e+00, 1.8742035565194684e-01,
       1.5230195824297528e+00, 2.4863346929872501e+00,
       1.2009253002259554e-01, 1.6164964579095518e+00,
