%YAML:1.0
---
summary: "Filter by time, rd=15, rs=10."
init_cam_calib: C99-1010_3p_3
camera_matrix: !!opencv-matrix
   rows: 3
   cols: 3
   dt: d
   data: [ 2.5616677821928429e+03, 0., 1.8768254001983455e+03, 0.,
       2.5625962722204504e+03, 1.0875415428303422e+03, 0., 0., 1. ]
dist_coeff: !!opencv-matrix
   rows: 5
   cols: 1
   dt: d
   data: [ 1.6078892920225643e-02, -1.9482517237068901e-02,
       -2.7634878919951302e-04, -1.4961581405198727e-03,
       1.6300758396800236e-03 ]
rvec: !!opencv-matrix
   rows: 153
   cols: 3
   dt: d
   data: [ -3.0350727247920948e+00, -4.7577503655897649e-03,
       -1.3542796219234286e-02, -3.0281447064575704e+00,
       -1.9780154229338551e-03, -1.5976246064326516e-02,
       -3.0368783307130642e+00, 1.6504069588183120e-02,
       1.3430545912541104e-02, -3.0466875772449358e+00,
       2.9943041539151366e-02, -7.4688694491000476e-02,
       -3.0145262359828244e+00, 6.6000751156712584e-02,
       -1.2849976079002537e-01, -3.0590109601064590e+00,
       1.0647165305920853e-01, -1.1878139227581837e-01,
       -3.0689108486417407e+00, 1.1638009585120057e-01,
       -1.9110338533994842e-01, -3.0945640758037851e+00,
       1.3169889452331537e-01, -2.9496840927955986e-01,
       -3.0962436200888459e+00, 1.0999101021830959e-01,
       -2.7973598434436697e-01, -3.1156548327863165e+00,
       5.4808327363934969e-02, -1.8530121801916971e-01,
       -3.1028159013091461e+00, 1.4777736389125566e-02,
       7.9125625682857650e-02, -3.0521923791319057e+00,
       -9.5903306648749742e-02, 4.5738546689510667e-01,
       -3.0492367529251552e+00, 3.9616572954161822e-02,
       5.2356660430730095e-01, -3.0182637560325283e+00,
       -5.4038047653265503e-03, 6.3493248894943677e-01,
       -2.9654272031793587e+00, -7.0742758452444196e-02,
       8.1838263209827922e-01, -2.9640810159553466e+00,
       -6.2016924831688226e-02, 8.3942908362481783e-01,
       -2.9075267043353894e+00, 7.9136373772890033e-03,
       8.5478698298654510e-01, -2.9355543373955215e+00,
       -6.0318934221265511e-02, 8.5669919351661161e-01,
       -2.9266835830589568e+00, -6.4514922116172199e-02,
       8.6534122906508038e-01, -2.9867852551725989e+00,
       2.2825203041092222e-02, 8.6792846993933015e-01,
       3.0153542334660384e+00, 3.0591363651762644e-02,
       -8.2363771393214025e-01, 2.9731782858089248e+00,
       -3.2580853709492283e-03, -8.2790935684310418e-01,
       2.9864139274025150e+00, -2.3737424929589485e-02,
       -8.0444560532875076e-01, 3.0016494311320416e+00,
       -2.5353779265708688e-02, -8.0264012103580806e-01,
       3.0333989197469782e+00, -1.0437732398926652e-02,
       -8.0580678034674591e-01, -3.0212437873433338e+00,
       2.8383088811722908e-03, 7.8223651086924018e-01,
       -2.9350368997465703e+00, -1.1796159842853366e-03,
       7.4309220229437589e-01, -2.8957281985028924e+00,
       2.6786694647563621e-03, 6.8745631675178664e-01,
       -2.8087200574654396e+00, -8.7601631763001606e-02,
       5.7853104507589970e-01, -2.8200597335031059e+00,
       -1.1262457456743846e-01, 5.9810925610921206e-01,
       -2.8376635182526546e+00, -1.2194430709792767e-01,
       5.7651478409565682e-01, -2.9031272652942373e+00,
       -1.0570476773958011e-01, 5.5582365801346723e-01,
       -2.9795513797560296e+00, 3.1475359313495328e-02,
       6.0418212868688359e-01, -2.9592478286591373e+00,
       3.2116393480865743e-02, 7.2468513681398505e-01,
       -2.9684514836327631e+00, -2.5972219189488437e-02,
       7.7734991612215787e-01, -2.9655148288131552e+00,
       -2.8217956835702825e-02, 7.0344212571793785e-01,
       -2.9011697484816859e+00, -5.9845553952011653e-02,
       8.8119840133298377e-01, -2.8711362849974829e+00,
       -4.1018288101189251e-02, 1.0302293284806623e+00,
       -2.8054442938540305e+00, -6.0948143099782123e-02,
       1.1778512286515177e+00, -2.7802728007660935e+00,
       -1.9467083848954025e-01, 1.2444233644585609e+00,
       -2.7402655742305648e+00, -6.7324212205597242e-02,
       1.4393176057374009e+00, -2.6795021284351415e+00,
       -3.6364763759833170e-02, 1.5276077842251317e+00,
       -2.6041227617913147e+00, -1.0156955849809356e-01,
       1.6947023465017126e+00, -2.6073670379614864e+00,
       -8.8429204256723251e-02, 1.6358163236868102e+00,
       -2.6317638033436790e+00, -9.9941540827373221e-02,
       1.5720439709322984e+00, -2.6530601876941913e+00,
       -4.6502434310241085e-02, 1.5566083760682252e+00,
       -2.6277187391067516e+00, -2.6488718558465602e-02,
       1.5824966489672423e+00, -2.6025891508913013e+00,
       -4.1964517538766503e-02, 1.5991037540160842e+00,
       -2.5895811768459835e+00, -5.5615167993883392e-02,
       1.5951658777879016e+00, -2.5802841022723841e+00,
       -6.0345000584105468e-02, 1.5935274727560760e+00,
       -2.6245896837683786e+00, -1.7853050610758446e-02,
       1.5394557924948213e+00, 2.7521243393100523e+00,
       -1.3062651068308284e-01, -1.4842776490003387e+00,
       -2.6885616138641177e+00, 5.4675839067513207e-02,
       1.5346723004693119e+00, -2.6850520514379070e+00,
       -1.5625289190281874e-02, 1.5314062130987292e+00,
       -2.6496854546519830e+00, -3.4130217370675002e-02,
       1.5584705480961722e+00, -2.7397214521840372e+00,
       1.4080862464954736e-03, 1.4521771781675656e+00,
       -2.7849373980232293e+00, -1.6145751344408377e-02,
       1.4074180074470619e+00, -2.6896899476952654e+00,
       -4.9188772518842641e-02, 1.4420885789825135e+00,
       -2.7608655630475951e+00, -3.3154943011826574e-02,
       1.2288345970962913e+00, -2.7574906720215884e+00,
       -1.0811867209642081e-01, 1.1225126994447030e+00,
       -2.7835775629205650e+00, -8.8323767721837212e-02,
       1.0198701336084097e+00, -2.8181403935924925e+00,
       -6.7350955628012632e-02, 7.8942506334773910e-01,
       -2.8094771344650491e+00, -5.3934106718400730e-02,
       7.3116631361664319e-01, -3.0473349363389368e+00,
       -1.5634138824125604e-01, 5.0600956001800856e-01,
       -3.0011457305362508e+00, -1.5797742932141184e-01,
       3.6940948297395365e-01, -3.0439348828414281e+00,
       -1.3643771829997356e-01, 3.0616236985256751e-01,
       -3.0241975927446911e+00, -7.4483214283407673e-03,
       1.5309775616234830e-01, -3.0959177137308180e+00,
       1.6789406597851209e-02, 3.5247003382561642e-01,
       -3.0301771558468795e+00, -4.1703973575508674e-02,
       5.6572117752518325e-01, -3.0608238111265140e+00,
       -4.3659252532024267e-02, 2.6458766788909849e-01,
       -2.9918515014666758e+00, -2.3942329998669245e-03,
       -1.4806927681383941e-01, -2.8925025302073388e+00,
       1.7213372617733425e-01, -8.5903154015918992e-01,
       -2.8787170196575085e+00, 1.1240107183138569e-01,
       -1.0386584969813049e+00, -2.7694693349278015e+00,
       9.7210553765927216e-02, -1.2156989399030613e+00,
       -2.7291326533455775e+00, 1.1294656028208967e-01,
       -1.2751580360449777e+00, -2.7866603492934279e+00,
       1.0490497080241230e-01, -1.2232030224432051e+00,
       -2.8743139409133405e+00, 4.1609791035554178e-02,
       -1.0529642080892823e+00, -2.9429675805504272e+00,
       7.0852352124041965e-02, -1.0182080833217571e+00,
       -2.9368439161624118e+00, 5.4552060134208671e-02,
       -1.0683389879586214e+00, -2.9287384841572166e+00,
       5.3404582652988863e-02, -1.0665548359280195e+00,
       2.8684055862429729e+00, -8.4990906846813222e-02,
       1.1311566736419012e+00, 2.7953802287267719e+00,
       -3.6303308124095685e-02, 1.0686007506162731e+00,
       2.8146732882957886e+00, -1.2883914649801540e-02,
       1.0650104132390970e+00, 2.8007766801576679e+00,
       1.3713039786611501e-02, 1.1108272876265290e+00,
       2.8086460027100477e+00, -1.3813994186473333e-02,
       1.1215882697384678e+00, 2.7971586736160785e+00,
       5.1438005370585084e-03, 1.1270306678712161e+00,
       2.7648858174658892e+00, 2.3274158483285921e-02,
       1.1114164361770067e+00, 2.7529047435379055e+00,
       3.3174622663925998e-02, 1.1062155785489738e+00,
