%YAML:1.0
---
summary: "Filter by time, rd=10, rs=0."
init_cam_calib: C99-1010_3p_3
camera_matrix: !!opencv-matrix
   rows: 3
   cols: 3
   dt: d
   data: [ 2.5668680741799240e+03, 0., 1.8826934653888218e+03, 0.,
       2.5663633349795691e+03, 1.0857337577602498e+03, 0., 0., 1. ]
dist_coeff: !!opencv-matrix
   rows: 5
   cols: 1
   dt: d
   data: [ 1.4993968272823866e-02, -1.7467276665650896e-02,
       -5.2799416310968716e-04, -1.0469810839746109e-03,
       1.0029009256382634e-03 ]
rvec: !!opencv-matrix
   rows: 230
   cols: 3
   dt: d
   data: [ -3.0377135327920217e+00, -9.1050201872674742e-03,
       -1.7556245241506185e-02, -3.0353682972673739e+00,
       -4.7099369456786808e-03, -1.6103457712852671e-02,
       -3.0323059675779320e+00, -4.4745560166820362e-03,
       -2.0436259953919012e-02, -3.0309907629721478e+00,
       1.1402708746174564e-02, -4.7632529195739664e-03,
       -3.0371864597765090e+00, 1.6572043487733387e-02,
       1.0855530551150244e-02, -3.0449213225116045e+00,
       1.6213774143897911e-02, -8.4373362739774884e-03,
       -3.0443684438762659e+00, 3.7620164913499766e-02,
       -1.0937389933330677e-01, -3.0146669650201159e+00,
       6.6006488770494268e-02, -1.3108101974682243e-01,
       -3.0432383833575996e+00, 9.7919249154582833e-02,
       -1.3234016477435148e-01, -3.0628179611056323e+00,
       1.0680447371080670e-01, -1.3148945055922062e-01,
       -3.0689207178199118e+00, 1.1638592058360875e-01,
       -1.9347929279016704e-01, -3.0926994864587853e+00,
       1.1441376309797453e-01, -2.6413609929670218e-01,
       -3.0967482949434277e+00, 1.5988720676755544e-01,
       -3.4991537133822020e-01, -3.0965228124706390e+00,
       1.1004185810853087e-01, -2.8219276113751263e-01,
       -3.0836024232468500e+00, 9.4369728809101119e-02,
       -2.5159136125091658e-01, -3.1252347406463397e+00,
       1.4754626496860910e-02, -1.0474770996105075e-01,
       -3.1035724569014191e+00, 1.4941274595569541e-02,
       7.7573599049287331e-02, -3.0713055439733523e+00,
       -6.9604649857228792e-02, 3.6784848047346624e-01,
       -3.0479712381618551e+00, -8.0564081909573010e-02,
       5.2333106999528878e-01, -3.0498445907497986e+00,
       3.9986060302734501e-02, 5.2228080434918733e-01,
       -3.0195785468187877e+00, 2.7354864217717840e-02,
       6.1485422792029376e-01, -3.0039467232518997e+00,
       -1.8596705302901612e-02, 7.1183865642450572e-01,
       -2.9662349664661396e+00, -7.0293152998309363e-02,
       8.1705835952263783e-01, -2.9590314466305014e+00,
       -5.1803570170110586e-02, 8.5001638033996285e-01,
       -2.9460380788708607e+00, -3.9333772224089951e-02,
       8.5418888872529664e-01, -2.9083804065981096e+00,
       8.3408840553496674e-03, 8.5335271644355026e-01,
       -2.9362694754400813e+00, -2.7713876921658546e-02,
       8.5869839417741867e-01, -2.9217716510608001e+00,
       -6.6174999841042692e-02, 8.6190999425930259e-01,
       -2.9275719383948449e+00, -6.4064259820027863e-02,
       8.6392114592909419e-01, -2.9524027092605092e+00,
       2.5110810542617206e-03, 8.8505488806587962e-01,
       -3.0042445270890976e+00, 2.1930235201815768e-02,
       8.2367619142342852e-01, 3.0154292630231061e+00,
       3.0000204742569713e-02, -8.2189737896304726e-01,
       2.9879131457129802e+00, 2.4618499445505488e-03,
       -8.2227129204495830e-01, 2.9746113754179393e+00,
       -4.1737486349800188e-03, -8.3470538721234810e-01,
       2.9864698413662523e+00, -2.4391168847781121e-02,
       -8.0262931782216529e-01, 2.9924478482372106e+00,
       -2.9672148448928938e-02, -7.9868145413991698e-01,
       2.9946348515263908e+00, -2.9789692775375749e-02,
       -7.9868167188792161e-01, 3.0334350062886402e+00,
       -1.1037569061582932e-02, -8.0404924537401801e-01,
       -3.0443064221925202e+00, 3.2454816747041837e-03,
       7.7210334702008165e-01, -2.9912388007242394e+00,
       -6.7393587358404122e-04, 7.4668177830653770e-01,
       -2.9358137168238980e+00, -7.8414078153552684e-04,
       7.4174620561779658e-01, -2.9034375903708263e+00,
       1.9499599314654271e-02, 6.8142339878973301e-01,
       -2.8666383978245462e+00, -3.4336424141889303e-02,
       6.1081120510075049e-01, -2.8095777438598128e+00,
       -8.7361492477440725e-02, 5.7730192049561391e-01,
       -2.8503892338551826e+00, -1.0256960675351816e-01,
       5.6137298806541946e-01, -2.8350610213435892e+00,
       -1.2153109063051278e-01, 5.8669313144541202e-01,
       -2.8385084304206263e+00, -1.2170959661133450e-01,
       5.7528314236527633e-01, -2.9099731824076067e+00,
       -1.2512112340959258e-01, 6.3327292780880795e-01,
       -2.9335662326428436e+00, -3.7646300187544612e-02,
       5.9621671989734470e-01, -2.9802690961470448e+00,
       3.1810355799341550e-02, 6.0277948029595163e-01,
       -2.9742533859886482e+00, 3.5952662757325740e-02,
       6.5799952946326523e-01, -2.9700872639775397e+00,
       3.8149055962960310e-02, 7.4626477258981971e-01,
       -2.9692655410292486e+00, -2.5534216133390235e-02,
       7.7593230703945482e-01, -2.9683433688351886e+00,
       -4.5059000779097760e-02, 7.5608670349247153e-01,
       -2.9551038665842748e+00, 3.9067930445038362e-05,
       7.3088691249185989e-01, -2.9021655626387988e+00,
       -5.9364330588071314e-02, 8.7969654476425951e-01,
       -2.8847642816616630e+00, -4.9477693761153560e-02,
       1.0136656929802947e+00, -2.8826411776906857e+00,
       -7.3367009684689524e-02, 1.0792237302503738e+00,
       -2.8069662352866929e+00, -6.0320308020025658e-02,
       1.1760990692854292e+00, -2.8333993675553919e+00,
       -1.6498042119534989e-01, 1.1983413548934452e+00,
       -2.7789249468069439e+00, -1.8027013724061125e-01,
       1.2870002403296130e+00, -2.7421605918414187e+00,
       -6.6711049952847448e-02, 1.4375588135333797e+00,
       -2.7094805808691591e+00, -5.1081700188211412e-02,
       1.4842263948395735e+00, -2.6525652466125522e+00,
       -4.7037676139765824e-02, 1.5963087328131109e+00,
       -2.6065096062631108e+00, -1.0087701750960305e-01,
       1.6925170144996604e+00, -2.6098351669255138e+00,
       -7.7823069313125076e-02, 1.6444356223038343e+00,
       -2.6193148221122855e+00, -1.3636222631142345e-01,
       1.5671807838991056e+00, -2.6339268493897294e+00,
       -9.9404695614088157e-02, 1.5700229697047869e+00,
       -2.6540548198207268e+00, -5.2001551309697275e-02,
       1.5808166098168448e+00, -2.6883065266439741e+00,
       -5.0800799138549582e-02, 1.5247460549794132e+00,
       -2.6298624405126851e+00, -2.6172247370021620e-02,
       1.5803532787488799e+00, -2.6043873657418790e+00,
       -3.1873075749042912e-02, 1.6058328248622595e+00,
       -2.5973870100373326e+00, -5.5426577663415952e-02,
       1.5948985346387441e+00, -2.5918309663768246e+00,
       -5.5296382942051511e-02, 1.5930590265403963e+00,
       -2.5860892033454927e+00, -6.3898043741924912e-02,
       1.5868933984247497e+00, -2.5721936592454737e+00,
       -4.6277888426510101e-02, 1.5963029003142613e+00,
       -2.6267069909808622e+00, -1.7517538504890968e-02,
       1.5373977534516547e+00, 2.7009127882004997e+00,
       -1.1527706809464563e-01, -1.5638327815140169e+00,
       2.7433320212816210e+00, -1.1881633205753794e-01,
       -1.4994151786329917e+00, -2.6904845663063459e+00,
       5.5248501820562047e-02, 1.5326339463541763e+00,
       -2.6877604658193368e+00, 1.7827980385661052e-02,
       1.5310869356708181e+00, -2.6730778331679259e+00,
       -1.8311384626173176e-02, 1.5416363206531427e+00,
       -2.6517413554688050e+00, -3.3469825640125760e-02,
       1.5564333326993243e+00, -2.6661978610922126e+00,
       -2.0797437498481335e-02, 1.5923089873556364e+00,
       -2.7742391305323153e+00, 6.2259673943474502e-05,
       1.4077883403038334e+00, -2.7866625335552784e+00,
       -1.5536502903543734e-02, 1.4056311268316788e+00,
       -2.7197472125193394e+00, -3.8983800820503865e-02,
       1.4024544076744647e+00, -2.7308085249831215e+00,
       -5.3558618125245629e-02, 1.3932477120397400e+00,
