%YAML:1.0
---
summary: "Filter by distance, md=150, ds=50."
init_cam_calib: C99-1010_3p_3
camera_matrix: !!opencv-matrix
   rows: 3
   cols: 3
   dt: d
   data: [ 2.5840873616627309e+03, 0., 1.8860938887561040e+03, 0.,
       2.5837535094087852e+03, 1.0859918197429411e+03, 0., 0., 1. ]
dist_coeff: !!opencv-matrix
   rows: 5
   cols: 1
   dt: d
   data: [ 1.3386785163170935e-02, -2.0543287350188628e-02,
       3.0322272073222246e-04, -1.1200146990706656e-03,
       9.6006761660793506e-03 ]
rvec: !!opencv-matrix
   rows: 96
   cols: 3
   dt: d
   data: [ -3.1334353187600192e+00, -1.4820580209888957e-02,
       -1.4721601681038099e-01, -3.1532210199302817e+00,
       -1.4318077578099784e-02, -1.3813783094604343e-01,
       -3.1242088724083237e+00, -1.6149579364522330e-02,
       -8.3119388494208565e-02, 3.1428077942090775e+00,
       3.6262693628367594e-03, 1.3024902610630107e-01,
       -3.1226471956340411e+00, -1.7108794703575739e-02,
       -1.0808158192478377e-01, 3.1296822303396681e+00,
       -4.9370297903247309e-04, 2.8152575529802937e-02,
       3.0650246348773256e+00, -8.7318118259875482e-02,
       2.8441210519791864e-02, 3.0175074090812450e+00,
       -8.8029051756116430e-02, 6.2777624742146390e-02,
       3.0278344098217307e+00, -8.4222236525409847e-02,
       6.0918162138040431e-02, 3.0339472931748177e+00,
       -5.1797187556926173e-02, 1.1006477628810522e-01,
       3.0124507253095127e+00, -4.3579928887844802e-02,
       5.6565686065355864e-02, 2.9800648320129883e+00,
       -2.0960173556808168e-02, 1.1286844884277340e-02,
       3.0051878022075571e+00, -2.5255831445299474e-02,
       1.3109094883628550e-03, 3.0281305755915455e+00,
       -1.1616803350204027e-03, 2.9021613064104394e-02,
       3.0643336138133894e+00, -6.0440343795702487e-03,
       1.1332306457815174e-01, 3.0491065864212588e+00,
       -2.7272213420554331e-02, 1.7785713138737030e-01,
       3.1192452945961739e+00, -9.2402370885634674e-02,
       8.1114277902754869e-02, -3.1054354095183498e+00,
       7.4010888842811776e-02, -7.6001144802426410e-02,
       -3.0558580250680913e+00, 3.7593188359082728e-02,
       -1.0102724472849535e-01, -3.0060120220912214e+00,
       8.4177949772057045e-02, -8.6221722023713615e-02,
       -2.9522032152143209e+00, 9.0119748685698456e-02,
       -2.6878464791479578e-02, -2.9685156187170163e+00,
       1.1025519246784853e-01, -4.5964456825971167e-02,
       -3.0001489740251177e+00, 1.0744502608469449e-01,
       -3.3014200103345562e-02, -2.9638082279080842e+00,
       1.3920844877952943e-01, 1.6661657063693110e-02,
       -2.9904353748381833e+00, 1.3765725174480117e-01,
       4.3672049805540604e-02, -3.0239325960973220e+00,
       1.3261943423718697e-01, 3.7576313908590654e-02,
       -3.0653556842709100e+00, 1.2275228029442940e-01,
       8.4652753930312182e-03, -3.1166459650522409e+00,
       6.8080750993689584e-02, -1.6199262899771093e-02,
       3.0602501355323231e+00, -2.9656982752302285e-02,
       1.1742933541189672e-01, 3.1192902493951244e+00,
       -5.2547431874568680e-02, 1.5368372870049815e-01,
       3.0782918917770590e+00, -7.1895656292720517e-02,
       1.1716108056666508e-01, 3.0392776203559473e+00,
       -5.6036232174136835e-02, 6.1236475023665415e-02,
       3.0012297006346280e+00, -7.2322716419465083e-02,
       9.8850053204715162e-03, 3.0005218390063138e+00,
       -1.2230751632900431e-01, -5.9208875765019556e-02,
       3.0596675592225475e+00, -1.6555011102902897e-01,
       -1.3792149815104474e-01, 3.0372394034163808e+00,
       -1.1881471688174534e-01, -1.4612301439313469e-01,
       3.0738041438282742e+00, -1.0374585681030490e-01,
       -1.4979285573462620e-01, 3.0472952616509295e+00,
       -1.5416140456466934e-02, -2.1321611250450467e-02,
       3.0732387970589805e+00, 1.2856213708708679e-03,
       3.8659069190306317e-02, 3.0956709175133126e+00,
       2.3528655697281388e-02, 6.7478854659348747e-02,
       3.1138270722606638e+00, 3.0962607458689752e-02,
       6.7369191040012502e-02, -3.1443122557158532e+00,
       -1.8844518729808649e-02, -2.3548074269585197e-02,
       -3.1153662341519590e+00, -8.2828849398067228e-03,
       6.7126362693195841e-03, -3.0929684454378865e+00,
       6.4099609345338298e-03, 5.4480204314847121e-03,
       -3.0683432198868119e+00, 6.3501336141266193e-03,
       -2.1902911647139599e-02, -3.0853529035724483e+00,
       3.3983172340356069e-02, -1.1057581035986762e-01,
       -3.0580181221927192e+00, 4.8968909923202422e-02,
       -1.1793225186400323e-01, -3.0534503815270080e+00,
       8.9775940184825334e-02, -1.4247704850306422e-01,
       -3.0853104713068933e+00, 1.1728493535468415e-01,
       -1.0064769952970667e-01, -3.1071806501953860e+00,
       1.0615899953557109e-01, -5.1406608643405148e-02,
       -3.1149765828658138e+00, 1.3095772505814868e-01,
       -6.0274693885851889e-02, 3.1277314217243162e+00,
       -1.3927672863971094e-01, 1.5344816524952337e-01,
       3.0921638100424440e+00, -1.3083734898233193e-01,
       2.3404435751264285e-01, 3.0628168786400898e+00,
       -1.3850391288121899e-01, 3.1070527723670976e-01,
       3.0356813005579113e+00, -1.7779247928321940e-01,
       4.0405180389611212e-01, 3.0188671847964450e+00,
       -1.3664260659800362e-01, 3.6205410904456881e-01,
       3.0603212915429125e+00, -1.2019010950727500e-01,
       3.1276670523519945e-01, 3.0855500992480631e+00,
       -4.8671766525475890e-02, 2.6346460506085773e-01,
       3.1089060308422392e+00, -7.4449248510385632e-02,
       3.0046305073137303e-01, 3.0992408949468921e+00,
       -2.4460705898838073e-02, 2.8039177273647642e-01,
       3.0657953487387299e+00, 5.4221026351427802e-02,
       2.2988332916492832e-01, 3.0321158182861923e+00,
       1.2110589533242810e-01, 1.7814236394827679e-01,
       3.0868801572600457e+00, 2.9365577498049605e-02,
       6.3776592193245302e-02, 3.1120736176648061e+00,
       -7.3730903003317973e-03, -1.6333094908886728e-01,
       3.1828453665013647e+00, -1.8373119110777453e-02,
       -2.4355549298553672e-01, -3.0325378835228745e+00,
       -1.5173341369302351e-02, 3.9502467481392994e-01,
       -3.0015630829516096e+00, -7.6796865775552003e-02,
       5.8872991984578271e-01, -2.9899677538843599e+00,
       -1.0898505958396734e-01, 7.2337224317439186e-01,
       -3.0248225734139549e+00, -5.5015550366897085e-02,
       6.9576555132485551e-01, -2.9926232010470772e+00,
       -6.3081176961476970e-04, 7.4496003210867401e-01,
       -3.0062550309493328e+00, -2.8993582394645939e-03,
       8.1759000595705023e-01, -3.0411373573326701e+00,
       -5.5103134861556831e-02, 7.6977672145814868e-01,
       -3.0062223445567073e+00, -2.6457493828486965e-02,
       8.0171730270712471e-01, -2.9727385404404614e+00,
       -1.4907184487069828e-02, 8.1910866216359424e-01,
       -2.8989344700540731e+00, -2.4468472657423291e-02,
       9.8707403777553693e-01, -2.8907229340550789e+00,
       -1.6430837922491198e-02, 7.7752742197182190e-01,
       -2.8510253750256651e+00, -9.9869769221706192e-03,
       7.6976158100979308e-01, -2.8029424764652418e+00,
       1.4979627465973725e-02, 7.9459616487664908e-01,
       -2.8189465274391754e+00, 3.1433766703990729e-02,
       7.9018383346059107e-01, -2.8229451900562559e+00,
       5.9010778549205722e-02, 9.0285745310551901e-01,
       -2.8305149173606208e+00, 1.2271399030742845e-01,
       9.9508006034602081e-01, -2.8647385398379317e+00,
       1.5099335329029076e-01, 9.9873544382661605e-01,
       -2.9254326177434766e+00, 1.3249520986420082e-01,
       9.5280046250870631e-01, -2.9711037580022661e+00,
       2.5810076559266766e-02, 9.8606970019614226e-01,
       2.9601782643963608e+00, -2.8994533322906385e-02,
       -9.9391049844389534e-01, -2.9743164639509727e+00,
       1.6416498472937895e-02, 1.0025127272968930e+00,
       -2.9618873775602315e+00, 7.4965764248674613e-02,
       1.0537194349855725e+00, 2.9242683492761898e+00,
       -9.1268727482399586e-02, -1.0689845193555461e+00,
       2.9072737024881117e+00, -1.0196192476032516e-01,
