%YAML:1.0
---
summary: "Filter by time and points, rd=20, rs=0, sp=5, sf=2."
init_cam_calib: C99-1010_3p_3
camera_matrix: !!opencv-matrix
   rows: 3
   cols: 3
   dt: d
   data: [ 2.5619716398353462e+03, 0., 1.8696811191457823e+03, 0.,
       2.5618969039100002e+03, 1.0804113944622914e+03, 0., 0., 1. ]
dist_coeff: !!opencv-matrix
   rows: 5
   cols: 1
   dt: d
   data: [ 4.0939152107611912e-02, -1.1016692796662084e-01,
       -1.1878764400486319e-03, -1.4937815409199616e-03,
       9.1480173784469390e-02 ]
rvec: !!opencv-matrix
   rows: 42
   cols: 3
   dt: d
   data: [ -3.1376882855109125e+00, -1.4432060648638001e-02,
       -1.4507910776814195e-01, -3.1458260472723758e+00,
       -7.7391111525647004e-03, -1.1689572501697153e-01,
       -3.1286826152146547e+00, -1.2007346958706077e-02,
       -1.1028250273734944e-01, -3.1342832253128510e+00,
       -3.3981848012616220e-03, -6.8258635711470450e-02,
       3.1319024351760447e+00, -9.0105459704409099e-03,
       2.0665321366726545e-02, 3.0191805166830918e+00,
       -8.9698259663026941e-02, 5.9071919223065844e-02,
       3.0141372873518275e+00, -4.1938050941105677e-02,
       5.0001341583900814e-02, 2.9897393698414145e+00,
       -1.9650874194798825e-02, -9.6953495048513610e-03,
       3.0128530164786156e+00, -2.2918895420421495e-03,
       2.6078880818092485e-02, 3.0596501522035338e+00,
       -3.3946566166572364e-02, 1.1915937232850840e-01,
       -3.0990861464250297e+00, 5.7813964904713945e-02,
       -9.4616180697449329e-02, -3.0044490760212428e+00,
       8.8742282875995254e-02, -7.4176494921025335e-02,
       -2.9555087043224635e+00, 1.5730717012399736e-01,
       1.0311285418966195e-02, -3.0007944454669166e+00,
       1.3288566068796304e-01, 5.3111589235754555e-02,
       2.9963702994351555e+00, -7.1607025508439906e-02,
       5.6135146439748561e-03, 3.0702371105196873e+00,
       1.2336510965601113e-02, 6.3294366672724159e-02,
       3.1318494641890933e+00, 2.1832404831147578e-02,
       2.2547534807959888e-02, -3.0686271361833914e+00,
       5.2406725892264385e-03, -2.7128937470724770e-02,
       -3.0722577210785427e+00, 4.3155014732089159e-02,
       -1.0099179590972567e-01, -3.0795996176476237e+00,
       1.0600243293763693e-01, -1.2704198175120329e-01,
       3.0958054949255507e+00, -1.3035305378451476e-01,
       2.3877248415846797e-01, 3.0801871568349544e+00,
       -9.7150029352054218e-02, 2.6919957260649280e-01,
       3.0427529515850193e+00, 1.2118425962929712e-01,
       2.0670123463243353e-01, -3.0123016020176139e+00,
       -6.3834061483624846e-02, 5.5061479694135385e-01,
       -3.0417200899464696e+00, -7.2119456185184916e-03,
       6.8282661100993480e-01, -3.0232868816949421e+00,
       -2.9872874980185808e-02, 8.1115643562064765e-01,
       -3.0150884324641027e+00, -2.8079462771743099e-02,
       7.8969355444092371e-01, -2.9743473493535513e+00,
       -1.4812825862072995e-02, 8.2415820617655422e-01,
       -2.9342278872965468e+00, -1.4296095900040115e-02,
       9.1630748181238109e-01, -2.8730717044375380e+00,
       -2.3579136489950869e-02, 1.0457763209340241e+00,
       -2.9240037247195638e+00, -2.7184517825316324e-02,
       9.7075502115790380e-01, -2.9775627599264780e+00,
       -1.0088721836834503e-02, 7.6557507954866000e-01,
       -2.9045242863446155e+00, -2.0815367367326920e-02,
       7.7532696619218155e-01, -2.8201971885142916e+00,
       3.2792727493762261e-02, 7.9289777987198728e-01,
       -2.8187352547311502e+00, 3.4101722745414294e-02,
       8.6006514501864628e-01, -2.9125841394006975e+00,
       1.4274778365718502e-01, 9.6978038710022563e-01,
       -2.9489139828908111e+00, 5.9314563714325856e-02,
       1.0166654082421760e+00, 2.9674759799885608e+00,
       -2.6735128121604990e-02, -1.0040344823773681e+00,
       -2.9361720486930460e+00, 9.3278030045295710e-02,
       1.0661529139624046e+00, 2.7432499116329612e+00,
       -1.1744442782896963e-01, -8.8848131781012241e-01,
       2.8181673284873754e+00, -1.0128683693762608e-01,
       -8.4608785020099375e-01, 2.8147924569861420e+00,
       -9.2900917450917123e-02, -8.3358759724703302e-01 ]
tvec: !!opencv-matrix
   rows: 42
   cols: 3
   dt: d
   data: [ -1.1004340827819200e+02, 1.7311977016255940e+02,
       3.1250433781186316e+03, -8.0272490839660165e+01,
       1.8380628430795406e+02, 3.1371880958957067e+03,
       -7.0433804629345431e+01, 1.5098828358277538e+02,
       3.1337069999392070e+03, 2.0251151261013856e+01,
       1.6833713517839664e+02, 3.1248008240131758e+03,
       1.2412306983904027e+02, 2.1155947703575367e+02,
       3.1115179147473741e+03, 1.3526409461515584e+02,
       2.7168014216528519e+02, 3.0505922191178242e+03,
       1.5359943539743674e+02, 4.5594812247411326e+01,
       3.1124468915820594e+03, 2.5564585166873661e+02,
       9.0942655122785382e+01, 3.1453446458302701e+03,
       1.7766828703661784e+02, 8.9201087543667583e+00,
       3.1430053729694114e+03, 1.8851867669260212e+01,
       3.9973301376739506e+01, 3.0971537937740504e+03,
       6.5762026095448803e+01, 7.6528597004481441e+01,
       3.1147201245483730e+03, 5.8147319782019146e+01,
       1.8160513995192769e+01, 3.1467125195501758e+03,
       2.4466610281021289e+02, 5.6884343802777686e+01,
       3.2187917467285502e+03, 3.2309777595320969e+02,
       1.6213944711417949e+02, 3.1774137207731005e+03,
       2.3734554930883203e+02, 6.9330735618981123e+02,
       3.1016496288536068e+03, 9.6236753490009988e+01,
       4.1333745586499202e+02, 3.1751662853873995e+03,
       2.0041019456397117e+02, 2.1492461876757648e+02,
       3.1889897972360227e+03, 2.2797452697773545e+02,
       -5.5804023126601955e+01, 3.1661409705922529e+03,
       1.5245367901401477e+02, -4.5653071753308616e+01,
       3.1314322653902777e+03, 7.7581906159759228e+01,
       -5.1262113904098250e+01, 2.9278009096212531e+03,
       -3.2548247071140997e+02, 2.8130022506940713e+02,
       2.5690763302393079e+03, -8.9434703294304109e+02,
       2.9041617667120249e+02, 2.3693521214541379e+03,
       -1.4288885377889910e+03, 1.8156442684118829e+02,
       2.1393341552527054e+03, -6.5714774913817200e+02,
       -2.4398793062879967e+01, 2.7191290554954417e+03,
       -6.2053895336086953e+02, 1.3081151390828765e+02,
       2.9347546250601758e+03, -4.8683571570444741e+02,
       1.2935505030679528e+02, 3.0541883830128527e+03,
       -5.4612075403317920e+02, 1.2767009780053739e+02,
       3.0906875106472489e+03, -4.5097642217898363e+02,
       4.4988405104317692e+01, 3.1056637052625410e+03,
       -2.2836469310873429e+02, 7.8338782494919146e-01,
       3.1394108519844958e+03, 8.7143447280525919e+01,
       -5.4210417188003404e+01, 3.1423466965116154e+03,
       -1.0666417580112137e+02, -3.5033919002624934e+01,
       3.1104012680526348e+03, -5.5815800456822342e+02,
       -4.0231435514893885e+00, 3.0769090883870899e+03,
       -4.7359661537457100e+02, -3.1231129328963951e+00,
       3.0854904676304923e+03, -3.6717373031118092e+02,
       2.0120243155078334e+00, 3.1228877290498972e+03,
       -2.2237853426326043e+02, 4.0659240909778163e+01,
       3.1318990153328295e+03, -2.5409277134278931e+01,
       2.4991247559024961e+02, 3.1009718639132252e+03,
       2.1150577196730708e+01, 2.0743104541292590e+02,
       3.1254585178824236e+03, 4.1072492262158455e+01,
       2.0752205909268471e+02, 3.1012668786519748e+03,
       2.0036378673679883e+02, -1.7145063689113922e+01,
       3.0044812878502466e+03, 3.0389503191340381e+01,
       4.1425721243162377e+02, 2.9667275097198312e+03,
       -1.2502755434316263e+02, 1.7792863655553805e+02,
       2.9947232851237386e+03, -1.4467762679213723e+02,
       1.9858044672370835e+02, 2.9945676604275491e+03 ]
