%YAML:1.0
---
summary: "Filter by time and points, rd=20, rs=10, sp=5, sf=2."
init_cam_calib: C99-1010_3p_3
camera_matrix: !!opencv-matrix
   rows: 3
   cols: 3
   dt: d
   data: [ 2.5790241794719705e+03, 0., 1.8920671112872417e+03, 0.,
       2.5718826026928168e+03, 1.0838151788700834e+03, 0., 0., 1. ]
dist_coeff: !!opencv-matrix
   rows: 5
   cols: 1
   dt: d
   data: [ 1.9699618802428966e-02, -4.3873007976912043e-02,
       -6.1755202602319266e-04, 8.3461590466960326e-05,
       3.1262440830835340e-02 ]
rvec: !!opencv-matrix
   rows: 42
   cols: 3
   dt: d
   data: [ -3.1357428047386495e+00, 2.9324840889231096e-02,
       -1.5912697358372771e-01, -3.1277684808383666e+00,
       -2.3526597924838872e-02, -1.1787495468071767e-01,
       -3.1243822435329052e+00, 1.0604625325592240e-03,
       -9.8596202735956331e-02, -3.1304523744004302e+00,
       5.6485888858922376e-03, -6.8118656751800621e-02,
       3.1020055199303052e+00, -8.9100738503065227e-02,
       1.3962793070332416e-02, 3.0354350264875380e+00,
       -7.3495055516233532e-02, 7.7311309821070456e-02,
       3.0048529895343430e+00, -2.5403892389454060e-02,
       6.2290972680478967e-03, 3.0074535382094889e+00,
       -3.1376267192406770e-02, 3.3182689382466969e-02,
       3.0517494731172028e+00, -7.4743711249884042e-04,
       9.7057527216260320e-02, -3.1317575838097422e+00,
       1.0310597024246787e-01, -9.4978696378515998e-02,
       -3.0586205354896028e+00, 3.7700501647385101e-02,
       -1.0618997008718956e-01, -2.9528920777660339e+00,
       1.0046930791259231e-01, -3.8137644956466571e-02,
       -2.9921755239898120e+00, 1.0282966711505274e-01,
       -4.3566017794291305e-02, 3.0266628751959228e+00,
       -3.2558742173888065e-02, 1.7863109385921230e-01,
       3.0670287050195055e+00, -1.0447449272417510e-01,
       -1.4403103480800550e-01, 3.1195168657879724e+00,
       3.4144486295073384e-02, 6.0803226562747135e-02,
       -3.1042606157517367e+00, 8.9038320345702759e-03,
       2.3973379169774929e-03, -3.0794672284637499e+00,
       2.5407525267691834e-02, -6.3268529702431103e-02,
       -3.0434806951694080e+00, 5.4312977777737942e-02,
       -1.6110222351601691e-01, -3.1160815289770145e+00,
       1.3308455565276142e-01, -2.5274648249410090e-02,
       3.0263077066699142e+00, -1.7982154980231532e-01,
       4.0337615704656410e-01, 3.1051309622593775e+00,
       -3.4440882924470700e-02, 2.8837437502018526e-01,
       3.1275067205407048e+00, -9.6897774591253438e-03,
       -1.0044548724383034e-01, -3.0113276356234220e+00,
       -9.3796281335144227e-02, 7.1777881701867696e-01,
       -2.9826935535549937e+00, 8.2598220145204335e-03,
       7.7277395985345931e-01, 3.0431401508833527e+00,
       4.4409447452733952e-02, -7.6083508106243725e-01,
       -2.9975749729981369e+00, -2.0754757900071592e-02,
       8.0083371285549909e-01, -2.9542839038723581e+00,
       -9.3539948815155385e-03, 8.6365670482205892e-01,
       -2.9091318662391283e+00, -2.1750348102042322e-02,
       9.7336001546831563e-01, -2.8729252428533170e+00,
       -3.1682292505983832e-02, 1.0628099463157179e+00,
       -2.9819686614725351e+00, -1.3700506879452685e-02,
       7.9762071706286763e-01, -2.9699336271021721e+00,
       -1.0048144028731471e-02, 7.6196168436017153e-01,
       -2.7974349676005179e+00, 1.8721358682245847e-02,
       7.7128876023312476e-01, -2.8069845576808179e+00,
       6.3478425741980954e-02, 8.2221744342099712e-01,
       -2.8126592324051498e+00, 8.2424551377192151e-02,
       8.8202845721252121e-01, -2.9558111920787202e+00,
       7.9824030989921677e-02, 8.9997139959450101e-01,
       -2.9759842191774544e+00, 2.0307174136456597e-02,
       9.8377072809512500e-01, -2.9432971203210094e+00,
       -6.6830934273652510e-03, 1.0481794780672378e+00,
       2.7811383104875720e+00, -1.3920361817538637e-01,
       -9.9483128229912465e-01, 2.8042334748435005e+00,
       -1.5144883331577236e-01, -8.2580969090986367e-01,
       2.8269321175629214e+00, -1.1781744569401986e-01,
       -8.3901890454593075e-01, 2.8182377503730716e+00,
       -9.4186862610797770e-02, -8.3758122134558510e-01 ]
tvec: !!opencv-matrix
   rows: 42
   cols: 3
   dt: d
   data: [ -9.5886783254203806e+01, 1.2849664973667169e+02,
       3.1729743507243838e+03, -1.0510492805607625e+02,
       1.5844418741730428e+02, 3.1519151417863727e+03,
       -5.4200628562593280e+01, 1.3712396799975605e+02,
       3.1487602579173731e+03, 2.0920963856390571e+01,
       1.4894997269657577e+02, 3.1385769534482147e+03,
       2.0864703561464040e+02, 1.8726156016885864e+02,
       3.0831662808709798e+03, 7.7187307132821005e+01,
       6.3386702880332408e+01, 3.1096741524205950e+03,
       2.2131381927144639e+02, 4.4681791855779458e+01,
       3.1532182220201403e+03, 1.6191716033452397e+02,
       3.1656593833463909e+01, 3.1560189522852843e+03,
       2.1198781257071118e+01, -9.2034746093375745e+01,
       3.1465335809454896e+03, 5.9597244424870439e+01,
       2.0247352711833706e+00, 3.1183402976887651e+03,
       -1.8918962915939577e+01, 6.1212763030920883e+00,
       3.1810037797860905e+03, 1.3619891343102185e+02,
       -3.1540779956445157e+01, 3.2221590118124600e+03,
       1.3042587578396910e+02, 1.3255560210081379e+02,
       3.2073813210311878e+03, -1.2654177760516008e+01,
       4.7629060728242274e+02, 3.1439537767267620e+03,
       4.9469492696939903e+02, 4.2103119803240321e+02,
       3.1443059968148332e+03, 1.0527012540313690e+02,
       2.6890241520667394e+02, 3.1991428730454541e+03,
       2.6253378321366870e+02, 6.0881453298920476e+01,
       3.1979410014482114e+03, 1.8271370022972627e+02,
       -5.4971633763553411e+00, 3.1616125398101271e+03,
       4.2687210080881023e+01, -1.3479456896695223e+02,
       3.0725410317068263e+03, 1.4340408154524491e+02,
       7.6033963285691271e+01, 2.7785455189871709e+03,
       -7.8573885599352161e+02, 3.7396808253171872e+02,
       2.3739629482002365e+03, -1.2617552988906200e+03,
       2.1291399753169344e+02, 2.2664642561436290e+03,
       -1.2106221986808434e+03, 2.7935984794147384e+02,
       2.3693399237355347e+03, -5.4767343126992625e+02,
       -4.4771409228078500e+00, 2.8514343660792738e+03,
       -4.6425008644364408e+02, 7.2153326572186074e+01,
       3.0416810385161875e+03, -6.3546547782464540e+02,
       1.9251277344937517e+02, 3.0727102101454520e+03,
       -5.2966573166402861e+02, 7.0271457749601993e+01,
       3.0933065960368804e+03, -3.7027111788032425e+02,
       1.8263710965014038e+01, 3.1267331069222123e+03,
       -1.0930415033660138e+02, -2.9416242635426602e+01,
       3.1482992335273220e+03, 1.1471784853903814e+02,
       -6.3270032650538504e+01, 3.1397313168867040e+03,
       -5.0645404535454554e+02, 1.2162552619119809e+00,
       3.0923561686241901e+03, -5.7427532177985461e+02,
       1.1906481993984942e+01, 3.0799403190745038e+03,
       -4.1897116499538322e+02, -1.6472167287709226e+02,
       3.1083549286407774e+03, -2.9316652251708001e+02,
       1.8436897886978343e+01, 3.1440125809665496e+03,
       -1.4955531788054165e+02, 7.7326717582438377e+01,
       3.1487839574706622e+03, -2.0888040434259759e+02,
       2.0707427852152890e+02, 3.1452928525389007e+03,
       -6.7683730746199942e+01, 2.0120068400989584e+02,
       3.1151566817355479e+03, 1.1619490530660045e+02,
       9.5108974051016204e+01, 3.0591909762470882e+03,
       1.4663097946318868e+02, 4.3860958629260244e+02,
       2.9342057511751923e+03, -1.7907651152287298e+02,
       2.7480677507605481e+02, 2.9941157074396006e+03,
       -1.6467006717965700e+02, 1.8904493408648992e+02,
       3.0029491479847588e+03, -1.4561604564970062e+02,
       1.9149714917855610e+02, 3.0072999716495819e+03 ]
