%YAML:1.0
---
summary: "Filter by time and points, rd=20, rs=10, sp=5, sf=4."
init_cam_calib: C99-1010_3p_3
camera_matrix: !!opencv-matrix
   rows: 3
   cols: 3
   dt: d
   data: [ 2.5825486755670281e+03, 0., 1.8835033910763138e+03, 0.,
       2.5793908080643314e+03, 1.0906018332319059e+03, 0., 0., 1. ]
dist_coeff: !!opencv-matrix
   rows: 5
   cols: 1
   dt: d
   data: [ 2.0280631723980074e-02, -5.2538638537479115e-02,
       -7.1843365787353905e-04, -1.2946707191887981e-03,
       4.1624171648777707e-02 ]
rvec: !!opencv-matrix
   rows: 103
   cols: 3
   dt: d
   data: [ -3.0627433805988540e+00, 4.7587344362073951e-02,
       -6.8760987845113183e-02, -3.0600252295755874e+00,
       3.3496298062275658e-02, -4.7627086729510451e-02,
       -3.0405692566957891e+00, -4.8951542372870137e-04,
       -1.4706958204673501e-02, -3.0621893904626556e+00,
       1.0986819043991942e-01, -2.0203320729425708e-02,
       3.1052782947764936e+00, -1.4336632665871604e-01,
       1.1871598392302728e-01, 3.0334934113490521e+00,
       -9.9914019375936566e-02, -9.6754955292079767e-02,
       3.0471270025541117e+00, 7.5893905165787340e-02,
       -4.6436115127439587e-01, -3.0213672311928925e+00,
       -2.7642385619958382e-02, 6.2149674348384765e-01,
       -2.9645750317904795e+00, -6.3272623722976137e-02,
       8.6683050278617990e-01, -2.9550347129968446e+00,
       -1.6574483358565012e-02, 8.5779983070282750e-01,
       -2.9845553733528938e+00, -1.7323007098156259e-02,
       9.2794989061019129e-01, -2.9879969872652965e+00,
       1.0843466399779920e-02, 9.4757583411914847e-01,
       -2.9526930854210081e+00, 1.5006948536461251e-02,
       9.3624813393345141e-01, -2.9246347802209094e+00,
       1.3300946205056093e-02, 9.6838033496676268e-01,
       -2.9032441138047127e+00, 1.2315956880227111e-02,
       9.7948640965135880e-01, 2.8959227676626109e+00,
       -4.3268704189362107e-02, -9.3238365057773942e-01,
       2.8517786019918363e+00, -3.0600385013824834e-02,
       -9.0300013491009412e-01, 2.9240662403112649e+00,
       3.1557134745618140e-03, -8.9781811577407800e-01,
       -2.9241155469218443e+00, -4.8426357106999274e-02,
       9.2605798798951899e-01, -2.7600263557765370e+00,
       -2.8879159887767831e-03, 8.8519926467883292e-01,
       -2.5910562041803558e+00, -1.1593750353986268e-01,
       8.9026567369049225e-01, -2.7087810952194942e+00,
       -1.0365143843971985e-02, 9.6965281202636633e-01,
       2.9946023187601236e+00, -7.8566187332303861e-02,
       -9.7899200320221935e-01, -2.9077082112450392e+00,
       4.8562067057975134e-03, 1.1197519865855565e+00,
       -2.8805914391180303e+00, 6.5104133507312215e-02,
       1.1191394337610732e+00, 2.8048288386888314e+00,
       -7.0575011276002839e-02, -1.3807328233802794e+00,
       -2.7701752265891861e+00, -5.1520169915306023e-02,
       1.4978653628176977e+00, -2.6939586410371064e+00,
       -1.1278807695759577e-01, 1.5917115269929842e+00,
       -2.7353795449741205e+00, -1.8889237608755416e-01,
       1.4597289645508933e+00, 2.7138131228152540e+00,
       1.0806749020183572e-01, -1.5846115453836596e+00,
       2.7571104205313937e+00, -2.5377826620724315e-02,
       -1.4370800709332294e+00, 2.7666971988073485e+00,
       1.2290707324266644e-02, -1.4429674130444798e+00,
       -2.7717440041542449e+00, -6.0438561393831525e-02,
       1.4316810027611886e+00, -2.6978532431163482e+00,
       -7.9188117674832179e-02, 1.6032364142417690e+00,
       -2.7318602426114591e+00, -6.4252185999987124e-02,
       1.5290948249210268e+00, -2.6927637799229354e+00,
       -7.6393268789524654e-02, 1.5198984066563741e+00,
       2.7561788301913643e+00, 7.7129849651849233e-03,
       -1.4526886309156799e+00, 2.7500295226972535e+00,
       -1.6196876945417035e-02, -1.4434901199025809e+00,
       -2.5915534391615904e+00, -1.2479934123951614e-01,
       1.3849732679827835e+00, -2.4401590062140617e+00,
       -1.7811840030216206e-01, 1.4082871182671550e+00,
       -2.4858331836779097e+00, -2.3733275712664159e-01,
       1.3565407644610312e+00, -2.7393657983021877e+00,
       -5.0865441890848642e-02, 1.3295902193945075e+00,
       2.6804711226623801e+00, -2.2170672818742375e-02,
       -1.5509062323969920e+00, 2.6645780691872081e+00,
       1.5009089502714878e-02, -1.4694849262313874e+00,
       2.5496719281228617e+00, -1.6645465326853115e-01,
       -1.5223642058011098e+00, 2.5305201414799727e+00,
       -1.4493565925075913e-01, -1.5106452198472453e+00,
       2.5359100170162550e+00, -1.5041806671401242e-01,
       -1.5163101187485157e+00, 2.5292336138018312e+00,
       -1.1722834521603273e-01, -1.6893647555913551e+00,
       -2.6933774349779696e+00, -5.7007251309350297e-02,
       1.5157562669578333e+00, -2.7515478168761192e+00,
       4.0088329246111103e-02, 1.4882314638386815e+00,
       -2.7934694937441278e+00, 6.9870271944031503e-02,
       1.4015852083207896e+00, -2.8505576335906992e+00,
       -1.0092535114590045e-01, 1.2975787434058725e+00,
       -2.9839134741519349e+00, -9.2723292062886639e-02,
       9.2460424607421077e-01, 3.0565600792768493e+00,
       6.7270297901853834e-02, -7.3770731219931518e-01,
       -3.1387315374782232e+00, 7.3974771739769019e-03,
       1.5012450998216414e-01, 3.1336193186635213e+00,
       3.2431059342488831e-03, -1.2071926440207961e-01,
       -3.1387325610018344e+00, -4.3005124226153629e-02,
       -1.2918507725358639e-02, -3.1163130161371182e+00,
       -4.8858034594164164e-02, -5.1156390313784536e-02,
       -3.0523468375894742e+00, -8.2630466683585230e-02,
       -3.4567043211008941e-01, 3.1050026328029374e+00,
       1.3568402415906322e-01, 2.3200653121088682e-01,
       -3.0047794967227759e+00, -1.1496730044134551e-01,
       -6.8247569315704437e-01, -2.7360149115276879e+00,
       1.6707469359155311e-01, -1.2302026027911908e+00,
       -2.6783539202127153e+00, 1.4833430389361596e-01,
       -1.2250684812849921e+00, -2.7455242419165855e+00,
       8.3450354200121840e-02, -1.1776439253211624e+00,
       -2.7262277724901338e+00, 8.8046330759879610e-02,
       -1.2057685639847129e+00, -2.6437249837145678e+00,
       1.1671244540237929e-01, -1.4202526281767192e+00,
       -2.6436651283182955e+00, 1.0010454104214765e-01,
       -1.4259767878439398e+00, -2.7142202667297695e+00,
       8.6531201253541787e-02, -1.3267733923085543e+00,
       -2.7415893369525324e+00, 1.2179902435779591e-01,
       -1.3984366691406149e+00, -2.7921880996172703e+00,
       7.6390203396519071e-02, -1.3158323865435033e+00,
       -2.7107289176344835e+00, 8.5547067504657931e-02,
       -1.4423948364591546e+00, -2.6499934219160273e+00,
       1.2048317807514536e-01, -1.5738549079080297e+00,
       2.6717434337564132e+00, -4.8760756130685236e-03,
       1.5478869925144036e+00, 2.5879852396407079e+00,
       7.5082622718716324e-02, 1.4175203095789068e+00,
       2.6245893862134175e+00, 5.9464765047811240e-03,
       1.4954371610303097e+00, 2.6782024259144248e+00,
       -9.5335407843519238e-02, 1.6332400643238751e+00,
       -2.5009389888941675e+00, 2.6971525895614645e-01,
       -1.5120935820946539e+00, 2.5555070693185167e-01,
       2.1280296576864046e+00, 1.0118554571626119e-01,
       1.5985457205167475e-01, 2.2298666064954191e+00,
       1.4346899585971057e-01, -2.6930577356999565e+00,
       1.6322183175636346e-01, -1.2336912328205292e+00,
       -2.6216917918966689e+00, 1.7016611660271963e-01,
       -1.3326354166264325e+00, -2.6683148177529787e+00,
       1.7002651447106390e-01, -1.1964323681715023e+00,
       -2.6155986901600619e+00, 3.7426642286511941e-01,
       -1.0348910823412070e+00, -2.5822644746539272e+00,
       3.6408208512241313e-01, -1.0989180423662261e+00,
       -2.7260505004748978e+00, 2.1320049443494263e-01,
       -1.1122010074373936e+00, 2.8785898087184751e+00,
       5.4088121571535823e-04, 1.1645660288174438e+00,
       2.8995283896522515e+00, 1.5756373052960742e-05,
       1.1393880336645623e+00, 2.7739003280948498e+00,
       2.7108259264664043e-02, 1.0893245553434105e+00,
