%YAML:1.0
---
summary: "Filter by time, rd=10, rs=0."
init_cam_calib: C99-1010_3p_3
camera_matrix: !!opencv-matrix
   rows: 3
   cols: 3
   dt: d
   data: [ 2.5823636582871181e+03, 0., 1.8831846265679685e+03, 0.,
       2.5784337964387619e+03, 1.0885774323977680e+03, 0., 0., 1. ]
dist_coeff: !!opencv-matrix
   rows: 5
   cols: 1
   dt: d
   data: [ 2.2403448575093896e-02, -5.0914422210198138e-02,
       -3.9698626759959488e-04, -9.9039732724551808e-04,
       3.7569904174690784e-02 ]
rvec: !!opencv-matrix
   rows: 206
   cols: 3
   dt: d
   data: [ -3.0602613972266064e+00, 3.8142433410747731e-02,
       -6.9111436526436767e-02, -3.0627786826375361e+00,
       4.7351169193774481e-02, -6.8866413774337970e-02,
       -3.0581770462900471e+00, 4.0460717829182515e-02,
       -5.0908544906961901e-02, -3.0607128112894970e+00,
       3.3358442734156030e-02, -4.8391162708805224e-02,
       -3.0545807530741835e+00, 2.6755278693119115e-02,
       -4.4365910525088356e-02, -3.0401910493105868e+00,
       -5.3612108096296222e-04, -1.5856118671574441e-02,
       -3.0348688876254317e+00, 4.4856021667176359e-02,
       6.2825759374806611e-02, -3.0625494644196718e+00,
       1.0987049658516981e-01, -1.9896546193098951e-02,
       -3.1055003710241200e+00, 1.6978440921108229e-01,
       -8.5508076672060923e-02, 3.1092187556930471e+00,
       -1.4293569042369392e-01, 1.1856795580295544e-01,
       3.0628330684233953e+00, -1.1855217343920219e-01,
       -5.6540806282749509e-03, 3.0350145283480874e+00,
       -9.9812869291333664e-02, -9.7443198085549618e-02,
       3.0564766620845605e+00, -7.4181548098091035e-02,
       -1.9653780591535353e-01, 3.0465342149624535e+00,
       7.5373397192787212e-02, -4.6327901639454172e-01,
       3.0801303529402899e+00, 5.9600964023760757e-02,
       -5.6859022808331272e-01, -3.0220337845587628e+00,
       -2.7225637672882979e-02, 6.2092771960157922e-01,
       -3.0105858427839278e+00, 2.5744563822594255e-02,
       7.6893689558296330e-01, -2.9649153063286824e+00,
       -6.2913090620032877e-02, 8.6572177549335072e-01,
       -2.9447448017729725e+00, -4.0079559191698221e-02,
       8.9717468993076144e-01, -2.9557913534820770e+00,
       -1.6351358991425341e-02, 8.5637564379007525e-01,
       -2.9412149960384992e+00, -1.4197480017480614e-02,
       8.4328580327909974e-01, -2.9840754296687715e+00,
       -1.6778649594445038e-02, 9.2845192481666872e-01,
       2.9900050384017156e+00, 1.4000695521770253e-02,
       -9.4629124539690967e-01, -2.9894572956553818e+00,
       1.1260247482057641e-02, 9.4719371001591612e-01,
       -2.9745075696820455e+00, 7.1209798462001945e-03,
       9.3057263422859537e-01, -2.9537478748501571e+00,
       1.5486447021131061e-02, 9.3605312042180033e-01,
       -2.9343974979316156e+00, 1.3985225575314992e-02,
       9.4323866115057309e-01, -2.9249445530504770e+00,
       1.3752058204117658e-02, 9.6824493142422197e-01,
       -2.9241030972872375e+00, 6.9067871247774290e-03,
       9.6749634991729383e-01, -2.9038295977269581e+00,
       1.2790006282066276e-02, 9.7911853635064217e-01,
       2.9866390617057768e+00, -5.7601683230180646e-02,
       -1.0051214554128500e+00, 2.8948248464697870e+00,
       -4.3243044795690716e-02, -9.3311992013331724e-01,
       2.8542022260394129e+00, -2.5749320363011526e-02,
       -9.1730452936353724e-01, 2.8515889416633970e+00,
       -3.0573524040516924e-02, -9.0247106322254744e-01,
       2.8712106083099993e+00, -3.3564992657523683e-02,
       -9.1128068774654791e-01, 2.9233010939854855e+00,
       3.3343482440833304e-03, -8.9690163465013184e-01,
       -2.9795190024527902e+00, -5.5626626016522365e-02,
       9.1236717179843219e-01, -2.9248527455420099e+00,
       -4.8204164959566309e-02, 9.2650981675194666e-01,
       -2.8149828782017510e+00, -8.0176857772557966e-02,
       8.9009931988253732e-01, -2.7609692817715468e+00,
       -1.4568119055653245e-03, 8.7960167534709743e-01,
       -2.6937667912034273e+00, -3.1848953846950877e-02,
       8.9559705127029043e-01, -2.5915815747818876e+00,
       -1.1609380150791417e-01, 8.9080113814274342e-01,
       -2.6073188381455501e+00, -1.2757096258603851e-01,
       8.8453122835078146e-01, -2.7066628315150703e+00,
       -1.0908798862445675e-02, 9.7566006612281697e-01,
       -2.9610165621501596e+00, 3.5967255769487769e-02,
       9.1249332654086190e-01, 2.9956429542305942e+00,
       -7.8867472430133950e-02, -9.7197093758746156e-01,
       2.9519047758004944e+00, 3.1989603657480957e-02,
       -1.0581730153611379e+00, -2.9090090781711950e+00,
       5.1176896935259354e-03, 1.1201604258885811e+00,
       -2.8921277544028574e+00, 1.7533839872592865e-02,
       1.1166598090245383e+00, -2.8806960886708546e+00,
       6.5418352045635758e-02, 1.1197687351825349e+00,
       2.8024694798762027e+00, -8.8244453513635884e-02,
       -1.3446152747003641e+00, 2.8070722129876402e+00,
       -7.3340297451045089e-02, -1.3802437296801353e+00,
       2.7888887243386389e+00, 1.4570028090095144e-02,
       -1.4328386047566908e+00, -2.7706555946142681e+00,
       -5.1304723868037111e-02, 1.4991483086518180e+00,
       2.7449619197258861e+00, 1.1720216505390244e-01,
       -1.5400188090452882e+00, -2.6943409217546108e+00,
       -1.1190937439625388e-01, 1.5927457805018985e+00,
       -2.7437951980491944e+00, -1.5383647269277501e-01,
       1.5369308369424097e+00, -2.7364541408589722e+00,
       -1.8837772024543861e-01, 1.4601087790821894e+00,
       -2.6522155484179164e+00, -1.4104760157488841e-01,
       1.5726980147512650e+00, 2.7125131858851663e+00,
       1.0862164692360723e-01, -1.5818397022427735e+00,
       2.7783677218626774e+00, -8.7100252581673740e-02,
       -1.4110133880138820e+00, 2.7564762007715404e+00,
       -2.5250729773512257e-02, -1.4365319989734389e+00,
       2.7695322814533516e+00, 1.1652545377500436e-03,
       -1.4432482443447221e+00, 2.7670956017927550e+00,
       1.0934960283274502e-02, -1.4422482972255586e+00,
       2.7792196245879839e+00, 6.0296674088673285e-02,
       -1.4494588715945280e+00, -2.7714759093859778e+00,
       -5.9846737492914179e-02, 1.4327317135972986e+00,
       -2.7240221915424869e+00, -6.7707210904338788e-02,
       1.5412400119789194e+00, -2.6975396458202745e+00,
       -7.7659787026553934e-02, 1.6041136623662626e+00,
       2.7182861012989852e+00, 6.2028675290682234e-02,
       -1.5630260352390322e+00, -2.7320119149942426e+00,
       -6.3634556448392596e-02, 1.5287664201649660e+00,
       -2.7170837542602118e+00, -7.5927493780633556e-02,
       1.4865457285274386e+00, -2.6933571488308350e+00,
       -7.5708553110189036e-02, 1.5204718383586877e+00,
       -2.7455414637288804e+00, -6.2096020074692372e-02,
       1.4936208501822363e+00, 2.7552023821653844e+00,
       8.0018846226667696e-03, -1.4524886591023454e+00,
       2.7279356532943799e+00, -3.0791242728004011e-02,
       -1.4420287757535324e+00, 2.7484876691509608e+00,
       -1.6911355729223889e-02, -1.4432514937568874e+00,
       -2.7214718690688966e+00, -3.8078943068317821e-02,
       1.4494795158511298e+00, -2.5917689867697473e+00,
       -1.2438325595494659e-01, 1.3863423545690714e+00,
       -2.4902671238107357e+00, -8.1957577465830225e-02,
       1.3812048071331064e+00, -2.4399622733549426e+00,
       -1.7773331106176751e-01, 1.4089017621863964e+00,
       -2.4680537117918915e+00, -2.1391667097374562e-01,
       1.3458620689884393e+00, -2.4867909191897692e+00,
       -2.3728458924697737e-01, 1.3560651428990174e+00,
       -2.5588951548090040e+00, -1.3578522847165783e-01,
       1.3366248731506143e+00, -2.7399065457091276e+00,
       -5.1135960758789269e-02, 1.3310949437617430e+00,
       2.7740199848037084e+00, 5.8808010201623429e-03,
       -1.4825937304968926e+00, 2.6797747691628566e+00,
       -2.2546705822254678e-02, -1.5508198075019977e+00,
       2.7036150347280694e+00, -1.3919775522883806e-02,
       -1.4926613554484216e+00, 2.6616810092100707e+00,
       1.3925179680944037e-02, -1.4695075034339087e+00,
