%YAML:1.0
---
summary: "Filter by distance, md=200, ds=100."
init_cam_calib: C99-1010_3p_3
camera_matrix: !!opencv-matrix
   rows: 3
   cols: 3
   dt: d
   data: [ 2.5812705739492089e+03, 0., 1.8965001604686474e+03, 0.,
       2.5809899703570281e+03, 1.0934124823365921e+03, 0., 0., 1. ]
dist_coeff: !!opencv-matrix
   rows: 5
   cols: 1
   dt: d
   data: [ 1.4275075509947556e-02, -2.7866577004407873e-02,
       -4.3159235949026325e-04, 2.1946072274118823e-04,
       1.8502759369880870e-02 ]
rvec: !!opencv-matrix
   rows: 211
   cols: 3
   dt: d
   data: [ -3.0595948350963420e+00, 3.8322262171103544e-02,
       -7.4747126714347453e-02, -3.0475170514919698e+00,
       1.5268922317091541e-02, -3.9168198255346884e-02,
       -3.0333710845547857e+00, 5.6679809329938734e-02,
       5.4774634130786697e-02, -3.0620331886634853e+00,
       1.0998990920275804e-01, -2.5618754177830768e-02,
       -3.0923343616854413e+00, 1.3204342697924443e-01,
       -3.8331898304349736e-02, -3.1136361207249355e+00,
       1.8268775135590395e-01, -1.6074832362199043e-01,
       3.1136767035482809e+00, -1.5262098916775374e-01,
       1.2820383921599637e-01, 3.0775728660834636e+00,
       -1.6076556732302455e-01, 8.0392278423325803e-02,
       3.0489104305517887e+00, -1.0999350401960699e-01,
       1.8875869588294396e-02, 3.0513136623051840e+00,
       -1.3910428346766257e-01, -6.4519878084001989e-02,
       3.0313526730576954e+00, -4.8163872713536116e-02,
       -1.4698352944558837e-01, 3.0544053307456478e+00,
       -7.6447439368179229e-02, -2.1347730295500664e-01,
       3.0455360651966554e+00, 3.8467506351336847e-02,
       -3.6807757945042752e-01, 3.0712172144846814e+00,
       8.7448907053487596e-02, -5.0880257777900173e-01,
       3.0782484383849114e+00, 5.8788382931495894e-02,
       -5.7651918920503586e-01, -3.0553743985313511e+00,
       -4.3844808461839024e-02, 5.8171259774458473e-01,
       -3.0165781200902693e+00, -1.1211718825759625e-02,
       6.4892567910582799e-01, -3.0121014188069792e+00,
       2.0730221664534396e-02, 7.7590252684382310e-01,
       -2.9810031031005195e+00, -4.3946401316894264e-02,
       8.5582186990990383e-01, -2.9464430526458285e+00,
       -5.5089814102649799e-02, 8.8628362970127250e-01,
       -2.9538084218112060e+00, -2.2449352513220760e-02,
       8.2567822246964406e-01, -2.9562763353583668e+00,
       -2.4859267964640439e-03, 8.7599226014081288e-01,
       -2.9823275707171284e+00, -1.2483617487798433e-02,
       9.1866107324683022e-01, 2.9932029894825609e+00,
       2.6675175635569447e-02, -9.3522555500292748e-01,
       -2.9804054634105528e+00, 1.0605171512346391e-02,
       9.2776407906770408e-01, -2.9468404465969140e+00,
       1.2093850784505984e-02, 9.3104111731167938e-01,
       -2.9522605880742390e+00, 5.2576321076475620e-02,
       9.8056588815223333e-01, 2.9656636055650587e+00,
       -4.0325282519193074e-02, -9.9594144664440731e-01,
       2.9323912712799403e+00, -4.4973654265140051e-02,
       -9.6610177222210158e-01, 2.8990896173769132e+00,
       -4.7819825882739898e-02, -9.2345999085446773e-01,
       2.8818582193938624e+00, -3.4888704551005650e-02,
       -9.0521979774804284e-01, 2.9259525421409167e+00,
       3.9956157676691618e-03, -8.8927845776142800e-01,
       2.9823973692546422e+00, 5.1369129399181888e-02,
       -9.0482685539393604e-01, -2.9817223182108421e+00,
       -5.6557400116818000e-02, 9.0438853067558034e-01,
       -2.9085841381896520e+00, -4.6863815359608874e-02,
       9.1283243970443440e-01, -2.8660204046748063e+00,
       -8.9208762038669148e-02, 8.9011115034247057e-01,
       -2.8033439752328584e+00, -7.0765637499133907e-02,
       8.8737890878845449e-01, -2.7446866532120868e+00,
       -2.8369902653217777e-02, 8.7301464838484932e-01,
       -2.7639995760735201e+00, 4.7855033358539080e-03,
       8.7189116614960860e-01, -2.7243452457538035e+00,
       2.3329545421415656e-02, 8.9396624992945084e-01,
       -2.7005909892652213e+00, -1.6824278928313598e-02,
       9.0267770979275874e-01, -2.6699475197468017e+00,
       -5.7703524200560047e-02, 8.6803192842694732e-01,
       -2.6235250134033539e+00, -9.7368193799923702e-02,
       8.7544504937784007e-01, -2.5845898100564106e+00,
       -1.1781560159482352e-01, 8.8237139903436024e-01,
       -2.6107310068874963e+00, -1.3772545190503407e-01,
       8.8455265773858682e-01, -2.6658097495581066e+00,
       -1.0037446883295409e-01, 8.9015218993023482e-01,
       -2.6958823562657184e+00, -2.3854673902002101e-02,
       8.9440841707822438e-01, -2.7313255883831729e+00,
       -2.4084886545735679e-02, 9.5292886756204598e-01,
       -2.7581695184180681e+00, -1.5751085937253904e-03,
       1.0106687101506464e+00, -2.8108817054438791e+00,
       -1.5662650444696866e-02, 1.0150612367232099e+00,
       -2.8520465161447843e+00, -3.8338653156497496e-02,
       1.0137033207697628e+00, -2.9433476941176546e+00,
       -5.2654209367943216e-03, 9.1997786227872491e-01,
       3.0040078884302854e+00, -1.4227376912402199e-02,
       -9.3539341063349246e-01, -2.9271363119973213e+00,
       -5.3407315016415456e-03, 1.0936688959032106e+00,
       -2.8887309551482518e+00, 2.7061834873102673e-02,
       1.1338826383577905e+00, -2.8830601758491343e+00,
       6.3885670092400898e-02, 1.1116421644661045e+00,
       -2.8867421784752048e+00, 1.0149500139474854e-01,
       1.1883626418328552e+00, 2.8516282713042234e+00,
       -1.2224803315311940e-01, -1.3093490780457002e+00,
       2.7625912126591126e+00, -3.3851856035744657e-02,
       -1.3702116591313764e+00, 2.8166272704962441e+00,
       -3.5759923230211516e-02, -1.3455954762174411e+00,
       -2.8064028857755110e+00, 7.0125670891810293e-02,
       1.3763297953124560e+00, 2.8122707846556465e+00,
       -7.2017838802879486e-02, -1.3730533358647925e+00,
       2.7708611490667385e+00, -1.8946355804363931e-02,
       -1.3974351436870593e+00, 2.7943327082468188e+00,
       1.5656342615252571e-02, -1.4256114247769336e+00,
       2.7631360086758887e+00, 5.0488593331455243e-02,
       -1.4876461044850591e+00, 2.7620787904770503e+00,
       1.2081488405738647e-01, -1.4809456209485468e+00,
       2.7203582713922834e+00, 1.1319135292455207e-01,
       -1.5742469238816699e+00, -2.7034968403059212e+00,
       -1.1027079427696630e-01, 1.5923305072047891e+00,
       -2.7435888175343708e+00, -1.6398285331833137e-01,
       1.4871622466453227e+00, -2.7235223562189623e+00,
       -1.7574083890957704e-01, 1.4659258811827325e+00,
       -2.6689685431048260e+00, -1.5803617285988961e-01,
       1.5291216139153063e+00, -2.6794834998638186e+00,
       -1.1213756350298465e-01, 1.5800113753690577e+00,
       2.7419005250009034e+00, 2.6992975128513154e-02,
       -1.5020315592543703e+00, 2.7519640056792354e+00,
       -6.5611174340365078e-02, -1.3749676746217443e+00,
       2.8152618650437109e+00, -3.9144486658278667e-02,
       -1.3669290856471958e+00, -2.7741091899101491e+00,
       -6.0760230924801290e-02, 1.4243253107242146e+00,
       2.7670464040019214e+00, 2.5335172697267681e-02,
       -1.4488665607484126e+00, -2.7459733127628989e+00,
       -3.9570400450337100e-02, 1.4463206434980356e+00,
       -2.6882854981467932e+00, -6.8928117251587734e-02,
       1.4347810859762393e+00, -2.6465951321162140e+00,
       -1.0716655071688048e-01, 1.4030813847111787e+00,
       -2.5943760079530898e+00, -1.2559212704129688e-01,
       1.3783308898733404e+00, -2.5204121686140732e+00,
       -8.5906217409256982e-02, 1.3830521119030750e+00,
       -2.4509073589663974e+00, -1.0838630322510845e-01,
       1.3832167155295114e+00, -2.5106584034909707e+00,
       -2.3855395380742478e-01, 1.3437150632579000e+00,
       -2.5888645399573074e+00, -6.0744812509909055e-02,
       1.3508747326063610e+00, -2.6440986195034735e+00,
       -6.7495144344084004e-02, 1.3938072320359522e+00,
       -2.7275628429690788e+00, -4.5546373757096352e-02,
       1.3349968615930532e+00, -2.7601174346597621e+00,
       -3.7486780840221251e-02, 1.3783350946806985e+00,
