%YAML:1.0
---
summary: "Filter by time and points, rd=20, rs=0, sp=5, sf=4."
init_cam_calib: C99-1010_3p_3
camera_matrix: !!opencv-matrix
   rows: 3
   cols: 3
   dt: d
   data: [ 2.5833934902828646e+03, 0., 1.8853919263069095e+03, 0.,
       2.5771090570981614e+03, 1.0900815982749812e+03, 0., 0., 1. ]
dist_coeff: !!opencv-matrix
   rows: 5
   cols: 1
   dt: d
   data: [ 2.8644702369208033e-02, -7.2268286922568550e-02,
       1.4653140067368711e-04, -6.2590254132061714e-04,
       6.2902405957905805e-02 ]
rvec: !!opencv-matrix
   rows: 103
   cols: 3
   dt: d
   data: [ -3.0586170507941199e+00, 3.8067126556597178e-02,
       -7.0395471232505252e-02, -3.0570605549241252e+00,
       4.0316651495628041e-02, -5.3079497179423681e-02,
       -3.0534381437801525e+00, 2.6869483983012532e-02,
       -4.6011318339935214e-02, -3.0341605332668484e+00,
       4.5081753785183164e-02, 6.0204007354976052e-02,
       -3.1008511050460221e+00, 1.6978342895522286e-01,
       -8.7399906110302239e-02, 3.0647152921880059e+00,
       -1.1898472589743697e-01, -4.6471944692063468e-03,
       3.0551315946150970e+00, -7.4231291502266469e-02,
       -1.9400996365263895e-01, 3.0839851831726217e+00,
       5.9162179653583398e-02, -5.6799165787444250e-01,
       -3.0101357363861427e+00, 2.5397970254559941e-02,
       7.6905410391847240e-01, -2.9442266015976131e+00,
       -4.0227792604857628e-02, 8.9676012111118186e-01,
       -2.9406399833299606e+00, -1.3841035063026721e-02,
       8.4307353630824033e-01, 2.9909918338659032e+00,
       1.4035601332553332e-02, -9.4612351443561116e-01,
       -2.9734821710951307e+00, 7.1907588479517594e-03,
       9.2986598442691204e-01, -2.9336523427281946e+00,
       1.3980891874387441e-02, 9.4265283131592781e-01,
       -2.9230836171061374e+00, 6.7253097458707918e-03,
       9.6765005399310278e-01, 2.9871831340421378e+00,
       -5.7732257720993038e-02, -1.0036734593108592e+00,
       2.8552165003876193e+00, -2.5668208751449310e-02,
       -9.1819791909642623e-01, 2.8725555014977822e+00,
       -3.3807624882652987e-02, -9.1071972382838096e-01,
       -2.9781007585644268e+00, -5.5582602251236880e-02,
       9.1270594161401120e-01, -2.8149999219170869e+00,
       -8.0610999107952497e-02, 8.8951103039997059e-01,
       -2.6919161518578916e+00, -3.1106974729482879e-02,
       8.9477698247770521e-01, -2.6062383951672454e+00,
       -1.2702606614855130e-01, 8.8205176496003190e-01,
       -2.9596196262940069e+00, 3.6929178119120144e-02,
       9.1078854844096402e-01, 2.9536634093333038e+00,
       3.1619873681701181e-02, -1.0564852513070941e+00,
       -2.8940754083620139e+00, 1.7182642185867261e-02,
       1.1133391803892638e+00, 2.8052754821662602e+00,
       -9.1342628080040553e-02, -1.3475073210083739e+00,
       2.7860967539396460e+00, 1.6757344929794367e-02,
       -1.4327897004071015e+00, 2.7451381611235592e+00,
       1.1723594742252552e-01, -1.5398454744716399e+00,
       -2.7423151169588849e+00, -1.5346775881736255e-01,
       1.5362940924936841e+00, -2.6524608396020994e+00,
       -1.4172694428944510e-01, 1.5693310939534555e+00,
       2.7786313584417224e+00, -8.6600257529597532e-02,
       -1.4107624724136205e+00, 2.7684374261969653e+00,
       3.4402123227906759e-03, -1.4417481405386481e+00,
       2.7796969034643757e+00, 6.0513335664802791e-02,
       -1.4491689526599945e+00, -2.7234010047791477e+00,
       -6.8065858313277050e-02, 1.5408097437886923e+00,
       2.7189871475411560e+00, 6.2281275658322970e-02,
       -1.5629153712907342e+00, -2.7169597773891638e+00,
       -7.6603850978288354e-02, 1.4858415186173872e+00,
       -2.7467851789039206e+00, -6.3734408789806934e-02,
       1.4914632567833508e+00, 2.7288060958803420e+00,
       -3.0658973203081079e-02, -1.4416886568956755e+00,
       -2.7211997312864047e+00, -3.7690487451738398e-02,
       1.4475827151432976e+00, -2.4897706814688214e+00,
       -8.2604925683553890e-02, 1.3801641386180283e+00,
       -2.4689395261331764e+00, -2.1507983449901899e-01,
       1.3426416278064026e+00, -2.5596467118205539e+00,
       -1.3697154897877692e-01, 1.3347880587938172e+00,
       2.7745767647989386e+00, 6.0075229011664014e-03,
       -1.4811877043992441e+00, 2.7036840751252136e+00,
       -1.3609613861494235e-02, -1.4941831601822460e+00,
       2.6075884717814617e+00, -5.4117440213515666e-02,
       -1.4817677833985106e+00, 2.5587890385316738e+00,
       -1.2699462055250885e-01, -1.4902671618573238e+00,
       2.5300608187650275e+00, -1.4633957088686422e-01,
       -1.5170842894497105e+00, 2.5517480080331931e+00,
       -1.2986103957129669e-01, -1.5250218514799094e+00,
       -2.6809054081694530e+00, -1.4794957556967430e-03,
       1.6591204305898766e+00, -2.8274335760314586e+00,
       3.1054510429799540e-02, 1.3208986319140099e+00,
       -2.8006318101329355e+00, -1.8290858112662553e-02,
       1.4472337947178442e+00, -2.8077503696162980e+00,
       -8.0580230811859756e-03, 1.3769417781920346e+00,
       -2.9425114372728514e+00, -9.6619381119775957e-02,
       1.1157866726277661e+00, -3.0239090387208019e+00,
       -1.0628981814302062e-01, 7.4518203043620712e-01,
       3.0450772295069926e+00, 2.0363741588294477e-02,
       -5.5222782878359011e-01, 3.1370205991442228e+00,
       -1.8519570477859872e-02, -5.1153372424048105e-02,
       3.1421824622716561e+00, 3.8778752374359633e-02,
       -7.9049019207993357e-02, 3.1230885733208540e+00,
       3.5888079362534055e-02, 1.5551475136528123e-01,
       -3.0831172030037366e+00, -3.5650743621934655e-02,
       -1.9160586380649036e-01, -3.0953096300545697e+00,
       -6.4295433391049511e-02, -3.8124346428314754e-01,
       3.1199234934520366e+00, 2.1126078325664796e-01,
       3.6785962496119462e-01, -2.9036390646601267e+00,
       3.3163716359940754e-02, -9.7909698144471247e-01,
       -2.6594859122424568e+00, 1.8411696941495428e-01,
       -1.3709295908532684e+00, -2.6890911940146993e+00,
       1.0229223246202508e-01, -1.1737438630609394e+00,
       -2.7124927337843450e+00, 7.1740774234333421e-02,
       -1.2410935247557542e+00, -2.6631747641310701e+00,
       9.0424671839764867e-02, -1.3629256147108455e+00,
       -2.6153328654042842e+00, 1.1336455296172379e-01,
       -1.4913030770221150e+00, -2.6968605195646771e+00,
       1.0671344391453241e-01, -1.3442507236693197e+00,
       -2.7156550112264046e+00, 8.6482024207338470e-02,
       -1.3487518064535073e+00, -2.7260172307370163e+00,
       1.5195335395635881e-01, -1.4432366263777570e+00,
       -2.7530030378851689e+00, 5.6870944567282929e-02,
       -1.3622079095537079e+00, -2.7000557663785987e+00,
       1.1458793426661171e-01, -1.4833504914909879e+00,
       -2.6754844101173187e+00, 1.1911901490597628e-01,
       -1.5848725436964959e+00, 2.6366695384574821e+00,
       3.8535972835489520e-02, 1.4784610755169862e+00,
       2.5882599961840955e+00, 5.1314774730699682e-02,
       1.4674169012143570e+00, 2.6621681552269783e+00,
       -1.2593694254538374e-02, 1.5432460709884992e+00,
       -2.6697374643662748e+00, 1.3295064079220648e-01,
       -1.5500644819190499e+00, 3.0638345695154640e-01,
       2.0902046093814306e+00, -1.4432552124036368e-03,
       2.4008513072476259e-01, 2.1596364088805653e+00,
       1.5106550380108505e-01, -2.6802415276288762e+00,
       1.3974165119337545e-01, -1.2411010485647747e+00,
       -2.6704816621625063e+00, 1.8432985020899789e-01,
       -1.2555969097131792e+00, -2.6423151406431278e+00,
       1.5744208041462265e-01, -1.3248279757511092e+00,
       -2.6543510319898407e+00, 3.4374634484966665e-01,
       -1.1533072771890811e+00, -2.5829300822752206e+00,
       3.5297213100144981e-01, -1.1262166685567445e+00,
       -2.5937196064614638e+00, 3.1043469755958308e-01,
       -1.1061580753212068e+00, 2.8999033984098759e+00,
       -1.1314408031799415e-01, 1.1998366662153179e+00,
       2.8966218105682362e+00, -1.1152326084407947e-02,
       1.1710330224069931e+00, 2.8196643191056063e+00,
       4.0918426473356424e-02, 1.1202673694025134e+00,
