%YAML:1.0
---
summary: "Filter by time, rd=15, rs=5."
init_cam_calib: C99-1010_3p_3
camera_matrix: !!opencv-matrix
   rows: 3
   cols: 3
   dt: d
   data: [ 2.5666184843254050e+03, 0., 1.8880326614019300e+03, 0.,
       2.5638042552867846e+03, 1.0877452386907573e+03, 0., 0., 1. ]
dist_coeff: !!opencv-matrix
   rows: 5
   cols: 1
   dt: d
   data: [ 1.8211870902302543e-02, -4.2007576769127988e-02,
       -5.5330834812509740e-04, -8.3914314612194092e-04,
       3.4884814439703489e-02 ]
rvec: !!opencv-matrix
   rows: 137
   cols: 3
   dt: d
   data: [ -3.1061844211018288e+00, -7.2991186059904647e-03,
       -1.2638007916189077e-02, -3.0868937711765816e+00,
       9.8233955888477192e-03, -9.9261230597364178e-02,
       3.1375267306976951e+00, 2.9809308426567323e-02,
       1.3387856141432883e-01, 3.0373895442565328e+00,
       -9.3775441295065390e-03, 8.2562622463190141e-02,
       -3.0641645375253783e+00, 1.9703858993997637e-03,
       -3.5345783522922995e-02, 3.0879734156619141e+00,
       4.6651526765622349e-02, 1.3793007137738234e-01,
       3.0511900076869263e+00, 9.3616290726104313e-03,
       -1.1124411225806703e-01, -2.9912532194657002e+00,
       -4.4452397180677783e-02, 8.8383195752907573e-01,
       -2.9604267433522931e+00, -8.4756088055405271e-02,
       8.5723185444558492e-01, -2.9842626793389746e+00,
       -6.0789186903194160e-02, 7.3592960622517234e-01,
       -2.9746742022149171e+00, -1.2337420892879805e-01,
       7.6925358686176482e-01, 2.9470818375221222e+00,
       1.7329603133175030e-03, -8.3077137872798756e-01,
       2.9731998039109331e+00, 7.6282719854716989e-03,
       -8.2226323499224907e-01, 2.8992783297087055e+00,
       7.2894436218441050e-02, -8.5473161493239225e-01,
       -2.8160976325576499e+00, 7.5235645279063141e-03,
       1.3394432543193426e+00, 2.6227200629516232e+00,
       5.4084774398558196e-02, -1.6598215548815254e+00,
       -2.5604909151428235e+00, -1.1331233348495520e-01,
       1.6121620495334417e+00, -2.6517623129265093e+00,
       -2.7824933381531969e-02, 1.6163650277417168e+00,
       2.7982111321889303e+00, -3.8496072029158515e-02,
       -1.3894809672251802e+00, 3.0115999917210337e+00,
       -2.6651519317100900e-02, -4.2036544044252805e-01,
       2.9746528883617334e+00, 1.3916522829163136e-02,
       -7.8123973396169522e-01, -3.0299337125970118e+00,
       -2.5473652668613588e-02, -1.6583319578658900e-01,
       -3.0728751365410147e+00, 5.2474436816243426e-02,
       -1.0172769193945121e-01, -3.0321364652220173e+00,
       2.8876677452993424e-02, -1.5349434826446653e-01,
       -3.0659291817170895e+00, 6.0179515214241475e-02,
       -3.2296495794880165e-01, -2.9587768134636709e+00,
       4.9181716624444829e-02, -8.7548207822724000e-01,
       -2.8222671116000417e+00, 1.0501987056563089e-01,
       -1.1447530799933237e+00, -2.8800500329173966e+00,
       5.0509466241772542e-02, -1.0902150411303317e+00,
       -2.8451894714507384e+00, 1.0384303015803248e-01,
       -1.0448950760868565e+00, -2.7471337528714015e+00,
       1.7098586620283243e-01, -1.1586026457658616e+00,
       2.7348271256504577e+00, -2.6285942551952129e-02,
       1.5248127246327199e+00, -3.0471123408175416e+00,
       4.0419671404469067e-02, 6.6270079691666262e-02,
       -3.0225699953833716e+00, 7.2699386130499538e-03,
       2.4281617321435082e-02, -3.0925366584765945e+00,
       3.0293490279749615e-02, -1.0942239514296967e-01,
       -3.0680723166423451e+00, 1.8883345138604160e-03,
       -5.2427201717601069e-02, -3.1003598929855598e+00,
       8.4826330647832224e-02, -1.2969686951632514e-01,
       -3.0733992377253601e+00, -9.5690132012918178e-03,
       6.0299076207672303e-02, 2.9767755417998236e+00,
       -2.5680834521564014e-02, -2.2475587765484493e-02,
       3.0524041373830975e+00, -4.0569790096389384e-02,
       9.4812721163476613e-04, -3.0486697072625617e+00,
       -2.2253964584311316e-02, -3.7513225770285048e-02,
       -3.0525530987197231e+00, -6.0858542220385468e-02,
       -3.0757225410793197e-02, 3.1039924865501209e+00,
       -2.3526536137144536e-02, -5.4864676906726390e-02,
       -3.1243673913399728e+00, 1.2353553828612043e-01,
       1.3002246167494111e-01, 3.0672679783873424e+00,
       5.6380415209685592e-02, -5.1380937310751151e-01,
       -2.9063480238020936e+00, -8.6106350649255356e-02,
       1.0516204827386979e+00, -2.8976831771965204e+00,
       -8.5285811910410292e-02, 8.8303735829949992e-01,
       -3.0217534872316971e+00, 9.0095436026439834e-03,
       8.1152760289999615e-01, 2.9934809597017478e+00,
       2.9826413579971478e-03, -8.7224022592159012e-01,
       -2.8429110752388120e+00, -4.7960158047428418e-02,
       9.5027827858788005e-01, -2.9732978575762967e+00,
       -3.4567628878512308e-03, 8.4334534970903319e-01,
       2.8224505812636940e+00, 6.6692241024832302e-02,
       -1.3121430429293015e+00, -2.6529664005291851e+00,
       -9.2381139119410816e-02, 1.5976107950667455e+00,
       -2.5946115125572198e+00, -8.2697068834999624e-02,
       1.7023853838481089e+00, 2.6953555809768490e+00,
       5.4996165336864036e-02, -1.6014671778487941e+00,
       2.9414455669915820e+00, 9.4086167372064346e-03,
       -1.0230405853148306e+00, -3.0309047808398017e+00,
       -1.5598359118042584e-02, 5.4439431444101272e-01,
       3.0968722752143538e+00, -3.8741179043101006e-03,
       -3.7456900723366260e-01, 2.9751070403163271e+00,
       -1.2001152168638834e-01, 8.9817074320392198e-01,
       2.9511037107094031e+00, -6.3755446216078093e-02,
       1.0471860473727417e+00, 2.7709371364439859e+00,
       5.0024774541009932e-02, 9.9571748791983328e-01,
       2.7857066747575727e+00, 3.8167292441280545e-02,
       1.0288064279861819e+00, -2.8656701174920154e+00,
       3.7070640843638356e-02, -1.0268017997939298e+00,
       2.8091033408911819e+00, 6.1446366257836359e-02,
       1.2389922824762967e+00, -2.7302419531607613e+00,
       1.1231797589483353e-02, -1.5550795983945114e+00,
       2.7965230392970657e+00, -1.0507123615063388e-02,
       1.3412180175462738e+00, 2.5169816658245345e+00,
       1.8227576578128468e-01, 1.3467103806118330e+00,
       -3.0351788502868131e+00, -7.4972343418666827e-03,
       -1.6703283708561441e-02, -3.0418732233527979e+00,
       9.8132646775106969e-02, -1.3401045763770586e-01,
       -3.1176677433970013e+00, -5.1765121187738522e-03,
       -3.8588532944583614e-02, -2.9583893345740422e+00,
       -5.1947941013797738e-02, 8.4847731640203217e-01,
       3.0314070470691163e+00, 9.3170026722288780e-03,
       -8.2060929362980084e-01, -3.0435482130361122e+00,
       3.1883755737222982e-03, 7.7058046649278344e-01,
       -2.8308336260115463e+00, -1.2022020227357375e-01,
       5.7776853269593820e-01, -2.9676997752908401e+00,
       -4.5202853584776416e-02, 7.5451673964195987e-01,
       -2.7362363026138401e+00, -9.7254796394868948e-02,
       1.3673939232275094e+00, -2.6546732736394478e+00,
       -5.2610997479042090e-02, 1.5784203716846192e+00,
       -2.6193436823698888e+00, -8.5875324201943756e-02,
       1.5782718692625375e+00, -2.6668287917742113e+00,
       -2.1352709896190380e-02, 1.5898190674125232e+00,
       -2.7225886643424615e+00, -5.7452840352865651e-02,
       1.0656704047867609e+00, -3.0426535513974642e+00,
       -1.4275532978062222e-01, 3.1078266195940318e-01,
       -3.0601840486272875e+00, 6.7823247979531100e-03,
       4.2269820333546544e-02, -2.7574297437221666e+00,
       1.2125559861598445e-01, -1.2467885821878559e+00,
       -2.9232602357097757e+00, 7.4290976375002440e-02,
       -1.1156930071182753e+00, 2.8012731439839813e+00,
       -2.9300138869369865e-03, 1.1374354756278899e+00,
       -2.8442161177447884e+00, 1.0795395733775318e-01,
       -1.2123513665862040e+00, -2.7144558323986274e+00,
       5.4237188114057325e-02, -1.1452278179193891e+00,
       2.7995494504205127e+00, -1.0951098115924637e-02,
       1.3911236591098757e+00, 2.5449453559773065e+00,
       1.4629201877685866e-02, 1.7357703413134729e+00,
