%YAML:1.0
---
summary: "Filter by distance, md=200.0, ds=100.0."
init_cam_calib: C99-1010_3p_3
camera_matrix: !!opencv-matrix
   rows: 3
   cols: 3
   dt: d
   data: [ 2.5717061263914256e+03, 0., 1.8996810383854349e+03, 0.,
       2.5730175169451122e+03, 1.0925547526031887e+03, 0., 0., 1. ]
dist_coeff: !!opencv-matrix
   rows: 5
   cols: 1
   dt: d
   data: [ 2.1634727242852991e-02, -4.8032089904777191e-02,
       7.9197547296893658e-05, 1.0368835114719390e-03,
       3.7753115016120324e-02 ]
rvec: !!opencv-matrix
   rows: 186
   cols: 3
   dt: d
   data: [ -3.1076871482853266e+00, -1.3553495412103824e-02,
       -4.6585639728916634e-02, -3.0713047271620413e+00,
       -2.4138901910700058e-02, -8.1617517859604194e-02,
       3.0502773826055103e+00, -2.0534122486564839e-02,
       9.1758784763373416e-02, -3.0923747060107400e+00,
       -5.8717254364052243e-02, -5.3268265307350134e-02,
       -2.9691631889734311e+00, -2.6016626938948590e-02,
       -5.7666699500378733e-02, -3.1308575752942889e+00,
       1.1207421034233165e-02, -2.2233334484341259e-02,
       -3.1386433887879295e+00, -4.3468306330749447e-02,
       -6.7417793294575118e-02, 3.0891870557843202e+00,
       3.6063837888852916e-02, 1.6258613214725129e-01,
       -3.0784346893878061e+00, 7.5578573560454339e-03,
       -2.5661564253223110e-02, 3.0386908388640013e+00,
       5.5745886375649513e-02, -3.6313259632261896e-02,
       -3.0839982203854608e+00, -7.2119546767116835e-02,
       5.4358476245261389e-01, -2.9273482757794960e+00,
       -8.2445082819240303e-02, 8.8094486370530800e-01,
       -2.9583577507149776e+00, -1.2984572279311199e-02,
       8.8155581638625435e-01, -2.9766765384825113e+00,
       -3.9358432128462711e-02, 8.5021806421891954e-01,
       -2.9926710463100217e+00, -1.3258143434119141e-01,
       8.4037340586104337e-01, 2.9766166089855379e+00,
       5.8859811282774482e-02, -8.5685159213548578e-01,
       2.8830456871809185e+00, 1.6757837835099338e-02,
       -7.8258419632061449e-01, 2.9809043931153836e+00,
       -3.4582529761793712e-02, -8.3514458533634861e-01,
       2.9575773798542353e+00, 6.7437184927944219e-02,
       -8.5964607747977617e-01, 2.9037873442069859e+00,
       4.2603322700469813e-02, -8.6870840879547107e-01,
       -2.8525989769489755e+00, -2.2729781760147116e-02,
       1.2934533335323932e+00, 2.6989156223786033e+00,
       1.5707859237077550e-02, -1.5345542895032633e+00,
       -2.6335064270169237e+00, -8.3703834186454870e-02,
       1.5655785098818824e+00, 2.6567288525100552e+00,
       5.1897897962802565e-02, -1.6613266023596380e+00,
       2.6301525018884364e+00, -6.1112004724861640e-02,
       -1.5700284186272857e+00, 2.6817237497343811e+00,
       -2.3347877503932371e-02, -1.6477249765255289e+00,
       2.6354088777856099e+00, -1.7343400459713432e-02,
       -1.6662323638609708e+00, 2.8838544673828772e+00,
       6.1241186843655475e-02, -1.1622198035187465e+00,
       2.9951873676432967e+00, -1.5933624880805009e-02,
       -5.5886067407409290e-01, 3.0017718476294712e+00,
       1.1954598640921476e-02, -1.7397642405387617e-01,
       3.1016572333055650e+00, 1.0358803150896567e-03,
       -2.3641607251601338e-01, 2.9112184621278585e+00,
       -8.1800368168907043e-03, -1.0457734013121280e+00,
       -3.0990298885720002e+00, 6.9702366991978126e-02,
       4.8465725017431606e-02, -3.0562652283548410e+00,
       6.5793055474031433e-03, -1.6054828584516970e-01,
       -3.0642278516156982e+00, 6.0408410364553626e-02,
       -3.2997577934568167e-01, 3.0938260781287239e+00,
       3.0853908655124145e-02, -5.2910023886287211e-02,
       3.1246958495394628e+00, -1.1902473103882155e-01,
       -7.6572441554288648e-02, -2.8820302675920915e+00,
       1.4221651022785256e-02, -1.0824831964899375e+00,
       -2.8015361189305401e+00, 5.9333407618082840e-02,
       -1.0439041229828947e+00, -2.8382446936577672e+00,
       1.0380339270576652e-01, -1.0279148907333020e+00,
       -2.7440340987531560e+00, 1.7160183471643473e-01,
       -1.1645960587999427e+00, -2.7737341536602980e+00,
       8.9136037134132845e-02, -1.3841163296629511e+00,
       2.7060642048104184e+00, 2.1542155990922907e-02,
       1.5368457734039915e+00, -3.0530210115435157e+00,
       2.6507057709274293e-02, -2.7429156228814876e-02,
       -3.1032047386259247e+00, -5.4651682263454210e-03,
       -6.0657692037129576e-02, -3.0858411723227568e+00,
       7.5133501129618377e-02, -7.4939792128701693e-02,
       -3.0787939234890151e+00, 4.7750503245091697e-02,
       -1.3790583127328226e-01, 2.9588139424743778e+00,
       -1.7718797295705496e-02, -1.8374904371770717e-03,
       3.0360409977484522e+00, -3.4953025321092616e-02,
       1.7115147925446741e-02, -2.9597785826081844e+00,
       5.0001780100816247e-02, 3.5231360735966312e-02,
       -3.1239756420501830e+00, -1.0683127981415654e-01,
       -6.5379599273596656e-02, 3.0865333490823446e+00,
       -3.7047488217575246e-02, -6.5803592379100342e-02,
       -3.0620951637798979e+00, -1.2243290099141458e-02,
       1.0699316317902180e-01, 3.0857783949335320e+00,
       -1.0315266688774426e-01, -2.0426629111155509e-01,
       3.0872259760383254e+00, 1.1337686792156540e-01,
       -2.5956130176959868e-01, -3.0118029656496828e+00,
       -3.8271856993901877e-02, 7.9288376923654402e-01,
       -2.9452017394324650e+00, 2.2039027533174722e-02,
       9.2504057358456437e-01, -2.9934053468236930e+00,
       -8.1876688735181488e-02, 7.7104894453823070e-01,
       2.8867731076432741e+00, -3.4289469679942036e-02,
       -8.0230718153892033e-01, 3.0085837968425526e+00,
       -1.4549769295308476e-02, -7.9289107020410032e-01,
       -2.9726164324172313e+00, -4.3199717746556218e-02,
       8.7132884671662481e-01, -2.8117997752618882e+00,
       -8.3674295373209168e-02, 9.5539658882240763e-01,
       -2.9016580052975560e+00, -5.1142279510533281e-02,
       8.9247678526739405e-01, 2.9602668774094405e+00,
       7.9528197792141334e-02, -8.7273582869664379e-01,
       -3.0048030741230041e+00, -4.8288228335010557e-02,
       9.0438260743553800e-01, -2.9133981379628939e+00,
       -3.0438034844936041e-02, 1.1270830352808576e+00,
       -2.8240654858689411e+00, -5.3100139355890086e-02,
       1.2633072594726171e+00, 2.7207457975837324e+00,
       4.5543611902797154e-02, -1.5339110528307620e+00,
       -2.6561151069213040e+00, -9.3705511169604086e-02,
       1.5899539204007902e+00, 2.5124874283718448e+00,
       -1.7553808868953560e-01, -1.6827138775217723e+00,
       2.6548319202434740e+00, 1.1725672428390389e-01,
       -1.6150105353919684e+00, 2.8141736097817600e+00,
       -2.7177203015275080e-02, -1.2550972521554742e+00,
       2.9153154481322159e+00, -1.4092994333373295e-02,
       -1.1037701665950930e+00, 2.9098086449746359e+00,
       -2.0489811898972629e-02, -9.2893655930540353e-01,
       -3.0550026403572863e+00, 5.9661740307692557e-02,
       6.2345076735140359e-01, 3.0370839490831587e+00,
       6.2226128331013549e-02, -6.4247017990198596e-01,
       3.0474686841263714e+00, 4.1162250391262582e-02,
       -8.2388957170184671e-02, 3.0240322497481182e+00,
       -4.1018122135773882e-02, 4.4295370842734033e-01,
       -2.9054996022530388e+00, 7.4434543005458528e-02,
       -1.1330180220416886e+00, 2.8599554306424988e+00,
       -2.4996562494477851e-02, 1.0636735602287426e+00,
       2.9416460446856667e+00, -9.6414170027330021e-02,
       1.0552522889536455e+00, -2.8127627715940022e+00,
       4.9646455166241901e-02, -1.0742877615749695e+00,
       2.8703040776190973e+00, 1.1194230858645153e-01,
       1.0327458133355665e+00, 2.8195314366375821e+00,
       3.1509866497144552e-02, 1.3284598781137988e+00,
       -2.7081780601704857e+00, 1.2575721421980754e-02,
       -1.4556292055091147e+00, -2.8060346791142945e+00,
       9.3272402782968014e-02, -1.3648234611281000e+00,
       2.6746135945413152e+00, 1.5554759245862912e-03,
       1.3722674211545838e+00, 2.7839908323249536e+00,
       2.3023538341308748e-02, 1.3843652310097625e+00,
