%YAML:1.0
---
summary: "Filter by time, rd=10, rs=5."
init_cam_calib: C99-1010_3p_3
camera_matrix: !!opencv-matrix
   rows: 3
   cols: 3
   dt: d
   data: [ 2.5693366139025075e+03, 0., 1.8789945979629995e+03, 0.,
       2.5647447710680840e+03, 1.0870592507132758e+03, 0., 0., 1. ]
dist_coeff: !!opencv-matrix
   rows: 5
   cols: 1
   dt: d
   data: [ 1.9982776883241564e-02, -4.2859644991156180e-02,
       7.0651054861160535e-05, -1.4151201478506494e-03,
       3.2243712693035421e-02 ]
rvec: !!opencv-matrix
   rows: 204
   cols: 3
   dt: d
   data: [ -3.1054731498257211e+00, -7.3956302569714860e-03,
       -9.0899366949281479e-03, -3.0799464910946228e+00,
       -4.0041048697847508e-03, 1.9986847799979477e-02,
       -3.0720197612240976e+00, -2.5033082269700174e-02,
       -7.2943362508431961e-02, 3.1384760241928977e+00,
       3.0038957983116281e-02, 1.3035379095662267e-01,
       3.0409521477290236e+00, 3.8270940589938463e-03,
       8.6686017450684591e-02, -3.0503895462435233e+00,
       -4.4587296560443919e-02, -3.2465207165064118e-02,
       -3.0635660003662877e+00, 2.1001735866574530e-03,
       -3.2119026889241398e-02, -3.1307946104822011e+00,
       -1.9839228829563467e-02, -4.9332529356521021e-02,
       -3.0665364863707323e+00, 1.2393374940167784e-01,
       -4.1921415199388516e-02, 3.0516793011926224e+00,
       9.6127588890927290e-03, -1.1448713603177202e-01,
       3.0685166661068028e+00, 8.3730721230500862e-02,
       -6.6750464424481926e-01, -2.9334679897490195e+00,
       -1.0512698836546008e-01, 1.0161527190515101e+00,
       -2.9584554614403333e+00, -8.4325037483706372e-02,
       8.6216024539329161e-01, -2.9713919849183932e+00,
       -5.8521934257909476e-02, 7.3624510957958766e-01,
       -2.9762404998302774e+00, -9.7632046585859143e-03,
       7.8588135128702619e-01, -2.9732939370219404e+00,
       -1.2289561793193986e-01, 7.7356177451096131e-01,
       2.9217941785742707e+00, 1.5816356096522453e-02,
       -7.8968684392124311e-01, 2.9587244053833559e+00,
       3.2483581231215336e-03, -7.9875774992800108e-01,
       2.9719765609655493e+00, 7.2639445658755891e-03,
       -8.2693059528415536e-01, 2.9759594290565703e+00,
       1.3564794831997315e-02, -7.3479229132005475e-01,
       2.9798762241134367e+00, 4.5388814097722489e-02,
       -8.9762806663383499e-01, -2.8136544735567925e+00,
       7.8503539205428772e-03, 1.3448453457971596e+00,
       2.6887701895390679e+00, 1.2624038093267525e-02,
       -1.5413737837833117e+00, 2.6309320185599554e+00,
       -1.9423663087526338e-02, -1.6648267161301071e+00,
       -2.5575970730240840e+00, -1.1314058140968236e-01,
       1.6174269686844920e+00, 2.5778240184777061e+00,
       -7.7817193159941456e-02, -1.5496472438020064e+00,
       -2.6438226044749022e+00, 2.3899970255053370e-02,
       1.5750349338022573e+00, 2.7952178427108234e+00,
       -3.8535276647167153e-02, -1.3946807860481110e+00,
       2.9973566479829490e+00, -7.4771372959031912e-02,
       -7.3717584088546995e-01, 3.0064586677782881e+00,
       1.6658257536632224e-02, -2.0499809919228851e-01,
       2.9740349346509247e+00, 1.3593104645771660e-02,
       -7.8675896119044408e-01, -3.1251072983946946e+00,
       4.7201815321585912e-02, -4.4273202736668120e-02,
       -3.0165742959447313e+00, 3.2731869278563384e-02,
       -4.4860278915975732e-01, -3.0719991022681490e+00,
       5.2396764781842513e-02, -9.8335809920718539e-02,
       -3.0594467045638756e+00, 9.0732648997404637e-03,
       -1.7392762243114454e-01, -3.0167792772624233e+00,
       2.7753184157289286e-02, -1.5645967410571804e-01,
       -3.0658130502506253e+00, 5.9795517687432360e-02,
       -3.1972020860934874e-01, 3.1171215643492740e+00,
       -1.5782477432444278e-02, -5.0539189339045343e-01,
       -2.8866595527427958e+00, 1.2626032915700565e-02,
       -1.0721102604051413e+00, -2.8239702883880131e+00,
       1.0452722448376235e-01, -1.1407402713557833e+00,
       -2.8102907237703492e+00, 1.2519911310343784e-01,
       -1.0966453860663374e+00, -2.9035586859484095e+00,
       6.5693552214462742e-02, -1.1030517516958664e+00,
       -2.8465748429190150e+00, 1.0336994292879054e-01,
       -1.0410823698626444e+00, -2.7463590373306097e+00,
       1.3393181776544213e-01, -9.7327848250720284e-01,
       -2.8429270349092657e+00, 4.2492117761623108e-02,
       -1.1976410766228303e+00, 2.7366378072161868e+00,
       -2.5912083625686297e-02, 1.5206923647870711e+00,
       2.7206704557833810e+00, 2.9081237440111023e-02,
       1.5105561366406501e+00, -3.0461955062624404e+00,
       4.0456177684951383e-02, 6.9648469530451160e-02,
       -3.0286791860604905e+00, 2.6514897213944957e-03,
       2.6671881422850905e-02, -3.0430148936802879e+00,
       3.6188148618456109e-02, 3.7093632590222220e-02,
       -3.0920903580963950e+00, 3.0100793900679854e-02,
       -1.0604139227970454e-01, -3.0577145916748205e+00,
       4.8753572229464505e-02, -1.2593587682433777e-01,
       -3.0862545431039683e+00, 2.4243111844788119e-02,
       -2.9504404195718224e-02, -3.0999990666150827e+00,
       8.4610865604042726e-02, -1.2602874492309274e-01,
       -3.0883471160748557e+00, 7.0046801357175503e-02,
       -1.7876060520161960e-01, 3.0404214038249782e+00,
       4.5775824677200903e-03, 2.7820200047116845e-02,
       2.9777387096043371e+00, -2.5295878374412498e-02,
       -2.6373182208075718e-02, 2.9834502961381610e+00,
       -2.8978495511402486e-02, -6.3618005580252336e-03,
       3.0511795473140801e+00, -2.8618159406532499e-02,
       6.0025505068207361e-03, -3.0480402127386030e+00,
       -2.2276346973609404e-02, -3.4374507731639130e-02,
       -3.0370504053286305e+00, -4.6124651963744226e-02,
       -5.0205472582155901e-02, -3.0587335916512801e+00,
       -6.4875212024128881e-02, -1.5066243218132777e-02,
       3.1049532977686152e+00, -2.3628550651670070e-02,
       -5.8565463097127055e-02, -3.0718333420006694e+00,
       -2.4490384181225155e-03, 6.4788697564994793e-02,
       3.1080278266076311e+00, -1.3034421689041945e-01,
       -2.3190978695491821e-01, 3.0668358828143081e+00,
       5.6432193865059835e-02, -5.1794238913617430e-01,
       -2.9088929175440290e+00, -5.6020565879384372e-02,
       9.8618806856990970e-01, -2.9355794156118833e+00,
       -4.6566957187063995e-02, 9.6125655088160400e-01,
       -2.8958190070691168e+00, -8.4690057105990466e-02,
       8.8784140988781990e-01, 3.0063325581458211e+00,
       -3.6718407583857589e-02, -8.0041957141368603e-01,
       2.9938189590248245e+00, -1.2845561018797840e-02,
       -8.7522457920272811e-01, 2.9922530928512852e+00,
       2.6063735295607472e-03, -8.7739378823781322e-01,
       -2.9269160490635238e+00, -1.0097508401541413e-01,
       9.1770372514472931e-01, 2.9869179125334528e+00,
       8.7703074766018074e-02, -8.9591932801806273e-01,
       -2.9715166653885303e+00, -3.0054626018667738e-03,
       8.4829890696018739e-01, -2.8847231943936915e+00,
       -5.6438720585396930e-02, 1.1865161847557322e+00,
       2.7241892158327272e+00, 4.9233378737081321e-02,
       -1.5611535642372520e+00, -2.6501282214738042e+00,
       -9.2193644690246365e-02, 1.6028490390094294e+00,
       -2.5882321338947940e+00, -8.0055924825219338e-02,
       1.5546378007850357e+00, 2.4924779060316089e+00,
       -1.5948613528704161e-01, -1.6722265050997323e+00,
       2.6917445108352007e+00, 5.5086244034986923e-02,
       -1.6064680357530707e+00, 2.7823420394067764e+00,
       -5.4988209281683943e-02, -1.2908745230274785e+00,
       2.8992006125555845e+00, -2.1237864867898922e-02,
       -9.7537167757959609e-01, -3.0294677833496673e+00,
       -1.5489764103403048e-02, 5.4859122955080031e-01,
       3.0478811201682094e+00, 6.7785521538644242e-02,
       -5.5986313087324713e-01, 3.0462856092096717e+00,
       1.0834446164409593e-02, -1.0915872152796004e-01,
       2.9764788895708287e+00, -1.1937412079535012e-01,
       8.9464867028239703e-01, -2.9360199982581427e+00,
       6.0657040869292266e-02, -1.0535035477980428e+00,
