%YAML:1.0
---
summary: "Filter by time, rd=20, rs=10."
init_cam_calib: C99-1010_3p_3
camera_matrix: !!opencv-matrix
   rows: 3
   cols: 3
   dt: d
   data: [ 2.5747014673871968e+03, 0., 1.8786765133477149e+03, 0.,
       2.5708079251792392e+03, 1.0829680697179951e+03, 0., 0., 1. ]
dist_coeff: !!opencv-matrix
   rows: 5
   cols: 1
   dt: d
   data: [ 2.0221910509649294e-02, -4.2754763202687299e-02,
       -2.7076943596161709e-04, -1.2088471936421048e-03,
       3.0504809750615914e-02 ]
rvec: !!opencv-matrix
   rows: 104
   cols: 3
   dt: d
   data: [ -3.1008024608264240e+00, -8.6335519913763124e-03,
       -2.4647164189342493e-03, -3.0675599933262485e+00,
       -2.8677026189917420e-02, -5.8257136336370273e-02,
       3.0326803256011368e+00, -8.4202525933160487e-03,
       9.3114411329630525e-02, -3.0847399081612998e+00,
       -5.9657890555129996e-03, 6.6606345101493325e-02,
       -3.0586980154135950e+00, 1.1693975870006212e-01,
       -3.6123225478779705e-02, -3.0238867502641660e+00,
       -9.4713923255823507e-02, 7.5978530886502760e-01,
       -2.9434624553213453e+00, -9.0954871460701275e-02,
       8.6445376744907099e-01, -2.9749473855991506e+00,
       -3.0408038677535588e-02, 8.5275944444713581e-01,
       2.9315175774025160e+00, 1.5067015293435945e-02,
       -7.7562149119326851e-01, 2.9753747120686573e+00,
       -2.1242442677298242e-02, -7.9975708306228588e-01,
       2.9746749112862156e+00, 6.9398385984849129e-03,
       -9.6513238707215576e-01, 2.6975603927908525e+00,
       -1.1943118525999979e-02, -1.5530397426908855e+00,
       -2.6119162614872233e+00, -1.0073202236680806e-01,
       1.6107321136084169e+00, -2.6638224472238710e+00,
       1.9682710918028361e-02, 1.5386174508295793e+00,
       3.0142716410844277e+00, -7.5392009575067059e-02,
       -6.5013302033196807e-01, 2.9675924511538829e+00,
       -3.2404258872874493e-02, -8.6008326188532114e-01,
       -3.0182819376514236e+00, 3.2681314777630303e-02,
       -4.8048551814048501e-01, -3.0563032129725736e+00,
       1.2277455702658107e-02, -1.7754028821148182e-01,
       -3.0771110332734262e+00, 3.8052144084139497e-02,
       -3.6094543022621034e-01, -2.8645170631857177e+00,
       4.0077984007438450e-02, -1.1039003027527690e+00,
       -2.8141244750957024e+00, 1.3704441439576812e-01,
       -1.1037943797490786e+00, -2.8504017008815565e+00,
       9.8856235857262539e-02, -1.0283911452126526e+00,
       -2.8197710642466385e+00, 5.9060656222626441e-02,
       -1.2535937388233138e+00, 2.7087827998480134e+00,
       1.9984567353520267e-02, 1.5031788198768203e+00,
       -3.0518964894227589e+00, 2.7321338814585264e-02,
       5.5017633038954968e-02, -3.0433744292450005e+00,
       4.5884292258328747e-02, 2.8974098803892522e-02,
       -3.0603584577528902e+00, 4.1572514399254169e-02,
       -1.2433010915683283e-01, -3.0815235123284554e+00,
       7.9928719831614481e-02, -1.3365072083661386e-01,
       3.0116469725717967e+00, -6.8587095285966597e-03,
       3.4648453345780927e-02, 2.9896438441670403e+00,
       -2.5293908395136760e-02, 2.6520029591129622e-04,
       -3.0402018398859698e+00, -7.4746191635951800e-03,
       -3.4036783623012282e-02, -3.0685492988692054e+00,
       -7.5443900972236702e-02, 4.7625922361832496e-03,
       -3.0649185539750974e+00, -1.7281257042772082e-02,
       1.0013010890892285e-01, 3.0671766682490560e+00,
       5.1656527845810728e-02, -4.9767198870806523e-01,
       -2.9362191593623459e+00, -6.3937915315752991e-02,
       9.9884558807243640e-01, 2.8816043773591349e+00,
       -3.6117332083704483e-02, -8.1384046920964792e-01,
       3.0063743222660371e+00, 2.5705403315967774e-02,
       -8.7414147756901583e-01, 2.9350231518563024e+00,
       5.7668748431622334e-02, -9.0201173563110904e-01,
       -2.8308895763817841e+00, -6.3189290384478292e-02,
       1.2528158592557437e+00, -2.6474211689466189e+00,
       -5.9319990312784197e-02, 1.6083705007391276e+00,
       2.5614211132854465e+00, -1.1865949600989620e-01,
       -1.6871838803162622e+00, 2.7741521136886322e+00,
       -3.9823016583502943e-02, -1.2966952220926968e+00,
       -3.0598711723484495e+00, -2.6080376675700803e-02,
       5.3866658251184785e-01, 3.0214693206738743e+00,
       4.8444328497561133e-02, -6.9118568263118810e-02,
       -2.9343868672190681e+00, 4.2624131937602387e-02,
       -1.0506726735943372e+00, 2.7447656225676655e+00,
       7.5288908587595502e-02, 1.0092911653540646e+00,
       2.8659051376675939e+00, -1.1908475290153141e-02,
       1.0505815070676905e+00, 2.8186572599597923e+00,
       1.4305022727316838e-01, 9.9090047133201831e-01,
       -2.7320062834735444e+00, 1.7035099339740008e-02,
       -1.5396197747738327e+00, 2.6218212789132940e+00,
       1.6548075460219780e-01, 1.3256079115584074e+00,
       2.8017098775008416e+00, 8.9898418120283374e-02,
       1.3574001879085669e+00, -3.0350897572856721e+00,
       -4.7864394449441397e-03, -1.4977149012186067e-02,
       -3.0928719520913810e+00, 1.1405356919475879e-01,
       -2.6326907492482565e-01, -3.0032920738604720e+00,
       -1.7965590488738074e-02, 7.1570542742352150e-01,
       3.0142987196299740e+00, 2.9373694752490041e-02,
       -8.2615633029100222e-01, -2.9026523693195942e+00,
       2.0256344905860976e-02, 6.8529575896898265e-01,
       -2.9692111976392135e+00, 3.8926929177874388e-02,
       7.5032402393751108e-01, -2.7413174675011311e+00,
       -6.6066604842189125e-02, 1.4417764973234308e+00,
       -2.6038539074009295e+00, -3.1228416745460702e-02,
       1.6092227990317416e+00, -2.6721541728165814e+00,
       -1.7452739795181336e-02, 1.5454307580070370e+00,
       -2.7836344288914074e+00, -8.6777724162449651e-02,
       1.0221832866718492e+00, -3.0697315384898660e+00,
       -3.3664537441563176e-02, 2.2003093441750846e-01,
       -2.7399949469296581e+00, 1.2272221402614603e-01,
       -1.2754379743090485e+00, 2.8667870900571750e+00,
       -8.3284279585380386e-02, 1.1341938093296722e+00,
       2.7494087504099234e+00, 3.3018928871634858e-02,
       1.1047427029585997e+00, -2.7252610433496245e+00,
       7.7203482234187507e-02, -1.1431932707625683e+00,
       2.7932756797598612e+00, 6.0243002910397860e-04,
       1.3914961961627634e+00, -2.5578173616510989e+00,
       1.5837596522782812e-01, -1.6729113602989973e+00,
       2.4296079299680060e+00, 1.9473793183133595e-01,
       1.5003030790602381e+00, 2.9043438600682463e+00,
       -1.3489391766171357e-01, 1.2105570803893051e+00,
       -3.0893098130030689e+00, 5.8793570192728316e-03,
       -1.2930173032996756e-01, 3.1182295134627638e+00,
       -6.5507528845790419e-02, 1.6939753000530411e-01,
       3.1063508480424620e+00, -6.9687711535016045e-02,
       5.1397951147708308e-03, -2.9578788389512556e+00,
       1.6578632618663419e-02, 2.2275150124762076e-02,
       -3.1351827078552876e+00, 3.0695505997670063e-02,
       -1.4943483582118397e-01, 3.0338688108181633e+00,
       -7.3001313209976895e-02, 7.0455109106036334e-02,
       -3.0572624714742664e+00, 3.7523925800573149e-02,
       -9.9673577741372657e-02, 3.1177441506618089e+00,
       3.4124842712573163e-02, 5.4933972816948104e-02,
       3.0352601485209583e+00, -1.7762181525476817e-01,
       4.0208022658329395e-01, 3.0413426859739747e+00,
       4.4495593612669193e-02, -7.6579321574341952e-01,
       -2.9795179084318182e+00, -1.3158624110618701e-02,
       8.0362995026779926e-01, -2.9624420630948896e+00,
       7.7410632756187439e-02, 9.0278559849070938e-01,
       2.8240311269914953e+00, -1.1691079573778496e-01,
       -8.4376240594826657e-01, -3.0644410515518401e+00,
       4.7208651681575432e-02, -6.7537063658792626e-02,
       3.0336943149303162e+00, -9.9760926160450153e-02,
       -9.8178260214032323e-02, -2.9854957770002697e+00,
       -1.5784624152984761e-02, 9.2957661644414535e-01,
       2.8926339408475026e+00, -4.4193011621316648e-02,
       -9.3316649481451164e-01, -2.5921857702823874e+00,
       -1.1526006106057989e-01, 8.9170957926567140e-01,
