%YAML:1.0
---
summary: "Filter by time, rd=20, rs=10. Vidsft=10."
init_cam_calib: C99-1010_3p_3
camera_matrix: !!opencv-matrix
   rows: 3
   cols: 3
   dt: d
   data: [ 2.5725807552884212e+03, 0., 1.8729266996222475e+03, 0.,
       2.5703804272228344e+03, 1.0822599409915558e+03, 0., 0., 1. ]
dist_coeff: !!opencv-matrix
   rows: 5
   cols: 1
   dt: d
   data: [ 1.9690277401935123e-02, -4.2327085425054152e-02,
       -1.8423759782460684e-04, -1.7637046976776299e-03,
       3.2744165309854821e-02 ]
rvec: !!opencv-matrix
   rows: 94
   cols: 3
   dt: d
   data: [ 3.0321536435623355e+00, -8.1157409763268958e-03,
       8.9851123735845903e-02, -3.0848948404089658e+00,
       -5.8868259311738421e-03, 6.9939151787433942e-02,
       -3.0592676534453349e+00, 1.1683587798162151e-01,
       -3.3587684323184125e-02, -3.0238756780525167e+00,
       -9.4780920229787360e-02, 7.6178438911292046e-01,
       -2.9435127233479284e+00, -9.1017409035972510e-02,
       8.6645924149644105e-01, -2.9750195766677114e+00,
       -3.0464217171503435e-02, 8.5484727681336536e-01,
       2.9303254645617973e+00, 1.5334476414569830e-02,
       -7.7759587657699780e-01, 2.9741851772179762e+00,
       -2.1125918390762388e-02, -8.0153767398268594e-01,
       2.9736280045653700e+00, 6.9423508178130628e-03,
       -9.6711476666784435e-01, 2.6958911863539234e+00,
       -1.2033956342103714e-02, -1.5552432810311001e+00,
       -2.6106222154338048e+00, -1.0049341801136900e-01,
       1.6132246696551820e+00, -2.6627072513514314e+00,
       1.9769017047600288e-02, 1.5411906512476956e+00,
       3.0136395744556115e+00, -7.5346283187363028e-02,
       -6.5194614322034672e-01, 2.9661652757914196e+00,
       -3.2123007662025360e-02, -8.6214415873551931e-01,
       -3.0193785375442932e+00, 3.2679073938286153e-02,
       -4.7752173303405626e-01, -3.0569519127927243e+00,
       1.2186870494252182e-02, -1.7438826158213680e-01,
       -3.0780053959052238e+00, 3.7960244034743774e-02,
       -3.5792974903270591e-01, -2.8666688387078598e+00,
       4.0090363658087887e-02, -1.1004338379396976e+00,
       -2.8162652468290279e+00, 1.3709297040915261e-01,
       -1.1003969329897174e+00, -2.8524300713383588e+00,
       9.8875122348066530e-02, -1.0248954935358248e+00,
       -2.8221069037108926e+00, 5.9006870523027548e-02,
       -1.2501818151936708e+00, 2.7104802763172815e+00,
       2.0296302611117114e-02, 1.4995417046123702e+00,
       -3.0610163851979806e+00, 4.1495510551745864e-02,
       -1.2132210262908484e-01, -3.0822596410849856e+00,
       7.9841796729509737e-02, -1.3067289023048190e-01,
       3.0111581908492098e+00, -6.6039946379559955e-03,
       3.1650456279903143e-02, 2.9890703198656676e+00,
       -2.4932037626377083e-02, -2.6855144051324007e-03,
       -3.0405979806851433e+00, -7.5199132215234502e-03,
       -3.0999660102013462e-02, -3.0686674362497950e+00,
       -7.5342610353189510e-02, 7.8922677323968460e-03,
       -3.0652415806602833e+00, -1.7390692713690741e-02,
       1.0309926627674364e-01, 3.0665148169584668e+00,
       5.1736596952143117e-02, -4.9960645786810509e-01,
       -2.9361905733042266e+00, -6.4009982264967000e-02,
       1.0009518118643097e+00, 2.8803654608844469e+00,
       -3.5958871907077326e-02, -8.1561578441062044e-01,
       3.0051669032317370e+00, 2.5808195474507203e-02,
       -8.7598044385857887e-01, 2.9337521410037799e+00,
       5.7747448419288951e-02, -9.0368070806884848e-01,
       -2.8302273329813872e+00, -6.3192988521235532e-02,
       1.2552840404340295e+00, -2.6461520572221291e+00,
       -5.9069599133725857e-02, 1.6108633207591327e+00,
       2.5595220604246114e+00, -1.1870850948505977e-01,
       -1.6892849603883704e+00, 2.7726073013090637e+00,
       -3.9746611562359216e-02, -1.2987411190497207e+00,
       -3.0600815372420054e+00, -2.6163292858543002e-02,
       5.4058801772378140e-01, 3.0213429617240908e+00,
       4.8619960343679318e-02, -7.1308276808170326e-02,
       -2.9365177910074221e+00, 4.2618101786335384e-02,
       -1.0470642929862946e+00, 2.7453876375115351e+00,
       7.5586573871111326e-02, 1.0055722030089962e+00,
       2.8666103255518682e+00, -1.1869725996852491e-02,
       1.0465879934297417e+00, 2.8198051215961129e+00,
       1.4322155711974482e-01, 9.8703722599155297e-01,
       -2.7342209494994387e+00, 1.6751081563753167e-02,
       -1.5362541426731151e+00, 2.6233801870954108e+00,
       1.6596566455537509e-01, 1.3220457372637195e+00,
       2.8033856280228897e+00, 9.0225791947621467e-02,
       1.3536004942777002e+00, -3.0031511214047657e+00,
       -1.7975385196550762e-02, 7.1773376632859076e-01,
       3.0132222087304754e+00, 2.9532148040461066e-02,
       -8.2810938949028146e-01, -2.9025172062389548e+00,
       2.0349933857841299e-02, 6.8722343221497051e-01,
       -2.9691238813487280e+00, 3.8940726610195264e-02,
       7.5237353941979113e-01, -2.7403472286646973e+00,
       -6.6025234552849504e-02, 1.4442847095846354e+00,
       -2.6025677964981875e+00, -3.0885116898813424e-02,
       1.6116625964109585e+00, -2.6710243060844800e+00,
       -1.7334737280682914e-02, 1.5479797009560086e+00,
       -2.7831077969848015e+00, -8.6736663351323656e-02,
       1.0244462083113615e+00, -3.0701557494396816e+00,
       -3.3763626168620435e-02, 2.2235235586728444e-01,
       -2.7423046782709641e+00, 1.2286109357815075e-01,
       -1.2722859707798373e+00, 2.8673653196629698e+00,
       -8.3241913120353520e-02, 1.1304117804375868e+00,
       2.7500631037749437e+00, 3.3216525078312527e-02,
       1.1012197772623875e+00, -2.7273961308286712e+00,
       7.7505915926114055e-02, -1.1400765181737806e+00,
       2.7943088537380474e+00, 5.6811661062112714e-04,
       1.3876673957374177e+00, -2.5602198467525819e+00,
       1.5832663276144399e-01, -1.6700324558164801e+00,
       2.4311978589102066e+00, 1.9526261329284325e-01,
       1.4971783267330123e+00, 2.9052245126062308e+00,
       -1.3468098263231465e-01, 1.2065287916621532e+00,
       -3.0898909732948754e+00, 5.8070713587193741e-03,
       -1.2649413222967329e-01, 3.1177495072184689e+00,
       -6.5315967900319585e-02, 1.6654560315124262e-01,
       3.1058169590989424e+00, -6.9501795548476811e-02,
       2.2652562148849152e-03, -2.9581104380125489e+00,
       1.6607212531029935e-02, 2.5004413821492589e-02,
       -3.0577997020038534e+00, 3.7461519320112990e-02,
       -9.6873847393322610e-02, 3.1173995686923024e+00,
       3.4214640614909780e-02, 5.1994578840811427e-02,
       3.0355064765095019e+00, -1.7731154687816825e-01,
       3.9911922718736315e-01, 3.0405437068130161e+00,
       4.4512222706605008e-02, -7.6765540010157263e-01,
       -2.9793265084511629e+00, -1.3145214014677444e-02,
       8.0562556403739305e-01, -2.9623360913694761e+00,
       7.7454809985042325e-02, 9.0477600019579874e-01,
       2.8228588981373268e+00, -1.1656023828092602e-01,
       -8.4554033461014055e-01, -2.9853574141126447e+00,
       -1.5810614659499796e-02, 9.3172354528519319e-01,
       2.8913835784862383e+00, -4.4015052260984067e-02,
       -9.3497608078220384e-01, -2.5918777573890801e+00,
       -1.1496312090428276e-01, 8.9348133397739460e-01,
       2.8026255382829688e+00, -7.4611693924607120e-02,
       -1.3830447281665488e+00, 2.7523110971961149e+00,
       -2.6561934126513771e-02, -1.4394752618502600e+00,
       -2.6925618344663835e+00, -7.4596331141984745e-02,
       1.5257628827579033e+00, -2.4856452869513919e+00,
       -2.3580122219102659e-01, 1.3605241649625475e+00,
       2.5246855342961183e+00, -1.4650614313490251e-01,
       -1.5140515948380149e+00, -2.7923616098891562e+00,
       7.2364014638568827e-02, 1.4077343183600237e+00,
       3.1359854127663902e+00, 5.0988801329034019e-03,
       -1.2486899376764327e-01, -3.0114215293985116e+00,
       -1.1736008976510480e-01, -6.7219801855548322e-01,
       -2.6467436822591237e+00, 1.1410362542734995e-01,
       -1.4178136628323066e+00, -2.7184400368532859e+00,
       8.4839179721267380e-02, -1.4378849973131851e+00,
