%YAML:1.0
---
summary: "Filter by distance, md=150.0, ds=100.0."
init_cam_calib: C99-1010_3p_3
camera_matrix: !!opencv-matrix
   rows: 3
   cols: 3
   dt: d
   data: [ 2.5670913121829785e+03, 0., 1.8972120105140298e+03, 0.,
       2.5713879622295058e+03, 1.0906008606643313e+03, 0., 0., 1. ]
dist_coeff: !!opencv-matrix
   rows: 5
   cols: 1
   dt: d
   data: [ 1.8242708988795767e-02, -3.7502244363330786e-02,
       -1.2934074080969094e-04, 1.3018194234280171e-03,
       2.7808452128746049e-02 ]
rvec: !!opencv-matrix
   rows: 257
   cols: 3
   dt: d
   data: [ -3.1092611459994073e+00, -1.3755378285781585e-02,
       -4.5843461163127965e-02, -3.0941443460603417e+00,
       7.2815511789067769e-02, -1.4322650940522930e-01,
       -3.1235493476692828e+00, -4.0234147698010432e-02,
       -1.3724470962033025e-01, 3.0557514949612914e+00,
       -1.8724062481896411e-02, 9.7487757981158746e-02,
       3.1394691790895863e+00, 4.3022180436653512e-02,
       4.0015191812252882e-02, -3.0127781515363403e+00,
       -3.4440211302022558e-02, -1.2989468527285011e-02,
       -2.9635584028170570e+00, -3.7016504823779064e-02,
       -9.3679688647141574e-02, -3.1040414180830713e+00,
       5.7754708115056895e-03, -2.6332826630422534e-02,
       3.0969427564569432e+00, 1.9905135333792501e-02,
       -9.7617175439051202e-03, -3.1249887463224928e+00,
       -2.6124723797537622e-02, -3.8368803173106994e-02,
       3.0897055466693195e+00, 4.6876119546712496e-02,
       1.5906679197973900e-01, -3.0819069630851166e+00,
       1.2150072188757738e-01, -5.9348869071511670e-02,
       3.1391553712567113e+00, 4.0566570184430224e-02,
       -9.9533083736896039e-02, 3.0745370623886292e+00,
       3.8117864224323826e-03, -1.7634607652912287e-01,
       -3.0763693632628897e+00, -4.7838174006968610e-02,
       5.9682984405651474e-01, -2.9579644397194342e+00,
       -5.9323294619043190e-02, 8.6232374504985931e-01,
       -2.9606953217450211e+00, -6.6519889211252792e-02,
       1.0327435621264363e+00, -2.9763516154073835e+00,
       -4.5041872948371690e-02, 7.4620417019407359e-01,
       3.0004987741083666e+00, 6.0760131845205824e-02,
       -9.2066810159609602e-01, -3.0239354996410213e+00,
       -1.2216447165365255e-01, 8.3966839009983574e-01,
       -2.9741202878467892e+00, -1.2613670447241881e-01,
       7.5544348604585221e-01, 3.0031413213350882e+00,
       8.5688829193193705e-02, -8.5567242642185048e-01,
       2.8590263722100198e+00, -1.1941956314591771e-02,
       -8.0933319791565772e-01, 2.9124885667763096e+00,
       1.9076122907246116e-02, -7.7486141474020598e-01,
       2.9479101489537198e+00, 2.1832774691006125e-03,
       -8.2260443075011713e-01, 2.9892884755349827e+00,
       -2.5261865418012869e-02, -7.9188849925049298e-01,
       2.9591725558386770e+00, -2.6463138757074543e-02,
       -7.7351448309370929e-01, 2.9292731112544761e+00,
       2.3134697082326964e-02, -8.4028887590630308e-01,
       2.8718612754939792e+00, 2.4940210911753840e-02,
       -1.2879889625733372e+00, 2.8349882494636471e+00,
       -5.7407871292560961e-02, -1.3499093115340344e+00,
       2.7004538500299566e+00, 4.4405515654719219e-03,
       -1.5366762832667431e+00, -2.6543168612086561e+00,
       -8.6733089672616955e-03, 1.6202363595286657e+00,
       -2.6200623426904555e+00, -1.1175457365939033e-01,
       1.6478177697112699e+00, 2.5903768949741184e+00,
       -2.7641216797582965e-02, -1.5790933244517440e+00,
       2.6435599269237868e+00, -6.2635759232441204e-02,
       -1.5640809085954013e+00, -2.6631757110482805e+00,
       2.7556411656868833e-02, 1.6358513936770400e+00,
       2.6438663239471785e+00, -2.8999306552250321e-02,
       -1.6583721371757822e+00, 2.8068452970771456e+00,
       -1.3518716010940433e-02, -1.2852008289446590e+00,
       2.9620754549834056e+00, -5.6965960447425176e-02,
       -8.4425795608997545e-01, 2.9841747681349515e+00,
       -6.9692029017074117e-03, -5.0293890491615434e-01,
       2.9915193275283167e+00, -6.5296849269780308e-03,
       -1.1018699926954657e-01, 3.0715507316123660e+00,
       8.6467459986058204e-03, -2.0632015508772386e-01,
       3.0206063450125886e+00, 4.9280137485782076e-02,
       -5.6942965941894064e-01, 2.8822133224962316e+00,
       -5.4856491269564649e-02, -1.1288802799474469e+00,
       3.1611652455715835e+00, -8.1667726438190591e-02,
       -2.1950389891805508e-01, -3.0395471449586298e+00,
       -1.7288768892902116e-02, -6.4786523136812144e-02,
       -3.0068473295248221e+00, 3.0782952338164551e-02,
       -1.6352508788642586e-01, -3.0659591322442701e+00,
       6.0318015006150277e-02, -3.2961655296434106e-01,
       3.0799223634076980e+00, 3.4141521970314483e-02,
       2.6522502539273429e-01, 3.0596074089816923e+00,
       3.3198407945559893e-03, -4.7779664249688913e-01,
       -2.9718695562787767e+00, 3.9531247643536618e-02,
       -8.2409192932788777e-01, -2.8541379344718183e+00,
       3.2867966996673353e-02, -1.0993528647991664e+00,
       -2.7919885658192243e+00, 1.2074116875274749e-01,
       -1.1694859337030610e+00, -2.8096075870233466e+00,
       1.3414899495041541e-01, -1.1090276501228282e+00,
       -2.8541949124600601e+00, 1.0310926110076897e-01,
       -1.0676825846680893e+00, -2.7574718699276399e+00,
       1.3805667747874892e-01, -9.7754490401948835e-01,
       -2.8028049907438368e+00, 1.3091346026428211e-01,
       -1.2238504186884953e+00, -2.7627185276877722e+00,
       6.4582547178880359e-02, -1.4529187475507019e+00,
       -2.7401093890997350e+00, -4.3462196576949219e-02,
       -1.4875819352184558e+00, -3.0546332163895613e+00,
       2.6253391875789824e-02, -2.7247158614290008e-02,
       -3.1187121886679248e+00, 2.1877257057333413e-02,
       -1.4038827396652309e-01, -3.0701154155024533e+00,
       4.1830131293192324e-02, -1.0254388103388067e-01,
       -3.0718988327012027e+00, 7.2743362146335644e-02,
       -1.5119692727019085e-01, -3.0804660387869349e+00,
       4.7594311387467766e-02, -1.3774481488405788e-01,
       3.0388728925457351e+00, -6.4961775640757892e-03,
       5.9900234023050822e-02, 2.9508333341081987e+00,
       -3.1359202078990837e-02, 1.3364761240552245e-03,
       -3.1237636780637446e+00, 3.2729385592090175e-02,
       1.0250466130961753e-02, -2.9826721464273422e+00,
       -1.8217837469385507e-02, -1.3893806862018175e-02,
       -3.1252176375858958e+00, -1.0696811661802123e-01,
       -6.4766191782791874e-02, 3.0364450891081547e+00,
       -4.5234895007702829e-02, -7.5904660349389114e-02,
       -3.1280929950614791e+00, -2.7140876991369792e-03,
       -2.2196175930584254e-02, -3.0930905918336951e+00,
       6.9636355512826542e-02, 1.3834716981154888e-01,
       3.0842659121700606e+00, -1.0283627316983951e-01,
       -2.0362567165781925e-01, 3.0713695660736304e+00,
       4.4493627265557216e-02, -1.4129912805354070e-01,
       3.0645809439324418e+00, 5.3082012468605874e-02,
       -5.0053264996523517e-01, -2.9605316994575870e+00,
       -5.1184653436886392e-02, 9.1064728826137087e-01,
       -2.9430484127698158e+00, 2.7661904040091164e-02,
       9.2543341118741040e-01, -2.9300107306705181e+00,
       -8.4088617379002417e-02, 8.0764565079667794e-01,
       3.0084859115318499e+00, -3.4736145589810703e-02,
       -7.8666217985055831e-01, 2.9371420779983013e+00,
       -3.7419240281860833e-02, -7.8975947304710858e-01,
       -3.0341273515417151e+00, 1.3812401570639309e-02,
       7.9937570863895124e-01, -2.9876083115748209e+00,
       -3.3358263392003963e-02, 8.6846024019961998e-01,
       -2.9245957766099875e+00, -1.1064739401627563e-01,
       9.3586416963551711e-01, -2.7898053082250152e+00,
       -8.9436196064108603e-02, 9.5888055003440509e-01,
       -2.9382947721671577e+00, -5.4253828545647080e-02,
       8.9307992190180263e-01, 2.9160877007051753e+00,
       6.0513540261686809e-02, -8.8432281148006298e-01,
       -2.9950994397716091e+00, -5.1647848068605284e-02,
       8.8679525069425513e-01, -2.9331985501691435e+00,
       -7.0065998914228059e-02, 9.9798734978387338e-01,
