%YAML:1.0
---
summary: "Filter by points, sp=5, sf=0. Filter by time, rd=20, rs=0."
init_cam_calib: C99-1010_3p_3
camera_matrix: !!opencv-matrix
   rows: 3
   cols: 3
   dt: d
   data: [ 2.5630104107322140e+03, 0., 1.8720695741910438e+03, 0.,
       2.5654615311422081e+03, 1.0925859720936276e+03, 0., 0., 1. ]
dist_coeff: !!opencv-matrix
   rows: 5
   cols: 1
   dt: d
   data: [ 2.6376529976638786e-02, -5.4076501562263540e-02,
       7.2428476157954374e-04, -2.1311585199867249e-03,
       3.6970730407389803e-02 ]
rvec: !!opencv-matrix
   rows: 104
   cols: 3
   dt: d
   data: [ -3.1075631431967645e+00, -1.3881917310160249e-02,
       -3.2326579181017626e-02, -3.0826833639045232e+00,
       -7.2384731168856319e-03, -6.7216688646682926e-02,
       3.0533735257798056e+00, -4.0221864525598425e-03,
       8.0422657668959244e-02, -3.0192591720500355e+00,
       -1.2803674389191586e-02, -2.1417351348320176e-02,
       3.1338977203463556e+00, -8.6060525336796492e-02,
       9.8815994991142964e-02, -3.0751489644505994e+00,
       -4.6235926808410453e-02, 6.0279285712817154e-01,
       -2.9739359031846897e+00, -8.1188885990634452e-02,
       8.6848037258889799e-01, -2.9775477474653509e+00,
       -2.3798283499977226e-02, 7.5257409712411127e-01,
       2.8895959326656739e+00, 2.4450057652179596e-02,
       -8.0931204788038191e-01, 2.9587976746023106e+00,
       2.1730808602474137e-02, -8.8572124230715665e-01,
       2.9818474065321552e+00, 4.5071466098742623e-02,
       -8.6500646140786552e-01, 2.6932699013619978e+00,
       2.9831778633816516e-02, -1.5376384219765280e+00,
       -2.5660367590260731e+00, -1.1960895277666898e-01,
       1.5881511516883315e+00, -2.6340280963605101e+00,
       2.0644141236716762e-02, 1.6312670705582555e+00,
       2.9848916432509287e+00, -8.6953111135332176e-02,
       -8.0196717226153791e-01, 3.0023349334413352e+00,
       5.8508458452767795e-02, -7.1593290410439714e-01,
       -3.0228704526935388e+00, 5.0825742308888894e-02,
       -4.0097921339560483e-01, -3.0592516564127363e+00,
       7.2931145077432128e-03, -1.5500817980998335e-01,
       -3.0417873233038946e+00, 5.3906476077261810e-02,
       -1.9516612651681531e-01, -2.9089078233226897e+00,
       4.5183984270064773e-02, -1.0448105395123799e+00,
       -2.7969594785013738e+00, 1.2094265257150892e-01,
       -1.0818494602612694e+00, -2.8521319849743061e+00,
       1.0620537737835685e-01, -1.0443183432102321e+00,
       -2.8472520279768454e+00, 7.8941647385003838e-02,
       -1.1797212587107584e+00, 2.7267766937853293e+00,
       3.0802746091333974e-02, 1.5285804120106488e+00,
       -3.0562114426740519e+00, 2.8127564084925508e-02,
       -1.5663774128686157e-02, -3.0406594082313889e+00,
       3.9005998462105680e-02, 5.6190963642933286e-02,
       -3.0631155441450830e+00, 3.9045164972738876e-02,
       -1.0521615900396150e-01, -3.0936746660666694e+00,
       8.1757123909879686e-02, -8.4682074611479266e-02,
       3.1032936767257251e+00, -1.0225774508546445e-02,
       2.3109145112491351e-02, 2.9787391668841692e+00,
       -3.6225709359077332e-02, -2.6246720604508573e-02,
       -3.0583254430055060e+00, -2.5331947006904543e-02,
       -1.3349418561810364e-02, -3.0517486159406371e+00,
       -6.5701465886194799e-02, -2.1090504899464714e-02,
       -3.0816433415639848e+00, 2.0661710202681646e-02,
       2.8017072619683659e-02, 3.0504997177651196e+00,
       6.1887848204270034e-02, -4.6277370632249204e-01,
       -2.9514217880789477e+00, -2.8920055497759372e-02,
       9.2444543560053793e-01, -3.0165616367472401e+00,
       -4.8126431609369150e-02, 7.8728640346583212e-01,
       2.9888777663997570e+00, -7.6703546403878451e-03,
       -8.8377144473851765e-01, -2.9737734906908200e+00,
       -7.9332292993175790e-02, 8.8634723578989538e-01,
       2.9259696385592004e+00, 1.4994399253529828e-02,
       -1.1249039254864690e+00, -2.6383899702604960e+00,
       -9.5748061831045173e-02, 1.6270446707839143e+00,
       2.5184421008131626e+00, -1.8972523508296382e-01,
       -1.6930530495937786e+00, 2.8138593016199964e+00,
       -7.4000536995782490e-02, -1.2578859829580420e+00,
       -3.0240235350662101e+00, 4.4223513873616199e-02,
       5.5274673459907042e-01, 3.0514155369122924e+00,
       -4.4207427697049273e-02, -1.1322206667307470e-01,
       -2.9176909787070251e+00, 6.6832931726504299e-02,
       -1.0793833375139708e+00, 2.8015817060700545e+00,
       3.5565602423563110e-02, 9.9978555584054329e-01,
       2.8380708510824104e+00, 2.3801903408448264e-02,
       1.0440244449162530e+00, 2.8186983236571659e+00,
       1.1719074117815079e-01, 9.7245162012211028e-01,
       -2.7268812812911727e+00, -1.5589069538463457e-02,
       -1.5133931184422262e+00, 2.6484590518404696e+00,
       8.6761787289216519e-02, 1.3404587967148545e+00,
       2.7621676063758733e+00, -2.3353317216775877e-02,
       1.3556576399601241e+00, -3.0359518639204262e+00,
       -9.0267868793762283e-03, -1.2459716046292367e-02,
       -3.0649283622271066e+00, 1.1634066909481866e-01,
       -1.8765403081096402e-01, -3.0171324237518315e+00,
       2.5854568541979695e-02, 6.1889143505612632e-01,
       -3.0018726724732376e+00, 2.1189154647102148e-02,
       8.2591373366628995e-01, -2.9324013908084163e+00,
       -2.0931269066084661e-03, 7.4594005250603224e-01,
       -2.9693158139221074e+00, 3.5239751721962954e-02,
       6.6212068899746335e-01, -2.7742739096322988e+00,
       -1.8185281290834396e-01, 1.2895222465569474e+00,
       -2.6245760858380325e+00, -2.7636368787327979e-02,
       1.5840946482038789e+00, -2.6879472435949863e+00,
       1.2529135404413262e-02, 1.5375135937997868e+00,
       -2.7281655474234987e+00, -5.5321952815904449e-02,
       1.0845438765516395e+00, -3.0182472022882916e+00,
       -9.0581873388297183e-03, 1.5788166009709093e-01,
       -2.7895242725454006e+00, 8.9068997041058265e-02,
       -1.1643562235843494e+00, -2.9288422322520820e+00,
       4.9522586175472290e-02, -1.0741717648709077e+00,
       2.7674665923214374e+00, 2.2572322421478969e-02,
       1.1096997362815539e+00, -2.7199371755834667e+00,
       7.3277700047594332e-02, -1.1771846422306875e+00,
       2.8196602949798617e+00, -4.3560742347853530e-02,
       1.3373130552398664e+00, -2.5028657466395052e+00,
       2.1239458171665015e-01, -1.7147645480793228e+00,
       2.4395314970428363e+00, 1.8877675588697915e-01,
       1.4954863643928185e+00, 2.8026119372989973e+00,
       -4.9417521038837502e-02, 1.3713532177703918e+00,
       -3.1066133092234751e+00, 3.3151369117052257e-02,
       -2.6945036483887314e-01, 3.1118560221764211e+00,
       -6.8823910700681862e-02, 1.0418611254202538e-01,
       3.0885925654347068e+00, 4.5539929267814942e-03,
       5.6925060967470291e-02, -2.8808962844615018e+00,
       1.8867122916764394e-02, -3.5861231142914542e-02,
       -3.1392250283177008e+00, -1.5381656734394069e-02,
       -1.4154098395713183e-01, 3.0238872871382720e+00,
       -9.0481988411426184e-02, 5.8928431074045294e-02,
       -3.0918837757729336e+00, 5.6312646341402282e-02,
       -9.3209260931286148e-02, 3.0755787387009881e+00,
       1.1170828908521394e-02, 5.7045087111478730e-02,
       3.0936293276829572e+00, -1.3029159860386044e-01,
       2.2559480744210816e-01, -3.0207456730591988e+00,
       -3.1912990490188482e-02, 8.0624241900585614e-01,
       -2.9174917962330760e+00, -2.8257595503286156e-02,
       9.7064255622619111e-01, -2.9109909311672006e+00,
       1.3866479306282234e-01, 9.6845512914376786e-01,
       2.8222267177244338e+00, -9.9241631203232275e-02,
       -8.4662371444732576e-01, -3.0601027499655480e+00,
       3.8022425203555914e-02, -6.3382978534548023e-02,
       3.0641331797490925e+00, -1.1854860625983452e-01,
       -1.1847661628973325e-02, -2.9400430396367714e+00,
       -1.5839701386101846e-02, 8.4389139146529712e-01,
       2.9859060116310197e+00, -5.6568340925508616e-02,
       -1.0060183376165606e+00, -2.6929123945509308e+00,
       -3.2318095037827968e-02, 8.9361812182540401e-01,
