%YAML:1.0
---
summary: "Filter by time, rd=15, rs=0."
init_cam_calib: C99-1010_3p_3
camera_matrix: !!opencv-matrix
   rows: 3
   cols: 3
   dt: d
   data: [ 2.5688301516834226e+03, 0., 1.8849911575658259e+03, 0.,
       2.5699760652521268e+03, 1.0846705435000604e+03, 0., 0., 1. ]
dist_coeff: !!opencv-matrix
   rows: 5
   cols: 1
   dt: d
   data: [ 2.2022296464551290e-02, -5.3168139328473987e-02,
       -6.5101358657514011e-04, -7.7914036095463630e-04,
       4.1728707086035620e-02 ]
rvec: !!opencv-matrix
   rows: 138
   cols: 3
   dt: d
   data: [ -3.1103390075960484e+00, -1.3855141283767377e-02,
       -3.8611816417482805e-02, -3.0908340886765751e+00,
       -9.2318024273565745e-03, -1.4668101581186709e-02,
       -3.1023274389155922e+00, -4.9378904431520140e-02,
       -1.1936520126542191e-01, 3.0358724938894261e+00,
       -3.2539856081577508e-02, 6.7262718680857592e-02,
       -3.0225743703130017e+00, -1.3364084327072409e-02,
       -2.8491985666228726e-02, 3.0818987183189175e+00,
       1.9646508365429242e-02, 1.4471360554011806e-01,
       3.0439413174597951e+00, 3.2554513936022794e-02,
       -6.5874129750816107e-02, -2.9935874771684370e+00,
       -5.8121940048213291e-02, 8.5558642128412321e-01,
       -2.9786236157395263e+00, -7.9521411621997010e-02,
       8.6433919010559179e-01, -2.9849628880450796e+00,
       -6.2525328301293787e-02, 7.3466571136639935e-01,
       -2.9664578606323659e+00, -1.3889945542010840e-01,
       7.5103843203740250e-01, 2.9688602291071482e+00,
       -3.0700013562623099e-02, -8.2894927267001861e-01,
       2.9579881973490294e+00, 2.1317488249087736e-02,
       -8.7958735078391881e-01, 2.9028771036942076e+00,
       7.4991201516895922e-02, -8.1377183823985133e-01,
       -2.8294097890411063e+00, 7.4992533282295208e-03,
       1.3363356148226075e+00, 2.6501459549146404e+00,
       4.8396443965821746e-02, -1.5959015352549055e+00,
       -2.5712935947117304e+00, -1.1757633903328628e-01,
       1.5842139154189283e+00, -2.6665513730087529e+00,
       -1.5365491548237199e-02, 1.6183179095619873e+00,
       2.7137480023354144e+00, -1.7245116328703361e-02,
       -1.4511326433996488e+00, 2.9842877533325871e+00,
       -9.0049330082833598e-03, -5.3092575881611226e-01,
       2.9977133642776770e+00, 5.7152457275566233e-02,
       -7.1183631442856199e-01, -3.0337241711076302e+00,
       -1.0074558791989182e-02, -8.5134838304497765e-02,
       -3.0663312085019978e+00, 5.2244014048191359e-02,
       -2.0498289642425277e-01, -3.0314684945955586e+00,
       3.4528168487570426e-02, -1.5717525834945753e-01,
       -3.0452954095722702e+00, 5.4000257974619451e-02,
       -2.0113008474374114e-01, 3.1015631375007895e+00,
       -3.6399994773194284e-02, 5.4477797123463612e-01,
       -2.8489031359055277e+00, 9.6738632861483889e-02,
       -1.1391879810983354e+00, -2.8775517806197537e+00,
       6.6372787700982858e-02, -1.0833903809762382e+00,
       -2.8520240006113191e+00, 1.0433603638172950e-01,
       -1.0528624981569688e+00, -2.7563005291950087e+00,
       1.8851108495624105e-01, -1.1082573394162705e+00,
       -2.7427441172280660e+00, 7.6041966510228889e-03,
       -1.5042276641548509e+00, -3.0553144015616089e+00,
       2.6219834633843073e-02, -1.9232133233763941e-02,
       -3.0227959519849890e+00, 7.5467874229266530e-03,
       2.5418915700184376e-02, -3.0939591827602944e+00,
       2.6716254753120866e-02, -3.0120556173348738e-02,
       -3.0631733589530872e+00, 2.0781380479206669e-02,
       -6.7839705986492055e-02, -3.0958994312391703e+00,
       8.1743611436878652e-02, -9.0529015220405032e-02,
       -3.0678885301995016e+00, -1.0578668263664319e-02,
       6.4084699171603227e-02, 2.9439806038086411e+00,
       -3.0768158912794209e-02, -1.7718609875275015e-02,
       3.0362616480648308e+00, -3.5774409155210289e-02,
       8.9560685459053446e-03, -3.0613426160239694e+00,
       -2.5544228704238323e-02, -1.9281981262012249e-02,
       -3.0560998083222866e+00, -5.9064887288667677e-02,
       -4.6837612629719472e-02, 3.0853521061835223e+00,
       -3.4453017682204524e-02, -6.8384750984030684e-02,
       -3.1260689371016310e+00, 8.1541073251233304e-02,
       1.2568182242503109e-01, 3.0496030570183894e+00,
       6.0566568837310611e-02, -4.5697049916323873e-01,
       -2.8878948214514071e+00, -9.1686492830259855e-02,
       1.0757698817871433e+00, -2.9222070801125293e+00,
       -7.4231742001018217e-02, 9.1433949879191057e-01,
       3.0045305476988786e+00, -1.5380856383456478e-02,
       -8.0015875009470294e-01, 2.9880970335045309e+00,
       -8.6594695545805216e-03, -8.7951928543807645e-01,
       -2.7704460516439653e+00, -5.8210192641422472e-02,
       9.7530183704844831e-01, -2.9872317172616505e+00,
       -1.3821275286028103e-02, 8.5853513576880647e-01,
       2.8104072882971858e+00, 7.7432279673472756e-02,
       -1.2956452898157549e+00, -2.6447295863821911e+00,
       -9.3528763766066822e-02, 1.6226085801568237e+00,
       -2.5701226627384495e+00, -6.9775559128365972e-02,
       1.6761621727424623e+00, 2.6735370346042293e+00,
       2.2342325727819901e-02, -1.5886365832591565e+00,
       2.9072388252101655e+00, -5.2696722402129264e-03,
       -1.1099483310762313e+00, -3.0267896067173337e+00,
       4.4974615776087593e-02, 5.4890347987915966e-01,
       3.0537347187245532e+00, 2.8436438949336364e-02,
       -5.2664341682021643e-01, 3.0014346139635304e+00,
       -5.9354945832769644e-02, 8.1659028060972372e-01,
       2.9585618942615848e+00, -5.9634290335919493e-02,
       1.0445178308600345e+00, 2.7967029184420618e+00,
       3.6498132302583496e-02, 1.0067083607050951e+00,
       2.7796387512717526e+00, 4.7861015201285571e-02,
       1.0244389855051304e+00, -2.8532284107664760e+00,
       5.6377062905623741e-02, -1.0130395642734658e+00,
       2.8077482995685226e+00, 5.2374050002993916e-02,
       1.1643048541998779e+00, -2.7237018476004997e+00,
       -1.9237572552168580e-02, -1.5216785723474582e+00,
       -2.7513583757658848e+00, 1.2086363845304149e-01,
       -1.3743366676630604e+00, 2.5145027338231309e+00,
       1.9237274157409767e-01, 1.3547536478918987e+00,
       2.8009365769060799e+00, 2.0913163074763340e-02,
       1.4072828031129172e+00, -3.0381501576879533e+00,
       -9.1832039375825125e-03, -1.8167519432137014e-02,
       -3.0223888723432863e+00, 7.1866758862057720e-02,
       -1.3454158039254296e-01, -3.1249506175534689e+00,
       1.4774055171695104e-02, -1.0756030749437787e-01,
       -2.9549655686437086e+00, -6.4218022695070320e-02,
       8.4126779907602589e-01, -3.0053416959984021e+00,
       2.2010915664725343e-02, 8.2293839397641799e-01,
       3.0470997506028370e+00, -4.4623827593502389e-03,
       -7.6369530157410315e-01, -2.8363072233013957e+00,
       -1.2151855139436171e-01, 5.8515537641341686e-01,
       -2.9897774437058704e+00, -5.6944186998804339e-02,
       7.7362304571401219e-01, -2.7803165618830539e+00,
       -1.7986379254895349e-01, 1.2860954318186568e+00,
       -2.6521084887565443e+00, -2.0464831207837392e-02,
       1.5945537774170808e+00, -2.5736008998654101e+00,
       -4.6030158450293658e-02, 1.5949530698856822e+00,
       -2.6225165261998793e+00, -2.1601530073857032e-02,
       1.5965031757892933e+00, -2.7323829742416139e+00,
       -5.4084320498000139e-02, 1.0816073974702491e+00,
       -3.0413023067195493e+00, -1.6649533516665546e-01,
       2.9571097527306311e-01, -3.0729741152914687e+00,
       -3.3875911528155486e-02, 1.4721218611263670e-01,
       -2.7587337563823615e+00, 1.1993248545864277e-01,
       -1.2536105081789455e+00, -2.9278519049469609e+00,
       4.7741563360565946e-02, -1.0830808279176254e+00,
       2.8038800075040684e+00, -2.6614912573137994e-03,
       1.1360948597288065e+00, 2.8767084527052367e+00,
       -9.4345977900921307e-02, 1.2343245930223181e+00,
       -2.7231080623940525e+00, 6.1337926102243132e-02,
       -1.1400596492034607e+00, 2.8139058306565370e+00,
       -4.1898435777891138e-02, 1.3434957418829547e+00,
