%YAML:1.0
---
summary: "Filter by points, sp=5, sf=4. Filter by time, rd=20, rs=10."
init_cam_calib: C99-1010_3p_3
camera_matrix: !!opencv-matrix
   rows: 3
   cols: 3
   dt: d
   data: [ 2.5769747040869443e+03, 0., 1.8817009748758601e+03, 0.,
       2.5725984825259638e+03, 1.0823216273554538e+03, 0., 0., 1. ]
dist_coeff: !!opencv-matrix
   rows: 5
   cols: 1
   dt: d
   data: [ 1.8387378196090116e-02, -2.7643698747007610e-02,
       -2.4007969131068153e-04, -7.5730246584095441e-04,
       7.5713445253810857e-03 ]
rvec: !!opencv-matrix
   rows: 104
   cols: 3
   dt: d
   data: [ -3.0998145797842613e+00, -8.5608017698092925e-03,
       -4.5199336883688492e-03, -3.0673733106177825e+00,
       -2.8804617233868537e-02, -6.0501586842746792e-02,
       3.0322162124829548e+00, -8.9286106922990462e-03,
       9.4890936262209624e-02, -3.0838513398113920e+00,
       -6.9693112296286561e-03, 6.1311661199647760e-02,
       -3.0616086582408366e+00, 1.1762757620003558e-01,
       -3.8097165978521662e-02, -3.0259563225012389e+00,
       -9.6324385176104713e-02, 7.5840732368435981e-01,
       -2.9434760326052825e+00, -9.0768665826900866e-02,
       8.6337054640837474e-01, -2.9735927149041013e+00,
       -3.0932152835720737e-02, 8.5431704641967798e-01,
       2.9335536780065330e+00, 1.4997377616022311e-02,
       -7.7346700359212839e-01, 2.9754647639382061e+00,
       -2.1130326178749128e-02, -7.9736865082784281e-01,
       2.9748265597302979e+00, 6.9505315484493062e-03,
       -9.6286189302302994e-01, 2.6987872997337927e+00,
       -1.1993742581719438e-02, -1.5518122869994500e+00,
       -2.6126802552845687e+00, -9.9610159925866415e-02,
       1.6085281840535333e+00, -2.6649140618396712e+00,
       1.9862248285762878e-02, 1.5369475894228792e+00,
       3.0164060354085982e+00, -7.6346109906057821e-02,
       -6.4892198011032753e-01, 2.9576566130516042e+00,
       -3.1014368176413371e-02, -8.5707957900106968e-01,
       -3.0179328273148327e+00, 3.2822290577738077e-02,
       -4.8220581122623168e-01, -3.0561520850398924e+00,
       1.2229940636490423e-02, -1.7980045438376321e-01,
       -3.0766874019863035e+00, 3.7986048483038666e-02,
       -3.6277640756873780e-01, -2.8638784127928889e+00,
       3.9734852739356931e-02, -1.1059495244309063e+00,
       -2.8134629776009046e+00, 1.3696910514267599e-01,
       -1.1060240494939804e+00, -2.8497807882653516e+00,
       9.8671642766234677e-02, -1.0303095224085730e+00,
       -2.8195886669851862e+00, 5.8994636319046251e-02,
       -1.2555950068498340e+00, 2.7080509378703841e+00,
       1.9927999356018605e-02, 1.5046531255444331e+00,
       -3.0514473750763056e+00, 2.6982840857426679e-02,
       5.4359227733972157e-02, -3.0439719730768511e+00,
       4.6623845814735720e-02, 2.6517296396939442e-02,
       -3.0602868679953339e+00, 4.1860478166835614e-02,
       -1.2612071679563128e-01, -3.0802647557151808e+00,
       7.9636099514270364e-02, -1.3574615103085685e-01,
       3.0128947890892386e+00, -6.0467062064347692e-03,
       3.6410821666760726e-02, 2.9896904866851748e+00,
       -2.5303263571052399e-02, 2.5386860824832764e-03,
       -3.0405907693493042e+00, -7.7325406798394239e-03,
       -3.6090108654324639e-02, -3.0691613293342188e+00,
       -7.5917156898396898e-02, 2.6501788805952152e-03,
       -3.0634782830017624e+00, -1.8309317862094790e-02,
       9.9426120873222515e-02, 3.0681564088322415e+00,
       5.1160646436854945e-02, -4.9685293159395549e-01,
       -2.9368579894535776e+00, -6.4128125835193867e-02,
       9.9691597820743361e-01, 2.8819386595537093e+00,
       -3.6264057145222156e-02, -8.1236070738290633e-01,
       3.0069158736685275e+00, 2.5649372377521667e-02,
       -8.7383247755224824e-01, 2.9356935254497376e+00,
       5.7285197468430429e-02, -9.0216904957442334e-01,
       -2.8313040871790571e+00, -6.2278420787353322e-02,
       1.2506466192691739e+00, -2.6465704243871340e+00,
       -5.7570257028019656e-02, 1.6063567522004498e+00,
       2.5614885126254734e+00, -1.1835386775932696e-01,
       -1.6864270185988641e+00, 2.7753994746523816e+00,
       -4.0103518002467635e-02, -1.2937148522555044e+00,
       -3.0605279751906433e+00, -2.5984314848656449e-02,
       5.3395808759051222e-01, 3.0398033395422530e+00,
       4.8887070393467950e-02, -6.6619868132220469e-02,
       -2.9329000308147672e+00, 4.3331470288957966e-02,
       -1.0534145174180556e+00, 2.7439441205984907e+00,
       7.5159457891549555e-02, 1.0106951288380037e+00,
       2.8662984196861219e+00, -1.1927091609640733e-02,
       1.0536050856443906e+00, 2.8181186974644183e+00,
       1.4320406114280418e-01, 9.9296241521690642e-01,
       -2.7291603695456677e+00, 1.5164664118259851e-02,
       -1.5398901650168204e+00, 2.6227587841802631e+00,
       1.6747186510149648e-01, 1.3266276202878498e+00,
       2.7997339536693486e+00, 8.8993477507020566e-02,
       1.3608104809431811e+00, -3.0350142844938697e+00,
       -4.8583244611580378e-03, -1.6435099960512994e-02,
       -3.0928365129668540e+00, 1.1454041753669508e-01,
       -2.6964913853511424e-01, -3.0027487797416197e+00,
       -1.7807878430064431e-02, 7.1546594662553409e-01,
       3.0143689661029676e+00, 2.8952512225268137e-02,
       -8.2461694494292859e-01, -2.9052409676848678e+00,
       1.8986696934306647e-02, 6.8711381792256443e-01,
       -2.9687638990291632e+00, 3.9220673428751081e-02,
       7.4926479024389425e-01, -2.7421672878788650e+00,
       -6.5369919391389364e-02, 1.4401616920926743e+00,
       -2.6057133822798217e+00, -3.1261985803155486e-02,
       1.6080774616901816e+00, -2.6784672641664242e+00,
       -2.1857383037036320e-02, 1.5484215195887439e+00,
       -2.7823867420494826e+00, -8.9388639353997379e-02,
       1.0297847781735925e+00, -3.0743152263256888e+00,
       -3.3507170042417669e-02, 2.1692602754198456e-01,
       -2.7402364182876626e+00, 1.2245818707899250e-01,
       -1.2778483268563761e+00, 2.8664710650752734e+00,
       -8.3175237689986414e-02, 1.1362779408264043e+00,
       2.7484860556319126e+00, 3.2996699262351319e-02,
       1.1064676334443675e+00, -2.7240278330867991e+00,
       7.6504125993735961e-02, -1.1447939238190639e+00,
       2.7918003613145523e+00, 2.6618028526621742e-04,
       1.3928956237757866e+00, -2.5562361040385428e+00,
       1.5820338097648570e-01, -1.6756792569811081e+00,
       2.4289011392971727e+00, 1.9497992285643662e-01,
       1.5012950789654591e+00, 2.9051083708227750e+00,
       -1.3357813491553880e-01, 1.2128543491334163e+00,
       -3.0894094224094593e+00, 5.9404242212877708e-03,
       -1.3064666826601382e-01, 3.1166545038088169e+00,
       -6.5692690386388461e-02, 1.7181782970359954e-01,
       3.1067237010541846e+00, -6.9670056087715815e-02,
       6.8102832440064716e-03, -2.9595605443667257e+00,
       1.6317445264716807e-02, 1.7810321546006796e-02,
       -3.1357987077469813e+00, 3.6861535377866378e-02,
       -1.4880843408509820e-01, 3.0334769273318867e+00,
       -7.2865571604111168e-02, 7.1985438029399301e-02,
       -3.0578233777906569e+00, 3.8297724441870108e-02,
       -9.9889816339664164e-02, 3.1175829130573232e+00,
       3.4560181726111479e-02, 5.7237366636219075e-02,
       3.0350899938764004e+00, -1.7756609410077784e-01,
       3.9940930369021488e-01, 3.0408686969249294e+00,
       4.4363334249765352e-02, -7.6459625690910160e-01,
       -2.9805667976219841e+00, -1.3316109747206446e-02,
       8.0227776080303936e-01, -2.9628613297495177e+00,
       7.7137302868276081e-02, 9.0316565335049959e-01,
       2.8247425875555328e+00, -1.1700985306315026e-01,
       -8.4428624460780100e-01, -3.0642816013446827e+00,
       4.7318787069297964e-02, -6.9240185750164981e-02,
       3.0341686203257554e+00, -9.9915925002580966e-02,
       -9.6826260352445029e-02, -2.9867775581527263e+00,
       -1.5803315801578992e-02, 9.2798633536891906e-01,
       2.8924408169824884e+00, -4.4107752318647553e-02,
       -9.3077892908311965e-01, -2.5923145794535669e+00,
       -1.1477864867399475e-01, 8.8891720267365293e-01,
