%YAML:1.0
---
summary: "Filter by distance, md=250.0, ds=0.0."
init_cam_calib: C99-1010_3p_3
camera_matrix: !!opencv-matrix
   rows: 3
   cols: 3
   dt: d
   data: [ 2.5694623938797940e+03, 0., 1.8692550603413317e+03, 0.,
       2.5668843686310147e+03, 1.0831173751930683e+03, 0., 0., 1. ]
dist_coeff: !!opencv-matrix
   rows: 5
   cols: 1
   dt: d
   data: [ 1.3766732284731648e-02, -1.6687892880362650e-02,
       -3.2558002463898092e-04, -1.8773772665566558e-03,
       4.8788831485371944e-03 ]
rvec: !!opencv-matrix
   rows: 143
   cols: 3
   dt: d
   data: [ -3.1100043015313075e+00, -1.4061677076443626e-02,
       -3.2426200523535544e-02, -3.0533954611031375e+00,
       -4.2838239125318103e-02, -7.0527949409331783e-02,
       3.1385684442116077e+00, 4.3359358362963202e-02,
       2.6500330362714004e-02, -2.9812793809342120e+00,
       -3.6574296532761487e-02, -7.9319044654731080e-02,
       3.1060812550030836e+00, 2.7964188767336383e-02,
       1.0306326047216727e-01, 3.0894707723024788e+00,
       4.7717711093881003e-02, 1.4542343216594886e-01,
       -3.0874628764101137e+00, 5.7015907454371203e-03,
       1.4191365602421399e-01, 3.1010177917325050e+00,
       6.1752342755091276e-02, -2.5915969359653696e-01,
       -2.9330167600743446e+00, -7.5293920657514085e-02,
       8.9259542695200500e-01, -2.9775335731451067e+00,
       -4.6327207154227411e-02, 7.6928189887562581e-01,
       -3.0189053397444181e+00, -1.2003898217587655e-01,
       8.5626408196122039e-01, 2.9984538106494272e+00,
       8.3348612981955825e-02, -8.7192224950914876e-01,
       2.9189379586854365e+00, 1.5789115263425333e-02,
       -7.9256610145131079e-01, 2.9435622907233725e+00,
       7.9947753860252838e-02, -8.8560824493836343e-01,
       2.9242906879028703e+00, 2.1419442651459793e-02,
       -8.5741227404193809e-01, -2.8210924835808520e+00,
       6.4385843550137725e-02, 1.3553125169515514e+00,
       -2.6602556909555011e+00, 1.7964556260772074e-02,
       1.6716966120345249e+00, -2.6489259664071940e+00,
       -6.8564902589441062e-02, 1.6764209969172199e+00,
       -2.6832766511925938e+00, 4.0615323944380208e-02,
       1.6283448770563453e+00, -2.6510771139178573e+00,
       3.6935265709024168e-02, 1.6324413084483058e+00,
       2.8564759604840178e+00, 3.3004705914232178e-02,
       -1.2238608918000051e+00, 2.9812642868341750e+00,
       -7.6861830546458903e-03, -5.2059075302742430e-01,
       3.0099270901940787e+00, 8.3112903306929622e-02,
       -2.7022051463942859e-01, 2.9714670494377953e+00,
       1.3559109694851260e-02, -7.9024892751908427e-01,
       3.1325387500695485e+00, -7.7156835340653845e-02,
       -3.0842543620462831e-01, -3.0062579982884854e+00,
       6.8873373769378049e-02, -1.3494656997514451e-01,
       3.0768766204519027e+00, 1.0004962210228287e-02,
       3.2248538214512618e-01, 3.1311898427827116e+00,
       -3.9637567144390429e-02, 1.9463228782267752e-01,
       -2.8519953023665296e+00, 9.5966746721550103e-02,
       -1.1316266315351866e+00, -2.8910915035471061e+00,
       4.7491701581280625e-02, -1.1147240098162323e+00,
       -2.7503310324971775e+00, 1.8166896987317163e-01,
       -1.1287547538690947e+00, -2.7588295931392155e+00,
       4.4493085259874353e-02, -1.4705858140407198e+00,
       -3.0555104308181456e+00, 2.6078647944530176e-02,
       -1.4170976046985473e-02, -3.0981756905603843e+00,
       -1.0335412458354783e-02, -4.6197512551156852e-02,
       -3.0748613753822305e+00, 7.4952651066954715e-02,
       -1.3141711189877833e-01, 3.1025320342746858e+00,
       -9.8275083783715966e-03, 2.1462561339774634e-02,
       2.9760132947216951e+00, -2.4475190439421070e-02,
       -3.0033958002133057e-02, -3.0004397030726224e+00,
       4.0699707125392934e-02, 5.9205499022211429e-02,
       3.0660367760971168e+00, 6.0363389178525538e-02,
       -2.6182459773483199e-02, -3.1324165613798507e+00,
       -5.0614231720293099e-03, -8.3973048666783345e-03,
       3.1259247446692928e+00, -1.0963324689398940e-01,
       -7.5997135729272886e-02, 3.0931941099141071e+00,
       9.7823115858272802e-02, -1.9111206050063401e-01,
       -2.9785730682056206e+00, -4.0165093130347232e-02,
       8.5578883988536547e-01, -2.9339530018726951e+00,
       -5.1254582073416571e-02, 9.1055482018710865e-01,
       3.0217163031506273e+00, -2.2460830860934214e-02,
       -7.7483253429379928e-01, 2.9864302132406411e+00,
       -2.3831986680030177e-02, -8.0993423483796101e-01,
       -2.9828270871436167e+00, -3.1313605507107815e-02,
       8.8499941883715427e-01, -2.8073843749652960e+00,
       -8.1154923480457955e-02, 9.7168765703560656e-01,
       2.9973850175309606e+00, 8.9795162200244680e-02,
       -8.8471667680891120e-01, -3.0145312733013023e+00,
       -4.0827315122604138e-02, 9.2674675204571189e-01,
       2.9043479981268017e+00, 1.6287131653025602e-02,
       -1.1342299388794190e+00, 2.8143877857581647e+00,
       4.9635001236760054e-02, -1.3524902221013371e+00,
       -2.6689639357462882e+00, -6.9552342417790555e-02,
       1.5987823565444648e+00, 2.6194360525918219e+00,
       -1.3160851395749570e-02, -1.6636109154770462e+00,
       2.7915158169995236e+00, -2.6069576531192788e-02,
       -1.3559043659425654e+00, 2.9072002512207331e+00,
       -1.6464657448702607e-02, -1.1195705399563478e+00,
       2.9329045197970580e+00, 7.0554393909782005e-03,
       -8.3126196732381552e-01, 3.0568267823479469e+00,
       6.3021544130682339e-02, -5.6161661300124377e-01,
       3.0582657073009081e+00, -7.4210763454579847e-03,
       -1.2361798318807420e-01, 2.9993474497606663e+00,
       -4.4883577094600779e-02, 6.2326432182758240e-01,
       -2.9453741745141460e+00, 5.6736377672228729e-02,
       -1.0600418930747986e+00, 2.8513297383474403e+00,
       3.4564410127614360e-02, 1.0602606513970840e+00,
       -2.8382678281363916e+00, 2.8188942223686887e-02,
       -1.0495577454112888e+00, 2.8040284327027449e+00,
       1.8039010294942967e-01, 9.8475323062876063e-01,
       2.7289440314062081e+00, -5.5630339670682920e-02,
       1.5229580395169160e+00, -2.6348457785685708e+00,
       1.2016179314728735e-01, -1.3278224385180819e+00,
       2.6927847521063693e+00, 3.3558753585822249e-02,
       1.3291814837848854e+00, -3.0380478730238130e+00,
       -9.3066743867198584e-03, -1.2847676459290922e-02,
       -3.0855485911089287e+00, 1.1752679137516768e-01,
       -2.2096356445060836e-01, -3.0989591127616243e+00,
       1.7778962111788862e-02, 5.0387851389793438e-02,
       -2.9534470326664777e+00, -5.5324508880996569e-02,
       8.4479252327257048e-01, 3.0404909741196442e+00,
       -4.0897539427027542e-03, -7.7402077581788842e-01,
       -2.7991054429844628e+00, -7.5063478858964208e-02,
       5.5688351441017081e-01, -2.9565572678050001e+00,
       2.9308627119266961e-02, 6.9670913752665131e-01,
       -2.8624114788744977e+00, -8.3496391288840704e-02,
       1.1111967863496808e+00, -2.7319312470150048e+00,
       -5.2125277622127889e-02, 1.4732656638134343e+00,
       2.6911361220583516e+00, -1.0101697279253574e-01,
       -1.5414017178217987e+00, -2.7610560727449287e+00,
       -4.0069572403113249e-02, 1.3965682782859703e+00,
       -2.7277467711639880e+00, -5.3826361834469275e-02,
       1.0900354690419054e+00, -2.8328989589388516e+00,
       -5.6759879692851220e-02, 6.3517344307838541e-01,
       -2.9772386620209357e+00, -1.1315674006761761e-01,
       4.8596304126792150e-01, -3.0173999390083708e+00,
       1.4837967328416453e-04, 1.4919591242637906e-01,
       -3.0717231030971175e+00, -1.2217881312921787e-04,
       4.6500334983362135e-01, -2.9141867109742541e+00,
       1.6984148714894040e-01, -8.9037029052229577e-01,
       -2.8806696851510316e+00, 5.0253429311254344e-02,
       -1.0280509923591041e+00, 2.8179207345535211e+00,
       -1.8669960720923719e-02, 1.1131053683413132e+00,
       -2.7264460909197168e+00, 6.2643462822895318e-02,
       -1.1494707332233083e+00, 2.9206432924847223e+00,
       -2.6136286010665474e-02, 1.1134918758539432e+00,
