%YAML:1.0
---
summary: "Filter by distance, md=250.0, ds=125.0."
init_cam_calib: C99-1010_3p_3
camera_matrix: !!opencv-matrix
   rows: 3
   cols: 3
   dt: d
   data: [ 2.5696496947096489e+03, 0., 1.8695244798235206e+03, 0.,
       2.5711156257382545e+03, 1.0882345603584708e+03, 0., 0., 1. ]
dist_coeff: !!opencv-matrix
   rows: 5
   cols: 1
   dt: d
   data: [ 1.7162065212824228e-02, -3.4961533858439878e-02,
       2.8349195010124483e-04, -2.5912170670846879e-03,
       2.9475359147207350e-02 ]
rvec: !!opencv-matrix
   rows: 143
   cols: 3
   dt: d
   data: [ -3.1086551736596859e+00, -1.3779842719903413e-02,
       -3.0058907079361076e-02, -3.0860976837088012e+00,
       -3.0971020460548976e-02, -1.3598291769242010e-01,
       -3.0932845654370813e+00, -5.8569864105200806e-02,
       -3.6335065552015711e-02, -3.0135865547900833e+00,
       -3.9063333863418585e-02, -3.3150592185297749e-02,
       3.1331388665861053e+00, 1.4337495855613584e-02,
       1.0207791755897537e-01, 3.1096135108532992e+00,
       1.0607198448817618e-02, 1.5511957204059448e-01,
       3.1398800142230066e+00, 4.0916934402622604e-02,
       -1.1652663735892346e-01, -3.0953804355362733e+00,
       -4.7214473104443266e-02, 3.8535851316729391e-01,
       -2.9298579511789788e+00, -9.1545266185752927e-02,
       9.8917064775171537e-01, -2.9739017711164197e+00,
       -3.1675778592410782e-02, 8.5521632943085635e-01,
       -2.9710357361989082e+00, -1.4202873324324503e-01,
       8.6382665095292543e-01, 2.9388624741834577e+00,
       5.1398413363024364e-02, -8.5697441383632367e-01,
       2.9394135803949482e+00, 9.7631098224545548e-03,
       -7.7685134456952398e-01, 2.9791392488798398e+00,
       1.5743266618811341e-02, -7.7054673926412076e-01,
       2.9753905599378165e+00, 3.7049104473509849e-02,
       -8.5639700944766972e-01, 2.7261029863813917e+00,
       4.0922886709341959e-02, -1.5498672528282273e+00,
       -2.6499746028650861e+00, -8.3829750442704853e-02,
       1.5937985364984419e+00, 2.6376440715635368e+00,
       1.5148595161606023e-02, -1.6332972787613518e+00,
       -2.6499967066115366e+00, -2.7218196591340789e-02,
       1.6175497120776126e+00, 2.6418921058943439e+00,
       -2.1737165067668172e-02, -1.6709005176261735e+00,
       2.8848869423974461e+00, 7.4219310285058238e-02,
       -1.0852203456899818e+00, 3.0316014514462242e+00,
       -5.6578200054489984e-02, -3.2511958359882120e-01,
       3.0648246359715614e+00, 2.6996314026761562e-02,
       -2.2399735757339770e-01, 2.9424643102573866e+00,
       -5.5258827288328836e-02, -9.0440819842809717e-01,
       -3.1029915355709496e+00, 6.2919445385369768e-02,
       2.9637448985170897e-02, -3.0246740579789368e+00,
       6.0403739877678206e-02, -1.6341090161889971e-01,
       3.0896010903087032e+00, 5.4572536358949021e-02,
       1.4600273216462194e-02, -3.0014469525099887e+00,
       3.3716103541336480e-02, -7.4358398472741150e-01,
       -2.7915827698943145e+00, 1.2808782058604587e-01,
       -1.1670402539288471e+00, -2.8737546186511755e+00,
       9.7837504889543320e-02, -1.0562545799482934e+00,
       -2.7736842313783332e+00, 1.3960097773606533e-01,
       -1.1908515828175728e+00, 2.7276387550113963e+00,
       -5.0942158983808494e-02, 1.5064818939994085e+00,
       -3.0538531439222263e+00, 2.6280977124980984e-02,
       -1.1484362120681000e-02, -3.0763630653832914e+00,
       2.5274444950759777e-02, -8.8812091824454653e-02,
       -3.0802226068511609e+00, 4.4339354538422387e-02,
       -8.3621451274727338e-02, 3.0393707210031331e+00,
       -5.6979062823762777e-03, 4.4161617037727995e-02,
       3.0151837633509295e+00, -2.7272176143407864e-02,
       8.8905316734232583e-03, -3.0046180940648064e+00,
       -3.5538314091433702e-02, -7.3721235739774077e-03,
       3.0035492418040324e+00, -8.9765019138663138e-03,
       -8.7669810000663886e-02, -3.0958435215078439e+00,
       7.4494410285530152e-03, 8.3490478670323262e-03,
       3.0901781434748368e+00, -8.8972315760752901e-02,
       -1.3189638409938126e-01, 3.0729479385748002e+00,
       7.1967524817297901e-02, -3.5313988688639525e-01,
       -2.9531713230611141e+00, -5.5256761939407421e-02,
       9.2507756166599620e-01, -2.8961062369893100e+00,
       -8.5272332535964890e-02, 8.9082090045189177e-01,
       2.9488519680026903e+00, -2.7278214807912447e-02,
       -8.2859521424177707e-01, 3.0160139995273298e+00,
       -1.6364354239423437e-02, -8.1113465588629907e-01,
       -2.9483313657564922e+00, -8.8455580780549534e-02,
       8.4649051821143806e-01, -2.8411705449289051e+00,
       -4.7772444809865131e-02, 9.5779138791660745e-01,
       2.9664053480960444e+00, 8.4847438528717886e-02,
       -8.8446196672538857e-01, -2.9868729228452842e+00,
       -2.3508956348706068e-02, 8.7946578518284335e-01,
       2.9250316483285377e+00, 1.3326942848397760e-02,
       -1.1281978334805689e+00, 2.8030270110545703e+00,
       8.4514293026960674e-02, -1.3046203985866622e+00,
       -2.5929051175918607e+00, -8.1211895293556477e-02,
       1.7132959667097991e+00, 2.6903269050075838e+00,
       1.9748683037092277e-02, -1.6103116890109028e+00,
       2.7982755563533392e+00, -3.7891512604136632e-02,
       -1.2637345029465843e+00, 2.9300037948082500e+00,
       -3.5225870743343696e-04, -1.0084320940813296e+00,
       2.9552480195579736e+00, -9.4909453560027938e-03,
       -8.7238551019471700e-01, 3.0484525026843912e+00,
       5.9950949757393367e-02, -6.9597977835296032e-01,
       3.0218178497952390e+00, 4.8791844554479956e-02,
       -7.4305231114064424e-02, 2.9590421140440775e+00,
       -1.1209024542326348e-01, 8.6445507893271223e-01,
       2.9278938093908926e+00, -3.3614027564865694e-02,
       1.0370767247233557e+00, 2.9251412510773531e+00,
       -8.7858249462148347e-02, 1.0316135861784832e+00,
       -2.8861479638374985e+00, 2.1797085740812201e-02,
       -1.0302727292978415e+00, 2.8403512925908450e+00,
       1.3850461464997080e-01, 9.7671283024293820e-01,
       -2.7693947792997515e+00, -1.1943662438198716e-02,
       -1.4375192095252616e+00, -2.6812667155384955e+00,
       1.8047694412192525e-01, -1.3549861613448597e+00,
       2.5570497551284426e+00, 1.9231857762075746e-01,
       1.2852148212988985e+00, -3.0363761508085383e+00,
       -9.1571010166864048e-03, -1.0234070563472491e-02,
       -3.0821787004576975e+00, 1.1095652586506945e-01,
       -2.2540062735136249e-01, -3.0968451807538697e+00,
       1.7348317215160790e-02, 5.2580845386475832e-02,
       -2.9523690100830757e+00, -5.6356425515394749e-02,
       8.4478531266276136e-01, 3.0413845919960214e+00,
       -3.0221192003849250e-03, -7.7475853446453735e-01,
       -2.7978988903795639e+00, -7.5663042138883849e-02,
       5.5730391677435209e-01, -2.9554264987278929e+00,
       2.8339782158873991e-02, 6.9674125998676251e-01,
       -2.8620088895181834e+00, -8.4686192174153699e-02,
       1.1102526462937812e+00, -2.7314332745465912e+00,
       -5.3404867450594591e-02, 1.4717368875045245e+00,
       2.6937640111366896e+00, -9.9712258356752126e-02,
       -1.5412086426104645e+00, -2.7603862952108269e+00,
       -4.1319987502506580e-02, 1.3951980038992733e+00,
       -2.7276060449499093e+00, -5.4725921096415234e-02,
       1.0893380955100369e+00, -2.8317718217141659e+00,
       -5.7418907829830855e-02, 6.3568314529801573e-01,
       -2.9754282563827377e+00, -1.1367176252397809e-01,
       4.8745026434788735e-01, -3.0157447742299035e+00,
       1.4918656140158125e-04, 1.5109682003842639e-01,
       -3.0717408711642267e+00, -1.5409610251552184e-04,
       4.6561607403703087e-01, -2.9136563853711244e+00,
       1.7108660401473957e-01, -8.8888058509890011e-01,
       -2.8797451261155804e+00, 5.1494574169093199e-02,
       -1.0266629609590967e+00, 2.8194414063554416e+00,
       -2.0022916336809245e-02, 1.1129327781072693e+00,
       -2.7252797086670313e+00, 6.3699659055323210e-02,
       -1.1481810515020998e+00, 2.9222522249910967e+00,
       -2.7477958343324053e-02, 1.1131998917211823e+00,
