%YAML:1.0
---
camera_matrix: !!opencv-matrix
   rows: 3
   cols: 3
   dt: d
   data: [ 2.6165503941913494e+03, 0., 1.9069810018007206e+03, 0.,
       2.6178493729154407e+03, 1.0866355209230348e+03, 0., 0., 1. ]
dist_coeff: !!opencv-matrix
   rows: 1
   cols: 14
   dt: d
   data: [ -1.7217265491238919e+01, 7.5774569936351710e+01,
       -6.3947732118077832e-04, 4.1158481545332578e-03,
       3.1628497992698016e+01, -1.7231852259052719e+01,
       7.6051199865421125e+01, 3.0244502980412015e+01, 0., 0., 0., 0.,
       0., 0. ]
std_intrinsics: !!opencv-matrix
   rows: 18
   cols: 1
   dt: d
   data: [ 1.2504359305772736e+00, 1.2430629593736910e+00,
       2.6859627359001181e+00, 2.0101873911431474e+00,
       1.6388563855634006e+00, 2.1142240493673494e+01,
       2.8523856322927360e-04, 3.9540744697269352e-04,
       1.1481393100033615e+02, 1.6379402145297874e+00,
       2.1089759493569836e+01, 1.1425450004944535e+02, 0., 0., 0., 0.,
       0., 0. ]
std_extrinsics: !!opencv-matrix
   rows: 828
   cols: 1
   dt: d
   data: [ 7.6330936281627819e-03, 7.6402982177519868e-03,
       6.6121316402692595e-04, 2.9681050690009994e-02,
       2.2851610331983369e-02, 4.7101553689954175e-02,
       7.5711647448733349e-03, 7.5810177706237929e-03,
       6.6173555618227959e-04, 2.9707501140912328e-02,
       2.2858970049957138e-02, 4.6693018289545189e-02,
       7.6231742804805996e-03, 7.6199707607261802e-03,
       6.6348680301311078e-04, 2.9646965069227430e-02,
       2.2795447973699826e-02, 4.6784799147343112e-02,
       1.3692827711317137e-03, 1.3392138226950131e-03,
       5.6207142655228094e-04, 1.5502645968948981e-02,
       1.1465616764910667e-02, 1.3004832130513731e-02,
       1.3708541790576846e-03, 1.3379047451535250e-03,
       5.6372518980916367e-04, 1.5511092613744504e-02,
       1.1473872361553747e-02, 1.2994463235877269e-02,
       1.3731813039110806e-03, 1.3395744365814696e-03,
       5.6358740415806319e-04, 1.5536608008274579e-02,
       1.1492923139116627e-02, 1.3019884150974598e-02,
       1.3739966304463760e-03, 1.3409036437416902e-03,
       5.6353362778329167e-04, 1.5566762463447837e-02,
       1.1512735454662018e-02, 1.3055557923612293e-02,
       1.3701146349820378e-03, 1.3391787435757222e-03,
       5.6387983278208341e-04, 1.5541253061392779e-02,
       1.1497793007230231e-02, 1.3041544705919278e-02,
       1.3682191578905187e-03, 1.3385123656267396e-03,
       5.6361641341629454e-04, 1.5578378572692859e-02,
       1.1510078311194633e-02, 1.3056885466132366e-02,
       1.3687887641973234e-03, 1.3296187364152110e-03,
       5.6522678793106485e-04, 1.5493933133772553e-02,
       1.1436891467294404e-02, 1.2814356045588724e-02,
       1.6468743439254274e-03, 1.6723344853566832e-03,
       3.6644713188905480e-04, 1.5025777629414308e-02,
       1.1605595049144714e-02, 9.8701207285727312e-03,
       1.3300132334224037e-03, 1.2895258531925987e-03,
       5.0670317378038424e-04, 1.7604451652978192e-02,
       1.3292622287104058e-02, 8.7427634236923058e-03,
       7.3070858924044191e-03, 7.3125675583806072e-03,
       6.6343055982997395e-04, 2.9351701468804801e-02,
       2.2638065541311245e-02, 4.5322812054703399e-02,
       1.2803189835840149e-03, 1.2143725281102240e-03,
       5.8994758677521680e-04, 1.8474515826666277e-02,
       1.3857827622851260e-02, 8.9785785831817330e-03,
       1.2738707828714906e-03, 1.2398309565007011e-03,
       6.2379563760003940e-04, 1.9351650349644565e-02,
       1.4481725449285037e-02, 9.2773418198919908e-03,
       1.2728632072063479e-03, 1.2499575590674682e-03,
       6.4502319569154131e-04, 1.9861501369040555e-02,
       1.4923365292014389e-02, 9.2852059833913817e-03,
       1.2781790602730228e-03, 1.2537171056555591e-03,
       6.4222022456819627e-04, 1.9898108337817536e-02,
       1.4938399389964430e-02, 9.5800446594873408e-03,
       1.2817994840258662e-03, 1.2498942321145299e-03,
       6.4618730808176973e-04, 1.9932339149048520e-02,
       1.4948137870585800e-02, 9.6541703882270895e-03,
       1.2788093185569773e-03, 1.2472958336009806e-03,
       6.4853730758803927e-04, 1.9973918663697677e-02,
       1.4976476017620591e-02, 9.6789005692083634e-03,
       1.2797357331676132e-03, 1.2469056324917785e-03,
       6.5352857459490075e-04, 2.0048492590688218e-02,
       1.5035715386368354e-02, 9.6167171375260273e-03,
       1.2832002880996554e-03, 1.2504741347235566e-03,
       6.5146290772847724e-04, 2.0074656498948757e-02,
       1.5056682712055677e-02, 9.7120546015266127e-03,
       1.2823884567731278e-03, 1.2510549444889132e-03,
       6.5170771475364371e-04, 2.0084716013694846e-02,
       1.5066275094133014e-02, 9.7327135396383224e-03,
       6.6363340217286178e-03, 6.6266217760290952e-03,
       6.4910493136068818e-04, 2.8469067555629553e-02,
       2.2001194973085753e-02, 4.2389586211852778e-02,
       1.2801421678477994e-03, 1.2488305125980420e-03,
       6.5484671901996081e-04, 2.0126471564836657e-02,
       1.5093081442143261e-02, 9.7369634203874830e-03,
       1.2800340526511853e-03, 1.2483818090689804e-03,
       6.5541985084181797e-04, 2.0118588943219811e-02,
       1.5085823675240789e-02, 9.7107532283000585e-03,
       1.2726783477275852e-03, 1.2434434944687059e-03,
       6.5891653504237266e-04, 2.0086895600547924e-02,
       1.5051838832374540e-02, 9.5920546524400907e-03,
       1.2713211602570038e-03, 1.2425857100452783e-03,
       6.6025072909067285e-04, 2.0096141325045388e-02,
       1.5054685191761907e-02, 9.5714834494745587e-03,
       1.2698800803848255e-03, 1.2403969707792959e-03,
       6.5994215762883756e-04, 2.0071558306126076e-02,
       1.5029229607636301e-02, 9.5954327456764694e-03,
       1.2932387262391111e-03, 1.2303384880172777e-03,
       6.2322922451309918e-04, 1.9498273709284204e-02,
       1.4485455102102232e-02, 9.4257800360591504e-03,
       1.1678165468009029e-03, 1.2229294596390204e-03,
       5.7362054264730236e-04, 1.7191576852944656e-02,
       1.2493924915680405e-02, 1.1006342845468288e-02,
       1.1951887767159331e-03, 1.2569373837120084e-03,
       5.7621231344560551e-04, 1.7736222101655985e-02,
       1.3046202786387816e-02, 1.1224993623279415e-02,
       1.2615150122012888e-03, 1.3158631574284529e-03,
       5.8713467447421975e-04, 1.9074117029521092e-02,
       1.4148347104654988e-02, 1.1962638130478979e-02,
       4.8781550163291762e-03, 4.7995789546343157e-03,
       7.7394110082700950e-04, 2.5557173962854087e-02,
       1.9359801661005260e-02, 3.7376210537136086e-02,
       1.2709757551833472e-03, 1.3245956564821089e-03,
       5.9099265287960404e-04, 1.9199845991235007e-02,
       1.4222601102342908e-02, 1.2364176984790835e-02,
       1.2632216546031392e-03, 1.3188479647195312e-03,
       5.8925702599638933e-04, 1.9044841461714992e-02,
       1.4114512838548386e-02, 1.2229747750783074e-02,
       1.2540932670746709e-03, 1.3102772841821094e-03,
       5.8838890017791205e-04, 1.8923360782376199e-02,
       1.4009852723462566e-02, 1.2132478580792560e-02,
       1.2539466971619396e-03, 1.3118823289653056e-03,
       5.8955425634693538e-04, 1.8954476201182891e-02,
       1.4054219616611172e-02, 1.2191215879595735e-02,
       1.2507890866666703e-03, 1.3095189071461789e-03,
       5.8813985912293317e-04, 1.8833651735651952e-02,
       1.3952942909573976e-02, 1.2175814061923544e-02,
       1.2473254308042595e-03, 1.3025364731794470e-03,
       5.8841859332836295e-04, 1.8665888611098094e-02,
       1.3813931770975034e-02, 1.2152183340116397e-02,
       1.2480790895327302e-03, 1.3058036868827325e-03,
       5.8738676350728156e-04, 1.8734635124808337e-02,
       1.3875678626781959e-02, 1.2096258746732360e-02,
       1.2477249805785237e-03, 1.3058253519975828e-03,
       5.8608153116631592e-04, 1.8655243454258338e-02,
       1.3813172835762572e-02, 1.2106548982110381e-02,
       1.2364158936430988e-03, 1.2981913481317352e-03,
       5.8230762299354511e-04, 1.8445372579439283e-02,
       1.3655544007036637e-02, 1.1877871471893240e-02,
