%YAML:1.0
---
camera_matrix: !!opencv-matrix
   rows: 3
   cols: 3
   dt: d
   data: [ 2.6093537597420282e+03, 0., 1.8858106199537845e+03, 0.,
       2.6017412991193896e+03, 1.0628167922941325e+03, 0., 0., 1. ]
dist_coeff: !!opencv-matrix
   rows: 1
   cols: 14
   dt: d
   data: [ -3.0967985366458004e+00, -5.4704198881532458e+00,
       -7.4371473032932463e-03, -2.2182853934915843e-03,
       3.3585466001605749e+02, -3.0563317233827356e+00,
       -6.2284344385632906e+00, 3.3909898453659622e+02, 0., 0., 0., 0.,
       0., 0. ]
std_intrinsics: !!opencv-matrix
   rows: 18
   cols: 1
   dt: d
   data: [ 2.5627596008637368e+00, 2.5639274575118161e+00,
       4.0777319649298338e+00, 3.3679583592975044e+00,
       7.2761750234309792e+00, 7.0961290017735664e+01,
       4.2130360629505842e-04, 5.2445831686387379e-04,
       2.3561184211733550e+02, 7.2870308728550928e+00,
       7.1128097747765693e+01, 2.3636713625119907e+02, 0., 0., 0., 0.,
       0., 0. ]
std_extrinsics: !!opencv-matrix
   rows: 882
   cols: 1
   dt: d
   data: [ 2.0618729670292403e-03, 1.9629344178563875e-03,
       7.8520414731172419e-04, 6.6776411994112300e-02,
       5.6600269350175231e-02, 5.4536186865243634e-02,
       1.8685499479782785e-03, 1.8809273405716888e-03,
       7.7694336212191285e-04, 7.1770767127272192e-02,
       5.9923735979007686e-02, 5.3638320752670714e-02,
       1.7838880321868814e-03, 1.8431310845910868e-03,
       8.0514100443820197e-04, 7.3390531780837417e-02,
       6.1017259009281365e-02, 5.4497227812096170e-02,
       1.7513174914172804e-03, 1.8278924965112191e-03,
       8.1463194463777535e-04, 7.3771265384437096e-02,
       6.1198254166398278e-02, 5.4070305817234370e-02,
       1.7399365839253457e-03, 1.8201621508193700e-03,
       8.1848174332454571e-04, 7.3781668537192674e-02,
       6.1173106971104944e-02, 5.3304234468994953e-02,
       5.0563460821863113e-03, 5.0143460550062836e-03,
       3.5626785701220107e-04, 6.7963152615756112e-02,
       5.6330694853928207e-02, 5.5963384182902906e-02,
       1.7392820865644901e-03, 1.8200402912192202e-03,
       8.1637307902276274e-04, 7.3773377415025765e-02,
       6.1148560254999595e-02, 5.3006749495173616e-02,
       1.7335398130220460e-03, 1.8160743015547261e-03,
       8.1861185389513940e-04, 7.3517328466165183e-02,
       6.0922469742155858e-02, 5.2764631824681579e-02,
       1.7323674846612925e-03, 1.8136492259453287e-03,
       8.1902299667778271e-04, 7.3608746859597604e-02,
       6.0979205895742544e-02, 5.2376462355630503e-02,
       1.7379452585134442e-03, 1.8165074986621222e-03,
       8.1903781043032658e-04, 7.4218824894512966e-02,
       6.1477192372501994e-02, 5.2628202079010845e-02,
       1.7370089790316972e-03, 1.8146297488789093e-03,
       8.1984237303579961e-04, 7.4117344169630325e-02,
       6.1387781721004418e-02, 5.2540295213968774e-02,
       1.7369460467678247e-03, 1.8501670647588244e-03,
       7.2340089425186659e-04, 7.3846799075836703e-02,
       6.1248388924586047e-02, 4.9910318299365868e-02,
       1.8506388560830813e-03, 2.0259514244439091e-03,
       6.1364644811491152e-04, 6.9925577990404331e-02,
       5.7160390882997451e-02, 4.8962639526232324e-02,
       1.8277767439342850e-03, 1.8341814037342425e-03,
       7.5247744756950022e-04, 7.2410694717633062e-02,
       5.9711186208838765e-02, 4.7849113661151098e-02,
       1.7852285564950029e-03, 1.8191390800260802e-03,
       7.8518924589592346e-04, 7.2966959983600047e-02,
       6.0166322165535059e-02, 4.8940409684820406e-02,
       5.3004386237384066e-03, 5.2919017668163759e-03,
       3.3527813264337827e-04, 6.8430949018134013e-02,
       5.6726228351278864e-02, 5.5770864819270030e-02,
       1.7802952855653707e-03, 1.8157152375816313e-03,
       8.5859189023326148e-04, 7.7042767731096654e-02,
       6.3759682766176329e-02, 5.0277895416928967e-02,
       1.8329759124543444e-03, 1.7686501458932743e-03,
       9.0350135407040626e-04, 7.7520985435807113e-02,
       6.4074251725553186e-02, 5.0134670977745974e-02,
       1.8372201757066713e-03, 1.7731119539848039e-03,
       9.1451250347545710e-04, 7.8713262170477374e-02,
       6.5068714317133847e-02, 5.1043183835406535e-02,
       1.8438333706608087e-03, 1.7697497716320622e-03,
       9.0692838037727448e-04, 7.7929854832241727e-02,
       6.4402738230346257e-02, 5.0706535447118221e-02,
       1.8443825936852491e-03, 1.7765223210716565e-03,
       9.0665059669268978e-04, 7.8371877898327225e-02,
       6.4784065391035275e-02, 5.0840921289296306e-02,
       1.8391580460741382e-03, 1.7725801524266828e-03,
       9.0777317935741679e-04, 7.8005306140003366e-02,
       6.4487968942571763e-02, 5.0452450495479695e-02,
       1.8534071839848248e-03, 1.7822535499832787e-03,
       9.0016696814221840e-04, 7.8311171464016130e-02,
       6.4722613319480968e-02, 5.0979212927142033e-02,
       1.8442579440027583e-03, 1.7701843090976151e-03,
       9.1296969170954437e-04, 7.8407621276624359e-02,
       6.4807429015675794e-02, 5.0888861824380884e-02,
       1.8467357267777640e-03, 1.7692832430255998e-03,
       9.1605393204367662e-04, 7.8570783753681109e-02,
       6.4941962840349865e-02, 5.1011221174482417e-02,
       1.8543505500810391e-03, 1.7762710928265007e-03,
       9.0975902321384871e-04, 7.8638023603680898e-02,
       6.4985363970322785e-02, 5.1273011756385156e-02,
       5.1485048649326038e-03, 5.1532276793381585e-03,
       3.2543162320718870e-04, 6.8672652287687624e-02,
       5.6884624149063166e-02, 5.5558529246003276e-02,
       1.8511945971776073e-03, 1.7692995529572019e-03,
       9.1483082018125651e-04, 7.8441114565354936e-02,
       6.4816728654217060e-02, 5.1071645691404752e-02,
       1.8507087752310093e-03, 1.7717923793830019e-03,
       9.1169831821766084e-04, 7.8439651522161577e-02,
       6.4814962055873351e-02, 5.1105774815115752e-02,
       1.8345738154311466e-03, 1.8084658699769433e-03,
       8.7666164833615520e-04, 8.0392948728655919e-02,
       6.6334545059701919e-02, 5.5016173882280014e-02,
       2.9309768719682360e-03, 2.1301390658335184e-03,
       7.2323027003828833e-04, 6.6333167536261284e-02,
       5.4049401129818347e-02, 6.3900999427463190e-02,
       2.5582197985163178e-03, 2.5261134097300290e-03,
       6.1102646617539112e-04, 6.5577562981571441e-02,
       5.3897339127923480e-02, 5.3004893670406381e-02,
       4.7886803139973715e-03, 4.8282503409734405e-03,
       5.3588918932172931e-04, 6.7843179046055149e-02,
       5.6570375393701022e-02, 5.6928157943161695e-02,
       2.3401799997719566e-03, 2.3149510968263039e-03,
       4.0269980728671162e-04, 6.0934430645854402e-02,
       5.0311430362591558e-02, 4.8868852848927682e-02,
       1.9426348961148704e-03, 1.9020928920023131e-03,
       5.6952356807026244e-04, 5.9277464398636882e-02,
       4.8920759236154784e-02, 4.5529287995223273e-02,
       1.7746164750215730e-03, 1.7285357718796800e-03,
       6.7174040339114524e-04, 5.9899470184832479e-02,
       4.9370083287263521e-02, 4.4936136643423670e-02,
       5.0799722799602055e-03, 5.0829669606130088e-03,
       3.3145127499208696e-04, 6.8434681090576516e-02,
       5.6691497385835912e-02, 5.6001715662690126e-02,
       1.9181332069493791e-03, 1.9056593919286845e-03,
       5.9807442407259863e-04, 6.8278721896975356e-02,
       5.6240846710825278e-02, 5.2801114494025338e-02,
       1.8776188362772698e-03, 1.9092890330051292e-03,
       5.9813074774729322e-04, 6.9628522830067124e-02,
       5.7296705994350126e-02, 5.4672766602387832e-02,
       1.8397060016454045e-03, 1.8747434909082434e-03,
       6.0427625777597044e-04, 6.7801672709214070e-02,
       5.5713135243809338e-02, 5.3299060881867241e-02,
       1.8626269985164666e-03, 1.8619924425367876e-03,
       6.2193940906112748e-04, 6.8975589186686101e-02,
       5.6688450237427274e-02, 5.3954280439483797e-02,
       1.8660964798347796e-03, 1.8826640291696255e-03,
       6.1068390511054543e-04, 6.8770133537302963e-02,
       5.6467976326990729e-02, 5.4292158678888348e-02,
