%YAML:1.0
---
camera_matrix: !!opencv-matrix
   rows: 3
   cols: 3
   dt: d
   data: [ 2.6125696668274109e+03, 0., 1.9263974538854768e+03, 0.,
       2.6040446145103983e+03, 1.1061366361921221e+03, 0., 0., 1. ]
dist_coeff: !!opencv-matrix
   rows: 1
   cols: 14
   dt: d
   data: [ 3.3648274035502173e+00, -5.6332232963128099e+01,
       -4.0479300180594896e-03, 3.1091927186393245e-03,
       1.1087296531223369e+02, 3.4662727536562006e+00,
       -5.7273006924943772e+01, 1.1300035377005008e+02, 0., 0., 0., 0.,
       0., 0. ]
std_intrinsics: !!opencv-matrix
   rows: 18
   cols: 1
   dt: d
   data: [ 2.4838918766141100e+00, 2.5582276818046705e+00,
       4.6830076735675714e+00, 3.5696298300284908e+00,
       3.7679323962791607e+00, 3.1544298206904013e+01,
       4.5704584674502875e-04, 5.6922333399882490e-04,
       6.8496182555130375e+01, 3.7835287597403915e+00,
       3.1671067018787195e+01, 6.8744135328740754e+01, 0., 0., 0., 0.,
       0., 0. ]
std_extrinsics: !!opencv-matrix
   rows: 798
   cols: 1
   dt: d
   data: [ 1.9235499521098748e-03, 1.9660077271980579e-03,
       7.9667421066527682e-04, 4.4552191436851553e-02,
       3.3744435614994420e-02, 3.0713836419683498e-02,
       1.9140343269849884e-03, 1.9575478592987841e-03,
       8.0127299300850757e-04, 4.4114277986885199e-02,
       3.3396603834812424e-02, 3.0479839013304564e-02,
       1.9107468377839926e-03, 1.9567124470207817e-03,
       8.0052949761528201e-04, 4.3893885696612740e-02,
       3.3231933401272562e-02, 3.0233143406321092e-02,
       1.9122107171110044e-03, 1.9639058400731258e-03,
       7.9372904083027435e-04, 4.3991531031762149e-02,
       3.3271974336380121e-02, 3.0398908011685388e-02,
       1.9254723771131919e-03, 1.9738571428008535e-03,
       7.8869304101032982e-04, 4.4185780131023582e-02,
       3.3389913470522052e-02, 3.0553346461945300e-02,
       6.9519442797498134e-03, 6.9120764574266370e-03,
       5.3924450370998315e-04, 6.0305762030894418e-02,
       4.6265070563375435e-02, 5.0300409334049778e-02,
       2.1127813727992882e-03, 2.2521676613409800e-03,
       6.4940299045628121e-04, 4.2840141208038487e-02,
       3.2182076295392166e-02, 2.9287887204237775e-02,
       2.8007912222188518e-03, 2.8709146496136099e-03,
       4.1848152595959094e-04, 4.7159716107882485e-02,
       3.5914583298288269e-02, 3.2849187878717906e-02,
       2.8897510430098299e-03, 2.8213469175994215e-03,
       7.5118741292573468e-04, 6.4554536761375708e-02,
       4.8827532866843527e-02, 3.8228733099153318e-02,
       2.6148533596691936e-03, 2.3899829544392231e-03,
       8.4436960318041521e-04, 6.8998995145299849e-02,
       5.2464374105115570e-02, 4.2118927970006700e-02,
       2.4401535748157853e-03, 2.2007841403969865e-03,
       9.5156875724656457e-04, 7.2017733990999741e-02,
       5.4651553373924397e-02, 4.4872023727592011e-02,
       2.3877219203522707e-03, 2.1519094317178958e-03,
       1.0291450890870478e-03, 7.4510876396310238e-02,
       5.6532917295134995e-02, 4.6576269532167203e-02,
       2.2796356052483487e-03, 2.0614667700920302e-03,
       1.1129210929317591e-03, 7.2345619617647267e-02,
       5.4939456957365955e-02, 4.3217341789908069e-02,
       2.2041965769743098e-03, 2.0107840198516657e-03,
       1.1248569781691399e-03, 7.1605260770800205e-02,
       5.4375465573930727e-02, 4.2446659011906897e-02,
       2.1917341575686000e-03, 1.9555121041133551e-03,
       1.1482159687510891e-03, 7.0556607952436803e-02,
       5.3545396585129273e-02, 4.1941385004692279e-02,
       2.1936823297172519e-03, 1.9593441359130781e-03,
       1.1492953785607084e-03, 7.1040244978216274e-02,
       5.3925140540525246e-02, 4.2130138175458381e-02,
       6.3617542219302214e-03, 6.3115465188409705e-03,
       5.3422673724912552e-04, 6.0448522133882999e-02,
       4.6364483087601084e-02, 4.8533510134284141e-02,
       2.2015562549912737e-03, 1.9548699077750818e-03,
       1.1535244220184883e-03, 7.1242379829888597e-02,
       5.4096636467284340e-02, 4.2141721931889642e-02,
       2.2083684020271096e-03, 1.9507183415874605e-03,
       1.1588588025988231e-03, 7.1359902518968593e-02,
       5.4192466757021079e-02, 4.2232476505237516e-02,
       2.2055879149030771e-03, 1.9478860379129317e-03,
       1.1607684271323796e-03, 7.1314709958352859e-02,
       5.4164862960373948e-02, 4.2125017962886188e-02,
       2.1892314034049373e-03, 1.9249173141703201e-03,
       1.1685314135019063e-03, 7.1009920762413720e-02,
       5.3918877265635358e-02, 4.1942911775668668e-02,
       2.1270667345237959e-03, 1.8962926479811379e-03,
       1.1666561485689621e-03, 7.0416345478072781e-02,
       5.3487074717892012e-02, 4.1285579620499543e-02,
       2.1203306978592878e-03, 1.9031957635113966e-03,
       1.1513775512694848e-03, 7.0338767663253712e-02,
       5.3450764586710262e-02, 4.1200215702724877e-02,
       2.1552131144582523e-03, 1.9178121876953350e-03,
       1.0764760481747073e-03, 6.8095427617767740e-02,
       5.1670656770985528e-02, 4.0104469286979048e-02,
       2.0288859077893183e-03, 1.9161478184944272e-03,
       9.7931709280603256e-04, 6.3538436825554004e-02,
       4.7856949639061987e-02, 4.0048039541194756e-02,
       1.8217670107721201e-03, 1.9037850676452775e-03,
       9.1914656800268831e-04, 5.8958212003565207e-02,
       4.4681228320036313e-02, 3.5407982389538038e-02,
       1.7685461763518285e-03, 1.9157134451902452e-03,
       9.2033628223019473e-04, 5.9285884182379227e-02,
       4.5241701642254772e-02, 3.5470108586926508e-02,
       6.6054545311230355e-03, 6.5583408530334088e-03,
       5.3488759574379973e-04, 6.0430279939381708e-02,
       4.6356324517262147e-02, 4.9456642777821871e-02,
       1.7645193234869789e-03, 1.9349448180582493e-03,
       9.5787649795889252e-04, 6.3247165047760331e-02,
       4.8319044032398811e-02, 3.8803590085274252e-02,
       1.8119834607755198e-03, 1.9875992747721248e-03,
       9.8505218609304217e-04, 7.0280710884346967e-02,
       5.3776575595861680e-02, 4.4939152357020930e-02,
       1.8545013581048721e-03, 2.0115223520935405e-03,
       1.0132656269168337e-03, 7.4148606783016088e-02,
       5.6535221032968132e-02, 4.9062870694881466e-02,
       1.8678692022135778e-03, 2.0194356462340779e-03,
       1.0102435579144935e-03, 7.4556220030317907e-02,
       5.6795280366439424e-02, 4.9536201397265146e-02,
       1.8691569169989478e-03, 2.0289749480092234e-03,
       9.9595072393094839e-04, 7.4164587672081811e-02,
       5.6552592231249969e-02, 4.9076553693208805e-02,
       1.8754777634463885e-03, 2.0348065830108398e-03,
       9.8825318688927481e-04, 7.3965010916818216e-02,
       5.6454022230057785e-02, 4.8747857702496393e-02,
       1.8813510212926706e-03, 2.0399906616646586e-03,
       9.8769591951072973e-04, 7.4074244750214749e-02,
       5.6500738962575993e-02, 4.8912746496330053e-02,
       1.8838401168893661e-03, 2.0390632178847808e-03,
       9.8746444541614664e-04, 7.3913598029959990e-02,
       5.6310064614242039e-02, 4.8906848347087563e-02,
       1.8787310255948401e-03, 2.0334425932416692e-03,
       9.8871158229322403e-04, 7.3833992582587507e-02,
       5.6292419232652699e-02, 4.8768383471117678e-02,
       1.8760810899704846e-03, 2.0271616212800378e-03,
       9.8965299309534049e-04, 7.3511366461335187e-02,
       5.5997029999854508e-02, 4.8574126331960607e-02,
       6.6784408499524018e-03, 6.6305166120384940e-03,
       5.4465437268569187e-04, 6.0590410263217855e-02,
       4.6469652912287968e-02, 5.0780869425292717e-02,
       6.2479668200916688e-03, 6.2288031470509667e-03,
       5.8395247522325473e-04, 5.9460719726528111e-02,
       4.5606320174746640e-02, 5.0178970635714769e-02,
       6.6850010174686362e-03, 6.6489315129855502e-03,
       5.2519598854606088e-04, 6.0387480142208634e-02,
       4.6308005205759555e-02, 4.9193698643098943e-02,
       3.9501392399089227e-03, 3.9424306577164458e-03,
       5.9231598493691008e-04, 5.6528219221243771e-02,
       4.3064884164840778e-02, 4.5587444018600674e-02,
