%YAML:1.0
---
camera_matrix: !!opencv-matrix
   rows: 3
   cols: 3
   dt: d
   data: [ 2.6174695058537004e+03, 0., 1.7839711486933745e+03, 0.,
       2.6086489382516843e+03, 1.0936347682079229e+03, 0., 0., 1. ]
dist_coeff: !!opencv-matrix
   rows: 1
   cols: 14
   dt: d
   data: [ -1.4273663823467642e+01, 1.0753449383976580e+02,
       -4.1744529129430748e-03, -1.3939230923212876e-02,
       -1.5066706786481845e+02, -1.4249427615776913e+01,
       1.0713703801749648e+02, -1.4996525663589404e+02, 0., 0., 0., 0.,
       0., 0. ]
std_intrinsics: !!opencv-matrix
   rows: 18
   cols: 1
   dt: d
   data: [ 2.4350505755921188e+00, 2.3667616819316053e+00,
       4.2709041729736477e+00, 3.4952520330303352e+00,
       1.2283707829286272e+00, 1.0800117741789732e+01,
       4.7564193136532645e-04, 5.7806850515533113e-04,
       5.2559231768016204e+01, 1.2306881001048180e+00,
       1.0808295454067174e+01, 5.2490806975592797e+01, 0., 0., 0., 0.,
       0., 0. ]
std_extrinsics: !!opencv-matrix
   rows: 1056
   cols: 1
   dt: d
   data: [ 8.6650980105449794e-03, 8.7468965872302944e-03,
       4.8302730863226939e-04, 8.6454226715044546e-02,
       7.1223778542367597e-02, 7.5559934618507241e-02,
       7.9686688818024504e-03, 8.0566577060462354e-03,
       5.1752160518917878e-04, 8.6636705105235023e-02,
       7.1415316934614032e-02, 7.4170869475940454e-02,
       8.3082966273305883e-03, 8.3795266325341188e-03,
       5.3111157919551080e-04, 8.7377436942814038e-02,
       7.2025189518728036e-02, 7.6112205366501026e-02,
       2.1461555526117002e-03, 2.1139739917695848e-03,
       6.4444283753297804e-04, 5.4535463792136536e-02,
       4.5225171011676661e-02, 3.8236600027397996e-02,
       1.8130698188130411e-03, 1.7686895248892917e-03,
       8.0388326102309423e-04, 5.5278847696009208e-02,
       4.5700311062311053e-02, 3.8332636871070504e-02,
       1.8007874860824710e-03, 1.7259805299794121e-03,
       8.7297300538279033e-04, 5.7395705068076938e-02,
       4.7302186804638192e-02, 3.9757398111274600e-02,
       1.7643424771196839e-03, 1.6948448457476597e-03,
       9.1122001775691716e-04, 5.8447659989719965e-02,
       4.8221721263722338e-02, 4.0836877316718076e-02,
       1.7647271066492084e-03, 1.6910556935219620e-03,
       9.2094894872955509e-04, 5.8725233533111154e-02,
       4.8478621454522648e-02, 4.1158960878298352e-02,
       1.7642471269321796e-03, 1.6870794628124030e-03,
       9.3129891700757220e-04, 5.9166323132652104e-02,
       4.8830070095413534e-02, 4.1503399591010043e-02,
       1.7665138663670850e-03, 1.6902146667920983e-03,
       9.2966665767950851e-04, 5.9521481586625451e-02,
       4.9116980130625272e-02, 4.1782489758385145e-02,
       1.7642487102844195e-03, 1.6898208463737574e-03,
       9.3008271636205555e-04, 5.9375554140956299e-02,
       4.9009793180436106e-02, 4.1696574868887996e-02,
       1.7608966465334067e-03, 1.6859442971399726e-03,
       9.3511701031895561e-04, 5.9389332795181916e-02,
       4.9022138992814546e-02, 4.1710777511947905e-02,
       1.7552564194939959e-03, 1.6797904607751754e-03,
       9.3685511931424945e-04, 5.8973307371592211e-02,
       4.8683455659450918e-02, 4.1439132277809688e-02,
       8.2832513216919441e-03, 8.3549547584327311e-03,
       5.3390643773499431e-04, 8.7670639231983857e-02,
       7.2264130115563333e-02, 7.5621183716382073e-02,
       1.7526088722356844e-03, 1.6766426166673538e-03,
       9.4139337888797471e-04, 5.8966719088854008e-02,
       4.8681246441286297e-02, 4.1435184760292253e-02,
       1.7570263989938094e-03, 1.6804569576632442e-03,
       9.4135725852633248e-04, 5.9444235400834405e-02,
       4.9048474457949937e-02, 4.1760276851631181e-02,
       1.7640562548337595e-03, 1.6838604885345307e-03,
       9.8285677409432493e-04, 6.2554531883983786e-02,
       5.1544499474021517e-02, 4.4073673121029742e-02,
       1.7582865138893202e-03, 1.6967149539275817e-03,
       9.9081959456386861e-04, 6.5205659031770197e-02,
       5.3777032363060265e-02, 4.6257068282981324e-02,
       1.7664203775516123e-03, 1.7058904894020500e-03,
       9.8292789712927254e-04, 6.5563909263282746e-02,
       5.4056658029631097e-02, 4.6519444647812963e-02,
       1.7732202003187924e-03, 1.7107612330271393e-03,
       9.8132402819265004e-04, 6.5858460674135214e-02,
       5.4297367219757912e-02, 4.6723489785228133e-02,
       1.7864447006642229e-03, 1.7616692045283662e-03,
       9.2547746995415888e-04, 6.6111010338269244e-02,
       5.4744710494653986e-02, 4.7640414484693402e-02,
       1.8470855499012936e-03, 1.8236789908683286e-03,
       7.0557078501135061e-04, 5.7792243670736550e-02,
       4.7110019549103717e-02, 5.0143992776966066e-02,
       1.9190701475697578e-03, 1.9217636425965792e-03,
       6.6883701489289652e-04, 5.9182982353824673e-02,
       4.8576813040762536e-02, 4.0061795470565452e-02,
       1.9202598580137736e-03, 1.8796076635102456e-03,
       7.8012835380913959e-04, 6.3194856516250203e-02,
       5.1945771123648697e-02, 4.0157167246532031e-02,
       8.2340537151405196e-03, 8.3069192943025227e-03,
       5.3866833268478604e-04, 8.7962931999088750e-02,
       7.2517320269951807e-02, 7.6009018041256857e-02,
       1.8852478448321711e-03, 1.8379915455829505e-03,
       8.9144907672437988e-04, 6.2309674092752197e-02,
       5.1780261461889111e-02, 4.2838491243523291e-02,
       1.8111892570390673e-03, 1.7825376786127069e-03,
       9.1686499223557830e-04, 6.3661205856818309e-02,
       5.2691268813047934e-02, 4.2040290787421802e-02,
       1.7636411083579539e-03, 1.7542302756147984e-03,
       9.2185655658097540e-04, 6.8707160951630278e-02,
       5.6543434094943744e-02, 4.4161053869219154e-02,
       1.7623675320673289e-03, 1.7540780789232172e-03,
       9.6086468293492234e-04, 7.4071515503684557e-02,
       6.1044156858059272e-02, 4.7798209992291653e-02,
       1.7697791903267036e-03, 1.7601645787986826e-03,
       9.7372663618390824e-04, 7.7461838983923656e-02,
       6.3867342252088191e-02, 4.9877056368879367e-02,
       1.7944701149750159e-03, 1.7721831231222490e-03,
       9.8375998104023674e-04, 7.6591042208984189e-02,
       6.3296257326250299e-02, 5.0467711440623758e-02,
       1.7865157956813947e-03, 1.7616056862521780e-03,
       9.6547315255294012e-04, 7.4211754458765905e-02,
       6.1104719775074319e-02, 4.8840151754280428e-02,
       1.7771062237376403e-03, 1.7558252594307828e-03,
       9.6155264086314419e-04, 7.3276369326243068e-02,
       6.0281746128141411e-02, 4.7798211880378055e-02,
       1.7664109788660845e-03, 1.7499644003350853e-03,
       9.5812387064606020e-04, 7.2841568832524517e-02,
       5.9878054585801116e-02, 4.7188669995394859e-02,
       1.7598640416202546e-03, 1.7452283907670187e-03,
       9.5191355490601673e-04, 7.2698224238372411e-02,
       5.9689759222205110e-02, 4.6819175782727693e-02,
       8.3867155652276107e-03, 8.4640160486779501e-03,
       5.1795636771773709e-04, 8.7651197790141105e-02,
       7.2238186082292266e-02, 7.6852707991669961e-02,
       1.7640796620937850e-03, 1.7473161626939157e-03,
       9.4817283953214373e-04, 7.3062159565757817e-02,
       5.9976286723750022e-02, 4.6953717162089077e-02,
       1.7652617449380231e-03, 1.7465564510711271e-03,
       9.5133064907812525e-04, 7.3069045975977270e-02,
       5.9968420796378596e-02, 4.7177951840742270e-02,
       1.7693246853270385e-03, 1.7468496609839772e-03,
       9.5075521207943698e-04, 7.3665793595176943e-02,
       6.0411744429594329e-02, 4.7635886671482650e-02,
       1.7731217155551630e-03, 1.7466224378252992e-03,
       9.5124002465312785e-04, 7.4036823845929536e-02,
       6.0672361065456988e-02, 4.8085296469472863e-02,
       1.7757099652078870e-03, 1.7451499015914381e-03,
       9.5273296928659020e-04, 7.4419430383779017e-02,
       6.0933230682365412e-02, 4.8440852136832094e-02,
       1.7786740606182795e-03, 1.7447579977356575e-03,
       9.5130200941937653e-04, 7.4723072207784305e-02,
       6.1137296587186710e-02, 4.8718599039391353e-02,
