%YAML:1.0
---
camera_matrix: !!opencv-matrix
   rows: 3
   cols: 3
   dt: d
   data: [ 2.6250906257199881e+03, 0., 1.8952763045521856e+03, 0.,
       2.6234532462847778e+03, 1.0850961911429597e+03, 0., 0., 1. ]
dist_coeff: !!opencv-matrix
   rows: 1
   cols: 14
   dt: d
   data: [ -8.9848062260651478e+00, 3.1106553856943929e+01,
       -1.8748001230123516e-03, 5.0597982441283676e-04,
       -2.5623439314021681e+01, -8.9933564687320207e+00,
       3.1151463833462959e+01, -2.5771290291799879e+01, 0., 0., 0., 0.,
       0., 0. ]
std_intrinsics: !!opencv-matrix
   rows: 18
   cols: 1
   dt: d
   data: [ 1.9029866735579732e+00, 1.9306925037034903e+00,
       2.5967580782659008e+00, 2.4344303007332209e+00,
       2.8216152058468036e-01, 1.9795998632506651e+00,
       3.0890251819332403e-04, 3.6944723693498489e-04,
       3.9366219118343957e+00, 2.8175356113249228e-01,
       1.9666543154043452e+00, 3.8972940969327250e+00, 0., 0., 0., 0.,
       0., 0. ]
std_extrinsics: !!opencv-matrix
   rows: 1506
   cols: 1
   dt: d
   data: [ 1.0417430996721273e-02, 1.0415151658598933e-02,
       6.7655458875728869e-04, 4.6971738606450986e-02,
       4.4427770707398305e-02, 7.3091863123059445e-02,
       1.0378949404464457e-02, 1.0358446930856224e-02,
       6.7124204446081064e-04, 4.6909747436335157e-02,
       4.4379372798099490e-02, 7.2863759449466825e-02,
       3.6634607195785854e-03, 3.7678751796811818e-03,
       7.9343864672819632e-04, 4.7382914714587318e-02,
       4.2322338634616138e-02, 5.7116528514704425e-02,
       1.8780634624858273e-03, 1.8666997525402353e-03,
       7.1364950255453608e-04, 3.8214721039049673e-02,
       3.5301279800872803e-02, 3.4067887706653914e-02,
       1.7402054739491819e-03, 1.7339885078363319e-03,
       7.4089607025412500e-04, 3.8916333451361203e-02,
       3.5739490987956868e-02, 3.4759387511558090e-02,
       1.6989793990985554e-03, 1.6823263172272486e-03,
       7.5909350415631280e-04, 4.0326919689177440e-02,
       3.7178637932041597e-02, 3.7091857631818138e-02,
       1.6739051029395224e-03, 1.6658017715174367e-03,
       7.8441367155058378e-04, 4.1668870263166589e-02,
       3.8222531801793649e-02, 3.8782952551994758e-02,
       1.7178589925264300e-03, 1.7159731348815972e-03,
       7.9610522853246039e-04, 4.2499312382109564e-02,
       3.8914037281193033e-02, 3.9968065682445521e-02,
       1.6365437578002068e-03, 1.6345035030360551e-03,
       7.8117078091342472e-04, 4.1092969154648606e-02,
       3.7594151178254362e-02, 3.7848052811082521e-02,
       1.5685842784709256e-03, 1.5634115858941906e-03,
       7.8317806405712445e-04, 4.0366530499739477e-02,
       3.7004494390111234e-02, 3.6780568236978277e-02,
       1.4952456112582028e-03, 1.4855013413478939e-03,
       7.8504613271262427e-04, 3.9524731258972462e-02,
       3.6530355388669208e-02, 3.6197764703357810e-02,
       1.4282146074199203e-03, 1.4127064953633533e-03,
       7.9171507396568288e-04, 3.8612593991642186e-02,
       3.5840670265801032e-02, 3.5251371557273176e-02,
       1.4115974273677648e-03, 1.3918716646901547e-03,
       7.9845360082619692e-04, 3.8625379917537041e-02,
       3.6012646396595537e-02, 3.5633795173197903e-02,
       3.5501125582329436e-03, 3.6472166407403458e-03,
       7.8890937869882595e-04, 4.7292008563360320e-02,
       4.2236195410601994e-02, 5.6517354549831610e-02,
       1.4105588491025505e-03, 1.3866828427914642e-03,
       7.9760737225891519e-04, 3.9059646998744896e-02,
       3.6425100128278882e-02, 3.6721080096092588e-02,
       1.4192255994384313e-03, 1.3922775900843888e-03,
       7.7650494415840957e-04, 3.9629894369338836e-02,
       3.6716035149140513e-02, 3.7717360608961865e-02,
       1.4263620195225316e-03, 1.3914352941221903e-03,
       7.5321815023483396e-04, 4.0323527680668408e-02,
       3.6944654868510916e-02, 3.8698869149934194e-02,
       1.4142599041028550e-03, 1.3744599187948620e-03,
       7.5172622827708363e-04, 4.0832588556424805e-02,
       3.7185590708553963e-02, 3.9382536760574238e-02,
       1.4281652728225416e-03, 1.3825416675551216e-03,
       7.4813163507678865e-04, 4.0611620507710597e-02,
       3.7002066379999081e-02, 3.9249016956731136e-02,
       1.4919071191764265e-03, 1.4541098974727093e-03,
       7.3338340722790656e-04, 3.9615765451728943e-02,
       3.6567460009824582e-02, 3.8045784484122838e-02,
       1.5699705649167412e-03, 1.5471506062256825e-03,
       7.1764596237132536e-04, 3.8887151242600969e-02,
       3.6244503090781539e-02, 3.6822679873906458e-02,
       1.6538232651319507e-03, 1.6345519391163356e-03,
       7.2012475932485792e-04, 3.8867575803229422e-02,
       3.6192051745992798e-02, 3.6154914893101846e-02,
       1.6973128474539090e-03, 1.6872095448293178e-03,
       7.3075030032034320e-04, 3.9250459648493531e-02,
       3.6421346357789694e-02, 3.6123364567943010e-02,
       1.6296862530792077e-03, 1.6179529158683547e-03,
       7.1406746642903090e-04, 3.8122236169499460e-02,
       3.5342205996723206e-02, 3.4067600985170893e-02,
       3.5675128333815674e-03, 3.6514067699909372e-03,
       8.0424074471477011e-04, 4.7676959122479434e-02,
       4.2456885065972380e-02, 5.6942901873586277e-02,
       1.6646730509687231e-03, 1.6630091065823215e-03,
       6.8131331678866747e-04, 3.8264065684148953e-02,
       3.5838077497316857e-02, 3.3964343217717574e-02,
       1.6928049594547470e-03, 1.7121501295814369e-03,
       6.8335079847649499e-04, 3.8682069346742051e-02,
       3.6511379965224980e-02, 3.5020169429050917e-02,
       1.7097471382479799e-03, 1.7264899768736229e-03,
       6.9414010298398678e-04, 3.9114918997224801e-02,
       3.6834326112847635e-02, 3.5487529620882627e-02,
       1.7861135357233268e-03, 1.7798296993501480e-03,
       7.3314893037747155e-04, 4.0009983720047819e-02,
       3.7011944145627328e-02, 3.6290326658567212e-02,
       1.6942213599737451e-03, 1.7004836104367268e-03,
       7.5970839887892392e-04, 3.9243214237494599e-02,
       3.5923767321489247e-02, 3.5204845570411057e-02,
       1.6759533908985566e-03, 1.6974945997822865e-03,
       7.7519180179885664e-04, 3.9299196815194497e-02,
       3.5830591646011864e-02, 3.5207056255580377e-02,
       1.6674727331672885e-03, 1.6844606215356626e-03,
       7.8529046933465297e-04, 3.9227911395717366e-02,
       3.5683144820674702e-02, 3.5252299926084286e-02,
       1.6523182016818544e-03, 1.6580652440886918e-03,
       7.8000498981345228e-04, 3.9009535563575524e-02,
       3.5571306526591913e-02, 3.5057645909712616e-02,
       1.6380984131693674e-03, 1.6465675474905857e-03,
       7.7448392212424390e-04, 3.9018430631022873e-02,
       3.5708454235282225e-02, 3.5132345030342328e-02,
       1.5631862035849818e-03, 1.5691405547709832e-03,
       7.6516686560732742e-04, 3.8708694510355877e-02,
       3.5624443725986200e-02, 3.4740568282897524e-02,
       3.3097419318815933e-03, 3.4104501685286877e-03,
       7.5094119289302922e-04, 4.6679807185484840e-02,
       4.2054973389272131e-02, 5.5320415733236934e-02,
       1.5022792793479350e-03, 1.4940355833405108e-03,
       7.5313418706902556e-04, 3.8509263914358202e-02,
       3.5890005540810031e-02, 3.5408929192119222e-02,
       1.4122755408116981e-03, 1.3934843498861166e-03,
       7.6603128107349447e-04, 3.7806884650397339e-02,
       3.5286239560697263e-02, 3.4720801702205727e-02,
       1.3617208674062240e-03, 1.3328381592927073e-03,
       7.7321879914647631e-04, 3.7878996834210178e-02,
       3.5108586604666855e-02, 3.4865158876671652e-02,
       1.3059932658717455e-03, 1.2784646540884726e-03,
       7.4505155011331432e-04, 3.7869330602764269e-02,
       3.4596443883109465e-02, 3.4782159992742971e-02,
       1.2978518619624687e-03, 1.2696104915378612e-03,
       7.2816350084756252e-04, 3.7808067572669940e-02,
       3.4332889023277392e-02, 3.4830258576282892e-02,
       1.2921616073457284e-03, 1.2801511015709227e-03,
       7.2244509987654253e-04, 3.7910623489492659e-02,
       3.4180360667347816e-02, 3.4883118239297177e-02,
