%YAML:1.0
---
camera_matrix: !!opencv-matrix
   rows: 3
   cols: 3
   dt: d
   data: [ 2.6213088134321074e+03, 0., 1.8942024243049723e+03, 0.,
       2.6161291110746124e+03, 1.0842034623085617e+03, 0., 0., 1. ]
dist_coeff: !!opencv-matrix
   rows: 1
   cols: 14
   dt: d
   data: [ -1.0431064183094216e+01, 4.0115417867290596e+01,
       -2.7554887526418394e-03, 1.5836681803509055e-03,
       -2.1682845714137841e+01, -1.0437225350466147e+01,
       4.0181889106484611e+01, -2.2049372675941694e+01, 0., 0., 0., 0.,
       0., 0. ]
std_intrinsics: !!opencv-matrix
   rows: 18
   cols: 1
   dt: d
   data: [ 2.1103862691717898e+00, 2.2707382375097338e+00,
       2.5933620498402652e+00, 2.2760221063650623e+00,
       4.2255720721075685e-01, 2.1934061148978428e+00,
       2.8778375323530237e-04, 3.7242836445694298e-04,
       6.8506178130773980e+00, 4.2389226971288863e-01,
       2.1942957490475745e+00, 6.7460763587991508e+00, 0., 0., 0., 0.,
       0., 0. ]
std_extrinsics: !!opencv-matrix
   rows: 1272
   cols: 1
   dt: d
   data: [ 7.5482317828744361e-03, 7.5718260847729580e-03,
       5.2211910668591925e-04, 3.6285409918479977e-02,
       3.1970328748985290e-02, 5.5039251905202924e-02,
       7.7017909776822520e-03, 7.7122009128498294e-03,
       5.3185003875658805e-04, 3.6273192626463266e-02,
       3.1961627819685597e-02, 5.5850446352196409e-02,
       4.0327387197564213e-03, 4.1469957637874080e-03,
       7.8726667573181621e-04, 4.1173525113740721e-02,
       3.4439423388858852e-02, 5.5628683041285876e-02,
       1.7906319752097532e-03, 1.7506689620676102e-03,
       8.2340802406111343e-04, 4.3757259831859054e-02,
       3.9032401888042662e-02, 4.6895437681590720e-02,
       1.8898974323045829e-03, 1.8140127040466886e-03,
       8.5207217998478906e-04, 4.4930481365147774e-02,
       3.9125148609789585e-02, 4.7940751128969422e-02,
       1.8748190959226570e-03, 1.8202231354993153e-03,
       8.9741326669541999e-04, 4.5246183377707208e-02,
       3.8442108156449856e-02, 4.8420109342815598e-02,
       1.8284029800870601e-03, 1.8031646177245121e-03,
       9.2258471610122687e-04, 4.5494393756766491e-02,
       3.8237982153032084e-02, 4.8537555530809559e-02,
       1.7949819451603935e-03, 1.7965164916759280e-03,
       9.3740753879131041e-04, 4.5411752815243497e-02,
       3.8051242917807808e-02, 4.8251666405443233e-02,
       1.7476968315292447e-03, 1.7487869196582374e-03,
       9.2727142129241482e-04, 4.4684714132546627e-02,
       3.7523848059866041e-02, 4.7297267475514965e-02,
       1.7683524013930435e-03, 1.7613812856203371e-03,
       9.2262882878739959e-04, 4.4849888751425752e-02,
       3.7764355521892286e-02, 4.7749316875802840e-02,
       1.8025104451572908e-03, 1.7797014635087941e-03,
       9.0562949902784164e-04, 4.4724798215454914e-02,
       3.7921388420327579e-02, 4.7892513918320737e-02,
       1.8054239441274739e-03, 1.7613832343558147e-03,
       8.9639966609952979e-04, 4.4895682311342604e-02,
       3.8224611598802534e-02, 4.8250870536215615e-02,
       3.5496167836101683e-03, 3.7731906124076884e-03,
       7.7093254473911883e-04, 4.1486997913531429e-02,
       3.4230437644406329e-02, 5.4135470837002618e-02,
       1.7604190436237815e-03, 1.7092790309664858e-03,
       8.7355663447925261e-04, 4.4180169079556894e-02,
       3.8206821611113349e-02, 4.8216481395063557e-02,
       1.6921171727406602e-03, 1.6671994841761879e-03,
       8.6504499671043753e-04, 4.3832248728750682e-02,
       3.8637452936614136e-02, 4.9608570476752087e-02,
       1.6284956636457731e-03, 1.6156081588885986e-03,
       8.1325945194835470e-04, 4.4308139386558511e-02,
       3.8681016894018282e-02, 5.0580065260886709e-02,
       1.6233388962605716e-03, 1.5900567763797158e-03,
       7.8042298098050984e-04, 4.5025083771930895e-02,
       3.8554550654861137e-02, 5.1257159545112882e-02,
       1.6160343466757696e-03, 1.5720220086066789e-03,
       7.4788473562492663e-04, 4.4717953309548676e-02,
       3.7921531173317168e-02, 5.0481507719731623e-02,
       1.6443947896891780e-03, 1.5977813051177446e-03,
       7.4027640407682116e-04, 4.4675382673665644e-02,
       3.7968525959861714e-02, 5.0486068830292580e-02,
       1.6542939291250649e-03, 1.6104611124747792e-03,
       7.3750047436255031e-04, 4.4521597148010315e-02,
       3.7872423917708120e-02, 5.0306061742084150e-02,
       1.6322394951051133e-03, 1.5984670817157716e-03,
       7.1925637023104237e-04, 4.4429221350568079e-02,
       3.7841334308297787e-02, 4.9555409023288019e-02,
       1.6278158717780665e-03, 1.6211359081677718e-03,
       7.1654351596440091e-04, 4.4477843473367494e-02,
       3.8362427030282975e-02, 4.9167506783182900e-02,
       1.6275672737884567e-03, 1.6617851901863860e-03,
       7.1656942997407047e-04, 4.5168146606205668e-02,
       3.8976879956980952e-02, 4.9995871484590067e-02,
       3.4539230247584650e-03, 3.7131659111209626e-03,
       7.5504384809154724e-04, 4.1408581918979587e-02,
       3.3994164935974160e-02, 5.3846635235496744e-02,
       1.6512072416420102e-03, 1.6678929010256313e-03,
       7.1879669755488729e-04, 4.5984655106816590e-02,
       3.9133939833943997e-02, 5.1356049626290097e-02,
       1.6956403922377672e-03, 1.6406471190131841e-03,
       7.4959089734429084e-04, 4.5522628299052272e-02,
       3.8276851001331026e-02, 5.2097585212094177e-02,
       1.6579186252971151e-03, 1.5791214865714940e-03,
       7.8444340618685781e-04, 4.4875632933855422e-02,
       3.7614243872653851e-02, 5.0611723944838080e-02,
       1.6627542133436834e-03, 1.5224999647102905e-03,
       7.8668671149338882e-04, 4.4717666750506709e-02,
       3.7299701177963260e-02, 5.0147183088753162e-02,
       1.6374741405084238e-03, 1.4633785327997357e-03,
       7.7393071682462595e-04, 4.4495734082510431e-02,
       3.6743495756153502e-02, 4.9763699585030130e-02,
       1.5711559700902795e-03, 1.4275522974833770e-03,
       7.5396491117536647e-04, 4.5007103114480314e-02,
       3.6349341000542060e-02, 4.9619753243015548e-02,
       1.5919711737342483e-03, 1.4506348069599942e-03,
       7.5232179890996403e-04, 4.5456177821146034e-02,
       3.6669536659871292e-02, 5.0262090872673831e-02,
       1.6426277660949900e-03, 1.4772225475964747e-03,
       7.5643073147745802e-04, 4.4748690335693460e-02,
       3.6583839464297385e-02, 4.9885330651103350e-02,
       1.7260737412333430e-03, 1.6450959188259253e-03,
       7.8553609144832036e-04, 4.3667621037354720e-02,
       3.7151523514734330e-02, 4.9759579363947246e-02,
       1.9432004403361293e-03, 1.8523724079610171e-03,
       8.1792442518293491e-04, 4.3532732485405443e-02,
       3.7750574443655593e-02, 5.0341591537380340e-02,
       3.3067934728352442e-03, 3.5197935740076194e-03,
       6.9100171874590742e-04, 4.0847291264507347e-02,
       3.3224147128586547e-02, 5.3161016213668498e-02,
       2.1175794918823262e-03, 2.0423495850237831e-03,
       8.5022203516963595e-04, 4.2447577030808779e-02,
       3.7055676802629257e-02, 4.7646065230724240e-02,
       2.2345869100950499e-03, 2.2449117214003696e-03,
       9.0271138628525405e-04, 4.3156066562269196e-02,
       3.7109907206793143e-02, 4.6360161252352365e-02,
       2.2878503944778429e-03, 2.3348378257245345e-03,
       9.4478161262605785e-04, 4.4655613964179115e-02,
       3.8209846298559454e-02, 4.8304353342549962e-02,
       2.1637502281625855e-03, 2.1677865247187612e-03,
       8.8820954392371157e-04, 4.3293581189681705e-02,
       3.7709893994112717e-02, 4.8052650184010164e-02,
       2.0963031765504660e-03, 2.0229429316834372e-03,
       7.1349302219522379e-04, 3.8163085630815108e-02,
       3.3108716864240259e-02, 4.0989347149253813e-02,
       2.1030639514537379e-03, 2.0111294596570389e-03,
       6.2868417671558510e-04, 3.3682698111679933e-02,
       2.9182706232828298e-02, 3.4511427957950196e-02,
       2.2839781161458641e-03, 2.1945728371881492e-03,
       5.4330865862195748e-04, 3.1322462220785295e-02,
       2.7290891750141207e-02, 3.1362806167215145e-02,
