%YAML:1.0
---
camera_matrix: !!opencv-matrix
   rows: 3
   cols: 3
   dt: d
   data: [ 2.6039335628498911e+03, 0., 1.8655015962454199e+03, 0.,
       2.6001700586185020e+03, 1.0528026745031698e+03, 0., 0., 1. ]
dist_coeff: !!opencv-matrix
   rows: 1
   cols: 14
   dt: d
   data: [ -1.3896772067845372e+01, 1.4314063217980666e+02,
       -1.3107162906605728e-02, -2.2868598857400634e-03,
       -2.3302374971913065e+02, -1.3902778202476410e+01,
       1.4304533120896679e+02, -2.3192915464483121e+02, 0., 0., 0., 0.,
       0., 0. ]
std_intrinsics: !!opencv-matrix
   rows: 18
   cols: 1
   dt: d
   data: [ 3.0142536646327232e+00, 3.0430031563987026e+00,
       4.5673943746464118e+00, 4.0592258792501594e+00,
       6.8699793450832081e+00, 7.0143253130760257e+01,
       5.3300307363010255e-04, 5.9982149549944015e-04,
       1.7853271067743239e+02, 6.8719691068361435e+00,
       6.9925258097214908e+01, 1.7926546915338051e+02, 0., 0., 0., 0.,
       0., 0. ]
std_extrinsics: !!opencv-matrix
   rows: 882
   cols: 1
   dt: d
   data: [ 6.5142944129481847e-03, 6.5287096793243517e-03,
       4.0501755146633140e-04, 8.0142362698040051e-02,
       7.1429362809652827e-02, 6.7395401462256060e-02,
       6.7274873932026951e-03, 6.7325658532576453e-03,
       4.0728458264629460e-04, 8.0192638829913926e-02,
       7.1495155913477451e-02, 6.7829447023426262e-02,
       5.6205497046210515e-03, 5.6035935240237138e-03,
       4.3869097008465940e-04, 7.6312254806547963e-02,
       6.8134700271105741e-02, 6.4131409491903796e-02,
       2.5840154610021564e-03, 2.6093992647659974e-03,
       9.5380457490741371e-04, 7.1340021140756341e-02,
       6.6634003469648970e-02, 6.9575485704795867e-02,
       2.2838734338170583e-03, 2.4046924065150676e-03,
       8.8768439389737427e-04, 7.7394092151260474e-02,
       7.0173738393267848e-02, 6.4554720567093882e-02,
       2.0709285369821919e-03, 2.2354000657847880e-03,
       9.1884682687543809e-04, 8.2200096754416224e-02,
       7.3531497158915479e-02, 6.3707112031329713e-02,
       1.9999020158465853e-03, 2.1872820338927532e-03,
       9.4898083497346384e-04, 8.3068825292428164e-02,
       7.4139789374508450e-02, 6.4127509692853649e-02,
       1.9660838732773345e-03, 2.1706621303130371e-03,
       9.5537864134745225e-04, 8.3233541628680074e-02,
       7.4163581357295644e-02, 6.2967030834240184e-02,
       1.9518838874661196e-03, 2.1632264654874059e-03,
       9.6146897073882791e-04, 8.2832341765589595e-02,
       7.3790068503243281e-02, 6.2039525082278758e-02,
       1.9492029698974800e-03, 2.1600500086234311e-03,
       9.6173386114286360e-04, 8.2721216459737040e-02,
       7.3675358567512630e-02, 6.1849312642820529e-02,
       1.9457182152120037e-03, 2.1579749438994174e-03,
       9.6160149300759425e-04, 8.2698019266911893e-02,
       7.3635622134778436e-02, 6.1456696503101420e-02,
       1.9505464734352646e-03, 2.1613531536706573e-03,
       9.6132046769671457e-04, 8.3205454736535386e-02,
       7.4076136355879438e-02, 6.1461575720735358e-02,
       1.9545995821308631e-03, 2.1629401964099941e-03,
       9.6207933579953197e-04, 8.3544276958557484e-02,
       7.4374663296797788e-02, 6.1757335723727845e-02,
       6.0877424604272685e-03, 6.0893314978276861e-03,
       4.1515970947058570e-04, 7.6560834197501051e-02,
       6.8323429520642312e-02, 6.4589055288746908e-02,
       1.9330425748213141e-03, 2.1603517023039164e-03,
       9.3198470456127278e-04, 8.2139749188241573e-02,
       7.3072797548950227e-02, 5.8728593185522246e-02,
       2.0603120795866501e-03, 2.2733026774694573e-03,
       8.2354914055669608e-04, 7.9245836198680433e-02,
       6.9908995293073872e-02, 5.7482773340332229e-02,
       2.0338886616608760e-03, 2.1892596223361503e-03,
       9.0967389873884978e-04, 8.3240228590543017e-02,
       7.3650083633421959e-02, 5.9903769243560626e-02,
       2.0250918535905413e-03, 2.1534835075421826e-03,
       9.3628547600575730e-04, 8.5763434675674544e-02,
       7.5298858380978800e-02, 6.2719313667682894e-02,
       2.0267813204779398e-03, 2.1331374741767163e-03,
       1.0278198344735087e-03, 8.8024460883246072e-02,
       7.8314254927541044e-02, 6.0246806366800951e-02,
       2.0323081326804405e-03, 2.1022048572849417e-03,
       1.0671804163632918e-03, 8.7136675853917975e-02,
       7.7533498897165959e-02, 5.9330546067784158e-02,
       2.0505696555541274e-03, 2.1055567032814042e-03,
       1.0673362989399530e-03, 8.7237568551398692e-02,
       7.7661247853684723e-02, 5.9883597268114264e-02,
       2.0411672982784922e-03, 2.0998622906054118e-03,
       1.0720644015774529e-03, 8.6978434439168362e-02,
       7.7406195191009483e-02, 5.9118653384440376e-02,
       6.1242428466720938e-03, 6.1351818286516421e-03,
       3.9020633288610799e-04, 7.6560584659518177e-02,
       6.8222549259021756e-02, 6.5532866252536542e-02,
       2.0505463712553952e-03, 2.1138250881853776e-03,
       1.0641475470583282e-03, 8.7661152368039119e-02,
       7.8024602697818690e-02, 5.9787228335728845e-02,
       2.0562672215380844e-03, 2.1200417314773067e-03,
       1.0593715981785429e-03, 8.7765272488730228e-02,
       7.8121156669839487e-02, 5.9992168149659089e-02,
       2.0510576794827732e-03, 2.1111854314985546e-03,
       1.0675671942128903e-03, 8.7671154173662266e-02,
       7.8037177179422434e-02, 5.9778457069019825e-02,
       2.0527577325330664e-03, 2.1096343113767937e-03,
       1.0687151300988391e-03, 8.7606195696460124e-02,
       7.7979371216460203e-02, 5.9827088630575398e-02,
       2.0516894126356585e-03, 2.1067873534955303e-03,
       1.0728869102342678e-03, 8.7668434007462936e-02,
       7.8037544645646786e-02, 5.9867176348286325e-02,
       2.0571699785053108e-03, 2.1092636723546018e-03,
       1.0727711706930254e-03, 8.7823655103143702e-02,
       7.8170304818675818e-02, 6.0077601223591029e-02,
       2.0537488874854495e-03, 2.1082204493472825e-03,
       1.0728212049100926e-03, 8.7839487370561076e-02,
       7.8190587935563730e-02, 6.0063647098709871e-02,
       2.0481965186295863e-03, 2.1127316295214298e-03,
       1.0620457604472568e-03, 8.7830903826541906e-02,
       7.8206335816068825e-02, 6.0250480115659949e-02,
       2.3691658792120425e-03, 2.2290088746046645e-03,
       1.0055159251610678e-03, 8.6189124324740032e-02,
       7.5936727987048327e-02, 6.8902085445544561e-02,
       5.6467965948279290e-03, 5.6652280300163952e-03,
       4.0264163626911365e-04, 7.6622041908143618e-02,
       6.8282289018524414e-02, 6.4863258303257940e-02,
       3.4290767355458708e-03, 2.9961456051475761e-03,
       7.4954852275108770e-04, 7.4087933485202165e-02,
       6.5198540924807313e-02, 6.7008047251448793e-02,
       3.1879069236881571e-03, 3.1701804757205436e-03,
       7.1548695161868716e-04, 7.4918337576959232e-02,
       6.6305180082334866e-02, 6.0620032538358667e-02,
       4.9070190495230223e-03, 4.8319241925881959e-03,
       5.6506708874213499e-04, 7.4220872405678595e-02,
       6.6005114933281595e-02, 6.5415153627680717e-02,
       2.5061699397585287e-03, 2.4655795237056586e-03,
       5.8417783414639406e-04, 6.8160287001239203e-02,
       6.0463513254820946e-02, 5.5668156610080302e-02,
       2.1978568694451233e-03, 2.1451869605220060e-03,
       7.0933094722383972e-04, 6.8792394751837044e-02,
       6.1072052331417881e-02, 5.4785326002291024e-02,
       2.2495146141246515e-03, 2.2047032983529128e-03,
       7.2480195177457697e-04, 7.4414946120133857e-02,
       6.5914793400743424e-02, 6.0053430550936329e-02,
       2.1600816568517474e-03, 2.1901244775280999e-03,
       7.1857025119851997e-04, 7.5922279117789468e-02,
       6.7337447417085777e-02, 6.1902498465989789e-02,
       2.1430396460762422e-03, 2.1719521885723851e-03,
       7.3177702920671200e-04, 7.6612409948984758e-02,
       6.7872869497007299e-02, 6.2965367265157335e-02,
       2.1566781615812358e-03, 2.1606276448690558e-03,
       7.4409056760891211e-04, 7.6447088477933092e-02,
       6.7731979025812725e-02, 6.2492696918720163e-02,
