%YAML:1.0
---
camera_matrix: !!opencv-matrix
   rows: 3
   cols: 3
   dt: d
   data: [ 2.6243863028893552e+03, 0., 1.8771192216234410e+03, 0.,
       2.6224876745950905e+03, 1.0925212514007258e+03, 0., 0., 1. ]
dist_coeff: !!opencv-matrix
   rows: 1
   cols: 14
   dt: d
   data: [ -7.8494070017372914e+00, -2.4379955478941637e+00,
       -1.4922821730673178e-03, -1.6511252921931428e-03,
       2.0946409901979288e+02, -7.8504200815665737e+00,
       -2.3863343574371085e+00, 2.0891873871233875e+02, 0., 0., 0., 0.,
       0., 0. ]
std_intrinsics: !!opencv-matrix
   rows: 18
   cols: 1
   dt: d
   data: [ 1.4369452861140652e+00, 1.3793112341312259e+00,
       2.4334885432467783e+00, 1.9000841371750534e+00,
       2.7694626233974233e+00, 1.7257809050435387e+01,
       2.7492515215132510e-04, 3.6210505271201004e-04,
       4.3829176392413354e+00, 2.7740583472657976e+00,
       1.7327088903245670e+01, 4.0613508623506895e+00, 0., 0., 0., 0.,
       0., 0. ]
std_extrinsics: !!opencv-matrix
   rows: 858
   cols: 1
   dt: d
   data: [ 6.8745458839361024e-03, 6.8561306193430111e-03,
       5.7424686797940129e-04, 2.3973424198699564e-02,
       1.9202077885560120e-02, 4.1284698661563535e-02,
       6.8197733839231020e-03, 6.8074258551211889e-03,
       5.7481369506764339e-04, 2.3983804613297667e-02,
       1.9221462526989416e-02, 4.1212103254613164e-02,
       6.8593128171347949e-03, 6.8501894445843411e-03,
       5.7299512116772502e-04, 2.4089773145917471e-02,
       1.9262707180624970e-02, 4.1489876942304375e-02,
       1.3100405600208378e-03, 1.3074050381452170e-03,
       4.6965376249475066e-04, 1.2543720148324174e-02,
       9.7168760783328170e-03, 1.1530752899704112e-02,
       1.3049125189512161e-03, 1.3026784026081775e-03,
       4.7007929370576450e-04, 1.2516016793781169e-02,
       9.6935215751144388e-03, 1.1476673405376695e-02,
       1.3050600674102059e-03, 1.3016369970017066e-03,
       4.7001991175182211e-04, 1.2505840313708935e-02,
       9.6879880288585577e-03, 1.1444231529310943e-02,
       1.3054422580626209e-03, 1.3036630676800792e-03,
       4.6814681310411763e-04, 1.2505872857232144e-02,
       9.6806215433288181e-03, 1.1449312276752770e-02,
       6.7938903760792011e-03, 6.7839229892208150e-03,
       5.7526162446156067e-04, 2.4069519097325912e-02,
       1.9267720065642667e-02, 4.1432170567529965e-02,
       1.3034321404038966e-03, 1.2972622676493057e-03,
       4.7143749815497339e-04, 1.2492409596943905e-02,
       9.6816113874075727e-03, 1.1386325229779745e-02,
       1.4556269767440906e-03, 1.4057980176812052e-03,
       4.2636095552208233e-04, 1.2276660707302683e-02,
       9.5316209785991611e-03, 1.1178200973186477e-02,
       1.9250552401750207e-03, 1.9500084192035224e-03,
       3.1498893424114656e-04, 1.2980036996632178e-02,
       1.0207417028936383e-02, 1.1440653987702139e-02,
       1.5173104389806791e-03, 1.5055207988850421e-03,
       4.6764250896452660e-04, 1.5626996134665876e-02,
       1.2217451798012556e-02, 9.9582875306492447e-03,
       1.3295346086774648e-03, 1.3219216421878730e-03,
       5.1469849706639028e-04, 1.6376342504591395e-02,
       1.2749767236936445e-02, 9.8229165648413639e-03,
       1.3482915721790677e-03, 1.3429118668273408e-03,
       5.7129395261066424e-04, 1.7426942979060941e-02,
       1.3551747927322806e-02, 9.5228043772680460e-03,
       1.3670317046357463e-03, 1.3878393325518989e-03,
       6.3417571821800997e-04, 1.8520129822725159e-02,
       1.4376465180960045e-02, 9.7340190713946645e-03,
       1.3557739405944686e-03, 1.3796081518358330e-03,
       6.2243574437660166e-04, 1.8672812107905050e-02,
       1.4539287784831203e-02, 1.0305680824562886e-02,
       1.3399432387277100e-03, 1.3579158399216014e-03,
       6.4116170436423524e-04, 1.8917044788116004e-02,
       1.4716583016961078e-02, 1.0389314040962040e-02,
       1.2980799001257306e-03, 1.3093892491325462e-03,
       6.4297218529626716e-04, 1.8978294863148660e-02,
       1.4711475798450505e-02, 1.1000133652120417e-02,
       5.9342430065440913e-03, 5.8940352858802411e-03,
       6.5978803044818349e-04, 2.3623574915007738e-02,
       1.9180554661823140e-02, 3.9546118778305418e-02,
       1.3052896051891603e-03, 1.3175448585964721e-03,
       6.3180789640391330e-04, 1.8971519497681295e-02,
       1.4718995052305684e-02, 1.1291378689765272e-02,
       1.3024263131058240e-03, 1.3210803431127052e-03,
       6.2888340007406297e-04, 1.9028429942533585e-02,
       1.4801650270438537e-02, 1.1346606830119661e-02,
       1.3042199853350613e-03, 1.3217995414284470e-03,
       6.3030333726141685e-04, 1.9000499400793850e-02,
       1.4772250419324165e-02, 1.1305023702677001e-02,
       1.3088191933298360e-03, 1.3258640577684187e-03,
       6.2851951669692355e-04, 1.9006835197246524e-02,
       1.4779620056346893e-02, 1.1344544167828053e-02,
       1.3070942073159066e-03, 1.3235211177829293e-03,
       6.3047889717142631e-04, 1.9007142027469011e-02,
       1.4775621005811802e-02, 1.1312670847413050e-02,
       1.3051193150067021e-03, 1.3188738300151997e-03,
       6.3102586528975945e-04, 1.8957403131375356e-02,
       1.4724307694602267e-02, 1.1268620501529257e-02,
       1.3075330957168505e-03, 1.3201309194309438e-03,
       6.3089534132898203e-04, 1.8975685770434535e-02,
       1.4738631014915123e-02, 1.1318389494548827e-02,
       1.3043103275140096e-03, 1.3175036383024264e-03,
       6.3041437387176887e-04, 1.8948887088640540e-02,
       1.4721458751666321e-02, 1.1279547940461919e-02,
       1.3072268687896139e-03, 1.3185326822348401e-03,
       6.3028118499961546e-04, 1.8950175923000426e-02,
       1.4716749059141793e-02, 1.1307160098079486e-02,
       1.3017340699456208e-03, 1.3149434926606782e-03,
       6.2981112668944515e-04, 1.8927755715693988e-02,
       1.4700006214832919e-02, 1.1282973258289532e-02,
       3.7631692510531668e-03, 3.7309536403668476e-03,
       7.3656989365036710e-04, 2.1883226929479440e-02,
       1.6732349795002308e-02, 3.2400585364560447e-02,
       1.3027686507013369e-03, 1.3218366860236370e-03,
       6.2724257730607303e-04, 1.8959640017144966e-02,
       1.4736751864074906e-02, 1.1320300290912690e-02,
       1.3064427539030475e-03, 1.3221359568830022e-03,
       6.2522135400439646e-04, 1.8937918798552032e-02,
       1.4710581642510235e-02, 1.1433205369913506e-02,
       1.3114814404551344e-03, 1.3472236879835120e-03,
       6.0077961164864088e-04, 1.8848899746533185e-02,
       1.4753065208098709e-02, 1.1197348703007374e-02,
       1.1197582048004489e-03, 1.1963225309813926e-03,
       5.3913165215808653e-04, 1.5749489290171160e-02,
       1.2095205146791781e-02, 1.1137312954802102e-02,
       1.2066232537300929e-03, 1.2809815159300487e-03,
       5.4944048208205776e-04, 1.7092311384507290e-02,
       1.3214964312958214e-02, 1.2402978387537813e-02,
       1.2172122629950011e-03, 1.2856569448312215e-03,
       5.5680143339628023e-04, 1.7292283726800084e-02,
       1.3331136481212466e-02, 1.2716798729263883e-02,
       1.2142353660464225e-03, 1.2810824705071500e-03,
       5.5885364894703142e-04, 1.7259090415977375e-02,
       1.3267529922426259e-02, 1.2787816314119876e-02,
       2.5124012752000824e-03, 2.5092054161705412e-03,
       6.9166203705619644e-04, 2.0822901508385176e-02,
       1.6254436827860062e-02, 2.9695296765261069e-02,
       1.2135546033551646e-03, 1.2827848305207183e-03,
       5.5859553510497937e-04, 1.7267698799384282e-02,
       1.3281794606595659e-02, 1.2784069683115696e-02,
       1.2067714522171380e-03, 1.2756005584324325e-03,
       5.5790926594520627e-04, 1.7182401321764677e-02,
       1.3210151633603989e-02, 1.2663336751599880e-02,
       1.2119638259280824e-03, 1.2822531345182463e-03,
       5.5685571180987621e-04, 1.7231763782766821e-02,
       1.3275375430874757e-02, 1.2712030527510097e-02,
       1.2097278052912246e-03, 1.2809793552389056e-03,
       5.5679678509761997e-04, 1.7240036518070191e-02,
       1.3288944252617707e-02, 1.2644745556313907e-02,
