%YAML:1.0
---
camera_matrix: !!opencv-matrix
   rows: 3
   cols: 3
   dt: d
   data: [ 2.6250906684794268e+03, 0., 1.8952764300220128e+03, 0.,
       2.6234532843321067e+03, 1.0850962754000946e+03, 0., 0., 1. ]
dist_coeff: !!opencv-matrix
   rows: 1
   cols: 14
   dt: d
   data: [ -8.9848892741949946e+00, 3.1106792439485691e+01,
       -1.8747933449737074e-03, 5.0599421964475145e-04,
       -2.5623014927795815e+01, -8.9934396256785529e+00,
       3.1151705644945281e+01, -2.5770877188990458e+01, 0., 0., 0., 0.,
       0., 0. ]
std_intrinsics: !!opencv-matrix
   rows: 18
   cols: 1
   dt: d
   data: [ 1.9029862944385325e+00, 1.9306920480572625e+00,
       2.5967575728500472e+00, 2.4344298766152490e+00,
       2.8216232855229817e-01, 1.9795989369622469e+00,
       3.0890245985464954e-04, 3.6944720988965005e-04,
       3.9366872388906886e+00, 2.8175440107864330e-01,
       1.9666535004697210e+00, 3.8973581712692398e+00, 0., 0., 0., 0.,
       0., 0. ]
std_extrinsics: !!opencv-matrix
   rows: 1506
   cols: 1
   dt: d
   data: [ 1.0417432118957171e-02, 1.0415152795707381e-02,
       6.7655459400677400e-04, 4.6971729737832306e-02,
       4.4427763360779228e-02, 7.3091867073618283e-02,
       1.0378950625549405e-02, 1.0358448161216874e-02,
       6.7124206265603949e-04, 4.6909738595595302e-02,
       4.4379365476865974e-02, 7.2863763739156429e-02,
       3.6634598919418229e-03, 3.7678746163162078e-03,
       7.9343860211665595e-04, 4.7382904721006841e-02,
       4.2322330892988341e-02, 5.7116528719650492e-02,
       1.8780632694542182e-03, 1.8666995914644944e-03,
       7.1364949449468046e-04, 3.8214713470532090e-02,
       3.5301273612272838e-02, 3.4067888601111949e-02,
       1.7402053611180919e-03, 1.7339884200997168e-03,
       7.4089608754005756e-04, 3.8916327202587822e-02,
       3.5739484923785897e-02, 3.4759388669742895e-02,
       1.6989792183565271e-03, 1.6823261840548513e-03,
       7.5909349164957551e-04, 4.0326912322520773e-02,
       3.7178631434489989e-02, 3.7091858486763662e-02,
       1.6739050172523914e-03, 1.6658017136917142e-03,
       7.8441368645733225e-04, 4.1668864006373992e-02,
       3.8222525292009195e-02, 3.8782953634508149e-02,
       1.7178589130284433e-03, 1.7159730775158860e-03,
       7.9610525292768441e-04, 4.2499305986039612e-02,
       3.8914030720722192e-02, 3.9968066941299729e-02,
       1.6365436281934186e-03, 1.6345033590810948e-03,
       7.8117078575811404e-04, 4.1092961719001932e-02,
       3.7594144873935892e-02, 3.7848054397730431e-02,
       1.5685841730010155e-03, 1.5634114931801287e-03,
       7.8317807886168621e-04, 4.0366524054414876e-02,
       3.7004488169554844e-02, 3.6780569588857663e-02,
       1.4952453631008520e-03, 1.4855011529712994e-03,
       7.8504610369043316e-04, 3.9524723441599560e-02,
       3.6530349005035739e-02, 3.6197765908553198e-02,
       1.4282143785907804e-03, 1.4127062674044448e-03,
       7.9171503365736598e-04, 3.8612586295926794e-02,
       3.5840664016052064e-02, 3.5251373023531367e-02,
       1.4115972385981724e-03, 1.3918714952209834e-03,
       7.9845355691144791e-04, 3.8625372452306690e-02,
       3.6012640136477446e-02, 3.5633794793586235e-02,
       3.5501117110328250e-03, 3.6472159575942410e-03,
       7.8890931881625992e-04, 4.7291999208346841e-02,
       4.2236187686861340e-02, 5.6517354521063413e-02,
       1.4105586579885067e-03, 1.3866826893725441e-03,
       7.9760732790699494e-04, 3.9059639414562336e-02,
       3.6425093728986536e-02, 3.6721077901919134e-02,
       1.4192254242058201e-03, 1.3922774299458308e-03,
       7.7650490200822518e-04, 3.9629886824856776e-02,
       3.6716028560336088e-02, 3.7717360749238475e-02,
       1.4263619736479256e-03, 1.3914352495090004e-03,
       7.5321812138888684e-04, 4.0323520809486389e-02,
       3.6944648144454834e-02, 3.8698873601101712e-02,
       1.4142598151617668e-03, 1.3744599156739767e-03,
       7.5172619057285955e-04, 4.0832581312259211e-02,
       3.7185583906059423e-02, 3.9382541368276493e-02,
       1.4281651909204031e-03, 1.3825416594317750e-03,
       7.4813159854129441e-04, 4.0611613353333118e-02,
       3.7002059577244895e-02, 3.9249021457223400e-02,
       1.4919069979462476e-03, 1.4541097508914927e-03,
       7.3338336912374469e-04, 3.9615758179570436e-02,
       3.6567453427945387e-02, 3.8045786717319272e-02,
       1.5699703877814486e-03, 1.5471504481986880e-03,
       7.1764593007863362e-04, 3.8887143703447334e-02,
       3.6244496703806361e-02, 3.6822677652462145e-02,
       1.6538230964893022e-03, 1.6345517638902552e-03,
       7.2012473338856336e-04, 3.8867568295679208e-02,
       3.6192045474344951e-02, 3.6154915108733227e-02,
       1.6973126307168903e-03, 1.6872093301380827e-03,
       7.3075027876797307e-04, 3.9250451663068738e-02,
       3.6421339997072533e-02, 3.6123366017137434e-02,
       1.6296860203640795e-03, 1.6179527128735664e-03,
       7.1406744225154613e-04, 3.8122228460616997e-02,
       3.5342199695079943e-02, 3.4067602116438687e-02,
       3.5675119334968135e-03, 3.6514059850780954e-03,
       8.0424066976733167e-04, 4.7676950302916209e-02,
       4.2456877320535193e-02, 5.6942901541589708e-02,
       1.6646729522138901e-03, 1.6630089440881181e-03,
       6.8131330234590180e-04, 3.8264058074288620e-02,
       3.5838071249815119e-02, 3.3964344924836090e-02,
       1.6928049159559250e-03, 1.7121499317381327e-03,
       6.8335077750079052e-04, 3.8682064716348219e-02,
       3.6511374929664130e-02, 3.5020170253406840e-02,
       1.7097470887957795e-03, 1.7264897541089774e-03,
       6.9414008557360006e-04, 3.9114913945280813e-02,
       3.6834320647016326e-02, 3.5487530108875363e-02,
       1.7861134372511530e-03, 1.7798295150880065e-03,
       7.3314892966054070e-04, 4.0009975972986056e-02,
       3.7011937781948050e-02, 3.6290327823034929e-02,
       1.6942212057132978e-03, 1.7004835439719459e-03,
       7.5970836083169720e-04, 3.9243207368053395e-02,
       3.5923761249098886e-02, 3.5204845741350847e-02,
       1.6759532776616673e-03, 1.6974945387567956e-03,
       7.7519176819572280e-04, 3.9299191449088194e-02,
       3.5830585922462424e-02, 3.5207055899666988e-02,
       1.6674725961335233e-03, 1.6844605671255831e-03,
       7.8529043198668027e-04, 3.9227905720180006e-02,
       3.5683139348277305e-02, 3.5252299519712788e-02,
       1.6523180037226648e-03, 1.6580651829090150e-03,
       7.8000490212000190e-04, 3.9009528833506578e-02,
       3.5571300798110370e-02, 3.5057645534915319e-02,
       1.6380982682014942e-03, 1.6465674060814077e-03,
       7.7448393661139442e-04, 3.9018423644499159e-02,
       3.5708448107749133e-02, 3.5132346000508893e-02,
       1.5631860024231936e-03, 1.5691404907601132e-03,
       7.6516686568689409e-04, 3.8708687725078177e-02,
       3.5624437675866698e-02, 3.4740569102665882e-02,
       3.3097412027253310e-03, 3.4104497213007707e-03,
       7.5094115277412655e-04, 4.6679797748739316e-02,
       4.2054965852881897e-02, 5.5320416165956496e-02,
       1.5022790938331702e-03, 1.4940354045669781e-03,
       7.5313415401906739e-04, 3.8509256434262222e-02,
       3.5889999295236612e-02, 3.5408929400375842e-02,
       1.4122753499531827e-03, 1.3934841935663691e-03,
       7.6603124001274766e-04, 3.7806877300507150e-02,
       3.5286233334728578e-02, 3.4720799456534029e-02,
       1.3617206847762247e-03, 1.3328380082142364e-03,
       7.7321875559773596e-04, 3.7878989658043545e-02,
       3.5108580255525990e-02, 3.4865159221814719e-02,
       1.3059931054528638e-03, 1.2784645516856290e-03,
       7.4505148604749613e-04, 3.7869323246887507e-02,
       3.4596437523850478e-02, 3.4782164162915089e-02,
       1.2978515210582519e-03, 1.2696101088154512e-03,
       7.2816341083206258e-04, 3.7808059242839830e-02,
       3.4332882395892154e-02, 3.4830260806349954e-02,
       1.2921615169133413e-03, 1.2801511232338055e-03,
       7.2244507353813169e-04, 3.7910617891127672e-02,
       3.4180354064720218e-02, 3.4883121421745010e-02,
