%YAML:1.0
---
camera_matrix: !!opencv-matrix
   rows: 3
   cols: 3
   dt: d
   data: [ 2.6117971269532968e+03, 0., 1.8604337849510484e+03, 0.,
       2.6042404379372456e+03, 1.1263682228224782e+03, 0., 0., 1. ]
dist_coeff: !!opencv-matrix
   rows: 1
   cols: 14
   dt: d
   data: [ 9.4414857519300845e+00, -9.6223686855682217e+01,
       -1.3346041116099849e-05, -4.0279566589974201e-03,
       2.8733252106808965e+02, 9.4798243922864049e+00,
       -9.6627906201595849e+01, 2.8799199393311767e+02, 0., 0., 0., 0.,
       0., 0. ]
std_intrinsics: !!opencv-matrix
   rows: 18
   cols: 1
   dt: d
   data: [ 1.6846713486069012e+00, 1.6683852937386672e+00,
       3.1319613377973945e+00, 2.6688613515647948e+00,
       5.8148972019810055e+00, 4.1540069540226433e+01,
       3.4032396085631006e-04, 4.0673356668717548e-04,
       1.0108010106692252e+02, 5.8230383871587890e+00,
       4.1621366997614878e+01, 1.0118972085446242e+02, 0., 0., 0., 0.,
       0., 0. ]
std_extrinsics: !!opencv-matrix
   rows: 2106
   cols: 1
   dt: d
   data: [ 8.5962551553051530e-03, 8.6498344040731867e-03,
       4.1584347822393744e-04, 6.3632022154921447e-02,
       5.4404547394114877e-02, 6.6042702818617460e-02,
       7.9410999846957677e-03, 7.9872585380335401e-03,
       4.3970906403802465e-04, 6.3806232090854051e-02,
       5.4552481529002460e-02, 6.4393597200220962e-02,
       8.2722781433700338e-03, 8.3113478101505163e-03,
       4.4613632315211241e-04, 6.4356538625288465e-02,
       5.5019903824403533e-02, 6.6430470890839463e-02,
       1.7896960106935202e-03, 1.7664149112114654e-03,
       5.2504761877865088e-04, 4.0339619736286775e-02,
       3.4401148952319251e-02, 2.8560420470076786e-02,
       1.4979789942473529e-03, 1.5247997410940850e-03,
       5.9229409985880909e-04, 3.9648183991250273e-02,
       3.3803756919859179e-02, 2.8116954069909307e-02,
       1.4473158658539090e-03, 1.4785250486731465e-03,
       6.3894757191217534e-04, 4.0754273342645253e-02,
       3.4723940724305027e-02, 2.8805631346897537e-02,
       1.4218885813523886e-03, 1.4438439646754673e-03,
       6.7913924812907994e-04, 4.1161179037249800e-02,
       3.5071155210992661e-02, 2.9250266033950655e-02,
       1.4154322509659031e-03, 1.4382144775654123e-03,
       6.9386345585765530e-04, 4.2228694223611592e-02,
       3.5954642724147862e-02, 3.0208468924040145e-02,
       1.3959506055709330e-03, 1.4231929743148584e-03,
       7.1210927981735705e-04, 4.2851304047954786e-02,
       3.6483776589576897e-02, 3.0909121045468672e-02,
       1.3844740936094202e-03, 1.4118565365903648e-03,
       7.2458289197607220e-04, 4.2983283024436568e-02,
       3.6600068943582718e-02, 3.1163135233813598e-02,
       1.3860850453265951e-03, 1.4122991559715771e-03,
       7.2659461458266590e-04, 4.3173531175215704e-02,
       3.6762238355822902e-02, 3.1419265858563965e-02,
       1.3796071403777413e-03, 1.4054912090978062e-03,
       7.3272342691652124e-04, 4.3160596138746031e-02,
       3.6759827835035834e-02, 3.1520650899690542e-02,
       1.3801481591439310e-03, 1.4053329271440154e-03,
       7.3510035888816455e-04, 4.3353922200489982e-02,
       3.6925595599761468e-02, 3.1715457710529686e-02,
       8.6636674446226424e-03, 8.6983683013805366e-03,
       4.4072157373790304e-04, 6.4537796418251997e-02,
       5.5178866197028095e-02, 6.7191606899256462e-02,
       1.3782239699851196e-03, 1.4029835094003591e-03,
       7.4114384017502362e-04, 4.3483157938809955e-02,
       3.7037786822747151e-02, 3.1809209356730858e-02,
       1.3807624669601481e-03, 1.4061572257473307e-03,
       7.4263031984038192e-04, 4.3763443368096740e-02,
       3.7275944514831745e-02, 3.2043098771591526e-02,
       1.3810640418398508e-03, 1.4064804089286940e-03,
       7.4056257246537421e-04, 4.3742116867817885e-02,
       3.7258934596453124e-02, 3.2057301722015416e-02,
       1.3797023676331973e-03, 1.4052078630317267e-03,
       7.4105450427256207e-04, 4.3715225988445766e-02,
       3.7238545652233029e-02, 3.2046875936975132e-02,
       1.3781122418294342e-03, 1.4037945576874523e-03,
       7.4052232098264505e-04, 4.3627196374148712e-02,
       3.7166190257552745e-02, 3.2000711176220734e-02,
       1.3760554520545493e-03, 1.4016915712979452e-03,
       7.4232668194808748e-04, 4.3590043032984395e-02,
       3.7134110336208122e-02, 3.1969185717643248e-02,
       1.3755985293798388e-03, 1.4011742203383203e-03,
       7.4436352179786864e-04, 4.3643408758286782e-02,
       3.7179330624366923e-02, 3.1993117684353180e-02,
       1.3708902841826666e-03, 1.3955236530104578e-03,
       7.4600823358107597e-04, 4.3398203938495292e-02,
       3.6970183245910615e-02, 3.1796791174205599e-02,
       1.3697065184833518e-03, 1.3945055032617741e-03,
       7.4523522961248388e-04, 4.3337538040278414e-02,
       3.6918202152202942e-02, 3.1766764802095768e-02,
       1.3684435518285726e-03, 1.3929359055180350e-03,
       7.4811012628948925e-04, 4.3353718384304879e-02,
       3.6931771524480211e-02, 3.1753545161023751e-02,
       8.2697148916091468e-03, 8.3039927935455657e-03,
       4.4837589144287811e-04, 6.4581730965685979e-02,
       5.5216522105432771e-02, 6.5732558342979044e-02,
       1.3676161552367322e-03, 1.3923143949423965e-03,
       7.4860108261375177e-04, 4.3338123058830988e-02,
       3.6918582040258038e-02, 3.1743816073949022e-02,
       1.3685025531146148e-03, 1.3920592248633475e-03,
       7.5051366919963295e-04, 4.3417607616516703e-02,
       3.6983864423644354e-02, 3.1779892423002845e-02,
       1.3716184568412944e-03, 1.3962224436819455e-03,
       7.4910651909332858e-04, 4.3682782808319186e-02,
       3.7212569002993003e-02, 3.2033242068964435e-02,
       1.3728592301543662e-03, 1.3959922618994962e-03,
       7.6020941765741893e-04, 4.4228935432798828e-02,
       3.7679434123565718e-02, 3.2463261146638209e-02,
       1.3789997935188931e-03, 1.4027560428828271e-03,
       7.8373867358242700e-04, 4.5979953597508616e-02,
       3.9190108269584266e-02, 3.3900984786956870e-02,
       1.3750351841014009e-03, 1.4068501328890280e-03,
       7.9453502115431199e-04, 4.7186633795876821e-02,
       4.0232022768125368e-02, 3.5138818955708279e-02,
       1.3818890529172507e-03, 1.4167675423294227e-03,
       7.9364490338824586e-04, 4.7903888434706741e-02,
       4.0850707487845403e-02, 3.5849842384542023e-02,
       1.3857591687621940e-03, 1.4200265415124681e-03,
       7.8754118490558303e-04, 4.7926010643302264e-02,
       4.0868722725367561e-02, 3.5932783704725108e-02,
       1.3891161726677051e-03, 1.4241757162619462e-03,
       7.8824535632033221e-04, 4.8155625043009236e-02,
       4.1065258894599221e-02, 3.6113538509321454e-02,
       1.3930835677100331e-03, 1.4279655494224314e-03,
       7.8778154493861863e-04, 4.8288947452018186e-02,
       4.1177337519675471e-02, 3.6209974957086076e-02,
       8.1139049183515354e-03, 8.1434705623169342e-03,
       4.5300044966402000e-04, 6.4691398882999643e-02,
       5.5311570267089702e-02, 6.5192782649192232e-02,
       1.3950930341052287e-03, 1.4298947004038230e-03,
       7.8753239151143142e-04, 4.8372228976369759e-02,
       4.1249336045063235e-02, 3.6290714705291299e-02,
       1.3956776123725768e-03, 1.4323244767169316e-03,
       7.8076241999143492e-04, 4.8268348424320831e-02,
       4.1166610514941256e-02, 3.6252962444869620e-02,
       1.4020675517475909e-03, 1.4489995299653620e-03,
       7.4290343993980643e-04, 4.8367708064162698e-02,
       4.1389156562897621e-02, 3.7103465345968450e-02,
       1.4042692753827245e-03, 1.4380278308075843e-03,
       6.4481397497577735e-04, 4.5790766866639528e-02,
       3.9288530459736674e-02, 3.8511469630155414e-02,
       1.4121366012286409e-03, 1.4345719420631217e-03,
       5.6732431433517358e-04, 4.2623800914014111e-02,
       3.6215853079586684e-02, 3.5682485828072145e-02,
       1.4389381069061207e-03, 1.4653693380782876e-03,
       5.4932701531954485e-04, 4.1291964105364454e-02,
       3.5231140543742649e-02, 3.1717591059388699e-02,
