%YAML:1.0
---
camera_matrix: !!opencv-matrix
   rows: 3
   cols: 3
   dt: d
   data: [ 2.6232364641659337e+03, 0., 1.8918503837407582e+03, 0.,
       2.6232702720512057e+03, 1.0947657708385116e+03, 0., 0., 1. ]
dist_coeff: !!opencv-matrix
   rows: 1
   cols: 14
   dt: d
   data: [ -2.2772646766108573e+00, 2.5953851029047161e+01,
       -1.5324840670440688e-03, 1.2621155190478265e-03,
       7.5654654422365994e+01, -2.2796723468135212e+00,
       2.5964455150679356e+01, 7.4422285114100177e+01, 0., 0., 0., 0.,
       0., 0. ]
std_intrinsics: !!opencv-matrix
   rows: 18
   cols: 1
   dt: d
   data: [ 1.5107832523747549e+00, 1.6269946085638960e+00,
       1.9044749688282905e+00, 1.6022874359350314e+00,
       4.9440677053631976e+00, 5.9474467187233140e+00,
       2.0166937085690196e-04, 2.7388116313998190e-04,
       1.5275002885442842e+02, 4.9381211272630647e+00,
       5.9549508023800204e+00, 1.5076991392094385e+02, 0., 0., 0., 0.,
       0., 0. ]
std_extrinsics: !!opencv-matrix
   rows: 2538
   cols: 1
   dt: d
   data: [ 7.1043967985724718e-03, 7.1206938233739515e-03,
       5.1163707321939453e-04, 2.6719757248409859e-02,
       2.2618584328016639e-02, 4.9162557706980560e-02,
       7.3008035928066022e-03, 7.3025395744961480e-03,
       5.2084797343312009e-04, 2.6720991625383789e-02,
       2.2607870820308667e-02, 5.0113225241458434e-02,
       3.8475491310971648e-03, 3.9193106003877201e-03,
       7.6455192338574670e-04, 3.1220535530424837e-02,
       2.4866855205633694e-02, 4.8996628741080628e-02,
       1.6061357168714982e-03, 1.5545345823881091e-03,
       7.6848582772125239e-04, 3.3051290343143545e-02,
       2.8016689010037316e-02, 3.8341147548265259e-02,
       1.6716490838529492e-03, 1.6211966594133088e-03,
       7.8764400750001948e-04, 3.3687361470130892e-02,
       2.8266527503765879e-02, 3.9864159678889018e-02,
       1.6998118375695995e-03, 1.6409264694251099e-03,
       7.9470492185656355e-04, 3.3749866870547519e-02,
       2.7823814473189049e-02, 4.0386780206573353e-02,
       1.6996686238263190e-03, 1.6546737854508324e-03,
       8.1653527814674301e-04, 3.3992169739193140e-02,
       2.7467933067922619e-02, 4.0839963401105635e-02,
       1.6887213042101939e-03, 1.6580941587031133e-03,
       8.3359225578743992e-04, 3.4201739344952485e-02,
       2.7141684983397547e-02, 4.0980300530430398e-02,
       1.6623032812807907e-03, 1.6557001299495010e-03,
       8.4443361127281406e-04, 3.4221458107080903e-02,
       2.6986487067107181e-02, 4.0890679517806922e-02,
       1.6484466546050716e-03, 1.6540272061242578e-03,
       8.5601243062004317e-04, 3.4576082526878528e-02,
       2.7040435231302732e-02, 4.0919351760961425e-02,
       1.6322184657486540e-03, 1.6540728613916296e-03,
       8.5948431061903807e-04, 3.4450608653537551e-02,
       2.7014278892593148e-02, 4.0699362761183230e-02,
       3.5391848695818045e-03, 3.6595258370779823e-03,
       7.5609190379480990e-04, 3.1543839328320028e-02,
       2.4916558980328116e-02, 4.7850756039672884e-02,
       1.6131736773646831e-03, 1.6494515003730769e-03,
       8.6428271928869378e-04, 3.4467886914330406e-02,
       2.7048498799499835e-02, 4.0418005882394664e-02,
       1.5858901448468445e-03, 1.6308094278009821e-03,
       8.5980924059871555e-04, 3.4172154510621278e-02,
       2.6966301340113831e-02, 3.9867233089929982e-02,
       1.5628408187687076e-03, 1.6016555700182748e-03,
       8.4968647276584643e-04, 3.3840042804881565e-02,
       2.6743304981679521e-02, 3.9444645046521558e-02,
       1.5743778275072377e-03, 1.6086510722064745e-03,
       8.4962203487736615e-04, 3.3857617134731940e-02,
       2.6760594989148016e-02, 3.9744291933412230e-02,
       1.5849253020955066e-03, 1.6153323000839296e-03,
       8.5006711569626185e-04, 3.3955816269944768e-02,
       2.6815625651690302e-02, 4.0097833528886490e-02,
       1.5776170220022877e-03, 1.6025030047288977e-03,
       8.3927034251131698e-04, 3.3532485537017591e-02,
       2.6620302917993045e-02, 3.9960977713691309e-02,
       1.6106676311620682e-03, 1.6149018325798661e-03,
       8.3306151474841919e-04, 3.3562108824856836e-02,
       2.6778568309418667e-02, 4.0681509559726124e-02,
       1.6241939151709912e-03, 1.6186321412808009e-03,
       8.3308911760663360e-04, 3.3759726768029484e-02,
       2.7029634933745550e-02, 4.1276352139933963e-02,
       1.6090519424395483e-03, 1.5957789326679662e-03,
       8.2576732348756815e-04, 3.3623882510993665e-02,
       2.6990167072299027e-02, 4.1112343373345440e-02,
       1.6012396556215731e-03, 1.5864039386456945e-03,
       8.1893628264279289e-04, 3.3399825865049741e-02,
       2.7048869905018383e-02, 4.1274614789340199e-02,
       3.3283851299912319e-03, 3.4800885598099932e-03,
       7.3896853963435316e-04, 3.1713330969087891e-02,
       2.4862293032484103e-02, 4.7190450669043413e-02,
       1.5732071429795625e-03, 1.5516266760721485e-03,
       8.0434209764130118e-04, 3.2953755837713899e-02,
       2.7014376192707256e-02, 4.1231359983152256e-02,
       1.5471508153442231e-03, 1.5338002022405846e-03,
       7.9709381229856383e-04, 3.2627787783734895e-02,
       2.7224540792270841e-02, 4.1971958596454979e-02,
       1.5180523256588386e-03, 1.5034393029574420e-03,
       7.9036779471756621e-04, 3.2453776529128411e-02,
       2.7354786250885679e-02, 4.2707442491055396e-02,
       1.4797589606473668e-03, 1.4701528402299132e-03,
       7.7592183697206864e-04, 3.2530334911917556e-02,
       2.7526158892566089e-02, 4.3462217049950368e-02,
       1.4430464690981361e-03, 1.4315585922796206e-03,
       7.3110336027556154e-04, 3.3026079432543556e-02,
       2.7435951775168294e-02, 4.3246863788414712e-02,
       1.4381591422145629e-03, 1.4169283719860256e-03,
       7.1189649223355974e-04, 3.3676582286724953e-02,
       2.7509738902026622e-02, 4.3592666572431424e-02,
       1.4285957015593887e-03, 1.3982154113263510e-03,
       6.9797448935882080e-04, 3.3942350761600723e-02,
       2.7324011526394566e-02, 4.3427216204958485e-02,
       1.4249011201381324e-03, 1.3930776831714651e-03,
       6.8259013991828546e-04, 3.4200394662713768e-02,
       2.7142505396048046e-02, 4.3200878286942107e-02,
       1.4234334623947822e-03, 1.3917647207565941e-03,
       6.6904929395496541e-04, 3.3975651328866589e-02,
       2.6846938613899040e-02, 4.2437230316165600e-02,
       1.4456305474685369e-03, 1.4109294375858502e-03,
       6.6655299457751382e-04, 3.4017785478220250e-02,
       2.6956630013584879e-02, 4.2591057382909532e-02,
       3.1923610605678969e-03, 3.3633620386283080e-03,
       7.1901234138062981e-04, 3.1609519293960553e-02,
       2.4675982651210779e-02, 4.6577170940827854e-02,
       1.4520890573615428e-03, 1.4174272134886996e-03,
       6.6370091694828730e-04, 3.3910011118847110e-02,
       2.6898633237567731e-02, 4.2447607549718332e-02,
       1.4639859139131679e-03, 1.4299894625654703e-03,
       6.6467712101876306e-04, 3.3815864709000984e-02,
       2.6882661270147375e-02, 4.2501327772078906e-02,
       1.4614682087335693e-03, 1.4289442085772082e-03,
       6.6175528125405399e-04, 3.3760685354119947e-02,
       2.6823493453063160e-02, 4.2294187079767051e-02,
       1.4524090564775143e-03, 1.4211104323041224e-03,
       6.5503682303832446e-04, 3.3673913085611136e-02,
       2.6763666560268934e-02, 4.1880568778264279e-02,
       1.4444898949270010e-03, 1.4163573088574076e-03,
       6.4445737462686141e-04, 3.3745678195129185e-02,
       2.6903235809897254e-02, 4.1503731805610997e-02,
       1.4284653182720843e-03, 1.4081423991930053e-03,
       6.3754504519430402e-04, 3.3570479926934668e-02,
       2.6968992479525677e-02, 4.0872892254560159e-02,
       1.4428293423886427e-03, 1.4230697733916644e-03,
       6.4174057610614924e-04, 3.3633576460510017e-02,
       2.7441762793889855e-02, 4.1155764470003769e-02,
       1.4414255780331097e-03, 1.4303702979669845e-03,
       6.4131152100964503e-04, 3.3903711500662931e-02,
       2.7814519732775645e-02, 4.1337823780799532e-02,
