%YAML:1.0
---
summary: "Sort change. No changes in calib data. But at the end it slightly changes the result."
init_cam_calib: res-C99Finf1004_3p_0
camera_matrix: !!opencv-matrix
   rows: 3
   cols: 3
   dt: d
   data: [ 2.5608497067888366e+03, 0., 1.8707858460431155e+03, 0.,
       2.5568608214005417e+03, 1.0831855673334937e+03, 0., 0., 1. ]
dist_coeff: !!opencv-matrix
   rows: 5
   cols: 1
   dt: d
   data: [ 2.1903901657091662e-02, -5.0433901743190762e-02,
       -6.8430716462490788e-04, -2.2551033828400969e-03,
       3.7711099523770358e-02 ]
std_intrinsics: !!opencv-matrix
   rows: 18
   cols: 1
   dt: d
   data: [ 6.9988325585312028e-01, 6.7628033961691536e-01,
       1.1405459840813701e+00, 7.5641300337579997e-01,
       1.4855231870672648e-03, 5.8435508876444374e-03,
       1.0214831340865433e-04, 1.5260984963411846e-04,
       6.6935493266391697e-03, 0., 0., 0., 0., 0., 0., 0., 0., 0. ]
std_extrinsics: !!opencv-matrix
   rows: 528
   cols: 1
   dt: d
   data: [ 7.7978074802680531e-04, 3.2841677176499181e-04,
       1.0669147686697298e-03, 1.4882117707203706e+00,
       1.0149589940810604e+00, 1.1523108757349216e+00,
       7.9268656666108732e-04, 2.6856562597364630e-04,
       9.3865906719593404e-04, 1.5178071742803665e+00,
       1.0281283619521426e+00, 1.1631092622555990e+00,
       8.1840661693881713e-04, 2.8968877611272836e-04,
       9.6414087305052548e-04, 1.5672835436381267e+00,
       1.0559657969127150e+00, 1.1931918422564940e+00,
       7.9200054313774567e-04, 2.7509810759779980e-04,
       9.4926408877973965e-04, 1.5084290937887492e+00,
       1.0177077822205820e+00, 1.1279678945526894e+00,
       6.2524996949614995e-04, 4.5916607891751109e-04,
       1.4287290497143120e-03, 1.6628175013107354e+00,
       1.1049999274311433e+00, 1.2841359464524857e+00,
       7.5202974802010764e-04, 2.8482436092400757e-04,
       9.1606935787957573e-04, 1.3845044787161125e+00,
       9.3860444533098097e-01, 1.0770352956403451e+00,
       6.8591096910059477e-04, 2.8246482966223709e-04,
       8.8934745849972437e-04, 1.2567469637582873e+00,
       8.5079838977591271e-01, 9.6492345133489432e-01,
       8.7217531364235481e-04, 3.3914367159127741e-04,
       9.7107951981056375e-04, 1.3872393493777702e+00,
       9.3918242131815399e-01, 9.3673765325390068e-01,
       7.9710993469197155e-04, 2.8052584182187360e-04,
       9.4096114254843652e-04, 1.2167992965909014e+00,
       8.4609921167234481e-01, 9.4126183620119208e-01,
       9.6395974482402073e-04, 3.9486367311094569e-04,
       1.0419008143757371e-03, 1.6178394835087317e+00,
       1.0993877184007903e+00, 1.1517795544823919e+00,
       9.6168875328909249e-04, 4.1888593650300971e-04,
       1.0561091869839196e-03, 1.6404990840308158e+00,
       1.1081541649321129e+00, 1.1663605094869931e+00,
       7.4268035291297251e-04, 2.8923727075145405e-04,
       9.8891162299291299e-04, 1.4582590370005333e+00,
       9.8591472015885251e-01, 1.0921532756014072e+00,
       8.5799022602989162e-04, 3.4788687351198843e-04,
       1.0403019245283948e-03, 1.7844376109999560e+00,
       1.2147020300348146e+00, 1.5598152049542533e+00,
       1.0597705204547061e-03, 3.1189221865314076e-04,
       1.0464295734264792e-03, 1.8070968521112556e+00,
       1.2189038944497097e+00, 1.4350597625800185e+00,
       1.0565160013721411e-03, 3.0539527035217291e-04,
       1.0334482315070062e-03, 1.8014540331173547e+00,
       1.2164066079039668e+00, 1.4303956169478129e+00,
       6.9369802374655125e-04, 5.7444507633940738e-04,
       1.5780225023746741e-03, 1.9292732937855999e+00,
       1.2754888075399564e+00, 1.6196684639965373e+00,
       6.9793622493585208e-04, 5.5750615766993368e-04,
       1.5399925651407569e-03, 1.9372961699168341e+00,
       1.2816149872171607e+00, 1.6191066330471728e+00,
       1.0268716655669771e-03, 2.9956671551253542e-04,
       1.0492464578085905e-03, 1.7816537652844249e+00,
       1.2070045151853048e+00, 1.4407985918869946e+00,
       6.0898632700470223e-04, 3.3258994916020014e-04,
       1.1274957163714950e-03, 1.6424047443158625e+00,
       1.1131937294980752e+00, 1.0854732609910034e+00,
       7.0817219339993720e-04, 5.4255394796888078e-04,
       1.5150363405197443e-03, 1.9341183683588852e+00,
       1.2811690727418836e+00, 1.6379634873967293e+00,
       8.4829676723609075e-04, 3.1760796392370498e-04,
       1.0714495759273409e-03, 1.6879076112610385e+00,
       1.1499861322930816e+00, 1.4290067885856290e+00,
       7.1135330816709879e-04, 3.7783765089243398e-04,
       1.0810410324380436e-03, 1.5757209691885945e+00,
       1.0700548259688432e+00, 1.0762574299279455e+00,
       8.9280065129603676e-04, 3.8368486530667654e-04,
       1.0118310044358290e-03, 1.5749932038198551e+00,
       1.0652614698997815e+00, 1.0771466938276146e+00,
       6.9209263249258603e-04, 2.6196558833565717e-04,
       8.9648051898933746e-04, 1.3205883958887741e+00,
       8.9922310818831963e-01, 1.0058471383116445e+00,
       6.5091802111850907e-04, 4.9351363440378840e-04,
       1.4124081291487622e-03, 1.8963830708775431e+00,
       1.2580310807266528e+00, 1.6147538670122488e+00,
       7.2565015875953481e-04, 2.6734782885916731e-04,
       8.9621648559656255e-04, 1.2508849247556164e+00,
       8.5973146613857232e-01, 8.6391186627902494e-01,
       7.3025871822209835e-04, 2.9113003698033466e-04,
       9.3839457581001236e-04, 1.3331279707662353e+00,
       9.0661154807753830e-01, 8.6061181680807475e-01,
       7.5076169861346500e-04, 2.9238065275196106e-04,
       9.5442631808597214e-04, 1.4108769507663470e+00,
       9.5464009104732128e-01, 8.9953676192111531e-01,
       6.4145828245346472e-04, 2.7876506233093484e-04,
       8.7471248887849697e-04, 1.5243264062779003e+00,
       1.0342346179333779e+00, 1.1854244358838482e+00,
       8.4677302872356985e-04, 3.5664217427180240e-04,
       1.0659107655211267e-03, 1.6154331114413618e+00,
       1.0859120688065240e+00, 1.1551216487313376e+00,
       5.4850412802900841e-04, 5.0948237691234531e-04,
       1.2451509327625078e-03, 1.7254137897695423e+00,
       1.1345626590899096e+00, 1.3986936423583611e+00,
       8.9603709319043066e-04, 4.7625789207239930e-04,
       1.0438242944321092e-03, 1.7757516512967539e+00,
       1.2127122696715817e+00, 1.4438007870101317e+00,
       5.7680463952755341e-04, 3.4924127945708771e-04,
       1.1334616083333911e-03, 1.4981983435678459e+00,
       1.0130999579289377e+00, 1.0381355390846643e+00,
       6.5092513901713505e-04, 5.5574205240190543e-04,
       1.4471378829604778e-03, 1.8044603160303681e+00,
       1.1836630044769108e+00, 1.4441060627786941e+00,
       7.4619829443850255e-04, 2.8957381554338066e-04,
       9.8499193969272441e-04, 1.5161997189703684e+00,
       1.0235788749801689e+00, 9.5672051455986462e-01,
       8.1523981302721396e-04, 3.0066539929741304e-04,
       9.9830262278146785e-04, 1.5602138230633633e+00,
       1.0533833188954338e+00, 1.0656244966296300e+00,
       5.1887708007014208e-04, 5.2991365862297692e-04,
       1.2760599856836523e-03, 1.7307595391768036e+00,
       1.1419418661691680e+00, 1.3824464700939030e+00,
       8.1418657740224261e-04, 2.9880201495396881e-04,
       9.7620064290819357e-04, 1.5771484183470741e+00,
       1.0619103490433528e+00, 9.9795036268868675e-01,
       9.4225301898880575e-04, 3.4058296937218449e-04,
       1.1688376499878767e-03, 1.7958435690250170e+00,
       1.2094687861334861e+00, 1.2103106503135399e+00,
       6.4018684729567031e-04, 5.5702644487382567e-04,
       1.2092236189870829e-03, 1.8092563685709300e+00,
       1.2148286074919679e+00, 1.7784657644711186e+00,
       8.6378533512614054e-04, 3.6920127660678597e-04,
       1.0429193457172077e-03, 1.6433579377032939e+00,
       1.1131754562881047e+00, 1.1607920882660563e+00,
       6.9961761315700470e-04, 2.7204303826777824e-04,
       9.5759110342306995e-04, 1.3165749534906170e+00,
       9.0047388225560410e-01, 1.0292001669291397e+00,
       6.5429146836623066e-04, 3.3386765684049373e-04,
