%YAML:1.0
---
summary: "Add previous test name. Iteration 1."
init_cam_calib: 0
camera_matrix: !!opencv-matrix
   rows: 3
   cols: 3
   dt: d
   data: [ 2.5676223310599407e+03, 0., 1.8859962511033793e+03, 0.,
       2.5637083130155615e+03, 1.0637512267984191e+03, 0., 0., 1. ]
dist_coeff: !!opencv-matrix
   rows: 14
   cols: 1
   dt: d
   data: [ -2.2912262077857330e+00, -3.8177288887565477e+00,
       -2.6001033501609188e-03, -1.0513474764255089e-03,
       8.8688376481679203e+00, -2.2999964661771992e+00,
       -3.7816786229757295e+00, 8.8318191514956066e+00, 0., 0., 0., 0.,
       0., 0. ]
std_intrinsics: !!opencv-matrix
   rows: 18
   cols: 1
   dt: d
   data: [ 3.7248342253590003e+00, 3.7343217891151808e+00,
       2.5456908567774277e+00, 3.6568415110429187e+00,
       3.6910820643727251e+00, 1.5725175164923524e+01,
       4.9401769134394826e-04, 3.6422385696549927e-04,
       1.6755226200993718e+01, 3.6832946032900176e+00,
       1.5693122618679402e+01, 1.6722262224693107e+01, 0., 0., 0., 0.,
       0., 0. ]
std_extrinsics: !!opencv-matrix
   rows: 336
   cols: 1
   dt: d
   data: [ 2.5820946360577291e-03, 1.0752668752785359e-03,
       3.4045679184317732e-03, 3.3559623467995401e+00,
       4.8078890622592860e+00, 5.6126473265411612e+00,
       2.2837737389785466e-03, 8.0332736023016812e-04,
       2.2691302738523256e-03, 2.8314603114659764e+00,
       4.0549509628549893e+00, 4.7566706311241393e+00,
       8.4833175366791202e-03, 3.4503501191423952e-03,
       1.1394428544961588e-02, 5.9121608645103079e+00,
       6.4438499540277929e+00, 7.9788903632199357e+00,
       8.0328249012466511e-03, 3.8337261499474980e-03,
       1.1344386654594111e-02, 7.5566632662212818e+00,
       6.9803436736292443e+00, 7.6885959612308534e+00,
       4.6155677610235568e-03, 1.6020855222671716e-03,
       7.9598283953315561e-03, 4.1165411468149342e+00,
       5.5761103605748064e+00, 6.2712881437506587e+00,
       4.9163986596773655e-03, 3.2942698260848744e-03,
       7.1771822220870873e-03, 4.5591402646786863e+00,
       6.3145125934184350e+00, 7.3335379603785569e+00,
       2.0122166064166793e-03, 1.5344121902641319e-03,
       2.7838563198148486e-03, 3.5094070363369649e+00,
       4.7915294972701075e+00, 4.8306699155789845e+00,
       4.1059928378022054e-03, 1.6366534806584070e-03,
       7.3164869039472908e-03, 4.0058654953320136e+00,
       5.2044149549586409e+00, 8.1258841909546238e+00,
       4.0669089770539370e-03, 2.8888445406201608e-03,
       6.8104697449908307e-03, 3.8925015603415933e+00,
       5.3684822705779753e+00, 6.2105590978470726e+00,
       3.2325810158403741e-03, 1.5118410700144204e-03,
       2.7310661842101405e-03, 3.6131801390778739e+00,
       4.8704842311094954e+00, 4.6401802151026548e+00,
       4.7864385395216475e-03, 1.8613361520795782e-03,
       7.6700697547676562e-03, 3.7173879351282699e+00,
       5.2381823055708097e+00, 6.8182584352814635e+00,
       2.5027082144082839e-03, 1.2418569755213299e-03,
       2.8007389523741931e-03, 3.4487442848194201e+00,
       4.8800104695171758e+00, 5.5289483641765598e+00,
       2.4847469738430330e-03, 1.4553722467983456e-03,
       3.0214722562397407e-03, 3.4887411112090736e+00,
       4.8574045257586072e+00, 5.7903028380174346e+00,
       2.0599802019408294e-03, 1.8955717088964398e-03,
       2.3963526073801215e-03, 3.4323978019483747e+00,
       4.8029361688240666e+00, 4.4504034513761921e+00,
       6.4251481520583662e-03, 3.3252895042384504e-03,
       8.4200525722739512e-03, 6.5041125912246507e+00,
       6.5353055762543839e+00, 7.2303032884580185e+00,
       2.9598429495008073e-03, 9.6726017517423076e-04,
       2.8798099455279113e-03, 2.7096293667293181e+00,
       3.9805133343739745e+00, 4.4416139452839358e+00,
       1.9823670261687855e-03, 1.8563925724475107e-03,
       2.4442911014745800e-03, 3.4821293942777016e+00,
       4.8603249390158227e+00, 4.4748050985334888e+00,
       2.8463816264268664e-03, 1.3441870913400934e-03,
       4.3134610761378653e-03, 3.2833616571502668e+00,
       4.5976615055255872e+00, 4.5727369295406239e+00,
       2.3233053758725882e-03, 8.9464493945312705e-04,
       2.3526906765780576e-03, 3.1026473485981079e+00,
       4.4761322803826804e+00, 4.9605014063357773e+00,
       2.3188720962646105e-03, 1.9129730107357776e-03,
       2.5915366317244516e-03, 3.5181998200182787e+00,
       4.9966355166103149e+00, 4.5258742979705628e+00,
       2.0955196025680381e-03, 1.5032312672522861e-03,
       2.9250136432408466e-03, 2.5807272785266830e+00,
       3.5330492857745264e+00, 3.6064574505168370e+00,
       2.4327724989155293e-03, 8.0525909111133691e-04,
       2.7540472122217774e-03, 2.7296135676494497e+00,
       3.9428318986908759e+00, 4.2894097722547242e+00,
       2.9689455478974923e-03, 2.2790461995862107e-03,
       2.9146075846082646e-03, 3.7318583842782962e+00,
       5.3139479319946403e+00, 4.8539480144431142e+00,
       2.9790245866090615e-03, 1.7565255824293323e-03,
       3.0132808602689859e-03, 3.0894782504638121e+00,
       4.1496958603876513e+00, 4.1278224875858793e+00,
       2.6661322491594859e-03, 2.1273866025827027e-03,
       2.9941230135069638e-03, 3.7423162565605277e+00,
       5.2831743625213372e+00, 5.2759511796988008e+00,
       2.2260969502898970e-03, 1.4990090875938427e-03,
       2.8887407432372078e-03, 2.8032458683447858e+00,
       3.9159812223965744e+00, 3.9174611422186634e+00,
       2.5840557725417103e-03, 8.6214206220321305e-04,
       2.6347134034018062e-03, 3.3783827158025970e+00,
       4.8821500307736523e+00, 5.3783367615576143e+00,
       3.1015086159168754e-03, 2.2234464479984842e-03,
       3.1865627643017512e-03, 3.6076132774966641e+00,
       5.1669815090935955e+00, 5.1571327641713962e+00,
       2.2779601562592068e-03, 8.8326216440937555e-04,
       2.4200283587249459e-03, 3.2956883021750656e+00,
       4.7715342450580636e+00, 5.3427346742535455e+00,
       3.5260979202921313e-03, 2.1802025402866444e-03,
       4.2911380651536653e-03, 4.2205573846766740e+00,
       5.5305932120344314e+00, 5.5278331708346276e+00,
       2.4590833322475471e-03, 2.2251777425998476e-03,
       3.8880966156396995e-03, 3.8624668722760731e+00,
       5.1266012275842838e+00, 5.8185975727497210e+00,
       3.9294323144232462e-03, 2.1229277784366612e-03,
       3.9891300453203226e-03, 3.9910043380919245e+00,
       5.1744698568568364e+00, 5.4851091751262988e+00,
       3.8995964594323992e-03, 2.2369816952521851e-03,
       4.2821191813025971e-03, 3.9275142680304884e+00,
       5.1791001980583262e+00, 5.8668144545130332e+00,
       2.8232947974107187e-03, 1.6328749482702330e-03,
       3.9585542326068040e-03, 3.2840989418922573e+00,
       4.7121671328773385e+00, 5.3920544267522841e+00,
       3.9152585335929038e-03, 2.1793143903450106e-03,
       3.9733547435723991e-03, 3.9793383539306473e+00,
       5.1188577806117168e+00, 5.5302448609981640e+00,
       5.1600695794262992e-03, 2.5565595604462345e-03,
       5.9052557945532009e-03, 4.0281144484948062e+00,
       4.9808417926094606e+00, 6.7311299167309055e+00,
       5.1409008728336885e-03, 2.6041123126115408e-03,
       6.1375244874863058e-03, 4.0959792721880097e+00,
       4.9878512225819591e+00, 6.8039602822119143e+00,
       4.1639411274352819e-03, 3.5696053661170880e-03,
       5.4974525937322013e-03, 4.2436246030697529e+00,
       5.9876142271277724e+00, 9.0786297310832982e+00,
       3.4594891713613887e-03, 1.9498782237020726e-03,
       6.1566005927520531e-03, 4.4083700748760348e+00,
       6.1499628830030195e+00, 7.9813823780978694e+00,
       3.5671468377211240e-03, 1.8991293214572938e-03,
       5.9308290921645775e-03, 4.4286094015277815e+00,
       6.1579517073239352e+00, 7.9729362345127299e+00,
       2.7469999405718799e-03, 1.3630091144933487e-03,
       4.7467272496969949e-03, 3.6803296699199457e+00,
       5.2650788725232189e+00, 5.0929583454675820e+00,
       3.7333385653301361e-03, 1.9057822485574675e-03,
       6.0242836552934342e-03, 4.4441668706566482e+00,
