%YAML:1.0
---
summary: "New point detection algorithm implemented."
init_cam_calib: res-C99Finf1004_0
camera_matrix: !!opencv-matrix
   rows: 3
   cols: 3
   dt: d
   data: [ 2.5630329385296614e+03, 0., 1.8713297251149165e+03, 0.,
       2.5591146718281479e+03, 1.0833755259040204e+03, 0., 0., 1. ]
dist_coeff: !!opencv-matrix
   rows: 14
   cols: 1
   dt: d
   data: [ -7.4098656257844384e+00, 2.7754129940973247e+01,
       -6.9495141698022625e-04, -2.1893031493460707e-03,
       -2.9800974014748935e+01, -7.4117510003870759e+00,
       2.7740471715442990e+01, -2.9773997734316460e+01, 0., 0., 0., 0.,
       0., 0. ]
std_intrinsics: !!opencv-matrix
   rows: 18
   cols: 1
   dt: d
   data: [ 7.2921996681429102e-01, 7.0824234044402501e-01,
       1.1352960552608928e+00, 7.5484993079035700e-01,
       8.1089347567520631e-01, 4.9778178054353281e+00,
       1.0191333573155138e-04, 1.5163177377532547e-04,
       6.1335082218188646e+00, 8.0932971101417883e-01,
       4.9685028177669324e+00, 6.1220169773752486e+00, 0., 0., 0., 0.,
       0., 0. ]
std_extrinsics: !!opencv-matrix
   rows: 528
   cols: 1
   dt: d
   data: [ 7.7913606736978297e-04, 3.2823260779792226e-04,
       1.0654807352221784e-03, 1.4810883838750402e+00,
       1.0131025859468339e+00, 1.1502138361776109e+00,
       6.8513665310216895e-04, 2.8229154344722629e-04,
       8.8724356425920036e-04, 1.2508257883098228e+00,
       8.4911145071567429e-01, 9.6230253937858623e-01,
       9.9067533491600628e-04, 5.4429270617170730e-04,
       1.3112543571090168e-03, 1.8546491034467449e+00,
       1.2573016175574798e+00, 1.8809055071940513e+00,
       1.1191722666035512e-03, 7.3704978015449508e-04,
       1.2338414574136966e-03, 1.8975517239151154e+00,
       1.2729434338713572e+00, 1.9013348367446123e+00,
       1.1429220955739819e-03, 5.2559049882725884e-04,
       1.5086113435091749e-03, 1.6526739093515597e+00,
       1.1370313018618181e+00, 1.7428868014770933e+00,
       8.4556055998678814e-04, 3.3718418699417690e-04,
       1.1121864735091404e-03, 1.7334123233629637e+00,
       1.1737856714825057e+00, 1.1560655233250208e+00,
       7.6224032125648373e-04, 3.2653678326319930e-04,
       9.7180468594500343e-04, 1.4547393499724983e+00,
       1.0038483982149680e+00, 1.0815158335750010e+00,
       6.3058593710009297e-04, 5.1017195867655027e-04,
       1.1526998959740787e-03, 1.8074661148303814e+00,
       1.2019395444351673e+00, 1.6360766131536775e+00,
       7.1898670603654121e-04, 2.5355903665319810e-04,
       8.8919950425432322e-04, 1.1230169944032256e+00,
       7.7763757856297477e-01, 8.5849888785157669e-01,
       5.2423822119717549e-04, 3.8710899114454539e-04,
       7.6749292811423048e-04, 1.4809334840246366e+00,
       9.9985054746977975e-01, 1.0422335666805760e+00,
       9.8474348189886343e-04, 3.6777870427137839e-04,
       1.1530339496852158e-03, 1.7755540687791942e+00,
       1.1958412354239945e+00, 1.2915525414165105e+00,
       5.9758637583153082e-04, 5.0836772532149549e-04,
       1.2639515133879525e-03, 1.6523543458364627e+00,
       1.0881252849866685e+00, 1.3257872245468725e+00,
       6.9498986709507274e-04, 3.9303058548619289e-04,
       7.3589929030580255e-04, 1.5195944425057197e+00,
       1.0191737839732997e+00, 9.9728438629602312e-01,
       1.2231192956396661e-03, 4.3664628309267138e-04,
       1.3577753315916631e-03, 1.5974328641972788e+00,
       1.1112262773093589e+00, 1.6758761173112733e+00,
       6.2257416864625666e-04, 4.4952124468677679e-04,
       8.8662595656715203e-04, 1.4662335005377389e+00,
       9.8615125909789725e-01, 1.0593559345065608e+00,
       5.2674616733948420e-04, 4.1103177219319390e-04,
       7.9200571930922799e-04, 1.4843952904882352e+00,
       1.0050820629007711e+00, 1.0546164599537471e+00,
       5.2363908878357349e-04, 4.1416306168233312e-04,
       7.9289854606489404e-04, 1.4872894167964064e+00,
       1.0061678941028347e+00, 1.0520802242880012e+00,
       8.7155773395432333e-04, 3.3877994919376324e-04,
       9.6856695596061278e-04, 1.3808417547915830e+00,
       9.3727033247433733e-01, 9.3516426969914357e-01,
       7.4277307530728857e-04, 3.2531523335780878e-04,
       8.7999351615356881e-04, 1.5251500163043115e+00,
       1.0284005837640220e+00, 1.1704023416817830e+00,
       7.2425740757392444e-04, 3.8163349533708953e-04,
       9.1589855422707196e-04, 1.5258971934588117e+00,
       1.0220024011273572e+00, 1.2043949856685634e+00,
       5.4969439074193239e-04, 5.1556407859687796e-04,
       7.2406777945166999e-04, 1.4846154677119787e+00,
       1.0103969271317650e+00, 9.8545927122535459e-01,
       1.1413342441393846e-03, 8.1830446063471554e-04,
       1.2159460606973791e-03, 1.9033959375419700e+00,
       1.2601057017406512e+00, 1.9683462174811015e+00,
       8.1160185612602750e-04, 4.5135710802964469e-04,
       8.4809876546273740e-04, 1.5808331986049469e+00,
       1.0717807235136776e+00, 1.1096025152911160e+00,
       7.9646051069291008e-04, 2.8027374029928508e-04,
       9.3950543969804011e-04, 1.2111789647481179e+00,
       8.4447030010374291e-01, 9.3975766124732074e-01,
       5.1627882556195377e-04, 4.9401229775329506e-04,
       7.2629178009820056e-04, 1.4960111596943784e+00,
       1.0156090755801266e+00, 1.0364781657734639e+00,
       8.1985561817498340e-04, 5.5908123505506429e-04,
       8.9106097104818191e-04, 1.4531284241066111e+00,
       9.9315928509759477e-01, 1.0998445278973459e+00,
       7.0019504150053383e-04, 3.4399340258934577e-04,
       1.1005446376181466e-03, 1.4388296482158771e+00,
       9.7282565676259802e-01, 9.7178884353933181e-01,
       6.1539607117203445e-04, 9.9267474084675572e-04,
       1.1788346018148325e-03, 1.5914585415852576e+00,
       1.1248745589350171e+00, 1.9634136691360526e+00,
       6.8501632727409735e-04, 2.7031508210722659e-04,
       8.4531867269453957e-04, 1.3867209930713567e+00,
       9.4256863106350242e-01, 1.0534449131318040e+00,
       5.7686060284479720e-04, 4.9861734412720256e-04,
       7.1527690891179157e-04, 1.5093959103237264e+00,
       1.0341806152628263e+00, 1.0506553039723714e+00,
       5.9888332871993358e-04, 4.1342210203566121e-04,
       8.7359409211834279e-04, 1.1118234142262231e+00,
       7.4600424182781644e-01, 8.0353167630639688e-01,
       7.1416224231110972e-04, 2.4442220442835456e-04,
       8.9792025578165917e-04, 1.2180363901364981e+00,
       8.3422672298152933e-01, 8.6770289074029594e-01,
       6.2026040589827297e-04, 4.9281260432614742e-04,
       7.2239087977085561e-04, 1.5686523927188150e+00,
       1.0718727883929791e+00, 1.0807089271090573e+00,
       7.3651178477575363e-04, 4.5146801534731051e-04,
       8.4090557973875903e-04, 1.2735974873195779e+00,
       8.7245782382300741e-01, 9.2779505128939677e-01,
       6.2263056906995283e-04, 4.9556745209904639e-04,
       7.8213532861704047e-04, 1.5856659967532136e+00,
       1.0826948174842022e+00, 1.1837969017842396e+00,
       6.1629972717062304e-04, 4.8891652518433509e-04,
       9.0775794212944610e-04, 1.3075726903508873e+00,
       8.7510768189006161e-01, 9.9221231977297597e-01,
       7.1881171546591403e-04, 3.4024450249023195e-04,
       9.0432267818865231e-04, 9.9577424404622528e-01,
       6.8077608552275404e-01, 8.5671860779533249e-01,
       6.1455647039283454e-04, 4.1096857457310085e-04,
       9.0593857813982151e-04, 1.2028346746936809e+00,
       8.3018153823721164e-01, 9.0621901948106809e-01,
       7.9194457121173562e-04, 2.6835620776906408e-04,
       9.3589337519220102e-04, 1.5107819912826608e+00,
       1.0260246712589729e+00, 1.1603091304495068e+00,
       9.6331033323317889e-04, 3.9446358793429967e-04,
       1.0397452465424446e-03, 1.6106258774759521e+00,
       1.0972331093285386e+00, 1.1505434463723565e+00,
       7.3112077579700133e-04, 2.8176424580570380e-04,
       8.7707176959721646e-04, 1.3803681985953864e+00,
       9.3394650493761344e-01, 1.0547299293074646e+00,
       6.5820098560934051e-04, 4.8349717554067422e-04,
       7.5303887543041927e-04, 1.5241463037107854e+00,
