%YAML:1.0
---
summary: "Change criteria to (90, 0.00001). No diff_coeff used in 2D3D projection. Iteration 1."
init_cam_calib: res-C99Finf1003_1
camera_matrix: !!opencv-matrix
   rows: 3
   cols: 3
   dt: d
   data: [ 2.5634627866791734e+03, 0., 1.8772113967847815e+03, 0.,
       2.5613025719232364e+03, 1.0799922882689696e+03, 0., 0., 1. ]
dist_coeff: !!opencv-matrix
   rows: 14
   cols: 1
   dt: d
   data: [ -5.0179777497693534e+00, 1.1234214894936747e+01,
       -4.8076971686012208e-04, -1.7371962637861623e-03,
       -8.9973846969580933e+00, -5.0271812599149559e+00,
       1.1262814243810448e+01, -9.0197189091141219e+00, 0., 0., 0., 0.,
       0., 0. ]
std_intrinsics: !!opencv-matrix
   rows: 18
   cols: 1
   dt: d
   data: [ 1.3011615670442256e+00, 1.2989526319768976e+00,
       1.9961257579060894e+00, 1.4428287438635525e+00,
       8.9472318442443599e-01, 4.0795025327594745e+00,
       1.9354700098713948e-04, 2.6127374834549616e-04,
       4.5324450034653863e+00, 8.9221417204557607e-01,
       4.0691708296140883e+00, 4.5214836964566478e+00, 0., 0., 0., 0.,
       0., 0. ]
std_extrinsics: !!opencv-matrix
   rows: 414
   cols: 1
   dt: d
   data: [ 1.0009297789282680e-03, 4.1270559236184781e-04,
       1.6126330133224773e-03, 2.5781829137327579e+00,
       1.8986338978421440e+00, 2.0096791823232474e+00,
       8.8865356045840537e-04, 3.0713316859306124e-04,
       1.3131959770831807e-03, 2.1714827753993076e+00,
       1.6013715564622952e+00, 1.6790602164956274e+00,
       3.2888726152177769e-03, 1.3363443312883233e-03,
       4.4965872710863511e-03, 3.5854377207322874e+00,
       2.5316109393796133e+00, 3.0050429456326206e+00,
       3.1027433887246643e-03, 1.4792681173434875e-03,
       4.4216557887758502e-03, 4.0107892970790360e+00,
       2.7367006062615133e+00, 2.8965841554698732e+00,
       2.1053483341500513e-03, 9.7157079003831249e-04,
       3.5783017184616373e-03, 2.8883027225854372e+00,
       2.1623292534007561e+00, 2.8402780772492400e+00,
       1.8081645481028913e-03, 6.2015052048151355e-04,
       3.2079612426306418e-03, 3.0622511986844603e+00,
       2.1983572597887977e+00, 2.2930297702084106e+00,
       1.8910307917004276e-03, 1.3093932796526641e-03,
       2.8532942269091938e-03, 3.1862844704794413e+00,
       2.4782784144635843e+00, 2.7273739717706098e+00,
       8.5184539006441821e-04, 6.0300078406431870e-04,
       1.3930230349291450e-03, 2.6042360762791672e+00,
       1.8873777389561897e+00, 1.7390260738180374e+00,
       2.3314766774606322e-03, 6.7549648068843072e-04,
       3.2710230759509019e-03, 3.1613290641846699e+00,
       2.2576013706442279e+00, 2.2820116799282295e+00,
       1.5634418598947186e-03, 1.1552419425286270e-03,
       2.7180090304785706e-03, 2.8531788675260716e+00,
       2.1121603727571281e+00, 2.2820126773366054e+00,
       1.2885622825606245e-03, 5.7852989753073565e-04,
       1.3279445356391033e-03, 2.6572538743810741e+00,
       1.9177264574025770e+00, 1.6714964027015915e+00,
       1.8467945072604636e-03, 7.1834948730726243e-04,
       3.1137861946460748e-03, 2.7589554043199058e+00,
       2.0661728547846434e+00, 2.5731483911403026e+00,
       1.4372543207283332e-03, 5.4023358617190636e-04,
       1.8061362796772105e-03, 2.4053632780168894e+00,
       1.7462799762659627e+00, 1.6185090629158738e+00,
       9.7522115981066185e-04, 4.7389038434823247e-04,
       1.4239171360089470e-03, 2.6587646534415654e+00,
       1.9248572282600505e+00, 1.9624132434312405e+00,
       9.7567231837994287e-04, 5.5577489790980346e-04,
       1.4839250632773342e-03, 2.6528897337127408e+00,
       1.9170781570751085e+00, 2.0681211165969908e+00,
       7.9439114968930346e-04, 8.3020799704668102e-04,
       1.1592412424327916e-03, 2.5791132319506769e+00,
       1.8972817000317732e+00, 1.6042658556108707e+00,
       2.5111376732074486e-03, 1.2836387728572915e-03,
       3.3254489502627452e-03, 3.7152080776615781e+00,
       2.5683401732690871e+00, 2.7150594477578682e+00,
       1.4960271511368388e-03, 7.4451286741120711e-04,
       1.7421963480967319e-03, 2.8453495984561732e+00,
       2.0734324151215935e+00, 1.9269153713114573e+00,
       1.1451608483799803e-03, 3.7262311938379694e-04,
       1.4602510202628637e-03, 2.1015776170042790e+00,
       1.5701838744553946e+00, 1.6219203797428778e+00,
       7.6405238820507104e-04, 8.1084639358146424e-04,
       1.1844004677341357e-03, 2.6052216048554513e+00,
       1.9191346183720932e+00, 1.6157119357323240e+00,
       1.1223284651541382e-03, 5.1220533640314737e-04,
       1.8722648606266852e-03, 2.5058364996515259e+00,
       1.8168619610161838e+00, 1.6545079854934146e+00,
       1.1765376972553241e-03, 1.9279470641165883e-03,
       2.2103819433834946e-03, 2.7653752246305223e+00,
       2.0546294125440321e+00, 2.6813712912582823e+00,
       9.0135199725649645e-04, 3.4193442201330772e-04,
       1.3084855428320470e-03, 2.4164688072127634e+00,
       1.7663538725521459e+00, 1.7779360585278012e+00,
       9.1695969188328392e-04, 8.5562138622955299e-04,
       1.2003395858126774e-03, 2.6312255313962041e+00,
       1.9754763384636382e+00, 1.6647670312492138e+00,
       8.7815745302412165e-04, 5.8247346886622212e-04,
       1.4558947563574956e-03, 1.9275798441741541e+00,
       1.3931811843122333e+00, 1.2923228403551075e+00,
       9.5154567649132827e-04, 3.0881908031103766e-04,
       1.4352841463806721e-03, 2.1133190341039469e+00,
       1.5566282289781896e+00, 1.5176143897009569e+00,
       1.1433764454373068e-03, 9.6398919095900648e-04,
       1.2896862098521040e-03, 2.7506091007375484e+00,
       2.0934166493930362e+00, 1.7750518330563987e+00,
       1.2075380532213227e-03, 6.7605301755375850e-04,
       1.4791635003564155e-03, 2.2368897075450831e+00,
       1.6351787378939000e+00, 1.5466387652703741e+00,
       1.0268329550204547e-03, 9.0658221604303564e-04,
       1.3335168938354326e-03, 2.7756556835865318e+00,
       2.0828850477138201e+00, 1.9223383129028688e+00,
       1.1016074704536280e-03, 8.4077622788880603e-04,
       1.7644046665592273e-03, 2.3130634236339573e+00,
       1.6631888618077542e+00, 1.7845449094110111e+00,
       1.1590869077408995e-03, 5.0009415404456820e-04,
       1.5969672482240296e-03, 1.7245112636570028e+00,
       1.2668169624148384e+00, 1.4526530364621297e+00,
       9.0195776038360319e-04, 5.8270843497856752e-04,
       1.4716096762558647e-03, 2.0988712327589409e+00,
       1.5447039971653018e+00, 1.4958329848722562e+00,
       9.9901318967276099e-04, 3.2925288790742145e-04,
       1.3834271782184996e-03, 2.6330660146481377e+00,
       1.9269314888566922e+00, 1.9408799174573945e+00,
       1.8061283556204113e-03, 7.8246062448814122e-04,
       2.7606724330189784e-03, 2.8324955050373424e+00,
       2.0417405095018615e+00, 1.9837522185973500e+00,
       1.0405196230659003e-03, 3.8811216121228265e-04,
       1.4237323643096196e-03, 2.3996065063012182e+00,
       1.7508463012608291e+00, 1.8627682683481463e+00,
       1.1940864190274393e-03, 9.4080974794504403e-04,
       1.3836324729473153e-03, 2.6686628194865043e+00,
       2.0351731794406578e+00, 1.8843749299052865e+00,
       1.9468507035612086e-03, 7.7982004859754512e-04,
       2.9672576873729507e-03, 2.9147773049446712e+00,
       2.0684688630904495e+00, 2.0462330111345080e+00,
       8.8192922500848769e-04, 3.4413084077233587e-04,
       1.3415989692010675e-03, 2.5645782881822035e+00,
       1.8826208388927685e+00, 1.9076228118593230e+00,
       1.4034962321963077e-03, 8.3548773532227864e-04,
       1.8704539758952463e-03, 2.9341446480327260e+00,
       2.1727884282719390e+00, 2.0483515499456448e+00,
       9.9604689085966967e-04, 8.6940288483465620e-04,
       1.7473392899463372e-03, 2.7028142667791109e+00,
       2.0169387804408037e+00, 2.1943655373137561e+00,
       1.5607642214119420e-03, 8.1409424585415899e-04,
       1.7745005913294830e-03, 2.7709483938921537e+00,
       2.0364841119916823e+00, 2.0662096130566305e+00,
       1.5449472475561809e-03, 8.5789644150142356e-04,
