%YAML:1.0
---
summary: "Iteration 2 from previous calibration."
init_cam_calib: res-C99Finf1004_3p_0
camera_matrix: !!opencv-matrix
   rows: 3
   cols: 3
   dt: d
   data: [ 2.5608497067904623e+03, 0., 1.8707858460735529e+03, 0.,
       2.5568608214028632e+03, 1.0831855673297662e+03, 0., 0., 1. ]
dist_coeff: !!opencv-matrix
   rows: 5
   cols: 1
   dt: d
   data: [ 2.1903901648472210e-02, -5.0433901708294530e-02,
       -6.8430716530638240e-04, -2.2551033789155639e-03,
       3.7711099484463967e-02 ]
std_intrinsics: !!opencv-matrix
   rows: 18
   cols: 1
   dt: d
   data: [ 6.9988325585175171e-01, 6.7628033961805201e-01,
       1.1405459840832151e+00, 7.5641300337955630e-01,
       1.4855231870969342e-03, 5.8435508878822602e-03,
       1.0214831340728142e-04, 1.5260984963172018e-04,
       6.6935493270599729e-03, 0., 0., 0., 0., 0., 0., 0., 0., 0. ]
std_extrinsics: !!opencv-matrix
   rows: 528
   cols: 1
   dt: d
   data: [ 7.7978074802363413e-04, 3.2841677176597491e-04,
       1.0669147686677026e-03, 1.4882117707196920e+00,
       1.0149589940874850e+00, 1.1523108757399305e+00,
       6.8591096909796829e-04, 2.8246482966545213e-04,
       8.8934745849893280e-04, 1.2567469637599493e+00,
       8.5079838978084454e-01, 9.6492345133629676e-01,
       9.9102681551649493e-04, 5.4489789044526041e-04,
       1.3116162154668217e-03, 1.8624131423127688e+00,
       1.2596949308776568e+00, 1.8819585106899948e+00,
       1.1205313110724576e-03, 7.3781646231904315e-04,
       1.2361403885822286e-03, 1.9060926915620442e+00,
       1.2757035062576776e+00, 1.9026237305027016e+00,
       1.1440752804294876e-03, 5.2603124046465800e-04,
       1.5094135043414343e-03, 1.6594876925019078e+00,
       1.1391843583200931e+00, 1.7453590027330745e+00,
       8.4650863584064733e-04, 3.3748025088453675e-04,
       1.1136659183111030e-03, 1.7412601135201564e+00,
       1.1760894502455410e+00, 1.1581451451295497e+00,
       7.6297849674241401e-04, 3.2685203606441879e-04,
       9.7405259932806514e-04, 1.4615490799282493e+00,
       1.0056792726307662e+00, 1.0828217791287531e+00,
       6.3128562760796222e-04, 5.1109529988511233e-04,
       1.1543004707918821e-03, 1.8156676387117341e+00,
       1.2043747360820223e+00, 1.6394180573444266e+00,
       7.1949596369109568e-04, 2.5375444378432951e-04,
       8.9077010313291197e-04, 1.1283049071917093e+00,
       7.7915290456301611e-01, 8.5975069626473211e-01,
       5.2491556322956589e-04, 3.8757128091201172e-04,
       7.6939595682650938e-04, 1.4873000636730089e+00,
       1.0018177913498101e+00, 1.0437963864251545e+00,
       9.8692898193610142e-04, 3.6824126566410373e-04,
       1.1560820320196336e-03, 1.7841960933377288e+00,
       1.1979835615221663e+00, 1.3014412310442725e+00,
       5.9849846310793507e-04, 5.0972853281346727e-04,
       1.2662535932867328e-03, 1.6598545455866711e+00,
       1.0904900432424096e+00, 1.3286449124475950e+00,
       6.9589038612450423e-04, 3.9333570609327220e-04,
       7.3785865878073285e-04, 1.5264350848057415e+00,
       1.0211214020202402e+00, 9.9998788577295028e-01,
       1.2237296611400644e-03, 4.3702118102400899e-04,
       1.3575088483605152e-03, 1.6041172885564650e+00,
       1.1133446737080335e+00, 1.6772361545140897e+00,
       6.2331483787543334e-04, 4.4991088641717483e-04,
       8.8828608798553570e-04, 1.4724838689796973e+00,
       9.8813665169523524e-01, 1.0604873762708822e+00,
       5.2748274629326689e-04, 4.1152620576063580e-04,
       7.9392351268885804e-04, 1.4907229097489747e+00,
       1.0070690052072364e+00, 1.0561768536054312e+00,
       5.2434538520911066e-04, 4.1464891296829595e-04,
       7.9491640722823909e-04, 1.4936778081566491e+00,
       1.0081286522776911e+00, 1.0536704548049178e+00,
       8.7217531364130465e-04, 3.3914367159168653e-04,
       9.7107951981542575e-04, 1.3872393493779436e+00,
       9.3918242132214957e-01, 9.3673765325697766e-01,
       7.4332780315072801e-04, 3.2551465273925094e-04,
       8.8244359617980930e-04, 1.5321094790651677e+00,
       1.0303916261602013e+00, 1.1724016488696059e+00,
       7.2463299010914637e-04, 3.8187016704343922e-04,
       9.1703496829930939e-04, 1.5328963260869466e+00,
       1.0238061822416913e+00, 1.2066264917765672e+00,
       5.4990105744649796e-04, 5.1646003229382619e-04,
       7.2553634860111590e-04, 1.4912997638499252e+00,
       1.0120621432076755e+00, 9.8700297944871107e-01,
       1.1430882502089670e-03, 8.1905450046559306e-04,
       1.2184741915975082e-03, 1.9119127057758725e+00,
       1.2628370411368044e+00, 1.9696273193755192e+00,
       8.1246402676782466e-04, 4.5166041953623696e-04,
       8.5003126626168491e-04, 1.5876133767248242e+00,
       1.0737950787418076e+00, 1.1116563083264461e+00,
       7.9710993469374357e-04, 2.8052584182197509e-04,
       9.4096114255060590e-04, 1.2167992965886201e+00,
       8.4609921167697699e-01, 9.4126183620697923e-01,
       5.1640315873550046e-04, 4.9493560211339045e-04,
       7.2766574826137697e-04, 1.5026468641935706e+00,
       1.0171356937066236e+00, 1.0380714142153755e+00,
       8.2087947153953338e-04, 5.5954671741000560e-04,
       8.9320677721533898e-04, 1.4593171684764319e+00,
       9.9504092685412959e-01, 1.1013575116273444e+00,
       7.0100329059835968e-04, 3.4434311552345250e-04,
       1.1020108413295887e-03, 1.4456651526985882e+00,
       9.7486551734933635e-01, 9.7463662663962558e-01,
       6.1611315271967854e-04, 9.9446505047613102e-04,
       1.1801821859101201e-03, 1.5988393290198979e+00,
       1.1269355941522048e+00, 1.9652998440719653e+00,
       6.8582395866581688e-04, 2.7051982815863552e-04,
       8.4750696421427194e-04, 1.3931641386017382e+00,
       9.4449812289969559e-01, 1.0560893771747408e+00,
       5.7717610485925864e-04, 4.9977660826645278e-04,
       7.1677100919008852e-04, 1.5162313937084670e+00,
       1.0358934490786951e+00, 1.0525829967235003e+00,
       5.9932263487581891e-04, 4.1383421568156036e-04,
       8.7530537843274884e-04, 1.1165976670219893e+00,
       7.4745330817101574e-01, 8.0519472760031341e-01,
       7.1493057162171384e-04, 2.4460251955007865e-04,
       9.0103948894328600e-04, 1.2236256376931751e+00,
       8.3593906510481031e-01, 8.6899520109979322e-01,
       6.2051780798581932e-04, 4.9384004768694863e-04,
       7.2378494419892477e-04, 1.5757222222421750e+00,
       1.0736410277767652e+00, 1.0829603709701676e+00,
       7.3723287567726864e-04, 4.5185843294898403e-04,
       8.4317201748829499e-04, 1.2790572456965272e+00,
       8.7422549514114234e-01, 9.2949987952159618e-01,
       6.2281564867184452e-04, 4.9653698422664995e-04,
       7.8358413522797187e-04, 1.5928506478028792e+00,
       1.0843887935101673e+00, 1.1852655491691451e+00,
       6.1705188724118067e-04, 4.8926453160475110e-04,
       9.1010144483557362e-04, 1.3135184473415824e+00,
       8.7679772670636436e-01, 9.9344322184266953e-01,
       7.1981164859010100e-04, 3.4054689382434424e-04,
       9.0680767517908021e-04, 1.0002785448861771e+00,
       6.8212690907698714e-01, 8.5801964041923173e-01,
       6.1554235329337368e-04, 4.1135201834821946e-04,
       9.0906442758596914e-04, 1.2085946524579709e+00,
       8.3187973221236733e-01, 9.0801520298408722e-01,
       7.9268656665696649e-04, 2.6856562597505756e-04,
       9.3865906720339020e-04, 1.5178071742842052e+00,
       1.0281283619567698e+00, 1.1631092622537231e+00,
       9.6395974482358759e-04, 3.9486367310868214e-04,
       1.0419008143788516e-03, 1.6178394835087542e+00,
       1.0993877184059688e+00, 1.1517795544856158e+00,
       7.3183374015410617e-04, 2.8194389328219604e-04,
       8.7885360179447848e-04, 1.3867860826170986e+00,
       9.3579009437419058e-01, 1.0566629838369681e+00,
       6.5856149599412533e-04, 4.8452329637575244e-04,
       7.5426572923757847e-04, 1.5308953851262934e+00,
       1.0464265677939517e+00, 1.0724210037841633e+00,
       9.6168875328656608e-04, 4.1888593650230574e-04,
       1.0561091869807247e-03, 1.6404990840310936e+00,
