%YAML:1.0
---
summary: "solvePnP() with dist_coeff. Iteration 1."
init_cam_calib: res-C99Finf1003_3
camera_matrix: !!opencv-matrix
   rows: 3
   cols: 3
   dt: d
   data: [ 2.5631981475824964e+03, 0., 1.8771934459078777e+03, 0.,
       2.5611155400781158e+03, 1.0800074706718756e+03, 0., 0., 1. ]
dist_coeff: !!opencv-matrix
   rows: 14
   cols: 1
   dt: d
   data: [ -4.7383124489634252e+00, 1.0304366764454731e+01,
       -5.1572648529570053e-04, -1.7423711302998266e-03,
       -8.2332347487629569e+00, -4.7478261249344005e+00,
       1.0333522117847505e+01, -8.2556886027542209e+00, 0., 0., 0., 0.,
       0., 0. ]
std_intrinsics: !!opencv-matrix
   rows: 18
   cols: 1
   dt: d
   data: [ 1.3082528981838561e+00, 1.3063150127569394e+00,
       2.0075371226372836e+00, 1.4477893371257837e+00,
       9.8423071925725536e-01, 4.5185130182472113e+00,
       1.9413737817954930e-04, 2.6300215950261129e-04,
       5.0194701734592346e+00, 9.8147516981077565e-01,
       4.5069947747829078e+00, 5.0071474980049322e+00, 0., 0., 0., 0.,
       0., 0. ]
std_extrinsics: !!opencv-matrix
   rows: 414
   cols: 1
   dt: d
   data: [ 1.0038066786482865e-03, 4.1387146812627148e-04,
       1.6199636732520122e-03, 2.5929817322707747e+00,
       1.9050169763536748e+00, 2.0161621040795086e+00,
       8.9171338701239233e-04, 3.0786002797951576e-04,
       1.3186964104331901e-03, 2.1849384044499249e+00,
       1.6073718045150716e+00, 1.6846538489010146e+00,
       3.2985610322963615e-03, 1.3401402613678415e-03,
       4.5104714615204627e-03, 3.6037546730264065e+00,
       2.5399425664836421e+00, 3.0140563635590851e+00,
       3.1120759337137497e-03, 1.4835133044099021e-03,
       4.4355658644245231e-03, 4.0292982516635263e+00,
       2.7454207769493673e+00, 2.9047206368878054e+00,
       2.1116084452105833e-03, 9.7432573963505433e-04,
       3.5901988557945088e-03, 2.9042027233655818e+00,
       2.1695374011556852e+00, 2.8505860614826704e+00,
       1.8133440974992812e-03, 6.2187063714146758e-04,
       3.2172427267940446e-03, 3.0791762432737748e+00,
       2.2057996140269207e+00, 2.3011507997143932e+00,
       1.8961381167788820e-03, 1.3131779340609391e-03,
       2.8615310930113005e-03, 3.2036040667372943e+00,
       2.4862561277734749e+00, 2.7353652065087131e+00,
       8.5497334194881754e-04, 6.0484573680537855e-04,
       1.3990703951100914e-03, 2.6190189631375635e+00,
       1.8938255131730384e+00, 1.7440566554337151e+00,
       2.3385378376063336e-03, 6.7743830745333041e-04,
       3.2816546086314336e-03, 3.1793577074733119e+00,
       2.2653006557232791e+00, 2.2886895585014146e+00,
       1.5675471656912742e-03, 1.1586263153487554e-03,
       2.7258878882716587e-03, 2.8691745057795726e+00,
       2.1191905424981679e+00, 2.2887822708970975e+00,
       1.2931455606422966e-03, 5.8033936448719154e-04,
       1.3337124531905226e-03, 2.6728693123070997e+00,
       1.9245709889345672e+00, 1.6767228575686539e+00,
       1.8521625063173724e-03, 7.2036925709641393e-04,
       3.1245576175914819e-03, 2.7745953851200182e+00,
       2.0730863564169613e+00, 2.5825997241356720e+00,
       1.4414930269519267e-03, 5.4177648303412387e-04,
       1.8128036249922049e-03, 2.4191700213722429e+00,
       1.7522134971752539e+00, 1.6234250935579662e+00,
       9.7808347893505940e-04, 4.7521227070638106e-04,
       1.4301930678031433e-03, 2.6740205710022944e+00,
       1.9313760305787160e+00, 1.9682285835967777e+00,
       9.7882926105567758e-04, 5.5729445951212850e-04,
       1.4901245207251405e-03, 2.6683446261283104e+00,
       1.9236800548951443e+00, 2.0743256202863436e+00,
       7.9670720637896482e-04, 8.3351844210205462e-04,
       1.1642056407873205e-03, 2.5939338153754150e+00,
       1.9036895197968227e+00, 1.6089353485474926e+00,
       2.5187197232960615e-03, 1.2873740418679965e-03,
       3.3358882756466435e-03, 3.7332520614635611e+00,
       2.5766704773260187e+00, 2.7225632669030180e+00,
       1.5645540270037739e-03, 7.5397802298882144e-04,
       1.7932129885428923e-03, 2.8730486199542073e+00,
       2.0880074373569371e+00, 1.9522300206203724e+00,
       1.1485103303492544e-03, 3.7369365533375468e-04,
       1.4660533488748003e-03, 2.1137065585047865e+00,
       1.5755265324231755e+00, 1.6274773915675016e+00,
       7.6625986044292680e-04, 8.1409928484575211e-04,
       1.1894504294146496e-03, 2.6201332541987314e+00,
       1.9256285019389694e+00, 1.6203832181529316e+00,
       1.1257472688565172e-03, 5.1368633731482274e-04,
       1.8787867116520918e-03, 2.5203113821237424e+00,
       1.8230612407735081e+00, 1.6592669002457516e+00,
       1.1781784970646431e-03, 1.9309181096476952e-03,
       2.2138567011761824e-03, 2.7819170229628143e+00,
       2.0625562915333200e+00, 2.6893031802738778e+00,
       9.0411854132051075e-04, 3.4289190367782057e-04,
       1.3152043642131314e-03, 2.4305107023062194e+00,
       1.7723785010987678e+00, 1.7833996476763545e+00,
       9.1960750519241049e-04, 8.5910118974636264e-04,
       1.2052673121149735e-03, 2.6464381089497335e+00,
       1.9821371896694524e+00, 1.6696688461863780e+00,
       8.8156424250493740e-04, 5.8589855728256553e-04,
       1.4647613917804598e-03, 1.9391221192098917e+00,
       1.3985361515969850e+00, 1.2982677851832711e+00,
       9.5432806889037057e-04, 3.0970071640638478e-04,
       1.4419159348151979e-03, 2.1255334448372665e+00,
       1.5618743202462773e+00, 1.5223890183447208e+00,
       1.1466588111690504e-03, 9.6757391072580857e-04,
       1.2945958418370939e-03, 2.7663526371368525e+00,
       2.1004134573785214e+00, 1.7803511420654501e+00,
       1.2114295219739217e-03, 6.7802234837507035e-04,
       1.4855324263605460e-03, 2.2493504023835977e+00,
       1.6407202892007586e+00, 1.5512542331743535e+00,
       1.0297865567392816e-03, 9.0995732440383548e-04,
       1.3385204148670920e-03, 2.7914229369490742e+00,
       2.0898953054045064e+00, 1.9279379543709116e+00,
       1.1054111113625227e-03, 8.4318355343864101e-04,
       1.7711003988701863e-03, 2.3259501229883912e+00,
       1.6688307158149442e+00, 1.7894530277675376e+00,
       1.1628329635736353e-03, 5.0150820692896941e-04,
       1.6040491444502306e-03, 1.7344276992921224e+00,
       1.2712148170111910e+00, 1.4571691312846253e+00,
       9.0511286590193763e-04, 5.8444276892569169e-04,
       1.4781875035495945e-03, 2.1108276693846291e+00,
       1.5499650666199347e+00, 1.5005762121069954e+00,
       1.0020314290015780e-03, 3.3016838593665496e-04,
       1.3900452608534813e-03, 2.6484083617784182e+00,
       1.9335558690735819e+00, 1.9469340010077452e+00,
       1.8113411597324640e-03, 7.8468462379846613e-04,
       2.7690929379135974e-03, 2.8482730741107813e+00,
       2.0486295587507182e+00, 1.9897411722801486e+00,
       1.0435832983132476e-03, 3.8920195301390265e-04,
       1.4301530782437511e-03, 2.4134795034034848e+00,
       1.7568222122995139e+00, 1.8683154245688047e+00,
       1.1975024720655338e-03, 9.4424814042349051e-04,
       1.3886118364229367e-03, 2.6838446155739351e+00,
       2.0419806857414082e+00, 1.8898882492137457e+00,
       1.9524808659460071e-03, 7.8204644838258486e-04,
       2.9762432367572201e-03, 2.9308000895029624e+00,
       2.0754512444369908e+00, 2.0524326702931215e+00,
       8.8461389764565813e-04, 3.4512089023153414e-04,
       1.3486799197253421e-03, 2.5794666282997554e+00,
       1.8890158934810395e+00, 1.9133739506843932e+00,
       1.4078889337779358e-03, 8.3787870727024326e-04,
       1.8773555024405714e-03, 2.9503074599848467e+00,
       2.1800756525725986e+00, 2.0546201654128726e+00,
       9.9939494868804784e-04, 8.7194662919727053e-04,
       1.7539560283228095e-03, 2.7177205535229132e+00,
       2.0236933528078525e+00, 2.2008830404816235e+00,
       1.5655630760105154e-03, 8.1641345529867408e-04,
       1.7812026544508518e-03, 2.7861223428834343e+00,
       2.0433116640614997e+00, 2.0723829287392270e+00,
       1.5498242999167336e-03, 8.6035544084363041e-04,
       1.8925181735836058e-03, 2.7993490381660888e+00,
