%YAML:1.0
---
summary: "No changes made. Iteration 2."
init_cam_calib: res-C99Finf1003_2
camera_matrix: !!opencv-matrix
   rows: 3
   cols: 3
   dt: d
   data: [ 2.5634627868760181e+03, 0., 1.8772113968329566e+03, 0.,
       2.5613025720894379e+03, 1.0799922881359039e+03, 0., 0., 1. ]
dist_coeff: !!opencv-matrix
   rows: 14
   cols: 1
   dt: d
   data: [ -5.0179777497143006e+00, 1.1234214894663813e+01,
       -4.8076972481950425e-04, -1.7371962731712156e-03,
       -8.9973846967260123e+00, -5.0271812599837622e+00,
       1.1262814244055022e+01, -9.0197189093896348e+00, 0., 0., 0., 0.,
       0., 0. ]
std_intrinsics: !!opencv-matrix
   rows: 18
   cols: 1
   dt: d
   data: [ 1.3011614013760266e+00, 1.2989524586729002e+00,
       1.9961257572639322e+00, 1.4428287444244097e+00,
       8.9472023323473138e-01, 4.0794860275494491e+00,
       1.9354700095509220e-04, 2.6127374786976293e-04,
       4.5324253810602846e+00, 8.9221122798041530e-01,
       4.0691543638173018e+00, 4.5214641203840777e+00, 0., 0., 0., 0.,
       0., 0. ]
std_extrinsics: !!opencv-matrix
   rows: 414
   cols: 1
   dt: d
   data: [ 1.0009297787823869e-03, 4.1270559233536102e-04,
       1.6126330129680047e-03, 2.5781829126845959e+00,
       1.8986338984275339e+00, 2.0096791944172456e+00,
       8.8865356041325930e-04, 3.0713316860092002e-04,
       1.3131959739647718e-03, 2.1714827744078100e+00,
       1.6013715570050782e+00, 1.6790602289612411e+00,
       3.2888726150180955e-03, 1.3363443312189762e-03,
       4.4965872708773221e-03, 3.5854377198277927e+00,
       2.5316109401124485e+00, 3.0050429485913606e+00,
       3.1027433887004020e-03, 1.4792681168753520e-03,
       4.4216557883530452e-03, 4.0107892964808149e+00,
       2.7367006070275366e+00, 2.8965841582796132e+00,
       2.1053483311003324e-03, 9.7157078992505077e-04,
       3.5783017059606999e-03, 2.8883027190112820e+00,
       2.1623292540587400e+00, 2.8402780773662437e+00,
       1.8081645324780284e-03, 6.2015051934335530e-04,
       3.2079612054453114e-03, 3.0622511957353553e+00,
       2.1983572604519908e+00, 2.2930297763770682e+00,
       1.8910307914846577e-03, 1.3093932796611120e-03,
       2.8532942266628254e-03, 3.1862844695486974e+00,
       2.4782784152264741e+00, 2.7273739812624984e+00,
       8.5184538876891371e-04, 6.0300078399923643e-04,
       1.3930230346989275e-03, 2.6042360755650735e+00,
       1.8873777392129971e+00, 1.7390260776065640e+00,
       2.3314766758389749e-03, 6.7549648069719249e-04,
       3.2710230753651912e-03, 3.1613290634129418e+00,
       2.2576013715407299e+00, 2.2820116902920899e+00,
       1.5634418598270514e-03, 1.1552419423453109e-03,
       2.7180090285846537e-03, 2.8531788669378737e+00,
       2.1121603733243455e+00, 2.2820126852143430e+00,
       1.2885622825521091e-03, 5.7852989759593154e-04,
       1.3279445355488949e-03, 2.6572538734833984e+00,
       1.9177264577715636e+00, 1.6714964147550142e+00,
       1.8467945061426793e-03, 7.1834948720195105e-04,
       3.1137861779187577e-03, 2.7589554016141107e+00,
       2.0661728554445049e+00, 2.5731483962108852e+00,
       1.4372543205037459e-03, 5.4023358616979357e-04,
       1.8061362795150900e-03, 2.4053632771373015e+00,
       1.7462799767260646e+00, 1.6185090688512560e+00,
       9.7522115989898638e-04, 4.7389038435840814e-04,
       1.4239171344871482e-03, 2.6587646523971964e+00,
       1.9248572289602375e+00, 1.9624132484215893e+00,
       9.7567231836606292e-04, 5.5577489780098718e-04,
       1.4839250623311872e-03, 2.6528897324931293e+00,
       1.9170781576923006e+00, 2.0681211232624057e+00,
       7.9439114970901524e-04, 8.3020799712992780e-04,
       1.1592412422377356e-03, 2.5791132311001261e+00,
       1.8972817004847879e+00, 1.6042658615880283e+00,
       2.5111376730628300e-03, 1.2836387727966248e-03,
       3.3254489500562181e-03, 3.7152080767850344e+00,
       2.5683401739308853e+00, 2.7150594510018506e+00,
       1.4960271510304705e-03, 7.4451286753320219e-04,
       1.7421963482390269e-03, 2.8453495980101700e+00,
       2.0734324158547492e+00, 1.9269153773791496e+00,
       1.1451608484216406e-03, 3.7262311933683174e-04,
       1.4602510165759974e-03, 2.1015776161822077e+00,
       1.5701838749248360e+00, 1.6219203834608786e+00,
       7.6405238822974304e-04, 8.1084639349859617e-04,
       1.1844004673005621e-03, 2.6052216035568052e+00,
       1.9191346189931520e+00, 1.6157119414361671e+00,
       1.1223284651157863e-03, 5.1220533635950617e-04,
       1.8722648425378865e-03, 2.5058364987614592e+00,
       1.8168619614977521e+00, 1.6545079838995342e+00,
       1.1765376971467187e-03, 1.9279470638156420e-03,
       2.2103819433040256e-03, 2.7653752231162607e+00,
       2.0546294130526976e+00, 2.6813712996683599e+00,
       9.0135199721168117e-04, 3.4193442207666269e-04,
       1.3084855410413849e-03, 2.4164688063428019e+00,
       1.7663538731459045e+00, 1.7779360692197457e+00,
       9.1695969178322929e-04, 8.5562138593574190e-04,
       1.2003395853689700e-03, 2.6312255303639236e+00,
       1.9754763389560146e+00, 1.6647670361383080e+00,
       8.7815745297664606e-04, 5.8247346866024106e-04,
       1.4558947557986785e-03, 1.9275798430698841e+00,
       1.3931811847401607e+00, 1.2923228471267620e+00,
       9.5154567692595110e-04, 3.0881908022954349e-04,
       1.4352841450884046e-03, 2.1133190332925889e+00,
       1.5566282296735601e+00, 1.5176143986970208e+00,
       1.1433764453846610e-03, 9.6398919089483830e-04,
       1.2896862096356176e-03, 2.7506090997711508e+00,
       2.0934166497455626e+00, 1.7750518407499336e+00,
       1.2075380527948234e-03, 6.7605301763043826e-04,
       1.4791634996693143e-03, 2.2368897066619193e+00,
       1.6351787385659766e+00, 1.5466387691281349e+00,
       1.0268329549622912e-03, 9.0658221577425313e-04,
       1.3335168935291011e-03, 2.7756556820733982e+00,
       2.0828850482510455e+00, 1.9223383197659056e+00,
       1.1016074702560406e-03, 8.4077622793858630e-04,
       1.7644046664109026e-03, 2.3130634231165526e+00,
       1.6631888623076170e+00, 1.7845449097076247e+00,
       1.1590869077863272e-03, 5.0009415407234806e-04,
       1.5969672482332256e-03, 1.7245112631316950e+00,
       1.2668169628733927e+00, 1.4526530400119626e+00,
       9.0195776048498900e-04, 5.8270843493955608e-04,
       1.4716096759237708e-03, 2.0988712323177530e+00,
       1.5447039978154020e+00, 1.4958329901077239e+00,
       9.9901318959178670e-04, 3.2925288791363328e-04,
       1.3834271779802015e-03, 2.6330660136848190e+00,
       1.9269314894781830e+00, 1.9408799297837154e+00,
       1.8061283547444887e-03, 7.8246062445645607e-04,
       2.7606724307726884e-03, 2.8324955043578433e+00,
       2.0417405101061008e+00, 1.9837522213168268e+00,
       1.0405196231656351e-03, 3.8811216122384371e-04,
       1.4237323624314022e-03, 2.3996065055143263e+00,
       1.7508463019031328e+00, 1.8627682755911461e+00,
       1.1940864189923343e-03, 9.4080974752158209e-04,
       1.3836324726134515e-03, 2.6686628179597776e+00,
       2.0351731799009216e+00, 1.8843749372280656e+00,
       1.9468507035144654e-03, 7.7982004851968845e-04,
       2.9672576871188788e-03, 2.9147773038800220e+00,
       2.0684688633745156e+00, 2.0462330135598945e+00,
       8.8192922495333248e-04, 3.4413084077786188e-04,
       1.3415989680234535e-03, 2.5645782872780827e+00,
       1.8826208395398738e+00, 1.9076228246744122e+00,
       1.4034962304947053e-03, 8.3548773522470565e-04,
       1.8704539758722196e-03, 2.9341446476061424e+00,
       2.1727884278860019e+00, 2.0483515583857890e+00,
       9.9604689069283004e-04, 8.6940288480551794e-04,
       1.7473392899244216e-03, 2.7028142662074610e+00,
       2.0169387808803974e+00, 2.1943655439195826e+00,
       1.5607642213609563e-03, 8.1409424587730378e-04,
       1.7745005908336991e-03, 2.7709483930147196e+00,
       2.0364841125422899e+00, 2.0662096191515591e+00,
       1.5449472475084589e-03, 8.5789644152630545e-04,
       1.8853905715499404e-03, 2.7838815097593232e+00,
