%YAML:1.0
---
summary: "Criteria at (30, 0.001). No diff_coeff used in 2D3D projection. Added dataset from C67Finf. Iteration 1."
init_cam_calib: res-C99Finf1002_1
camera_matrix: !!opencv-matrix
   rows: 3
   cols: 3
   dt: d
   data: [ 2.5635940001279264e+03, 0., 1.8772033395259223e+03, 0.,
       2.5614270589694634e+03, 1.0799480275725844e+03, 0., 0., 1. ]
dist_coeff: !!opencv-matrix
   rows: 14
   cols: 1
   dt: d
   data: [ -9.0159324453686307e-01, -7.1379185414321844e+00,
       -4.7348753968828991e-04, -1.7279957816104387e-03,
       2.3766860290029889e+01, -9.1220736878393582e-01,
       -7.1273272630599003e+00, 2.3767551103646834e+01, 0., 0., 0., 0.,
       0., 0. ]
std_intrinsics: !!opencv-matrix
   rows: 18
   cols: 1
   dt: d
   data: [ 1.5186102626508056e+00, 1.5182615084978339e+00,
       1.9890152433438828e+00, 1.4367465235281482e+00,
       3.4096951632852793e+01, 1.4637865174229080e+02,
       1.9270416401925790e-04, 2.6041722942589163e-04,
       2.6008382350248968e+02, 3.4084089270502716e+01,
       1.4653951111299997e+02, 2.6030013088470236e+02, 0., 0., 0., 0.,
       0., 0. ]
std_extrinsics: !!opencv-matrix
   rows: 414
   cols: 1
   dt: d
   data: [ 9.9622402172987764e-04, 4.1077853543742285e-04,
       1.6060328496907458e-03, 2.5690343010624801e+00,
       1.8905675526320522e+00, 2.0009139162335847e+00,
       8.8459992729706543e-04, 3.0570256820181387e-04,
       1.3068661821893305e-03, 2.1639511853815252e+00,
       1.5945604613175004e+00, 1.6727497474065973e+00,
       3.2736871926230212e-03, 1.3301553361871597e-03,
       4.4760116283329892e-03, 3.5717710652954486e+00,
       2.5206473402947762e+00, 2.9912221472846801e+00,
       3.0883336064310581e-03, 1.4724761566651721e-03,
       4.4013552250904645e-03, 3.9945498546904354e+00,
       2.7247245582554438e+00, 2.8842146373724402e+00,
       2.0972316597666742e-03, 9.6716042157774310e-04,
       3.5640342114390891e-03, 2.8775455771491187e+00,
       2.1532037930984567e+00, 2.8289698809435859e+00,
       1.7983153118814384e-03, 6.1720540981051409e-04,
       3.1888745143989457e-03, 3.0504000398273385e+00,
       2.1890437403424459e+00, 2.2831715157197383e+00,
       1.8823799766552998e-03, 1.3033937641011204e-03,
       2.8403961413936032e-03, 3.1747021316756010e+00,
       2.4674973037938877e+00, 2.7161618451261771e+00,
       8.4823105372889532e-04, 6.0023727987956450e-04,
       1.3872315347993598e-03, 2.5947776765016570e+00,
       1.8792296219697675e+00, 1.7308114542199187e+00,
       2.3203014294756971e-03, 6.7237810710464054e-04,
       3.2557413703436749e-03, 3.1500322369554841e+00,
       2.2479675422923773e+00, 2.2710385069106143e+00,
       1.5562646302563065e-03, 1.1501346512710225e-03,
       2.7068284052254397e-03, 2.8430599807818551e+00,
       2.1029979147230939e+00, 2.2718164541705823e+00,
       1.2827139045434072e-03, 5.7580150331378727e-04,
       1.3221362781741330e-03, 2.6476510696208599e+00,
       1.9093984653835454e+00, 1.6596747684336446e+00,
       1.8385322686008006e-03, 7.1502888970044302e-04,
       3.1017087951268423e-03, 2.7489258436776862e+00,
       2.0573588294108749e+00, 2.5618965058571348e+00,
       1.4310020798444299e-03, 5.3774549023752750e-04,
       1.7986692843001476e-03, 2.3968291987459005e+00,
       1.7388421905487004e+00, 1.6115851820729776e+00,
       9.7088011076962733e-04, 4.7171094876740245e-04,
       1.4186056771033275e-03, 2.6493002618897674e+00,
       1.9167367204413599e+00, 1.9538629413526156e+00,
       9.7130215647187545e-04, 5.5318060442540015e-04,
       1.4779326763133477e-03, 2.6433119568274335e+00,
       1.9089217580625726e+00, 2.0585553120435565e+00,
       7.9072538421612478e-04, 8.2676976733522302e-04,
       1.1544603656090714e-03, 2.5698702237336306e+00,
       1.8890707869847525e+00, 1.5971396771210271e+00,
       2.4996064582310856e-03, 1.2777206385161796e-03,
       3.3101740989445708e-03, 3.7004800931797779e+00,
       2.5572392647332416e+00, 2.7036072998520195e+00,
       1.4892060020491771e-03, 7.4112169257165635e-04,
       1.7347879144453417e-03, 2.8349104938150158e+00,
       2.0644537401248013e+00, 1.9183710495787896e+00,
       1.1399694916571365e-03, 3.7090737182309723e-04,
       1.4546020167534846e-03, 2.0940890114246176e+00,
       1.5635109353964025e+00, 1.6147054563273422e+00,
       7.6056944088028454e-04, 8.0747116015655158e-04,
       1.1794922855974013e-03, 2.5958128452740667e+00,
       1.9109046936858549e+00, 1.6086234747123647e+00,
       1.1172811075424534e-03, 5.0984565847203610e-04,
       1.8618021217381032e-03, 2.4970015408388089e+00,
       1.8092111771376618e+00, 1.6462457057240778e+00,
       1.1844942433098114e-03, 2.0031613860519047e-03,
       2.2181841234940004e-03, 2.7646063318463105e+00,
       2.0509539322322361e+00, 2.6719532872352763e+00,
       8.9727296142053158e-04, 3.4035257308835573e-04,
       1.3034153445571433e-03, 2.4078992881132595e+00,
       1.7588401365274384e+00, 1.7702233514967947e+00,
       9.1271045188466712e-04, 8.5207459904762365e-04,
       1.1952095128764263e-03, 2.6218713790967709e+00,
       1.9670340938685662e+00, 1.6579304708523639e+00,
       8.7432932530088841e-04, 5.7982209473630714e-04,
       1.4498129586195891e-03, 1.9206938130368649e+00,
       1.3872552463048571e+00, 1.2869717525859863e+00,
       9.4665319010587721e-04, 3.0740460154427321e-04,
       1.4277898897176856e-03, 2.1058335092649196e+00,
       1.5499921677376078e+00, 1.5109603987896798e+00,
       1.1381822297445820e-03, 9.5999476291815696e-04,
       1.2842621168338642e-03, 2.7409551207702645e+00,
       2.0844311538278619e+00, 1.7674770331944818e+00,
       1.2020770793900032e-03, 6.7296234334748991e-04,
       1.4730239260173758e-03, 2.2286576570372509e+00,
       1.6281917607238816e+00, 1.5396371862951828e+00,
       1.0222821510731588e-03, 9.0267401237803112e-04,
       1.3277694981295772e-03, 2.7655787998147008e+00,
       2.0739893138013206e+00, 1.9136348123870697e+00,
       1.0968874592311975e-03, 8.3691924545325406e-04,
       1.7567007873729179e-03, 2.3045122611939903e+00,
       1.6560256440680559e+00, 1.7762650170937191e+00,
       1.1538664415346514e-03, 4.9779882583847479e-04,
       1.5906018110585706e-03, 1.7183685134037570e+00,
       1.2614267579437521e+00, 1.4459927450664434e+00,
       8.9825983411193436e-04, 5.8010888333177954e-04,
       1.4660753676608762e-03, 2.0915061895726126e+00,
       1.5382305360785564e+00, 1.4891769789969376e+00,
       9.9464617610790307e-04, 3.2774784488815757e-04,
       1.3784828114682816e-03, 2.6237789382850938e+00,
       1.9187514590121499e+00, 1.9324265704598100e+00,
       1.7980545293031405e-03, 7.7884262400119877e-04,
       2.7487206989887519e-03, 2.8223758722482937e+00,
       2.0329793337076909e+00, 1.9750263320191928e+00,
       1.0357835932346604e-03, 3.8631590614895912e-04,
       1.4182120160494867e-03, 2.3910784382205819e+00,
       1.7433820748865398e+00, 1.8542039687070799e+00,
       1.1884647611995489e-03, 9.3661953385022767e-04,
       1.3774805062830759e-03, 2.6588454548349150e+00,
       2.0263461881964595e+00, 1.8759958874958507e+00,
       1.9379967849077198e-03, 7.7621703279138002e-04,
       2.9539259828760839e-03, 2.9041475030637001e+00,
       2.0595674275555176e+00, 2.0376782069081303e+00,
       8.7796574919169347e-04, 3.4254715414722234e-04,
       1.3363179300405939e-03, 2.5554831970480882e+00,
       1.8746407643557519e+00, 1.8992106751870077e+00,
       1.3976428739404198e-03, 8.3165085008744127e-04,
       1.8625643980796957e-03, 2.9235134373519140e+00,
       2.1632759720701782e+00, 2.0393221304413660e+00,
       9.9166019304316728e-04, 8.6541535938815251e-04,
       1.7398267813606948e-03, 2.6929419137023505e+00,
       2.0082282538161231e+00, 2.1844769511787936e+00,
       1.5538187500684316e-03, 8.1035475039181845e-04,
       1.7668155523918021e-03, 2.7606692174338003e+00,
       2.0278129066345998e+00, 2.0569314504727139e+00,
