%YAML:1.0
---
summary: "projectPoints() with dist_coeff. Iteration 1."
init_cam_calib: res-C99Finf1003_5
camera_matrix: !!opencv-matrix
   rows: 3
   cols: 3
   dt: d
   data: [ 2.5636339811384182e+03, 0., 1.8771270292192173e+03, 0.,
       2.5615287612302145e+03, 1.0797055131204650e+03, 0., 0., 1. ]
dist_coeff: !!opencv-matrix
   rows: 14
   cols: 1
   dt: d
   data: [ -5.2486279909602160e+00, 1.2139808572970706e+01,
       -5.0684279041534903e-04, -1.7457156746028500e-03,
       -9.8453861560284750e+00, -5.2572618864861855e+00,
       1.2166320466127495e+01, -9.8658605812347755e+00, 0., 0., 0., 0.,
       0., 0. ]
std_intrinsics: !!opencv-matrix
   rows: 18
   cols: 1
   dt: d
   data: [ 1.3001063407373372e+00, 1.2979483073204556e+00,
       1.9947493553855327e+00, 1.4423512678670170e+00,
       8.6314140253554761e-01, 3.9911050078815253e+00,
       1.9348571340290754e-04, 2.6114494718248830e-04,
       4.4812931337842175e+00, 8.6075938738349689e-01,
       3.9811432358552796e+00, 4.4705700859350808e+00, 0., 0., 0., 0.,
       0., 0. ]
std_extrinsics: !!opencv-matrix
   rows: 414
   cols: 1
   dt: d
   data: [ 1.0003763491918606e-03, 4.1244376011196130e-04,
       1.6115414406745400e-03, 2.5764351902026261e+00,
       1.8979976687727458e+00, 2.0086528782208029e+00,
       8.8815621047420336e-04, 3.0694490250736899e-04,
       1.3122196225458431e-03, 2.1700155270165378e+00,
       1.6008218760527233e+00, 1.6781105782913102e+00,
       3.2869683216309323e-03, 1.3354331937740843e-03,
       4.4939053567532592e-03, 3.5829450469345661e+00,
       2.5305460436451419e+00, 3.0036241621381032e+00,
       3.1010826671375160e-03, 1.4783931381793180e-03,
       4.4193121030882557e-03, 4.0083879701402809e+00,
       2.7355139973193912e+00, 2.8951676264989161e+00,
       2.1042436467387190e-03, 9.7089693133367929e-04,
       3.5764151302364608e-03, 2.8863874363337128e+00,
       2.1614830374056568e+00, 2.8389794414770235e+00,
       1.8069058001880518e-03, 6.1969833992216649e-04,
       3.2053677319787443e-03, 3.0600284645577203e+00,
       2.1975909869376511e+00, 2.2918538032293796e+00,
       1.8899008279933906e-03, 1.3085987547097463e-03,
       2.8513497070098469e-03, 3.1842447615365499e+00,
       2.4773238950597571e+00, 2.7258226016738982e+00,
       8.5144013638287046e-04, 6.0263507942040213e-04,
       1.3919026406775470e-03, 2.6023818743094465e+00,
       1.8866783196142323e+00, 1.7380631636022614e+00,
       2.3301294173737018e-03, 6.7510442061884091e-04,
       3.2689710372648508e-03, 3.1591877310133079e+00,
       2.2568042889599269e+00, 2.2809174257123770e+00,
       1.5587768236577464e-03, 1.1520766169578628e-03,
       2.7073311993840664e-03, 2.8503649106173503e+00,
       2.1110554576407412e+00, 2.2771735196421941e+00,
       1.2877726366369703e-03, 5.7823215943720067e-04,
       1.3270621077490290e-03, 2.6554242330844291e+00,
       1.9170476968188643e+00, 1.6704953233489190e+00,
       1.8458514286848644e-03, 7.1787120645913952e-04,
       3.1120297624226455e-03, 2.7571183113539699e+00,
       2.0654190358694859e+00, 2.5719884102851278e+00,
       1.4365534726898509e-03, 5.3993970875990767e-04,
       1.8051660171890843e-03, 2.4037674133573765e+00,
       1.7456808069084953e+00, 1.6178321701057108e+00,
       9.7469541686438690e-04, 4.7363076257119071e-04,
       1.4231495055623050e-03, 2.6569699186798443e+00,
       1.9242148709575770e+00, 1.9615104775643604e+00,
       9.7511061543372639e-04, 5.5546798043991786e-04,
       1.4831034625419853e-03, 2.6510628026216447e+00,
       1.9164350056973909e+00, 2.0671904246566424e+00,
       7.9393294498316985e-04, 8.2984153474176074e-04,
       1.1585180494433863e-03, 2.5773967723791729e+00,
       1.8965792620965782e+00, 1.6034880006364494e+00,
       2.5096569876480604e-03, 1.2828653933039062e-03,
       3.3235754888046665e-03, 3.7129996208212650e+00,
       2.5672640380004172e+00, 2.7136864779961019e+00,
       1.5587783609559713e-03, 7.5144254380128260e-04,
       1.7856367216449816e-03, 2.8555987292329221e+00,
       2.0802151839846821e+00, 1.9455486224755751e+00,
       1.1445248070446408e-03, 3.7240755916144566e-04,
       1.4596556876311519e-03, 2.1001632235588823e+00,
       1.5696491405172133e+00, 1.6212338768518642e+00,
       7.6360070082575910e-04, 8.1050218837719855e-04,
       1.1836342373572118e-03, 2.6034742833959958e+00,
       1.9184119866489875e+00, 1.6149219543026168e+00,
       1.1216143634369838e-03, 5.1191075928386177e-04,
       1.8708080909800263e-03, 2.5041536766239116e+00,
       1.8162240817838193e+00, 1.6539138030806249e+00,
       1.1759351711072626e-03, 1.9278857100414025e-03,
       2.2102786741376697e-03, 2.7636233212123424e+00,
       2.0539029681720997e+00, 2.6802355221042875e+00,
       9.0083150768033597e-04, 3.4174234489897382e-04,
       1.3075901982157630e-03, 2.4148018451776432e+00,
       1.7657418980916040e+00, 1.7770342897358005e+00,
       9.1641191634166607e-04, 8.5522346972992489e-04,
       1.1995471861060098e-03, 2.6294206011551950e+00,
       1.9747318546897137e+00, 1.6639115703617293e+00,
       8.7772326606614488e-04, 5.8214175080606076e-04,
       1.4547256891251786e-03, 1.9262496096445678e+00,
       1.3926843029420901e+00, 1.2916240266905001e+00,
       9.5087592392064367e-04, 3.0869401979797059e-04,
       1.4337542306462722e-03, 2.1119640042110173e+00,
       1.5561247427953631e+00, 1.5170230664158819e+00,
       1.1426752470724956e-03, 9.6354044669816254e-04,
       1.2888860871438522e-03, 2.7487654516874387e+00,
       2.0926179561479339e+00, 1.7740637598411704e+00,
       1.2067419657347529e-03, 6.7569638334393032e-04,
       1.4782822289108278e-03, 2.2353203370203114e+00,
       1.6345285351482413e+00, 1.5458331412073150e+00,
       1.0261926980267666e-03, 9.0615161566375219e-04,
       1.3326344779059811e-03, 2.7737435331670022e+00,
       2.0820545373639314e+00, 1.9213476508266250e+00,
       1.1010079141331082e-03, 8.4028494302761905e-04,
       1.7630645033768154e-03, 2.3113896171476060e+00,
       1.6625528970217769e+00, 1.7836283531705246e+00,
       1.1584013534219008e-03, 4.9977600477525816e-04,
       1.5958145904554459e-03, 1.7233469932042809e+00,
       1.2663613358313608e+00, 1.4519598891070535e+00,
       9.0150072583548846e-04, 5.8235998232587197e-04,
       1.4705837488238178e-03, 2.0974164861300273e+00,
       1.5441076450216946e+00, 1.4950729559729192e+00,
       9.9855899163204566e-04, 3.2907049038885842e-04,
       1.3826152761115392e-03, 2.6313448663810695e+00,
       1.9263288208796214e+00, 1.9400155263327095e+00,
       1.8052172898458695e-03, 7.8198285006951377e-04,
       2.7592695776636920e-03, 2.8306031562397345e+00,
       2.0410314498697253e+00, 1.9829176357848004e+00,
       1.0399548027849633e-03, 3.8788184427045760e-04,
       1.4228079696085535e-03, 2.3979690763086943e+00,
       1.7502395772154875e+00, 1.8618791923158453e+00,
       1.1933328740951253e-03, 9.4036718417567331e-04,
       1.3827460761779565e-03, 2.6668398827703972e+00,
       2.0343539402443289e+00, 1.8833217424482627e+00,
       1.9458899176262004e-03, 7.7936467923745486e-04,
       2.9657005779385468e-03, 2.9128204090232135e+00,
       2.0677427798950356e+00, 2.0453145828464026e+00,
       8.8144491541004128e-04, 3.4391727506130794e-04,
       1.3404538506495663e-03, 2.5628043543933439e+00,
       1.8819740339096502e+00, 1.9066909859233283e+00,
       1.4026047570181535e-03, 8.3509299486236052e-04,
       1.8693151519427449e-03, 2.9321035482426447e+00,
       2.1719956101529219e+00, 2.0473396734122327e+00,
       9.9549539346340758e-04, 8.6885673584001500e-04,
       1.7460092388835197e-03, 2.7008455754671310e+00,
       2.0160828298761162e+00, 2.1931970608280205e+00,
       1.5597284402956771e-03, 8.1368595003584478e-04,
       1.7733835976152851e-03, 2.7689545468959822e+00,
       2.0356402183264386e+00, 2.0651927910723287e+00,
       1.5439349554675858e-03, 8.5744209160055671e-04,
       1.8842812980501501e-03, 2.7819537605768048e+00,
