%YAML:1.0
---
summary: "No changes made. Iteration 2."
init_cam_calib: res-C99Finf1004_1
camera_matrix: !!opencv-matrix
   rows: 3
   cols: 3
   dt: d
   data: [ 2.5630404670304347e+03, 0., 1.8713575464369478e+03, 0.,
       2.5591304729384628e+03, 1.0834464790074960e+03, 0., 0., 1. ]
dist_coeff: !!opencv-matrix
   rows: 14
   cols: 1
   dt: d
   data: [ -7.3285902021342491e+00, 2.7771155213392294e+01,
       -6.8663199461721524e-04, -2.1846590132670375e-03,
       -3.0044611648225839e+01, -7.3305317355057191e+00,
       2.7756664145451683e+01, -3.0016137503383046e+01, 0., 0., 0., 0.,
       0., 0. ]
std_intrinsics: !!opencv-matrix
   rows: 18
   cols: 1
   dt: d
   data: [ 7.3155181258350865e-01, 7.1069948008891626e-01,
       1.1355400772782347e+00, 7.5466663232171194e-01,
       8.3370802658933385e-01, 5.1828847784616752e+00,
       1.0192704916559693e-04, 1.5170479657069722e-04,
       6.4184383702957994e+00, 8.3206822920422308e-01,
       5.1729832842646966e+00, 6.4061750400156141e+00, 0., 0., 0., 0.,
       0., 0. ]
std_extrinsics: !!opencv-matrix
   rows: 528
   cols: 1
   dt: d
   data: [ 7.7924496594852419e-04, 3.2829095740362357e-04,
       1.0656376070999831e-03, 1.4814445590570255e+00,
       1.0128845599479970e+00, 1.1503575834301516e+00,
       6.8521090715709023e-04, 2.8234307995791827e-04,
       8.8740289333292459e-04, 1.2511319365495124e+00,
       8.4893190866175339e-01, 9.6248219581610206e-01,
       9.9079049163606657e-04, 5.4437130902382984e-04,
       1.3114982861507109e-03, 1.8550266271852534e+00,
       1.2570335185509784e+00, 1.8812221684819475e+00,
       1.1193910652633799e-03, 7.3715948851651590e-04,
       1.2340354035971699e-03, 1.8979730171516125e+00,
       1.2726833752844156e+00, 1.9017004159397966e+00,
       1.1430715707551064e-03, 5.2568122228967154e-04,
       1.5088065191710299e-03, 1.6530054719291511e+00,
       1.1368243644948086e+00, 1.7431533484987451e+00,
       8.4571459070569856e-04, 3.3723373053043523e-04,
       1.1123535284917236e-03, 1.7338079278870715e+00,
       1.1735304367680053e+00, 1.1562594502910983e+00,
       7.6235467564664510e-04, 3.2657586505832468e-04,
       9.7192895311116329e-04, 1.4550628431490604e+00,
       1.0036360494246410e+00, 1.0816043407918967e+00,
       6.3065323344179889e-04, 5.1028674816720211e-04,
       1.1528634547004703e-03, 1.8078783364784410e+00,
       1.2016770360730564e+00, 1.6364085847318077e+00,
       7.1909564516202092e-04, 2.5360498301345335e-04,
       8.8931939974198004e-04, 1.1232850165827375e+00,
       7.7747979212043827e-01, 8.5859633386563394e-01,
       5.2433836903678459e-04, 3.8714081984204929e-04,
       7.6762873821559251e-04, 1.4812763563156723e+00,
       9.9963073828033655e-01, 1.0424274963295468e+00,
       9.8493043771165790e-04, 3.6781843373599201e-04,
       1.1532552734279621e-03, 1.7759764112182710e+00,
       1.1956001388038462e+00, 1.2918339496864037e+00,
       5.9766554326985970e-04, 5.0850073934749886e-04,
       1.2641444388432936e-03, 1.6527379109000733e+00,
       1.0878908977812636e+00, 1.3260156084850816e+00,
       6.9503918285522060e-04, 3.9308337667126841e-04,
       7.3607544756652907e-04, 1.5199506330263872e+00,
       1.0189525980503427e+00, 9.9748663464668585e-01,
       1.2232552985688636e-03, 4.3672048302423430e-04,
       1.3579131097047994e-03, 1.5977591266567202e+00,
       1.1109987109547508e+00, 1.6761163333890867e+00,
       6.2269474484552979e-04, 4.4957267117991294e-04,
       8.8678505171822591e-04, 1.4665693605881085e+00,
       9.8593752248865918e-01, 1.0595613680981846e+00,
       5.2684916828115900e-04, 4.1106490443837092e-04,
       7.9214642196406924e-04, 1.4847378068577910e+00,
       1.0048615754745638e+00, 1.0548151787013023e+00,
       5.2374189496046054e-04, 4.1419628313251475e-04,
       7.9304057025657803e-04, 1.4876324318398086e+00,
       1.0059470253141132e+00, 1.0522753293710128e+00,
       8.7170868363335545e-04, 3.3882295288959309e-04,
       9.6872221286548206e-04, 1.3811638582032630e+00,
       9.3707717379105582e-01, 9.3532606532522722e-01,
       7.4285765706559397e-04, 3.2536915071002784e-04,
       8.8019761820229848e-04, 1.5255116289048729e+00,
       1.0281766132473156e+00, 1.1705971030596201e+00,
       7.2426241621497485e-04, 3.8169410214746824e-04,
       9.1602632995073580e-04, 1.5262039355352410e+00,
       1.0217429697010423e+00, 1.2045168493977330e+00,
       5.4977200915570584e-04, 5.1567079484552694e-04,
       7.2412420541611200e-04, 1.4849583194306828e+00,
       1.0102004516335839e+00, 9.8567417101820165e-01,
       1.1414986310145697e-03, 8.1843817953168043e-04,
       1.2162125741452898e-03, 1.9038169169211374e+00,
       1.2598576309464151e+00, 1.9687428682012129e+00,
       8.1166565026512976e-04, 4.5141729575606598e-04,
       8.4829912150333729e-04, 1.5811959877638415e+00,
       1.0715446776303459e+00, 1.1098162420529700e+00,
       7.9658615721428093e-04, 2.8031646529360005e-04,
       9.3962934378873564e-04, 1.2114563328613510e+00,
       8.4430447017679211e-01, 9.3984429249679213e-01,
       5.1634874484837116e-04, 4.9411557495631926e-04,
       7.2633644321626637e-04, 1.4963555572918348e+00,
       1.0154041336456445e+00, 1.0366941483275169e+00,
       8.1993356116067545e-04, 5.5914441866711804e-04,
       8.9127290319427981e-04, 1.4534582574821360e+00,
       9.9295678469169457e-01, 1.1000608491160935e+00,
       7.0028374456977769e-04, 3.4403372480149583e-04,
       1.1007820153030937e-03, 1.4391850389733960e+00,
       9.7263395555545873e-01, 9.7205971550527470e-01,
       6.1549659718418501e-04, 9.9287035669403355e-04,
       1.1790267437683207e-03, 1.5918376238888408e+00,
       1.1247165438021400e+00, 1.9637546362978426e+00,
       6.8508123178435282e-04, 2.7035928576382809e-04,
       8.4550778533307766e-04, 1.3870522664125158e+00,
       9.4236015611165269e-01, 1.0536722876359184e+00,
       5.7694369903749868e-04, 4.9873284455885362e-04,
       7.1533919241397533e-04, 1.5097558807061369e+00,
       1.0339747881880270e+00, 1.0508757047719761e+00,
       5.9899651661740898e-04, 4.1345706367850387e-04,
       8.7375461477236715e-04, 1.1120836307740338e+00,
       7.4583998524595563e-01, 8.0369553265520266e-01,
       7.1409826222375847e-04, 2.4446551787508540e-04,
       8.9672015378387555e-04, 1.2183670760421479e+00,
       8.3399199612133246e-01, 8.6794028716276428e-01,
       6.2034665515282785e-04, 4.9292218742518336e-04,
       7.2245909115596022e-04, 1.5690184543773780e+00,
       1.0716561982121113e+00, 1.0809413551791960e+00,
       7.3656585609193021e-04, 4.5151496720526128e-04,
       8.4111257812445779e-04, 1.2738985560468581e+00,
       8.7227378756641427e-01, 9.2799851828223812e-01,
       6.2272556983764330e-04, 4.9567723701693183e-04,
       7.8220756078919962e-04, 1.5860297706935724e+00,
       1.0824876092586058e+00, 1.1840116763377067e+00,
       6.1642764584438016e-04, 4.8897357679002858e-04,
       9.0792152070945788e-04, 1.3078746316555576e+00,
       8.7492133978025810e-01, 9.9240528343790146e-01,
       7.1892855168131909e-04, 3.4028985156679768e-04,
       9.0451957058686823e-04, 9.9601970127382422e-01,
       6.8063763932227117e-01, 8.5688538491647914e-01,
       6.1466423846247612e-04, 4.1100690961411732e-04,
       9.0615317419769699e-04, 1.2031434493063280e+00,
       8.3000595539873501e-01, 9.0643521602225807e-01,
       7.9206814292781395e-04, 2.6840449697796315e-04,
       9.3605532662456689e-04, 1.5111404441726490e+00,
       1.0257993937331735e+00, 1.1605516741171917e+00,
       9.6347481000412353e-04, 3.9451366868187813e-04,
       1.0399090791599370e-03, 1.6109829538453611e+00,
       1.0970064158149397e+00, 1.1506967700838098e+00,
       7.3119079071860902e-04, 2.8181213020055280e-04,
       8.7722006017854884e-04, 1.3806781967312809e+00,
       9.3373148941343787e-01, 1.0548795142360490e+00,
       6.5830529982352374e-04, 4.8360564937972151e-04,
       7.5310018275352220e-04, 1.5244946122152641e+00,
