%YAML:1.0
---
summary: First calibration getting 3 rotational distortion coefficients
init_cam_calib: 0
camera_matrix: !!opencv-matrix
   rows: 3
   cols: 3
   dt: d
   data: [ 2.5619986467860585e+03, 0., 1.8704817903507230e+03, 0.,
       2.5578427289844540e+03, 1.0827765952907648e+03, 0., 0., 1. ]
dist_coeff: !!opencv-matrix
   rows: 5
   cols: 1
   dt: d
   data: [ 2.2627889581969603e-02, -5.3296867205565299e-02,
       -6.6545793083164499e-04, -2.3492483182497893e-03,
       4.0945748265209067e-02 ]
std_intrinsics: !!opencv-matrix
   rows: 18
   cols: 1
   dt: d
   data: [ 6.9184814679157092e-01, 6.6846521184445384e-01,
       1.1283993374548769e+00, 7.4807826543100531e-01,
       1.4699874989925904e-03, 5.7875022693364628e-03,
       1.0100738148020102e-04, 1.5096555749555287e-04,
       6.6353530322977713e-03, 0., 0., 0., 0., 0., 0., 0., 0., 0. ]
std_extrinsics: !!opencv-matrix
   rows: 528
   cols: 1
   dt: d
   data: [ 7.7098686038887254e-04, 3.2450825933092191e-04,
       1.0548516497859346e-03, 1.4723605423728887e+00,
       1.0037563800922695e+00, 1.1392771248076488e+00,
       6.7822847962930330e-04, 2.7913211674537760e-04,
       8.7932299300312220e-04, 1.2433374858203459e+00,
       8.4142929362597785e-01, 9.5406542896126534e-01,
       9.7928879794713982e-04, 5.3860321662180482e-04,
       1.2962415061370364e-03, 1.8423174273606986e+00,
       1.2456575711684483e+00, 1.8610239340013313e+00,
       1.1072055269186654e-03, 7.2920508269013579e-04,
       1.2218344731354796e-03, 1.8852613725355982e+00,
       1.2613604352801913e+00, 1.8814040666375000e+00,
       1.1305378787824405e-03, 5.1988440403003238e-04,
       1.4921338687285115e-03, 1.6418162165554417e+00,
       1.1264949046148829e+00, 1.7257978856678868e+00,
       8.3669600499391668e-04, 3.3354435735076130e-04,
       1.1008660524378527e-03, 1.7224499486247764e+00,
       1.1629919793529064e+00, 1.1451302114680948e+00,
       7.5414670589300868e-04, 3.2303067955350421e-04,
       9.6305767768254129e-04, 1.4459339536768117e+00,
       9.9449541040202849e-01, 1.0706300837450229e+00,
       6.2400144308791012e-04, 5.0524183904960955e-04,
       1.1408258925039222e-03, 1.7960247438868886e+00,
       1.1910353301445518e+00, 1.6211084413947847e+00,
       7.1135772460208431e-04, 2.5076816860619743e-04,
       8.8063085202658858e-04, 1.1162812286605670e+00,
       7.7054536407974850e-01, 8.4998287035953901e-01,
       5.1889940460370153e-04, 3.8306722218590787e-04,
       7.6065297988831275e-04, 1.4712432800303989e+00,
       9.9070125908413353e-01, 1.0320426635339852e+00,
       9.7530554857388162e-04, 3.6397871076424855e-04,
       1.1425979447001245e-03, 1.7648668412591162e+00,
       1.1846223000347409e+00, 1.2868137269972300e+00,
       5.9165761245435046e-04, 5.0392646265460671e-04,
       1.2517146729466185e-03, 1.6419298342907607e+00,
       1.0784544582534983e+00, 1.3137575927785439e+00,
       6.8774478184574028e-04, 3.8872195338703855e-04,
       7.2948497155526557e-04, 1.5099492891759903e+00,
       1.0097735128797716e+00, 9.8876207904331259e-01,
       1.2092726410652059e-03, 4.3196911637515028e-04,
       1.3420977399052204e-03, 1.5870774934214571e+00,
       1.1010159481729960e+00, 1.6584444972165155e+00,
       6.1848382205817822e-04, 4.4520732926551371e-04,
       8.7654358427759367e-04, 1.4566295962609610e+00,
       9.7699247396628242e-01, 1.0518679606805603e+00,
       5.2143898540353160e-04, 4.0675086707155740e-04,
       7.8487163974416501e-04, 1.4746115970554807e+00,
       9.9588297424687588e-01, 1.0442711081494760e+00,
       5.1833974732780417e-04, 4.0983559219825365e-04,
       7.8585719352392252e-04, 1.4775351275272377e+00,
       9.9692878715129229e-01, 1.0418002407470071e+00,
       8.6208162348573255e-04, 3.3525644731999650e-04,
       9.6007206730946970e-04, 1.3723833669361809e+00,
       9.2881225439379722e-01, 9.2627096633100314e-01,
       7.3487767506652426e-04, 3.2170016688250446e-04,
       8.7258072086700256e-04, 1.5156886069391668e+00,
       1.0190349815068447e+00, 1.1592415211827769e+00,
       7.1618287729374448e-04, 3.7736051602027402e-04,
       9.0645007700301979e-04, 1.5163463349955333e+00,
       1.0124010506945205e+00, 1.1929283284227876e+00,
       5.4343368816579482e-04, 5.1052986086833963e-04,
       7.1723993518058569e-04, 1.4751548928340181e+00,
       1.0007913975044600e+00, 9.7593797938245130e-01,
       1.1295907313835583e-03, 8.0943060638037005e-04,
       1.2041933265587571e-03, 1.8909791838832968e+00,
       1.2486752716554472e+00, 1.9476426765038701e+00,
       8.0331658462460902e-04, 4.4666579681438033e-04,
       8.4048480391633125e-04, 1.5705872826243845e+00,
       1.0620210798682659e+00, 1.0994835018683136e+00,
       7.8794320208051881e-04, 2.7726130985345556e-04,
       9.3025232709630654e-04, 1.2038343138441834e+00,
       8.3672511293954999e-01, 9.3051174006109616e-01,
       5.1034462673543669e-04, 4.8926794234622323e-04,
       7.1934290702842653e-04, 1.4863669060891100e+00,
       1.0057999487190561e+00, 1.0264297816457937e+00,
       8.0492582632660519e-04, 5.5344827357360713e-04,
       8.8382763467257210e-04, 1.4420822733455609e+00,
       9.8295604931571079e-01, 1.0936863440939835e+00,
       6.9280752354574520e-04, 3.4036361338663819e-04,
       1.0891719268694784e-03, 1.4300595043490651e+00,
       9.6404777658812324e-01, 9.6366757742426223e-01,
       6.1147753141128089e-04, 9.8218067059699160e-04,
       1.1718286632187488e-03, 1.5799943188737202e+00,
       1.1134652879704245e+00, 1.9426883855309294e+00,
       6.7814671021586357e-04, 2.6735260321587243e-04,
       8.3810934805097863e-04, 1.3782096741503469e+00,
       9.3407726427547944e-01, 1.0441781354036448e+00,
       5.6567151688654128e-04, 4.9224796304589218e-04,
       7.0793027102458521e-04, 1.4992451075677480e+00,
       1.0236064879415292e+00, 1.0404414554672421e+00,
       5.9239028481875738e-04, 4.0902478435106497e-04,
       8.6523455350877168e-04, 1.1045308320355398e+00,
       7.3914035252877675e-01, 7.9610868934190726e-01,
       7.0683622036507923e-04, 2.4174592571925721e-04,
       8.9084697958936854e-04, 1.2105543521962470e+00,
       8.2671340839772489e-01, 8.5913685132786488e-01,
       6.1318603206210497e-04, 4.8817001681545664e-04,
       7.1549210805059676e-04, 1.5586629462133645e+00,
       1.0616802424067846e+00, 1.0708397135741834e+00,
       7.3740543417194590e-04, 4.4642972999368034e-04,
       8.3322257810295841e-04, 1.2656265975913235e+00,
       8.6481597834293711e-01, 9.1618214114342866e-01,
       6.1546323640413380e-04, 4.9083592011984058e-04,
       7.7457497090801586e-04, 1.5756173038434553e+00,
       1.0722805615078783e+00, 1.1719961511910051e+00,
       7.2958005641956961e-04, 4.8825432503713716e-04,
       7.9917604211774166e-04, 1.2992845017769137e+00,
       8.6702926530124658e-01, 9.8226146944985271e-01,
       7.1178796132035055e-04, 3.3663299232771068e-04,
       8.9688631084866349e-04, 9.8966209107511360e-01,
       6.7467386353817338e-01, 8.4854840266574549e-01,
       6.0845155316104798e-04, 4.0658442816829160e-04,
       8.9868667982507221e-04, 1.1955051911143684e+00,
       8.2262953840112518e-01, 8.9772309368213810e-01,
       7.8382631477820475e-04, 2.6544203034951084e-04,
       9.2809675463420679e-04, 1.5015471064149728e+00,
       1.0168091952300775e+00, 1.1500079934712162e+00,
       9.3879473857492947e-04, 3.8651251914175784e-04,
       1.0244753721092854e-03, 1.5971764200578966e+00,
       1.0848348170911946e+00, 1.1301668103929310e+00,
       7.2360883381717615e-04, 2.7863031345990287e-04,
       8.6907890190820753e-04, 1.3719501394032412e+00,
       9.2548769820834020e-01, 1.0447956279167165e+00,
       6.5079682424461314e-04, 4.7898378506570157e-04,
       7.4561975855973249e-04, 1.5143558905151946e+00,
       1.0347570140006699e+00, 1.0604480500914675e+00,
       9.5041263814579866e-04, 4.1406608864341855e-04,
       1.0440325904187467e-03, 1.6228045230684951e+00,
