%YAML:1.0
---
summary: "No changes made. Iteration 2."
init_cam_calib: res-C99Finf1003_4
camera_matrix: !!opencv-matrix
   rows: 3
   cols: 3
   dt: d
   data: [ 2.5631981480778600e+03, 0., 1.8771934459574263e+03, 0.,
       2.5611155404243168e+03, 1.0800074705098475e+03, 0., 0., 1. ]
dist_coeff: !!opencv-matrix
   rows: 14
   cols: 1
   dt: d
   data: [ -4.7383124489302615e+00, 1.0304366764151851e+01,
       -5.1572649086891928e-04, -1.7423711965971775e-03,
       -8.2332347484301476e+00, -4.7478261249821196e+00,
       1.0333522118122994e+01, -8.2556886031261776e+00, 0., 0., 0., 0.,
       0., 0. ]
std_intrinsics: !!opencv-matrix
   rows: 18
   cols: 1
   dt: d
   data: [ 1.3082534728051161e+00, 1.3063156200320214e+00,
       2.0075371226910406e+00, 1.4477893387615186e+00,
       9.8424168767030773e-01, 4.5185651288685751e+00,
       1.9413737824432284e-04, 2.6300216030162346e-04,
       5.0195260450763524e+00, 9.8148610877376563e-01,
       4.5070467517816697e+00, 5.0072032310402212e+00, 0., 0., 0., 0.,
       0., 0. ]
std_extrinsics: !!opencv-matrix
   rows: 414
   cols: 1
   dt: d
   data: [ 1.0038066791828604e-03, 4.1387146813865209e-04,
       1.6199636734136095e-03, 2.5929817323547102e+00,
       1.9050169779614299e+00, 2.0161621602337272e+00,
       8.9171338775621421e-04, 3.0786002805455024e-04,
       1.3186964143487722e-03, 2.1849384044417066e+00,
       1.6073718061177045e+00, 1.6846538823592978e+00,
       3.2985610314745029e-03, 1.3401402613494771e-03,
       4.5104714607100051e-03, 3.6037546727612653e+00,
       2.5399425685910328e+00, 3.0140563820996418e+00,
       3.1120759343908960e-03, 1.4835133070055348e-03,
       4.4355658666405022e-03, 4.0292982515704878e+00,
       2.7454207815312617e+00, 2.9047206475318132e+00,
       2.1116084585402462e-03, 9.7432573963751362e-04,
       3.5901989327873076e-03, 2.9042027313588963e+00,
       2.1695374037667388e+00, 2.8505861403314765e+00,
       1.8133441202899060e-03, 6.2187063817634690e-04,
       3.2172427860013147e-03, 3.0791762444664994e+00,
       2.2057996156150144e+00, 2.3011508753094225e+00,
       1.8961381184494416e-03, 1.3131779343011970e-03,
       2.8615310940633405e-03, 3.2036040664357346e+00,
       2.4862561296030954e+00, 2.7353652460398115e+00,
       8.5497334455450838e-04, 6.0484573680000709e-04,
       1.3990703958867811e-03, 2.6190189630557996e+00,
       1.8938255135420290e+00, 1.7440567478099975e+00,
       2.3385378370374844e-03, 6.7743830845260378e-04,
       3.2816546076654607e-03, 3.1793577069043377e+00,
       2.2653006586287296e+00, 2.2886895772719589e+00,
       1.5675471661562852e-03, 1.1586263176219180e-03,
       2.7258878993611357e-03, 2.8691745059059821e+00,
       2.1191905437743435e+00, 2.2887822944525351e+00,
       1.2931455613023675e-03, 5.8033936457295963e-04,
       1.3337124543765855e-03, 2.6728693121000222e+00,
       1.9245709899091006e+00, 1.6767228964781269e+00,
       1.8521625087349405e-03, 7.2036925734402012e-04,
       3.1245577339816173e-03, 2.7745953897101412e+00,
       2.0730863584291761e+00, 2.5825997922190425e+00,
       1.4414930281189220e-03, 5.4177648303102956e-04,
       1.8128036248305196e-03, 2.4191700211170848e+00,
       1.7522134983130395e+00, 1.6234251227358987e+00,
       9.7808347928883240e-04, 4.7521227072643647e-04,
       1.4301930697421046e-03, 2.6740205710713663e+00,
       1.9313760326215439e+00, 1.9682286505541025e+00,
       9.7882926218782881e-04, 5.5729445980393978e-04,
       1.4901245215457758e-03, 2.6683446263514554e+00,
       1.9236800565336862e+00, 2.0743256776466645e+00,
       7.9670720643737361e-04, 8.3351844254472168e-04,
       1.1642056409245153e-03, 2.5939338151147897e+00,
       1.9036895206835391e+00, 1.6089353748940090e+00,
       2.5187197242810808e-03, 1.2873740418036647e-03,
       3.3358882758847399e-03, 3.7332520608621480e+00,
       2.5766704795226736e+00, 2.7225632711142156e+00,
       1.5645540284515826e-03, 7.5397802465992415e-04,
       1.7932129911007099e-03, 2.8730486204794006e+00,
       2.0880074391084005e+00, 1.9522300655420213e+00,
       1.1485103311703782e-03, 3.7369365534519491e-04,
       1.4660533579607181e-03, 2.1137065585018657e+00,
       1.5755265334638604e+00, 1.6274774535322192e+00,
       7.6625986110527621e-04, 8.1409928475262609e-04,
       1.1894504306954302e-03, 2.6201332542889380e+00,
       1.9256285036453675e+00, 1.6203832426391345e+00,
       1.1257472688199755e-03, 5.1368633731625909e-04,
       1.8787867610570595e-03, 2.5203113817250453e+00,
       1.8230612420295322e+00, 1.6592669786214631e+00,
       1.1781784967321966e-03, 1.9309181094906587e-03,
       2.2138567021720906e-03, 2.7819170230780776e+00,
       2.0625562955711412e+00, 2.6893032066145226e+00,
       9.0411854224721044e-04, 3.4289190372373875e-04,
       1.3152043656495097e-03, 2.4305107021909209e+00,
       1.7723785027033372e+00, 1.7833997016952678e+00,
       9.1960750527272700e-04, 8.5910118964763551e-04,
       1.2052673127138519e-03, 2.6464381086417306e+00,
       1.9821371909030261e+00, 1.6696688940044235e+00,
       8.8156424349799742e-04, 5.8589855735370296e-04,
       1.4647613926488674e-03, 1.9391221195861088e+00,
       1.3985361523606104e+00, 1.2982678029924761e+00,
       9.5432807024065688e-04, 3.0970071650830163e-04,
       1.4419159397753697e-03, 2.1255334456574424e+00,
       1.5618743222918179e+00, 1.5223890636018116e+00,
       1.1466588111292205e-03, 9.6757391066263178e-04,
       1.2945958421440055e-03, 2.7663526368149762e+00,
       2.1004134580799851e+00, 1.7803511778463921e+00,
       1.2114295254763163e-03, 6.7802234885319993e-04,
       1.4855324265757436e-03, 2.2493504024307929e+00,
       1.6407202916649770e+00, 1.5512542536676428e+00,
       1.0297865572390400e-03, 9.0995732444693089e-04,
       1.3385204164732324e-03, 2.7914229373047239e+00,
       2.0898953070356887e+00, 1.9279379894485265e+00,
       1.1054111113474260e-03, 8.4318355410803274e-04,
       1.7711003993504165e-03, 2.3259501230252804e+00,
       1.6688307169589063e+00, 1.7894530921641747e+00,
       1.1628329637111178e-03, 5.0150820719268533e-04,
       1.6040491440630670e-03, 1.7344276992502745e+00,
       1.2712148182704428e+00, 1.4571691814645393e+00,
       9.0511287022556751e-04, 5.8444277048693761e-04,
       1.4781875050174386e-03, 2.1108276694803321e+00,
       1.5499650706533845e+00, 1.5005762315029074e+00,
       1.0020314291993141e-03, 3.3016838597701829e-04,
       1.3900452614521125e-03, 2.6484083616299854e+00,
       1.9335558708604041e+00, 1.9469340611783956e+00,
       1.8113411627437603e-03, 7.8468462376611061e-04,
       2.7690929424671294e-03, 2.8482730739763173e+00,
       2.0486295599142919e+00, 1.9897412167715074e+00,
       1.0435832986610018e-03, 3.8920195306176378e-04,
       1.4301530807544879e-03, 2.4134795033968248e+00,
       1.7568222141253291e+00, 1.8683155014285338e+00,
       1.1975024720890970e-03, 9.4424814094368290e-04,
       1.3886118381634023e-03, 2.6838446160803073e+00,
       2.0419806871357591e+00, 1.8898883012069050e+00,
       1.9524808660221998e-03, 7.8204644843340022e-04,
       2.9762432370320354e-03, 2.9308000892431085e+00,
       2.0754512447775393e+00, 2.0524327335941783e+00,
       8.8461389830509255e-04, 3.4512089026147015e-04,
       1.3486799215795574e-03, 2.5794666282432739e+00,
       1.8890158952691458e+00, 1.9133740003518156e+00,
       1.4078889452612789e-03, 8.3787870764016220e-04,
       1.8773555048175060e-03, 2.9503074604855661e+00,
       2.1800756528414187e+00, 2.0546202193544225e+00,
       9.9939494878114113e-04, 8.7194662919386396e-04,
       1.7539560285667287e-03, 2.7177205534977640e+00,
       2.0236933538418449e+00, 2.2008830856904904e+00,
       1.5655630763635065e-03, 8.1641345532099704e-04,
       1.7812026546498985e-03, 2.7861223428775248e+00,
       2.0433116657254047e+00, 2.0723829698108425e+00,
       1.5498243003011591e-03, 8.6035544096089913e-04,
       1.8925181742333425e-03, 2.7993490383270125e+00,
