%YAML:1.0
---
summary: "No changes made. Iteration 2."
init_cam_calib: res-C99Finf1003_6
camera_matrix: !!opencv-matrix
   rows: 3
   cols: 3
   dt: d
   data: [ 2.5636339811602375e+03, 0., 1.8771270292177412e+03, 0.,
       2.5615287612472580e+03, 1.0797055130249973e+03, 0., 0., 1. ]
dist_coeff: !!opencv-matrix
   rows: 14
   cols: 1
   dt: d
   data: [ -5.2486279913132536e+00, 1.2139808572378083e+01,
       -5.0684280179926660e-04, -1.7457156743624224e-03,
       -9.8453861569689707e+00, -5.2572618868306007e+00,
       1.2166320465506113e+01, -9.8658605821463503e+00, 0., 0., 0., 0.,
       0., 0. ]
std_intrinsics: !!opencv-matrix
   rows: 18
   cols: 1
   dt: d
   data: [ 1.3001071207304171e+00, 1.2979491287775697e+00,
       1.9947493557027953e+00, 1.4423512692746090e+00,
       8.6315697935294533e-01, 3.9911792270432778e+00,
       1.9348571386151395e-04, 2.6114494818058813e-04,
       4.4813735641149091e+00, 8.6077492303851999e-01,
       3.9812172679775322e+00, 4.4706503208854951e+00, 0., 0., 0., 0.,
       0., 0. ]
std_extrinsics: !!opencv-matrix
   rows: 414
   cols: 1
   dt: d
   data: [ 1.0003763500841469e-03, 4.1244376023430039e-04,
       1.6115414413115045e-03, 2.5764351903566074e+00,
       1.8979976699779180e+00, 2.0086529583749679e+00,
       8.8815621119431353e-04, 3.0694490262293063e-04,
       1.3122196317859123e-03, 2.1700155271133852e+00,
       1.6008218773061045e+00, 1.6781106290000460e+00,
       3.2869683216000217e-03, 1.3354331938735082e-03,
       4.4939053576655832e-03, 3.5829450475510680e+00,
       2.5305460455851159e+00, 3.0036241889964077e+00,
       3.1010826679874160e-03, 1.4783931421569652e-03,
       4.4193121057899592e-03, 4.0083879720695537e+00,
       2.7355140027036322e+00, 2.8951676477470945e+00,
       2.1042436659394407e-03, 9.7089693150829461e-04,
       3.5764152485116530e-03, 2.8863874443133626e+00,
       2.1614830397485116e+00, 2.8389795560728319e+00,
       1.8069058391332218e-03, 6.1969834207287980e-04,
       3.2053678325437351e-03, 3.0600284658342201e+00,
       2.1975909886377751e+00, 2.2918539146300283e+00,
       1.8899008305409048e-03, 1.3085987546985081e-03,
       2.8513497080838875e-03, 3.1842447622040488e+00,
       2.4773238964769448e+00, 2.7258226673319421e+00,
       8.5144013993054422e-04, 6.0263507947765310e-04,
       1.3919026432548459e-03, 2.6023818751080299e+00,
       1.8866783195478938e+00, 1.7380633017470839e+00,
       2.3301294184828792e-03, 6.7510442195655232e-04,
       3.2689710369304564e-03, 3.1591877329936624e+00,
       2.2568042919119371e+00, 2.2809174539235451e+00,
       1.5587768240121977e-03, 1.1520766198933620e-03,
       2.7073312213397498e-03, 2.8503649128750270e+00,
       2.1110554582538770e+00, 2.2771735594428737e+00,
       1.2877726384515407e-03, 5.7823215962498925e-04,
       1.3270621108514376e-03, 2.6554242335832456e+00,
       1.9170476973205004e+00, 1.6704953856835771e+00,
       1.8458514319016368e-03, 7.1787120696219036e-04,
       3.1120299406545960e-03, 2.7571183151839467e+00,
       2.0654190374172532e+00, 2.5719885126690496e+00,
       1.4365534753207696e-03, 5.3993970875718643e-04,
       1.8051660188657650e-03, 2.4037674137213854e+00,
       1.7456808076680073e+00, 1.6178322167603481e+00,
       9.7469541692586333e-04, 4.7363076259228484e-04,
       1.4231495087620324e-03, 2.6569699188693745e+00,
       1.9242148724973969e+00, 1.9615105856660862e+00,
       9.7511061667694503e-04, 5.5546798103626560e-04,
       1.4831034636754166e-03, 2.6510628027207623e+00,
       1.9164350069181546e+00, 2.0671905111963285e+00,
       7.9393294504392844e-04, 8.2984153568122594e-04,
       1.1585180499099866e-03, 2.5773967728811074e+00,
       1.8965792626117390e+00, 1.6034880441950623e+00,
       2.5096569891054545e-03, 1.2828653932819884e-03,
       3.3235754889264272e-03, 3.7129996213637173e+00,
       2.5672640402451909e+00, 2.7136864872263646e+00,
       1.5587783640676979e-03, 7.5144254638633619e-04,
       1.7856367272202410e-03, 2.8555987323593413e+00,
       2.0802151854735418e+00, 1.9455486921777807e+00,
       1.1445248078935364e-03, 3.7240755918328019e-04,
       1.4596556997755539e-03, 2.1001632237321823e+00,
       1.5696491412424116e+00, 1.6212339725641485e+00,
       7.6360070165487409e-04, 8.1050218838387821e-04,
       1.1836342384979651e-03, 2.6034742834805473e+00,
       1.9184119880461385e+00, 1.6149219945171496e+00,
       1.1216143634659129e-03, 5.1191075933697185e-04,
       1.8708081772914177e-03, 2.5041536770558177e+00,
       1.8162240827092331e+00, 1.6539139321016278e+00,
       1.1759351711037643e-03, 1.9278857121142851e-03,
       2.2102786770080815e-03, 2.7636233213260413e+00,
       2.0539029733870207e+00, 2.6802355513623937e+00,
       9.0083150880727902e-04, 3.4174234495682365e-04,
       1.3075901997831848e-03, 2.4148018455297615e+00,
       1.7657418992706970e+00, 1.7770343759723182e+00,
       9.1641191654354864e-04, 8.5522346972912626e-04,
       1.1995471865747466e-03, 2.6294206014373023e+00,
       1.9747318555271220e+00, 1.6639116479975347e+00,
       8.7772326749469584e-04, 5.8214175104239852e-04,
       1.4547256897266209e-03, 1.9262496097523660e+00,
       1.3926843033247500e+00, 1.2916240569156954e+00,
       9.5087592398909379e-04, 3.0869402017203503e-04,
       1.4337542359507296e-03, 2.1119640042618770e+00,
       1.5561247439536534e+00, 1.5170231379108343e+00,
       1.1426752471402051e-03, 9.6354044686156124e-04,
       1.2888860881008900e-03, 2.7487654521587936e+00,
       2.0926179564325404e+00, 1.7740638155494786e+00,
       1.2067419697796020e-03, 6.7569638386760528e-04,
       1.4782822291656411e-03, 2.2353203371211605e+00,
       1.6345285374177450e+00, 1.5458331760636521e+00,
       1.0261926986364013e-03, 9.0615161583244678e-04,
       1.3326344793442178e-03, 2.7737435333388607e+00,
       2.0820545386794422e+00, 1.9213477038204732e+00,
       1.1010079141070379e-03, 8.4028494383580504e-04,
       1.7630645052497725e-03, 2.3113896183369209e+00,
       1.6625528977757262e+00, 1.7836284533752234e+00,
       1.1584013533831551e-03, 4.9977600504227070e-04,
       1.5958145908771845e-03, 1.7233469935741490e+00,
       1.2663613368311506e+00, 1.4519599695724479e+00,
       9.0150073262016349e-04, 5.8235998420158672e-04,
       1.4705837521573029e-03, 2.0974164875266998e+00,
       1.5441076494059967e+00, 1.4950729884996863e+00,
       9.9855899166324596e-04, 3.2907049042717559e-04,
       1.3826152761557923e-03, 2.6313448667339823e+00,
       1.9263288222780537e+00, 1.9400156232679362e+00,
       1.8052172961148555e-03, 7.8198285015780025e-04,
       2.7592695902424959e-03, 2.8306031577495268e+00,
       2.0410314506564169e+00, 1.9829177080976701e+00,
       1.0399548027625492e-03, 3.8788184434913382e-04,
       1.4228079721407007e-03, 2.3979690767456403e+00,
       1.7502395786340137e+00, 1.8618793085744116e+00,
       1.1933328741667473e-03, 9.4036718498721576e-04,
       1.3827460779109587e-03, 2.6668398830159381e+00,
       2.0343539412703593e+00, 1.8833218221813106e+00,
       1.9458899177545081e-03, 7.7936467944207980e-04,
       2.9657005787843351e-03, 2.9128204092447705e+00,
       2.0677427799641332e+00, 2.0453146858163587e+00,
       8.8144491612282864e-04, 3.4391727506928002e-04,
       1.3404538521268516e-03, 2.5628043547885628e+00,
       1.8819740351850276e+00, 1.9066910640458312e+00,
       1.4026047768263645e-03, 8.3509299556476600e-04,
       1.8693151568857961e-03, 2.9321035513227947e+00,
       2.1719956107307570e+00, 2.0473397586470563e+00,
       9.9549539355111476e-04, 8.6885673585251726e-04,
       1.7460092400805971e-03, 2.7008455766304640e+00,
       2.0160828303903711e+00, 2.1931971344593562e+00,
       1.5597284404674115e-03, 8.1368595005322107e-04,
       1.7733835978220667e-03, 2.7689545471821644e+00,
       2.0356402194311647e+00, 2.0651928581501209e+00,
       1.5439349557207422e-03, 8.5744209171704502e-04,
       1.8842812987727641e-03, 2.7819537606659837e+00,
