%YAML:1.0
---
camera_matrix: !!opencv-matrix
   rows: 3
   cols: 3
   dt: d
   data: [ 2.5612348060469085e+03, 0., 1.8717706923317253e+03, 0.,
       2.5575221445869270e+03, 1.0742771334163065e+03, 0., 0., 1. ]
dist_coeff: !!opencv-matrix
   rows: 14
   cols: 1
   dt: d
   data: [ -5.7100381437156269e+00, 1.0111474354922962e+01,
       -1.7272183522820386e-03, -2.2513252898821233e-03,
       -2.0666557102004370e+00, -5.7144900938996459e+00,
       1.0129133723711975e+01, -2.0887346790218650e+00, 0., 0., 0., 0.,
       0., 0. ]
std_intrinsics: !!opencv-matrix
   rows: 18
   cols: 1
   dt: d
   data: [ 1.6415535376532011e+00, 1.6245617641021888e+00,
       2.4695031120555933e+00, 1.6946574363685967e+00,
       2.8473292645395811e+00, 1.7926668802500721e+01,
       2.1975486287508753e-04, 3.1955910134912383e-04,
       3.0718997623161737e+01, 2.8436358883644166e+00,
       1.7905499751489810e+01, 3.0682484894695047e+01, 0., 0., 0., 0.,
       0., 0. ]
std_extrinsics: !!opencv-matrix
   rows: 336
   cols: 1
   dt: d
   data: [ 1.1865672723025227e-03, 4.5669035562385333e-04,
       1.8417604596887289e-03, 3.1817071575699765e+00,
       2.2414907109402735e+00, 2.4149630460767324e+00,
       1.2022374647062215e-03, 4.4694424257476828e-04,
       1.6451302952240391e-03, 2.6879723265697226e+00,
       1.8822263869804405e+00, 2.0451890635785626e+00,
       2.2321231969222185e-03, 1.0897508650969199e-03,
       3.1741464995441930e-03, 4.0374260854220942e+00,
       2.7988816575043307e+00, 3.2606695241485970e+00,
       2.4163136441325839e-03, 1.4342479988976419e-03,
       3.4328953081432475e-03, 4.1734315205205066e+00,
       2.8678151545588877e+00, 3.2543879051486688e+00,
       1.5764473382605937e-03, 6.2860775381942799e-04,
       2.3928702622624735e-03, 3.7397886758438572e+00,
       2.5860605994787114e+00, 2.4168792978713243e+00,
       1.6427576849788171e-03, 1.3129644422647181e-03,
       2.8328763744701175e-03, 3.8925622551744534e+00,
       2.7244660446478526e+00, 3.5691570863306441e+00,
       1.1430580622649846e-03, 8.6290270443737055e-04,
       1.7238450089485406e-03, 3.2162116696540570e+00,
       2.2294170090055583e+00, 2.3691352600939770e+00,
       1.7427181499887936e-03, 6.4974219793834033e-04,
       2.3839394989967257e-03, 3.8205670810040790e+00,
       2.6404896649613741e+00, 2.6119863119643139e+00,
       1.2312418312264894e-03, 1.1126571271034000e-03,
       2.7076518158761485e-03, 3.5457251334678666e+00,
       2.4234047836376726e+00, 2.7141390633614368e+00,
       1.6934469341946645e-03, 8.6013150828972518e-04,
       1.7782765246906731e-03, 3.2934247314509046e+00,
       2.2689454874468971e+00, 2.1783159662507487e+00,
       2.0146862677924969e-03, 7.5081462923666715e-04,
       2.5308711208421072e-03, 3.3985187670624994e+00,
       2.4296514057147509e+00, 3.0991896817875313e+00,
       1.3433211069694936e-03, 5.1241365300452586e-04,
       1.7039337968756023e-03, 3.2884701262988929e+00,
       2.2833150806880189e+00, 2.4849841565989261e+00,
       1.3262320915172860e-03, 5.8337927741223248e-04,
       1.8050597589678791e-03, 3.2980584698652105e+00,
       2.2694743103250596e+00, 2.4950328160952271e+00,
       1.0520511300712225e-03, 1.0064790943119487e-03,
       1.5119186486090605e-03, 3.2126283091923886e+00,
       2.2234210920648971e+00, 2.0860260371320356e+00,
       2.8245707561030025e-03, 1.6805692545260882e-03,
       3.1455327715073111e-03, 4.2208610658382577e+00,
       2.8619141421209799e+00, 3.8868428272574485e+00,
       1.2228898433070744e-03, 4.7648547927180135e-04,
       1.7952042107127590e-03, 2.6064376067173778e+00,
       1.8586246926109682e+00, 1.9496886695453168e+00,
       1.0321470463539504e-03, 1.0304600009563619e-03,
       1.5322650759022013e-03, 3.2360020872488264e+00,
       2.2365815003469782e+00, 2.3285684683925947e+00,
       1.5523094370512795e-03, 7.1059526023711122e-04,
       2.1714069996447124e-03, 3.1033792865744285e+00,
       2.1490114667658471e+00, 2.2019900751380681e+00,
       1.2821001326528004e-03, 4.5516340786106308e-04,
       1.7180687778252631e-03, 2.9956550853642390e+00,
       2.0898828268861358e+00, 2.2886138198759363e+00,
       1.3033225649487612e-03, 1.1737935118726144e-03,
       1.6268483865248713e-03, 3.2818513061286967e+00,
       2.3222865617178763e+00, 2.3740485236685083e+00,
       1.8908977776895665e-03, 1.0936582637739785e-03,
       2.3248810484164800e-03, 2.4644943524994498e+00,
       1.6780887236690762e+00, 2.1995518347575747e+00,
       1.2408761950160453e-03, 4.0536859766652833e-04,
       1.7440542698069002e-03, 2.6191140217969848e+00,
       1.8460038964524021e+00, 1.8573539545383106e+00,
       1.4748537583928498e-03, 1.2167481418534608e-03,
       1.7878610927580523e-03, 3.4107756138408605e+00,
       2.4102650514732611e+00, 2.5088153293405373e+00,
       1.4752346256975012e-03, 9.1565075776646823e-04,
       1.8834086624579755e-03, 2.7414282048189675e+00,
       1.9253004790232420e+00, 2.0723833444519464e+00,
       1.8232084566645339e-03, 1.2616889314866265e-03,
       2.1868278943117598e-03, 3.4438412934910412e+00,
       2.4464611122321376e+00, 3.2187880843700585e+00,
       1.6770518923457131e-03, 8.6355013887335101e-04,
       2.0393561980277595e-03, 2.5850631900640990e+00,
       1.8322062858402897e+00, 2.0828675567528663e+00,
       1.2647505790076628e-03, 3.8332367108403169e-04,
       1.6968904812208589e-03, 3.2636897318274678e+00,
       2.2743501262959076e+00, 2.4090172655177318e+00,
       1.7138036142330506e-03, 1.1743485124488487e-03,
       2.2846215157820700e-03, 3.3121938010184415e+00,
       2.3391569648727741e+00, 3.1457681793735168e+00,
       1.4454544016917858e-03, 4.7448162198104470e-04,
       1.8481999674995820e-03, 3.1831217606156081e+00,
       2.2297240677864818e+00, 2.5055945939813822e+00,
       1.7183147294400666e-03, 1.1239644803860203e-03,
       2.2960871681728988e-03, 3.5890271020930129e+00,
       2.5285921781138598e+00, 2.8275483699781354e+00,
       1.3576396793818762e-03, 1.1319031336883727e-03,
       1.9947742177181134e-03, 3.2937698007012477e+00,
       2.3220329109561098e+00, 3.0690467992234569e+00,
       1.7675417499257813e-03, 9.3073402602389410e-04,
       2.1442483161681334e-03, 3.3530979268883598e+00,
       2.3344660824231798e+00, 2.5798248738849492e+00,
       1.8143009538931416e-03, 9.6252409045003817e-04,
       2.4379464495406403e-03, 3.3981861785714087e+00,
       2.3662492703358953e+00, 3.0938658630808331e+00,
       1.0474446147543668e-03, 3.6162277755374765e-04,
       1.6899056144633402e-03, 3.1250400018629825e+00,
       2.1761967447856132e+00, 2.2264020226881174e+00,
       2.1465868059478482e-03, 1.1286070929645905e-03,
       2.4990640937136693e-03, 3.3510898980411992e+00,
       2.3180861038024805e+00, 3.0702784829538707e+00,
       2.2871496297419669e-03, 1.2100247801112424e-03,
       2.5927208564398194e-03, 3.3350247253728993e+00,
       2.2893019723672334e+00, 3.3872267170759671e+00,
       2.2009837297798165e-03, 1.1570458443578094e-03,
       2.4618321346932142e-03, 3.2974369926681413e+00,
       2.2759399119715709e+00, 3.1792744113211935e+00,
       1.5520779849159381e-03, 5.5473567777502631e-04,
       1.9447771417224040e-03, 3.8335969508985794e+00,
       2.6784454632634334e+00, 3.1421787489005002e+00,
       1.1757145402139981e-03, 9.7756629841555466e-04,
       2.6158825596000112e-03, 4.1319993023961974e+00,
       2.8164587170638606e+00, 3.2420404302486885e+00,
       1.1405544015005552e-03, 9.4401155486423553e-04,
       2.5162927028806749e-03, 4.1535547392185350e+00,
       2.8298750455844739e+00, 3.2513615729011649e+00,
       1.1621643357040826e-03, 5.9794906397841584e-04,
       2.1452780144155218e-03, 3.5228723727662579e+00,
       2.4605446861240114e+00, 2.2613509678466190e+00,
       1.1066789772732047e-03, 8.9028811580081722e-04,
       2.3367155517331258e-03, 4.1347079023934450e+00,
       2.8201994231257128e+00, 3.1564119032760201e+00,
