%YAML:1.0
---
summary: "No changes made. Iteration 2."
init_cam_calib: res-C99Finf1003_0
camera_matrix: !!opencv-matrix
   rows: 3
   cols: 3
   dt: d
   data: [ 2.5635338716960996e+03, 0., 1.8772786971890007e+03, 0.,
       2.5613632126612169e+03, 1.0799243842462354e+03, 0., 0., 1. ]
dist_coeff: !!opencv-matrix
   rows: 14
   cols: 1
   dt: d
   data: [ -5.1580826437875285e+00, 1.1760407540209190e+01,
       -4.7719862853075860e-04, -1.7214010445612547e-03,
       -9.4966243854696177e+00, -5.1668000034528694e+00,
       1.1787276475676467e+01, -9.5173953742749866e+00, 0., 0., 0., 0.,
       0., 0. ]
std_intrinsics: !!opencv-matrix
   rows: 18
   cols: 1
   dt: d
   data: [ 1.2955354223373730e+00, 1.2932761100713390e+00,
       1.9891950794848008e+00, 1.4380605598075906e+00,
       8.6967572416533112e-01, 3.9775556835874402e+00,
       1.9288564030574761e-04, 2.6036294892412085e-04,
       4.4243182977769298e+00, 8.6728504949495944e-01,
       3.9676779958643102e+00, 4.4138094572667983e+00, 0., 0., 0., 0.,
       0., 0. ]
std_extrinsics: !!opencv-matrix
   rows: 414
   cols: 1
   dt: d
   data: [ 9.9752645687441709e-04, 4.1130700626682763e-04,
       1.6070982266714051e-03, 2.5692181041255480e+00,
       1.8923694778485374e+00, 2.0026454525608952e+00,
       8.8562808118867228e-04, 3.0609310526295960e-04,
       1.3086999209372153e-03, 2.1639303816829933e+00,
       1.5960774352405509e+00, 1.6730892076248531e+00,
       3.2774978910261772e-03, 1.3317230217322262e-03,
       4.4809955381652205e-03, 3.5729034630786725e+00,
       2.5231725722089315e+00, 2.9947190657268727e+00,
       3.0920892802315126e-03, 1.4742004295058933e-03,
       4.4065167021276191e-03, 3.9970630839517063e+00,
       2.7275448514972682e+00, 2.8865533261041065e+00,
       2.0989109505011893e-03, 9.6833439747451885e-04,
       3.5673224882805167e-03, 2.8782511828275394e+00,
       2.1551888225466533e+00, 2.8316085382246827e+00,
       1.8019181687741882e-03, 6.1803233928306911e-04,
       3.1968434440515061e-03, 3.0516038903596185e+00,
       2.1911027337771638e+00, 2.2849967175527652e+00,
       1.8845042302160695e-03, 1.3048914545438002e-03,
       2.8434532753274120e-03, 3.1752845065506321e+00,
       2.4699868177045863e+00, 2.7177640582812321e+00,
       8.4893034093386362e-04, 6.0095534149134716e-04,
       1.3881689035492269e-03, 2.5951707051372983e+00,
       1.8811258240044550e+00, 1.7329103069340612e+00,
       2.3234573157580340e-03, 6.7318038309961399e-04,
       3.2597863996008817e-03, 3.1503910089535974e+00,
       2.2501199811335244e+00, 2.2739818311833466e+00,
       1.5581478321404479e-03, 1.1513509915441001e-03,
       2.7087795463005119e-03, 2.8433239691425252e+00,
       2.1051529989706137e+00, 2.2741223068322300e+00,
       1.2841396606692208e-03, 5.7658373135377602e-04,
       1.3233561211367839e-03, 2.6479663493844203e+00,
       1.9113729972251559e+00, 1.6655829203424528e+00,
       1.8406800695175164e-03, 7.1589811363870280e-04,
       3.1033746756651197e-03, 2.7493939739713871e+00,
       2.0593403846192087e+00, 2.5644576759134239e+00,
       1.4323624712448382e-03, 5.3839185543791835e-04,
       1.7999874874264933e-03, 2.3970218122472646e+00,
       1.7405012755200080e+00, 1.6128476842678339e+00,
       9.7194324946615039e-04, 4.7229092580384666e-04,
       1.4190947031481669e-03, 2.6495720428650347e+00,
       1.9185233594673388e+00, 1.9555626198463791e+00,
       9.7236661614697958e-04, 5.5389900084279475e-04,
       1.4788438788144382e-03, 2.6436896157978853e+00,
       1.9107591461576119e+00, 2.0609761408061016e+00,
       7.9168013257093731e-04, 8.2733790485716298e-04,
       1.1552922363339613e-03, 2.5701125070201272e+00,
       1.8909524453222704e+00, 1.5986427391459013e+00,
       2.5025493157020419e-03, 1.2792250902752495e-03,
       3.3140898708806793e-03, 3.7025117681817301e+00,
       2.5597565121174859e+00, 2.7056508689263019e+00,
       1.4909438463307657e-03, 7.4198990869193504e-04,
       1.7361697975551986e-03, 2.8354550993843501e+00,
       2.0665508908727084e+00, 1.9201660430234935e+00,
       1.1412895789961008e-03, 3.7134392051579190e-04,
       1.4552741645219886e-03, 2.0942476358696527e+00,
       1.5649775304123270e+00, 1.6163249661994288e+00,
       7.6146168798878503e-04, 8.0807425909486036e-04,
       1.1803618084040520e-03, 2.5961795719083716e+00,
       1.9127573419902806e+00, 1.6100698738445500e+00,
       1.1185506104149953e-03, 5.1045840892747769e-04,
       1.8659255657607890e-03, 2.4971964467448475e+00,
       1.8109010684665425e+00, 1.6489026806897507e+00,
       1.1725088760383721e-03, 1.9212439961153200e-03,
       2.2027276317889725e-03, 2.7557725918699307e+00,
       2.0477531331275749e+00, 2.6721429309109244e+00,
       8.9826585020552066e-04, 3.4077775282135507e-04,
       1.3039611982088430e-03, 2.4080749048419197e+00,
       1.7605093065708053e+00, 1.7716297587503764e+00,
       9.1381632272677024e-04, 8.5273503137150335e-04,
       1.1961762756884957e-03, 2.6221620419031120e+00,
       1.9689656121843513e+00, 1.6588339159110128e+00,
       8.7519331486732744e-04, 5.8052740793651774e-04,
       1.4509185590400515e-03, 1.9209258336638810e+00,
       1.3886064937315208e+00, 1.2878110952965649e+00,
       9.4839918674881677e-04, 3.0777152308670929e-04,
       1.4303958076786367e-03, 2.1060034491768849e+00,
       1.5515042464960356e+00, 1.5123060423102230e+00,
       1.1395794973632046e-03, 9.6076470926343012e-04,
       1.2853260886691573e-03, 2.7411940647089641e+00,
       2.0865440867715237e+00, 1.7688487952370868e+00,
       1.2034168030598837e-03, 6.7376331821045437e-04,
       1.4740449908002564e-03, 2.2291032979682179e+00,
       1.6297280015202680e+00, 1.5412159075571652e+00,
       1.0233860098469352e-03, 9.0347533310459810e-04,
       1.3289481864046083e-03, 2.7660101613791799e+00,
       2.0759532505438725e+00, 1.9156573149308369e+00,
       1.0978274540088865e-03, 8.3793815720739715e-04,
       1.7582925490052866e-03, 2.3050348847414766e+00,
       1.6576874249287679e+00, 1.7783535563219923e+00,
       1.1551264231737487e-03, 4.9839749788955535e-04,
       1.5914490639418230e-03, 1.7185356387212596e+00,
       1.2626249351399932e+00, 1.4475887288796589e+00,
       8.9890798901705760e-04, 5.8074351841461602e-04,
       1.4666366456443823e-03, 2.0916224381278674e+00,
       1.5395829264445049e+00, 1.4905273019245959e+00,
       9.9558740191266161e-04, 3.2813833753147847e-04,
       1.3786835320160318e-03, 2.6239268821390369e+00,
       1.9205610611063202e+00, 1.9339977761754008e+00,
       1.8000547689186830e-03, 7.7978534744780443e-04,
       2.7513735373457301e-03, 2.8226313615206244e+00,
       2.0349996198618450e+00, 1.9769403113276462e+00,
       1.0369685014768285e-03, 3.8679336584857281e-04,
       1.4188059934121715e-03, 2.3912504532447310e+00,
       1.7450344388556831e+00, 1.8562243037534258e+00,
       1.1898792131984958e-03, 9.3750483907699509e-04,
       1.3788242721404797e-03, 2.6593006634985978e+00,
       2.0283111562429696e+00, 1.8778313880804007e+00,
       1.9401928942356700e-03, 7.7714582587627874e-04,
       2.9570223154179250e-03, 2.9046036383249834e+00,
       2.0616296001983883e+00, 2.0390703308372951e+00,
       8.7892824924440448e-04, 3.4296018059533476e-04,
       1.3369182593276033e-03, 2.5556711689573817e+00,
       1.8763980370431290e+00, 1.9008896802559090e+00,
       1.3986689716444949e-03, 8.3264376951598369e-04,
       1.8639758357807746e-03, 2.9238715235195647e+00,
       2.1655544720027629e+00, 2.0411253934960252e+00,
       9.9263638807555636e-04, 8.6643126879812240e-04,
       1.7412357407003971e-03, 2.6933719720889093e+00,
       2.0102064688508721e+00, 2.1866913570659254e+00,
       1.5554888736445532e-03, 8.1131462771127439e-04,
       1.7683815489850001e-03, 2.7612668409951060e+00,
       2.0296884754546056e+00, 2.0590365072400485e+00,
       1.5397714150318825e-03, 8.5501713812130250e-04,
       1.8791073895493735e-03, 2.7742122734335277e+00,
