%YAML:1.0
---
summary: "No changes made. Iteration 2."
init_cam_calib: 0
camera_matrix: !!opencv-matrix
   rows: 3
   cols: 3
   dt: d
   data: [ 2.5630830957475100e+03, 0., 1.8808080678352951e+03, 0.,
       2.5608051876812415e+03, 1.0737011760081757e+03, 0., 0., 1. ]
dist_coeff: !!opencv-matrix
   rows: 14
   cols: 1
   dt: d
   data: [ 1.8243519056512163e+00, -2.6625594218234085e+01,
       -9.4786375617528782e-04, -8.8260783832680293e-04,
       5.9014816135918913e+01, 1.8170333194321102e+00,
       -2.6632977573063698e+01, 5.9046687214993952e+01, 0., 0., 0., 0.,
       0., 0. ]
std_intrinsics: !!opencv-matrix
   rows: 18
   cols: 1
   dt: d
   data: [ 1.4194896446302387e+00, 1.4271871367203923e+00,
       2.0915102688537108e+00, 1.5042216177523648e+00,
       1.1901105079304266e+00, 2.7373451391132080e+00,
       2.0052826840635940e-04, 2.7271797499911070e-04,
       1.6692078932532437e+00, 1.1904606361910226e+00,
       2.7131364566004144e+00, 1.6949717768927430e+00, 0., 0., 0., 0.,
       0., 0. ]
std_extrinsics: !!opencv-matrix
   rows: 336
   cols: 1
   dt: d
   data: [ 9.8227231839515786e-04, 3.9925854002619124e-04,
       1.6183277360112727e-03, 2.6962073156071567e+00,
       1.9763562897257316e+00, 2.0844219610304915e+00,
       8.7784431155981096e-04, 2.9693302818461278e-04,
       1.3454120142067565e-03, 2.2716286073700118e+00,
       1.6668629883344526e+00, 1.7472029683157921e+00,
       3.1744178897407682e-03, 1.2862113224491782e-03,
       4.3539094630427877e-03, 3.6929601845131761e+00,
       2.5987931424874340e+00, 2.9651616023844327e+00,
       2.9982636991719232e-03, 1.4262478143302526e-03,
       4.2824716526460626e-03, 4.0850028841568147e+00,
       2.7848130528431287e+00, 2.8383494699717859e+00,
       1.7541421537472144e-03, 6.0006985203303403e-04,
       3.1215890547678831e-03, 3.1949178332918424e+00,
       2.2821548525314883e+00, 2.3140232661768905e+00,
       1.8286346918281781e-03, 1.2810948055829846e-03,
       2.7705898460707325e-03, 3.3179183833587498e+00,
       2.5462533920262080e+00, 2.7204705517051981e+00,
       8.5915492575705272e-04, 5.9103013119008894e-04,
       1.4051265888376887e-03, 2.7187903464813754e+00,
       1.9589092745276424e+00, 1.7793075570267136e+00,
       2.2542819193622477e-03, 6.5359930007444548e-04,
       3.1722464021000803e-03, 3.2941861341768344e+00,
       2.3423798149436279e+00, 2.3055843171471375e+00,
       1.5143479049871901e-03, 1.1342603397502273e-03,
       2.6483061173498217e-03, 2.9791922528723020e+00,
       2.1876289412888434e+00, 2.3096548141866724e+00,
       1.2693323712117601e-03, 5.6525128442973509e-04,
       1.3365788341412194e-03, 2.7732306065912269e+00,
       1.9910175462774038e+00, 1.7138105468044349e+00,
       1.7964563833319696e-03, 6.9436874892484315e-04,
       3.0448460110731055e-03, 2.8773729343482262e+00,
       2.1420662528977559e+00, 2.6207497978463445e+00,
       9.6299942785791021e-04, 4.5835670550691216e-04,
       1.4416841799302828e-03, 2.7823618160517860e+00,
       2.0035231732184888e+00, 2.0293130945895546e+00,
       9.6341091424019033e-04, 5.3795929575916701e-04,
       1.4951187120935815e-03, 2.7737190567579102e+00,
       1.9949279055773728e+00, 2.1273537724357889e+00,
       7.7799507694572450e-04, 8.3635555494756880e-04,
       1.1742082109680709e-03, 2.6963827096504946e+00,
       1.9670493150485906e+00, 1.6425347131660153e+00,
       2.4328120051983876e-03, 1.2387720797614233e-03,
       3.2313670346439810e-03, 3.8152616439911928e+00,
       2.6297844188520565e+00, 2.6710485180181922e+00,
       1.1229861801976449e-03, 3.6222018847502374e-04,
       1.4886575044560210e-03, 2.1967770968166165e+00,
       1.6335970697438396e+00, 1.6772814143304491e+00,
       7.4716948937756744e-04, 8.1919827988068182e-04,
       1.1994805012129318e-03, 2.7224394900938593e+00,
       1.9893325681643703e+00, 1.6494906455585894e+00,
       1.1060030657721450e-03, 5.0380910229682696e-04,
       1.8773572955503410e-03, 2.6219769464049794e+00,
       1.8898966453661845e+00, 1.7031580108877133e+00,
       8.9239056747063067e-04, 3.3084038591991164e-04,
       1.3353121651505317e-03, 2.5297510545593926e+00,
       1.8384066543974724e+00, 1.8475108227470256e+00,
       8.7286586020218283e-04, 8.4666998999873033e-04,
       1.1998439863533999e-03, 2.7475179344478096e+00,
       2.0406706980535021e+00, 1.6969957110801746e+00,
       8.8151506284968784e-04, 5.7361721787412988e-04,
       1.4682772091917278e-03, 2.0136287718420149e+00,
       1.4482677860234767e+00, 1.3279439922090444e+00,
       9.3753501359444618e-04, 2.9889382124537948e-04,
       1.4542678488937302e-03, 2.2110939776243490e+00,
       1.6202627929159659e+00, 1.5733328591625140e+00,
       1.1142792330758383e-03, 9.5948545550673232e-04,
       1.2861993236479910e-03, 2.8728804232615932e+00,
       2.1629461969461667e+00, 1.8039272974589911e+00,
       1.1932428798221905e-03, 6.6060884585375328e-04,
       1.4936736689378572e-03, 2.3337199606284855e+00,
       1.6933828562101052e+00, 1.5784838295495029e+00,
       1.0008446080428434e-03, 9.0543897999329284e-04,
       1.3300863453895900e-03, 2.8977758494387733e+00,
       2.1544879234304251e+00, 1.9369766615286617e+00,
       9.0114248716558322e-04, 5.7265774534943719e-04,
       1.4928199146700420e-03, 2.1950587298397233e+00,
       1.6034044673250565e+00, 1.5390933950550914e+00,
       9.8382574561336165e-04, 3.1800423691593981e-04,
       1.4046393048702025e-03, 2.7571413299420517e+00,
       2.0063220518517380e+00, 2.0134751248360732e+00,
       1.1613841732116999e-03, 9.3657858098113546e-04,
       1.3733813583213517e-03, 2.7857180702046285e+00,
       2.1013376317013273e+00, 1.8957854712664852e+00,
       8.7559253710714643e-04, 3.3329601861488645e-04,
       1.3644371162111046e-03, 2.6850297006045669e+00,
       1.9600973135500930e+00, 1.9796197680431800e+00,
       1.3772803476290673e-03, 8.1171706165769641e-04,
       1.8519628872253929e-03, 3.0540056998870044e+00,
       2.2399765441122192e+00, 2.0871759201544391e+00,
       9.8990825989318061e-04, 8.4522678629413595e-04,
       1.7358110569246836e-03, 2.8139759909363549e+00,
       2.0794180922978751e+00, 2.2020830705860153e+00,
       1.5285495882184862e-03, 7.9156188353056759e-04,
       1.7633538408979969e-03, 2.8835776512022417e+00,
       2.1027447506430383e+00, 2.0899362380744231e+00,
       1.5117330059084405e-03, 8.3406073629114206e-04,
       1.8710995901003807e-03, 2.9018010549511679e+00,
       2.1101624255226761e+00, 2.2529588436213737e+00,
       1.0701737438938810e-03, 6.0193550381968373e-04,
       1.8107006525424742e-03, 2.6455217356518173e+00,
       1.9324172007106746e+00, 1.9882762036401800e+00,
       1.5190889188167408e-03, 8.1471864797409514e-04,
       1.7641552847007518e-03, 2.8809762355773296e+00,
       2.0840215353824343e+00, 2.0983288531475006e+00,
       1.9461876077968600e-03, 9.5198103305633324e-04,
       2.3877674573272675e-03, 2.8481571782857609e+00,
       2.0273809914003444e+00, 2.5674925970630862e+00,
       1.9416206354974145e-03, 9.7032973866473943e-04,
       2.4687520531011522e-03, 2.8425749492614028e+00,
       2.0276203301164668e+00, 2.5984542122674452e+00,
       1.5565212030325308e-03, 1.3174694654166253e-03,
       2.2872307343622506e-03, 3.2950175781195226e+00,
       2.4374835413338154e+00, 3.3689976764635228e+00,
       1.3209443430450369e-03, 8.2303027862151430e-04,
       2.4170186296255014e-03, 3.4830868740902119e+00,
       2.5207914968882497e+00, 2.9877260344994987e+00,
       1.3566486313968422e-03, 8.0550017551329087e-04,
       2.3341418097257605e-03, 3.5015903168562490e+00,
       2.5254526404912614e+00, 2.9879260444432201e+00,
       1.0649010242468435e-03, 5.1557069223053681e-04,
       2.0438185659954638e-03, 2.9801763730614397e+00,
       2.1586427457074264e+00, 1.8791677338097414e+00,
       1.4167869102294070e-03, 8.0390719646121326e-04,
       2.3622366016236161e-03, 3.4951394555597997e+00,
