%YAML:1.0
---
summary: Add dataset C51Finf.
init_cam_calib: res-C99Finf1003_7
camera_matrix: !!opencv-matrix
   rows: 3
   cols: 3
   dt: d
   data: [ 2.5601557273436661e+03, 0., 1.8750522064623660e+03, 0.,
       2.5565196448558254e+03, 1.0813254463853916e+03, 0., 0., 1. ]
dist_coeff: !!opencv-matrix
   rows: 14
   cols: 1
   dt: d
   data: [ -5.0816234145886776e+00, 1.2461879605043046e+01,
       -5.9257324723296619e-04, -1.6800797013087701e-03,
       -1.1098026468096180e+01, -5.0897077348507285e+00,
       1.2483483802502171e+01, -1.1111490537772882e+01, 0., 0., 0., 0.,
       0., 0. ]
std_intrinsics: !!opencv-matrix
   rows: 18
   cols: 1
   dt: d
   data: [ 1.0965779934264186e+00, 1.0801413787576355e+00,
       1.6495223449338141e+00, 1.1885522509732864e+00,
       8.0517437244696211e-01, 3.6432672695716000e+00,
       1.6112319946894933e-04, 2.1842687311166538e-04,
       3.9618612068212529e+00, 8.0308556244069107e-01,
       3.6346835459676643e+00, 3.9529001795199377e+00, 0., 0., 0., 0.,
       0., 0. ]
std_extrinsics: !!opencv-matrix
   rows: 528
   cols: 1
   dt: d
   data: [ 9.4926566637047499e-04, 4.0243772935407525e-04,
       1.4716327745189610e-03, 2.1369488559393157e+00,
       1.5710123880423854e+00, 1.7247293426256274e+00,
       8.2987376662940347e-04, 2.9976641808945463e-04,
       1.1501963433971118e-03, 1.7988931656898532e+00,
       1.3246440413911302e+00, 1.4289180861886468e+00,
       3.1975984049750256e-03, 1.3034921560340891e-03,
       4.3499521070899036e-03, 3.0864012273852577e+00,
       2.1739307756137585e+00, 2.8416508492137842e+00,
       3.0142298322692490e-03, 1.4408913348700491e-03,
       4.2746759368226415e-03, 3.5439319815414492e+00,
       2.3998426812299107e+00, 2.7584783161534663e+00,
       2.0380120294487287e-03, 9.4487382679684523e-04,
       3.4401193470715891e-03, 2.4376792420717983e+00,
       1.8324045843305612e+00, 2.6138139403969749e+00,
       1.7443164227064810e-03, 6.0084377020245845e-04,
       3.0741901740327419e-03, 2.5573872949971901e+00,
       1.8343523234504522e+00, 2.0786426025834932e+00,
       1.1669252016621994e-03, 4.8364881004436209e-04,
       1.5591152934606237e-03, 2.0924578656153576e+00,
       1.5529482742397014e+00, 1.5998366303945233e+00,
       1.8436615593960116e-03, 1.2514912088873358e-03,
       2.7608163365964869e-03, 2.6780138839871390e+00,
       2.1271910090799722e+00, 2.5099372337322645e+00,
       9.1165291850165970e-04, 2.9673052334171663e-04,
       1.2119411021092182e-03, 1.6165758069592293e+00,
       1.2054938896066678e+00, 1.2844495339574287e+00,
       7.7117410575586946e-04, 5.7034617803777181e-04,
       1.2491813790107542e-03, 2.1681792855979678e+00,
       1.5710582748450557e+00, 1.5304982626143226e+00,
       2.2627394583937554e-03, 6.5580295989154541e-04,
       3.1575984550699251e-03, 2.6542695902242666e+00,
       1.8847710156696555e+00, 2.0427083951134253e+00,
       1.5169759975959245e-03, 1.0956764089960441e-03,
       2.6105738180391049e-03, 2.3814448116930378e+00,
       1.7728270561495707e+00, 2.0404939255375520e+00,
       1.2140172082103916e-03, 5.5320205879684948e-04,
       1.2030141082047417e-03, 2.2126469014184327e+00,
       1.5957332125558559e+00, 1.4453235596735574e+00,
       1.7826174036096377e-03, 6.9787330482799803e-04,
       2.9812209361679215e-03, 2.2998251934906739e+00,
       1.7268644167037461e+00, 2.3175477225188739e+00,
       8.9090274707744575e-04, 6.0967949101156259e-04,
       1.4701475752010051e-03, 2.1495726923953353e+00,
       1.5468152018453010e+00, 1.4652797632718568e+00,
       8.2374734624593644e-04, 6.3028154034617146e-04,
       1.3398539175112625e-03, 2.1850068652904366e+00,
       1.5940285257802547e+00, 1.6055370439809367e+00,
       7.9172107524322301e-04, 6.2031213605312529e-04,
       1.2964182679892180e-03, 2.1876831430900969e+00,
       1.5938442520806320e+00, 1.5225091369541144e+00,
       1.3811919125141286e-03, 5.2021800960854511e-04,
       1.6715630855506235e-03, 1.9988204032725558e+00,
       1.4489989987204968e+00, 1.4405927986838105e+00,
       9.1355805713847697e-04, 4.6194424045062522e-04,
       1.2799256107264099e-03, 2.2019120601821585e+00,
       1.5928480124658404e+00, 1.6876405294886452e+00,
       9.1272288961373059e-04, 5.4092393956540119e-04,
       1.3458193925315559e-03, 2.1989677000223375e+00,
       1.5869446610271052e+00, 1.7987488183247546e+00,
       7.5547249336675910e-04, 7.5437171706065379e-04,
       1.0351428079183765e-03, 2.1448543477515094e+00,
       1.5854025764602573e+00, 1.4272729262789943e+00,
       2.4264866536328612e-03, 1.2482295009472036e-03,
       3.1987404423050570e-03, 3.2255506075931684e+00,
       2.2187517990803802e+00, 2.5769357259318277e+00,
       1.4848250808738056e-03, 7.2535176347612623e-04,
       1.6708769891896093e-03, 2.4078975715425601e+00,
       1.7624867513898195e+00, 1.7402845990218103e+00,
       1.0916414815804747e-03, 3.5907763553311362e-04,
       1.2994247902229767e-03, 1.7440572692934904e+00,
       1.3026684575655831e+00, 1.4086085760930238e+00,
       7.2815293708618299e-04, 7.3176240591003362e-04,
       1.0560482447935482e-03, 2.1679947544056475e+00,
       1.6040801303180563e+00, 1.4422067734306796e+00,
       1.3849804702576311e-03, 8.1592470848187439e-04,
       1.5312789715494764e-03, 2.2025306735946515e+00,
       1.6026296856232563e+00, 1.6132200788380655e+00,
       1.0646780438192016e-03, 4.9296370106352257e-04,
       1.7454416774114407e-03, 2.0825524358418108e+00,
       1.5064311478734131e+00, 1.4593535848878723e+00,
       1.1422154437985043e-03, 1.8460467389034188e-03,
       2.1444583233056636e-03, 2.3201334199096526e+00,
       1.7423767003006860e+00, 2.4983292204270096e+00,
       8.3904016788617251e-04, 3.3294919231038558e-04,
       1.1527216958753823e-03, 2.0006182482415671e+00,
       1.4608228068980682e+00, 1.5136072485444643e+00,
       8.7672990706442761e-04, 7.8059335434043080e-04,
       1.0902140627255990e-03, 2.1912966231937911e+00,
       1.6580103423706238e+00, 1.4768916486490289e+00,
       8.0167252833764459e-04, 5.4594640141524702e-04,
       1.3072638689254623e-03, 1.6023222941267299e+00,
       1.1550004590299963e+00, 1.1293191613924596e+00,
       8.9849358355915422e-04, 3.0056282341271663e-04,
       1.2796433832778166e-03, 1.7527529650884348e+00,
       1.2882707934228572e+00, 1.3064736148252660e+00,
       1.0975015515255081e-03, 8.9498988325651774e-04,
       1.1887904035058773e-03, 2.2936141090598459e+00,
       1.7659939393707447e+00, 1.5948342741742623e+00,
       1.1312454960668360e-03, 6.4548642844509832e-04,
       1.3321755370413902e-03, 1.8677632472598424e+00,
       1.3694769847212267e+00, 1.3706225286168003e+00,
       9.8531994752490849e-04, 8.3643849751238058e-04,
       1.2265416459315745e-03, 2.3131369041202428e+00,
       1.7517555136216325e+00, 1.7572663000324000e+00,
       1.0270716380745984e-03, 8.0632865985508684e-04,
       1.6331736965858263e-03, 1.9399913618429045e+00,
       1.3909908798162829e+00, 1.6234307322141051e+00,
       1.1007422944001668e-03, 4.7771092424103945e-04,
       1.4521428249697624e-03, 1.4343975980431984e+00,
       1.0515519993736013e+00, 1.2912426802085679e+00,
       8.2931084510617882e-04, 5.4855116589487378e-04,
       1.3118872415226236e-03, 1.7442283988095724e+00,
       1.2857458528974621e+00, 1.3061164920819448e+00,
       9.4047753901278688e-04, 3.2184713776754363e-04,
       1.2331172523734066e-03, 2.1804905788374778e+00,
       1.5932138843230774e+00, 1.6592886813049503e+00,
       1.7472658946907876e-03, 7.6115657117203570e-04,
       2.6341091499308654e-03, 2.3648774431311570e+00,
       1.7061287250643187e+00, 1.8130712780974412e+00,
       9.8211899136714281e-04, 3.7869149428768192e-04,
       1.2753419777438329e-03, 1.9878625415597766e+00,
       1.4490513095836561e+00, 1.6134491499623882e+00,
       1.1498296029806804e-03, 8.7267351510436392e-04,
       1.2853090927651761e-03, 2.2249631537949441e+00,
