%YAML:1.0
---
camera_matrix: !!opencv-matrix
   rows: 3
   cols: 3
   dt: d
   data: [ 2.5823454053581891e+03, 0., 1.8705350908205107e+03, 0.,
       2.5795607348042004e+03, 1.0970725708440923e+03, 0., 0., 1. ]
dist_coeff: !!opencv-matrix
   rows: 1
   cols: 14
   dt: d
   data: [ -1.2180965585414466e+01, 4.7654054403616001e+01,
       -2.9013667825873940e-04, -1.9208981084040502e-03,
       -4.4787578308258844e+01, -1.2167286925958161e+01,
       4.7506683104395798e+01, -4.4377651080111399e+01, 0., 0., 0., 0.,
       0., 0. ]
std_intrinsics: !!opencv-matrix
   rows: 18
   cols: 1
   dt: d
   data: [ 7.1988509326079928e+00, 7.0483469704527408e+00,
       1.3195655300857283e+01, 1.0523925234271704e+01,
       1.9308782777321694e+00, 1.4158044342911598e+01,
       1.4599302099407257e-03, 1.7931915888768953e-03,
       2.3229838650272672e+01, 1.9335219001667954e+00,
       1.4171483662496600e+01, 2.3280339093323494e+01, 0., 0., 0., 0.,
       0., 0. ]
std_extrinsics: !!opencv-matrix
   rows: 612
   cols: 1
   dt: d
   data: [ 2.7430833699560084e-03, 2.4460922386554108e-02,
       4.5471930599634204e-02, 1.2085716159748747e+00,
       9.6885867263635728e-01, 1.1834144934120110e+00,
       2.6901509491564536e-03, 2.3859511080997979e-02,
       4.3461550017397189e-02, 1.2107018798668410e+00,
       9.7040465292459221e-01, 1.1624638014171988e+00,
       2.8379418127682321e-03, 2.0155301672187407e-02,
       3.4301754005274916e-02, 1.1669345755033802e+00,
       9.3172564109855716e-01, 1.0050331964124846e+00,
       2.5181320907506229e-03, 6.8369141360154232e-03,
       9.5550345516665133e-03, 8.3071808970402505e-01,
       6.6415204305325548e-01, 4.7864217653885005e-01,
       2.4848757137903143e-03, 6.8137260972625218e-03,
       9.2344927777373229e-03, 8.4299185508967722e-01,
       6.7205367937184901e-01, 4.7492722270604193e-01,
       2.6059851353503910e-03, 6.6200172441063052e-03,
       8.9259450048479374e-03, 8.4490881169342846e-01,
       6.7518715535967344e-01, 4.7430549402909500e-01,
       2.7564186267565812e-03, 6.6171634808877564e-03,
       9.0168763136905476e-03, 8.4228498996272905e-01,
       6.7238664671567816e-01, 4.8400458912631761e-01,
       2.7142726455567398e-03, 6.8379613662192832e-03,
       9.4406474651451133e-03, 8.4100033203419799e-01,
       6.6965846902087944e-01, 4.9153023011240365e-01,
       2.7658132506591529e-03, 6.7460268661663084e-03,
       9.3009507579214865e-03, 8.3688211379379207e-01,
       6.6656186904687054e-01, 4.9008667583500654e-01,
       2.7194464333734408e-03, 6.7870752863930248e-03,
       9.3633055826419179e-03, 8.3717644854970297e-01,
       6.6677867614686048e-01, 4.8899360029352251e-01,
       2.6832130211031759e-03, 6.8174312344139506e-03,
       9.4214126793373092e-03, 8.3618195522180860e-01,
       6.6596706614741596e-01, 4.8839359503610946e-01,
       2.5483283037600348e-03, 6.7784082078184756e-03,
       9.3027766982016636e-03, 8.4077307231749687e-01,
       6.7135759424818597e-01, 4.7798810326038382e-01,
       2.6142860885145563e-03, 6.6327761983624462e-03,
       8.9964879200166020e-03, 8.4370820350852804e-01,
       6.7462882508589217e-01, 4.7645086207192516e-01,
       2.7825717170470083e-03, 1.5533468738294906e-02,
       2.4234188631027317e-02, 1.1138211470008099e+00,
       8.8843737886643503e-01, 8.2434013773729797e-01,
       2.7356352270945699e-03, 7.1393600377206113e-03,
       9.5707426074237156e-03, 8.0257763032439555e-01,
       6.3045121812856930e-01, 4.7694852958830752e-01,
       2.1761728629403000e-03, 7.6311656265702719e-03,
       1.0707716596707439e-02, 7.7409308862461246e-01,
       6.0726899313118488e-01, 4.4819252545086347e-01,
       1.9936977028621517e-03, 6.8716168734807466e-03,
       9.1390110225954748e-03, 7.5543957935715755e-01,
       5.9889424064877539e-01, 4.1803042063637119e-01,
       2.1261610881271003e-03, 6.0621230912215321e-03,
       7.5100530500009019e-03, 7.6775259423054276e-01,
       6.0624909224547285e-01, 3.9538033024653529e-01,
       2.5459504825254527e-03, 5.5191357582872217e-03,
       6.0082815370167027e-03, 8.0753599027558332e-01,
       6.3967886606263857e-01, 4.0624927278168071e-01,
       2.8246543886940199e-03, 1.5553200654231341e-02,
       2.4455009464316595e-02, 1.0969757088766086e+00,
       8.7455612300943930e-01, 7.9926536562807859e-01,
       2.6440866319372850e-03, 5.4780529205909331e-03,
       5.7713559120258200e-03, 8.0846826330327859e-01,
       6.4143305501297565e-01, 4.0593267872247063e-01,
       2.6499284922698891e-03, 5.4911308256730858e-03,
       5.7494643577575347e-03, 8.0717968929014916e-01,
       6.4075675142328437e-01, 4.0754745626155525e-01,
       2.6715793084073373e-03, 1.2269758103197609e-02,
       1.8052952473308993e-02, 1.0988388343332789e+00,
       8.7304990315372222e-01, 7.0915746273883151e-01,
       2.2145008140843294e-03, 5.5761784829906971e-03,
       6.4932533654342497e-03, 6.4531935310118305e-01,
       5.1452099280512031e-01, 4.2991681576918162e-01,
       2.6038974604817933e-03, 5.7095320837897206e-03,
       6.4000001802491172e-03, 7.1694252981083306e-01,
       5.6916628781232237e-01, 4.8468313775582861e-01,
       2.6760265198381107e-03, 5.6309769992106233e-03,
       6.2413922221014823e-03, 7.1412158989588237e-01,
       5.6588725019319119e-01, 4.8552233376691950e-01,
       2.7472082276418864e-03, 5.5827104828324236e-03,
       6.0851237619158095e-03, 7.1130256846799689e-01,
       5.6417470082370480e-01, 4.7971460132676452e-01,
       2.8194785554464773e-03, 5.6355741781699414e-03,
       6.1524712016586955e-03, 7.3079338165732410e-01,
       5.8022381779346133e-01, 4.8950920874298470e-01,
       2.8567897434011481e-03, 5.6694955080397310e-03,
       6.1401972962168393e-03, 7.2871973696377779e-01,
       5.7821962151713613e-01, 4.8607870639959622e-01,
       2.5004008325848117e-03, 9.3347472076549236e-03,
       1.2796322143198008e-02, 1.0894180973182697e+00,
       8.6516076608235604e-01, 6.8210780025383788e-01,
       2.8577152040378511e-03, 5.6934717613965988e-03,
       6.1644356001807473e-03, 7.3025287058775079e-01,
       5.7872754059610032e-01, 4.8844207177785387e-01,
       2.8800471714446802e-03, 5.7756114817796075e-03,
       6.2358195968215116e-03, 7.3694789106519232e-01,
       5.8585161734116697e-01, 4.9013343768228868e-01,
       2.9112654910005299e-03, 5.8260395267133785e-03,
       6.3070976257883424e-03, 7.5330936769961387e-01,
       5.9886289727778941e-01, 5.0418506768025673e-01,
       2.9290602782550738e-03, 5.8686300366031768e-03,
       6.3436294141509591e-03, 7.5896549253190715e-01,
       6.0197887746769052e-01, 5.0948656776650048e-01,
       2.9361835310957548e-03, 5.8576008477211122e-03,
       6.3465114576740037e-03, 7.5969857303127486e-01,
       6.0307074314706832e-01, 5.0847746898730428e-01,
       2.9876642790703741e-03, 6.0276011437546953e-03,
       6.5513384983604955e-03, 7.5485941553531677e-01,
       5.9434183049342570e-01, 5.0079655177049276e-01,
       2.9403416712541017e-03, 5.9722664301179200e-03,
       6.4767509967598932e-03, 7.4288934068733636e-01,
       5.8582158526812356e-01, 4.9299823141846860e-01,
       2.9307759062045012e-03, 5.9820323714966884e-03,
       6.5126341089800643e-03, 7.4797607958639034e-01,
       5.8963900249493173e-01, 4.9724682958985383e-01,
       2.4578565108096715e-03, 7.9950979468146888e-03,
       1.0491463812623994e-02, 1.0799594231227716e+00,
       8.5671433807240804e-01, 6.6823661715499050e-01,
       2.6302631752126229e-03, 5.9911700648698357e-03,
       6.6536327448747301e-03, 7.1451135707360736e-01,
       5.6542930967562810e-01, 4.8067768984732284e-01,
       2.4929912159416777e-03, 6.3593362482018282e-03,
       6.9523222304236883e-03, 6.7897483787506474e-01,
       5.2801085096126421e-01, 4.7228035029259319e-01,
       2.6139573100737185e-03, 6.6050179008020288e-03,
       8.5753636179862931e-03, 6.3463611199288250e-01,
       4.8043233219036230e-01, 4.8817335699078357e-01,
