%YAML:1.0
---
camera_matrix: !!opencv-matrix
   rows: 3
   cols: 3
   dt: d
   data: [ 2.5584744625122198e+03, 0., 1.8941390766092040e+03, 0.,
       2.5605452643912445e+03, 1.0348575141043607e+03, 0., 0., 1. ]
dist_coeff: !!opencv-matrix
   rows: 1
   cols: 14
   dt: d
   data: [ -1.9884495811306603e+01, 7.8945851093890326e+01,
       -4.3986785191777534e-03, -1.2983390314799785e-03,
       2.0967138316116947e+02, -1.9831160853173056e+01,
       7.7816859026074908e+01, 2.1565547581701932e+02, 0., 0., 0., 0.,
       0., 0. ]
std_intrinsics: !!opencv-matrix
   rows: 18
   cols: 1
   dt: d
   data: [ 1.5113421349698804e+01, 1.3908732622925340e+01,
       4.7214440267236908e+00, 1.0226541458407334e+01,
       5.8244100211195404e-01, 6.2406451999574495e+00,
       1.4736708330536418e-03, 1.0160027088277610e-03,
       1.2457241676701916e+00, 5.8373443496327737e-01,
       6.2416434065243678e+00, 1.3530567605155057e+00, 0., 0., 0., 0.,
       0., 0. ]
std_extrinsics: !!opencv-matrix
   rows: 360
   cols: 1
   dt: d
   data: [ 2.7213592834948626e-03, 1.7769064990351628e-02,
       2.9340208816564892e-02, 4.3899542537473490e-01,
       9.5258592007526965e-01, 1.6078534822042903e+00,
       2.7178225789641556e-03, 1.7543533259589378e-02,
       2.8803135572729031e-02, 4.3915372183468876e-01,
       9.5355669530645082e-01, 1.6047674139858805e+00,
       2.0067568128577747e-03, 1.0066849253142435e-02,
       1.6651758590202188e-02, 3.0864067979446913e-01,
       6.6718944738083574e-01, 1.0466631796492414e+00,
       1.9136307391987020e-03, 4.0643608434572922e-03,
       6.8674393091500740e-03, 2.5696504047639673e-01,
       5.3334213079494808e-01, 7.0924595021537862e-01,
       1.9029633036338409e-03, 4.2492338858056890e-03,
       6.4359095968839590e-03, 2.6198460972830895e-01,
       5.4332081122742093e-01, 7.3294557149145789e-01,
       1.8656642338556123e-03, 4.7330011040437499e-03,
       7.4366666623224536e-03, 2.7362979364953205e-01,
       5.7532879372940648e-01, 7.8115042993435091e-01,
       1.9567232234195741e-03, 5.2732567471951517e-03,
       8.1050095062774174e-03, 2.8826928136394164e-01,
       6.1065439218974671e-01, 8.2115686728345438e-01,
       1.9784375687014748e-03, 5.6391528495423893e-03,
       8.6279062265855952e-03, 2.9617979934896055e-01,
       6.2754367656223442e-01, 8.5189921374680544e-01,
       1.8160620225586962e-03, 6.1894485005326381e-03,
       9.7022699264497619e-03, 2.9109645818392771e-01,
       6.1915195884088692e-01, 8.7695502149473592e-01,
       1.6829324072776197e-03, 6.3201330864907802e-03,
       1.0363608834857388e-02, 2.7171171248943782e-01,
       5.8483643778492556e-01, 8.5491564913526819e-01,
       1.6824812999467992e-03, 6.8940302043950432e-03,
       1.1908570047000536e-02, 2.6465771123280185e-01,
       5.7415097103031332e-01, 8.7395143930906249e-01,
       1.7833699325905466e-03, 7.1654629109320156e-03,
       1.2621265343817510e-02, 2.7214190801998789e-01,
       5.9002913914315303e-01, 9.1548730904730691e-01,
       1.6237246430075055e-03, 8.5167622936529411e-03,
       1.5284110709736709e-02, 2.5231237357594899e-01,
       5.4721282548492944e-01, 8.5253243721126082e-01,
       1.7593729388250864e-03, 8.0314596502071862e-03,
       1.4080610015953468e-02, 2.7872421263361247e-01,
       6.0484053576870100e-01, 9.5002056323666484e-01,
       1.8343599893450465e-03, 8.3238038425552628e-03,
       1.4683402961612940e-02, 2.8194651107267366e-01,
       6.1243382823000525e-01, 9.7028540645957206e-01,
       1.8476997419382564e-03, 8.4981033050634640e-03,
       1.5094173210728460e-02, 2.8255793233759391e-01,
       6.1337589812100834e-01, 9.7939938124404924e-01,
       2.7228920149479385e-03, 1.8206354582876776e-02,
       3.0166081657310228e-02, 4.3978950318956683e-01,
       9.5495784071297918e-01, 1.6182175086843398e+00,
       1.6873109778206322e-03, 9.3960624334733390e-03,
       1.7412086792298675e-02, 2.6517511444572378e-01,
       5.7703887429279610e-01, 9.2151906475272161e-01,
       2.1740660785718137e-03, 1.2827260682163732e-02,
       2.2246698991414411e-02, 3.3416794854171861e-01,
       7.2352254907137759e-01, 1.1827120226903012e+00,
       2.7609319254364578e-03, 1.7489134206977942e-02,
       2.9136069014798278e-02, 4.1188124483834543e-01,
       8.8925165452756849e-01, 1.4892719898709741e+00,
       3.3151719332199583e-03, 2.3445456734667115e-02,
       3.8891880746532048e-02, 4.8394286936521180e-01,
       1.0443105657693843e+00, 1.8228504269181394e+00,
       3.6369364304009578e-03, 2.7114021602310502e-02,
       4.4058436320640437e-02, 5.4066765199970379e-01,
       1.1649283708178906e+00, 2.0405800686365145e+00,
       3.5842286400441753e-03, 2.6391169337346827e-02,
       4.1863248187312435e-02, 5.7045660742917970e-01,
       1.2355687848650432e+00, 2.1172595372174858e+00,
       3.8837978453715302e-03, 2.5531228605572907e-02,
       3.9315540805223891e-02, 5.9812910807333064e-01,
       1.2855495133971755e+00, 2.1605468247972537e+00,
       4.0734549016006897e-03, 2.2898956171107359e-02,
       3.8651458809131241e-02, 6.1228709342214693e-01,
       1.3183381940628602e+00, 2.1048653364446182e+00,
       2.7271088135786886e-03, 1.8079072131863556e-02,
       2.9829487156629416e-02, 4.3990269215737171e-01,
       9.5473295942345515e-01, 1.6102187390183873e+00,
       3.8839827836271430e-03, 2.2580279811247005e-02,
       3.4188408140052889e-02, 6.1507015008731214e-01,
       1.3212270801869819e+00, 2.2293926885647770e+00,
       3.7809395219194812e-03, 1.9810802939124489e-02,
       2.9981647114264511e-02, 6.0760153695337049e-01,
       1.3092098681268840e+00, 2.2233737505680287e+00,
       3.6056073630754888e-03, 1.6374083071872648e-02,
       2.4097200479151048e-02, 5.9609339543650086e-01,
       1.2731616579237608e+00, 2.0055991230216783e+00,
       3.4660867370378884e-03, 1.8222197226332809e-02,
       2.7440233192259363e-02, 5.6685139592527012e-01,
       1.2138166572146820e+00, 1.9315660018240484e+00,
       3.3402786511822131e-03, 1.2832253901815582e-02,
       1.8620886976100842e-02, 5.2276908865232408e-01,
       1.1151598745336286e+00, 1.6557713642661922e+00,
       3.0021748497375167e-03, 1.0533266685014727e-02,
       1.5416122801206947e-02, 4.8737858769826947e-01,
       1.0424154415921247e+00, 1.5594366269962558e+00,
       3.0078415515952541e-03, 9.3451894647225611e-03,
       1.3563982724176436e-02, 4.7170971002748979e-01,
       1.0079947272437904e+00, 1.4575255230609565e+00,
       2.9293873154460628e-03, 8.2346093402360983e-03,
       1.2089462154758215e-02, 4.5131639574677862e-01,
       9.6562162335646862e-01, 1.4111231278265579e+00,
       2.6992937312188899e-03, 6.3036675325789070e-03,
       9.4490436485786325e-03, 4.1081242800551665e-01,
       8.7599359085537276e-01, 1.2170706785969161e+00,
       2.4813930733698711e-03, 5.0407932018298515e-03,
       7.7636272496976917e-03, 3.5804104901184997e-01,
       7.6114863121735776e-01, 1.0212986676219966e+00,
       2.7312862306771361e-03, 1.7848953234385217e-02,
       2.9336960115051783e-02, 4.4008267429985715e-01,
       9.5493495332476452e-01, 1.6072997764776611e+00,
       2.3375573588194209e-03, 4.3634585064205892e-03,
       6.8137222216254224e-03, 3.2635300985696081e-01,
       6.9288418283804110e-01, 9.2233784574667110e-01,
       2.3000091907347570e-03, 4.0504049667251431e-03,
       6.4149061498186676e-03, 3.0911942957894023e-01,
       6.5920165486540205e-01, 8.4439673570064955e-01,
       2.2135066108455908e-03, 3.9384315773186270e-03,
       6.2632928601881249e-03, 2.9513447720312674e-01,
       6.2213495240857974e-01, 8.1844999295340937e-01,
       2.1637113972754023e-03, 3.6736887198153129e-03,
       5.8672338270301374e-03, 2.7730540695382777e-01,
       5.8218363615589486e-01, 7.6093141713091916e-01,
       2.1369412786857410e-03, 3.5271396618504168e-03,
       5.6849036109381072e-03, 2.6367696977158961e-01,
       5.5393142904696613e-01, 7.0470394287132820e-01,
