%YAML:1.0
---
camera_matrix: !!opencv-matrix
   rows: 3
   cols: 3
   dt: d
   data: [ 2.6366498287026670e+03, 0., 1.8534872123215584e+03, 0.,
       2.6354235216808629e+03, 1.0360215677402286e+03, 0., 0., 1. ]
dist_coeff: !!opencv-matrix
   rows: 1
   cols: 14
   dt: d
   data: [ -5.3411144967705182e+00, -1.7592686176820518e+01,
       -1.1585871193660290e-02, -8.4779140430126260e-03,
       1.0656655253170713e+02, -5.2307719271868987e+00,
       -1.8672267266336707e+01, 1.0939431658699156e+02, 0., 0., 0., 0.,
       0., 0. ]
std_intrinsics: !!opencv-matrix
   rows: 18
   cols: 1
   dt: d
   data: [ 1.3007468112470724e+01, 1.2429345478344993e+01,
       1.1141711949358783e+01, 1.0672362015795033e+01,
       5.1958105221091788e+00, 4.4836647155451374e+01,
       1.3305751545752719e-03, 1.4128666034456516e-03,
       1.0725283801041523e+02, 5.2329753434101720e+00,
       4.5155996738040514e+01, 1.0819416661705465e+02, 0., 0., 0., 0.,
       0., 0. ]
std_extrinsics: !!opencv-matrix
   rows: 48
   cols: 1
   dt: d
   data: [ 5.0335965357777637e-03, 5.4756025751456069e-03,
       1.9742269292562856e-03, 7.2953063915810856e-02,
       7.1029983500854585e-02, 7.0458048132934326e-02,
       4.4042586874980970e-03, 4.9646757111778614e-03,
       2.1231176025888437e-03, 8.9324975064803275e-02,
       8.6785307459636779e-02, 1.0605175373061243e-01,
       5.0330739823474220e-03, 5.0016052783275226e-03,
       2.0284999976585508e-03, 8.0058713499660636e-02,
       7.6250273789526271e-02, 1.0309298705062354e-01,
       6.0211422022354733e-03, 6.3190753381149357e-03,
       8.8703305924952463e-04, 9.1076233271251125e-02,
       8.8219506724125415e-02, 1.0624337514198630e-01,
       4.6770960426494148e-03, 5.1767293856950728e-03,
       2.0108650271905091e-03, 1.2494427052347806e-01,
       1.2011385702061249e-01, 1.3587613262269951e-01,
       4.6824479034567870e-03, 5.0420166424840597e-03,
       1.9873627869410795e-03, 8.7917196168236025e-02,
       8.5213610860322961e-02, 1.1431988996799124e-01,
       6.1016176567557029e-03, 6.6461657781199009e-03,
       7.4958521483930931e-04, 9.8044241232251514e-02,
       9.4841616567052561e-02, 1.2028254346601376e-01,
       5.5768821614063996e-03, 5.3829097583634137e-03,
       9.9710704635874075e-04, 6.4424762282732376e-02,
       6.1550215421638174e-02, 7.7296877699795957e-02 ]
per_view_errors: !!opencv-matrix
   rows: 8
   cols: 1
   dt: d
   data: [ 3.7310598473180003e+00, 2.7469064580889664e+00,
       2.3894088846643631e+00, 1.5616045029413372e+00,
       2.0486572162932641e+00, 2.6758988625663620e+00,
       1.1364133844565194e+00, 2.0993603893008785e+00 ]
