%YAML:1.0
---
camera_matrix: !!opencv-matrix
   rows: 3
   cols: 3
   dt: d
   data: [ 2.8663251539954558e+03, 0., 1.8646081237631115e+03, 0.,
       2.6981309069057570e+03, 1.0582808721977635e+03, 0., 0., 1. ]
dist_coeff: !!opencv-matrix
   rows: 1
   cols: 14
   dt: d
   data: [ 1.1472925482075400e-01, -2.1141562026837837e-01,
       -1.0840719434970813e-02, -2.3838010337581726e-02,
       2.5248533439289761e-01, -8.6276194696419811e-02,
       2.6127082109462596e-01, -1.8910316783439177e-01, 0., 0., 0., 0.,
       0., 0. ]
std_intrinsics: !!opencv-matrix
   rows: 18
   cols: 1
   dt: d
   data: [ 2.7672281357558069e+02, 4.2865433273125842e+02,
       8.0043153274971030e+02, 4.2924831844746798e+01,
       1.3596634372948111e+01, 8.6586800822491867e+01,
       4.9461165429217930e-03, 4.1858652748261567e-02,
       5.1510066112497398e+01, 1.3043518204679859e+01,
       8.4068536616210764e+01, 4.7931456028946620e+01, 0., 0., 0., 0.,
       0., 0. ]
std_extrinsics: !!opencv-matrix
   rows: 30
   cols: 1
   dt: d
   data: [ 1.8895315959546893e-02, 1.4358920725800986e-01,
       4.0751921910877210e-02, 7.4703407321241357e+01,
       3.7068995744491913e+00, 3.2605100151456526e+01,
       2.7240985569099631e-02, 1.5464875429722014e-01,
       4.5768519021164585e-02, 7.6255875308575853e+01,
       3.8244648493916746e+00, 3.3537394782081080e+01,
       2.0293857379084273e-02, 1.5534232422166147e-01,
       3.4095905870919860e-02, 7.7648311108035614e+01,
       3.8479128488702381e+00, 3.4339274898946861e+01,
       2.1204150743400329e-02, 1.5433243277814929e-01,
       3.6032965763292048e-02, 7.7842758315974507e+01,
       3.8615007439234041e+00, 3.4503518917976969e+01,
       2.4920838195722453e-02, 1.5125279961866633e-01,
       4.3675125460682550e-02, 7.8614709434740988e+01,
       3.9254370714048967e+00, 3.4822827838947020e+01 ]
per_view_errors: !!opencv-matrix
   rows: 5
   cols: 1
   dt: d
   data: [ 2.3734128393202463e+00, 9.0983712735671862e-01,
       1.3893018560429866e+00, 4.7369520653739416e-01,
       5.1066993922881820e-01 ]
