%YAML:1.0
---
camera_matrix: !!opencv-matrix
   rows: 3
   cols: 3
   dt: d
   data: [ 2.5957502241751208e+03, 0., 1.8754555470288669e+03, 0.,
       2.5891452807549558e+03, 1.1000747116374532e+03, 0., 0., 1. ]
dist_coeff: !!opencv-matrix
   rows: 1
   cols: 14
   dt: d
   data: [ -2.1320336842760359e+01, 1.4831328924240685e+02,
       8.7160030966678271e-04, -3.0032909881919112e-04,
       -2.9423578134228035e+02, -2.1318516919216897e+01,
       1.4830430012488944e+02, -2.9421541123943501e+02, 0., 0., 0., 0.,
       0., 0. ]
std_intrinsics: !!opencv-matrix
   rows: 18
   cols: 1
   dt: d
   data: [ 8.9181752964234633e+00, 8.9672518328234911e+00,
       1.5432464323663552e+01, 1.3363524746519614e+01,
       2.5125311368904506e+00, 3.3675382110785129e+01,
       1.8545833669172216e-03, 2.1446776748009948e-03,
       1.0227458652313315e+02, 2.5155935219108851e+00,
       3.3716473370514414e+01, 1.0241315288257366e+02, 0., 0., 0., 0.,
       0., 0. ]
std_extrinsics: !!opencv-matrix
   rows: 426
   cols: 1
   dt: d
   data: [ 2.9601497273451347e-03, 2.6589777262920545e-02,
       5.0155637170461648e-02, 1.4131242286392049e+00,
       1.2292755856804203e+00, 1.3384223846172829e+00,
       2.9015038867536433e-03, 2.6097402908146276e-02,
       4.8393815140022070e-02, 1.4160446299478702e+00,
       1.2317327581827262e+00, 1.3179451202011103e+00,
       3.0537849464913392e-03, 2.1985282574918670e-02,
       3.7914541898911691e-02, 1.3647310983705210e+00,
       1.1839450600088457e+00, 1.1495118646093760e+00,
       2.8009437027147503e-03, 7.6714153870781525e-03,
       1.1161448283871330e-02, 9.7097632639194709e-01,
       8.4309596645630147e-01, 5.7253294486708028e-01,
       2.7670079268844166e-03, 7.6696313324321856e-03,
       1.0822285302966857e-02, 9.8486583661036109e-01,
       8.5312097538308818e-01, 5.6990195668893640e-01,
       2.9117586303792310e-03, 7.4490122357834566e-03,
       1.0491917454734628e-02, 9.8725796703726332e-01,
       8.5686831598259505e-01, 5.6860249740675006e-01,
       3.0803631338830479e-03, 7.4616848281585232e-03,
       1.0606883703209396e-02, 9.8455273239503283e-01,
       8.5355908703357641e-01, 5.7942087022936428e-01,
       3.0230991286543155e-03, 7.7035668879875917e-03,
       1.1067824361689068e-02, 9.8316295398197351e-01,
       8.5006165835626224e-01, 5.8835441490677542e-01,
       3.0857455475995482e-03, 7.6065072613074082e-03,
       1.0930761472672544e-02, 9.7834793334971326e-01,
       8.4615914706875117e-01, 5.8634047541795875e-01,
       3.0311110915666743e-03, 7.6484622691375655e-03,
       1.0989891971174608e-02, 9.7866787143191125e-01,
       8.4642497594821686e-01, 5.8523337796813280e-01,
       2.9884633048636771e-03, 7.6799214281163585e-03,
       1.1050709233560326e-02, 9.7749041610621334e-01,
       8.4539650061460359e-01, 5.8457020172932894e-01,
       2.8389677784827960e-03, 7.6159043631150785e-03,
       1.0888152509379264e-02, 9.8253289758649376e-01,
       8.5222953773543353e-01, 5.7262124678065274e-01,
       2.9243216423598508e-03, 7.4523270785087966e-03,
       1.0569683329176712e-02, 9.8578264349096711e-01,
       8.5583041638544710e-01, 5.7052169751847082e-01,
       2.4140751436110123e-03, 8.7608196270673993e-03,
       1.2370500603764706e-02, 9.0614361294020374e-01,
       7.7105347082300435e-01, 5.4165891602124339e-01,
       2.2574953690003650e-03, 7.8501249650130243e-03,
       1.0396262251093051e-02, 8.8346838625711488e-01,
       7.5952491959388302e-01, 5.0542278261374651e-01,
       3.0512792441513394e-03, 1.6905311350894549e-02,
       2.6627256363995776e-02, 1.2825184703155157e+00,
       1.1111277829854842e+00, 9.2671189425266154e-01,
       3.1709436207270039e-03, 6.3743029100857551e-03,
       6.8906271270437183e-03, 9.4288624472747973e-01,
       8.1201381841934395e-01, 4.9561559324055204e-01,
       2.8881298886025701e-03, 1.3316501323308888e-02,
       1.9407688634600993e-02, 1.2841890665105169e+00,
       1.1089399404577975e+00, 8.3680088599936031e-01,
       3.0599124303559359e-03, 6.5192767791996719e-03,
       7.6732245120606710e-03, 8.3817532512270976e-01,
       7.2245494188676795e-01, 5.8005211810928226e-01,
       3.1432034343403087e-03, 6.4399815897795984e-03,
       7.4990824235416755e-03, 8.3499049835425754e-01,
       7.1829327565011802e-01, 5.8159698313215435e-01,
       3.2395267562155485e-03, 6.3889496834705784e-03,
       7.3329572056323039e-03, 8.3158209326196719e-01,
       7.1613300149152148e-01, 5.7536951199250708e-01,
       3.3810580633722490e-03, 6.5000700297955655e-03,
       7.4121543201448306e-03, 8.5117075303463485e-01,
       7.3404329329448625e-01, 5.8451760580294376e-01,
       2.7453167563927299e-03, 1.0279514420141963e-02,
       1.3993116230569319e-02, 1.2730781236181818e+00,
       1.0986572824252880e+00, 8.1045546937801627e-01,
       3.3823585271624060e-03, 6.5336196367450075e-03,
       7.4453860911503147e-03, 8.5285003097279111e-01,
       7.3470120178240395e-01, 5.8758185598752732e-01,
       3.4544122683961296e-03, 6.7275116178728929e-03,
       7.5932720865521846e-03, 8.5912588010479585e-01,
       7.4372761758530892e-01, 5.8865618194751290e-01,
       3.4959359824361636e-03, 6.7703587549001725e-03,
       7.6478380195669294e-03, 8.7809779827602485e-01,
       7.6018817838632213e-01, 6.0514675008702878e-01,
       3.5124457644332380e-03, 6.7960124340906390e-03,
       7.6977292523074982e-03, 8.8444103132172958e-01,
       7.6416983532039806e-01, 6.1214261943757198e-01,
       3.5197814762137096e-03, 6.7862547356978215e-03,
       7.6954491241896274e-03, 8.8532771477642136e-01,
       7.6555019979843575e-01, 6.1051000805302491e-01,
       3.5744117635474696e-03, 6.9606166443470317e-03,
       7.9407468938837919e-03, 8.7941202100805727e-01,
       7.5445213468266448e-01, 6.0294981668650283e-01,
       3.5250527702893547e-03, 6.9142489584061101e-03,
       7.8762270218391203e-03, 8.6540796923056351e-01,
       7.4367205784360335e-01, 5.9355446818433910e-01,
       3.5049819941488790e-03, 6.9233976232842137e-03,
       7.9370255540358835e-03, 8.7128463474677587e-01,
       7.4856628841349859e-01, 5.9884951979722911e-01,
       2.7409022625684990e-03, 8.9103227861071603e-03,
       1.1635785700717166e-02, 1.2618531781139277e+00,
       1.0875787348221633e+00, 7.9623203824605404e-01,
       3.1628431401125837e-03, 6.9216488768952308e-03,
       8.0757431542664709e-03, 8.3290647409671292e-01,
       7.1767538290981059e-01, 5.7902019225852996e-01,
       3.0060101338352362e-03, 7.2977593360484599e-03,
       8.4516137888190623e-03, 7.9041405861937974e-01,
       6.6929243405401218e-01, 5.7306053268249002e-01,
       3.5982244066616836e-03, 6.6452327279313715e-03,
       7.2048317886697849e-03, 7.1291711341519448e-01,
       6.1597339803596340e-01, 5.5141205441998331e-01,
       3.7470044970539639e-03, 6.6337245262381188e-03,
       7.1099952229794093e-03, 6.9758051846164870e-01,
       6.0348221318669637e-01, 5.4731374444613201e-01,
       3.7893781564132794e-03, 6.5342224387236287e-03,
       6.9291496424532138e-03, 6.6761318365548106e-01,
       5.7752821163844426e-01, 5.2522731316287596e-01,
       3.8155911819335413e-03, 6.5228568785908056e-03,
       6.9108945433263040e-03, 6.6169356535778723e-01,
       5.7229947430512929e-01, 5.2038691788644020e-01,
       2.7964563015663224e-03, 8.0251256796838900e-03,
       1.0062416624920363e-02, 1.2400993565131215e+00,
       1.0672985193498625e+00, 7.8000844530759139e-01,
       3.8341234070133584e-03, 6.5255061532180003e-03,
       6.9067373259043569e-03, 6.6267585255765071e-01,
       5.7340544392188919e-01, 5.2142776220570897e-01,
       3.2787010242571559e-03, 6.5042327634766434e-03,
       8.1383265366245412e-03, 8.0445038105256594e-01,
       7.1471796906470875e-01, 5.7330227207249174e-01,
       3.5154596702804465e-03, 6.4759111212439940e-03,
       7.6767384355126119e-03, 8.2213830981795544e-01,
       7.3328027530743367e-01, 5.8893862269577246e-01,
