%YAML:1.0
---
camera_matrix: !!opencv-matrix
   rows: 3
   cols: 3
   dt: d
   data: [ 2.6171244427021593e+03, 0., 1.8874923818112388e+03, 0.,
       2.6079512878411642e+03, 1.0899013603830444e+03, 0., 0., 1. ]
dist_coeff: !!opencv-matrix
   rows: 1
   cols: 5
   dt: d
   data: [ -4.8833733537076478e-02, 5.5036131493038065e-01,
       -1.4745669353182676e-03, -4.1181381205135544e-04,
       -1.2768997346224991e+00 ]
std_intrinsics: !!opencv-matrix
   rows: 18
   cols: 1
   dt: d
   data: [ 1.0933924623350493e+00, 1.0951395202799965e+00,
       1.7263248783102110e+00, 1.4833548853584526e+00,
       2.5714600125842707e-03, 1.9103678520093502e-02,
       2.0750106618553415e-04, 2.5611080059247891e-04,
       4.0954317720008460e-02, 0., 0., 0., 0., 0., 0., 0., 0., 0. ]
std_extrinsics: !!opencv-matrix
   rows: 864
   cols: 1
   dt: d
   data: [ 7.8894484910235832e-03, 7.8879608733824352e-03,
       5.3757773021076514e-04, 2.2191790148367391e-02,
       1.9601837080625829e-02, 4.5731684704660339e-02,
       7.8952342036545647e-03, 7.8941264446424596e-03,
       5.3822624222583742e-04, 2.2186422492382601e-02,
       1.9605649000448696e-02, 4.5943664474105646e-02,
       7.7680982798211118e-03, 7.7709719169421721e-03,
       5.3529628454448226e-04, 2.2105550999681162e-02,
       1.9459109115454950e-02, 4.4794094542067196e-02,
       9.9318811207319089e-04, 9.0593302064535992e-04,
       3.7842729934067109e-04, 9.6977015107009568e-03,
       8.3358487878172158e-03, 9.2882083433246873e-03,
       1.0222820698026107e-03, 9.1064474051480535e-04,
       3.8419586930981054e-04, 1.0117532973047324e-02,
       8.6606804874083468e-03, 9.6542711731935869e-03,
       9.7633564977236953e-04, 9.1474103305330483e-04,
       3.7646240228960196e-04, 1.0127935202773221e-02,
       8.6010476604277165e-03, 1.0011052441724295e-02,
       9.7379664049905741e-04, 9.1744877960204759e-04,
       3.7355769954842846e-04, 1.0180548859479201e-02,
       8.6008123769109619e-03, 1.0116876096535157e-02,
       9.7155151947071966e-04, 9.2062588708782746e-04,
       3.7535891902200293e-04, 1.0223618428491881e-02,
       8.6356157536797758e-03, 1.0251706935239044e-02,
       9.6888116289677278e-04, 9.1478245825625201e-04,
       3.7526593882058925e-04, 1.0164228233581537e-02,
       8.5864373266202696e-03, 1.0132048170530100e-02,
       9.6998346364526324e-04, 9.1760203663077936e-04,
       3.7531413752965787e-04, 1.0184901036856219e-02,
       8.5996096161005293e-03, 1.0206666485642495e-02,
       9.7405537845909862e-04, 9.2041279258352963e-04,
       3.7486976134576844e-04, 1.0214554887268471e-02,
       8.6238836713133354e-03, 1.0244588457617596e-02,
       7.8857896108184191e-03, 7.8885154887399014e-03,
       5.3542917454197628e-04, 2.2111635786490325e-02,
       1.9460649208129184e-02, 4.5418711312431248e-02,
       9.7681867680042881e-04, 9.2240369681269991e-04,
       3.7530294612753612e-04, 1.0244129543374164e-02,
       8.6488813675034849e-03, 1.0284164813222262e-02,
       9.7486968116393955e-04, 9.2118094678643990e-04,
       3.7478562805465373e-04, 1.0236218764658854e-02,
       8.6345495325303740e-03, 1.0273945298188137e-02,
       9.7359041893504733e-04, 9.2059636569727973e-04,
       3.7561192644874940e-04, 1.0256914764608549e-02,
       8.6444492669837669e-03, 1.0306239797833731e-02,
       9.7209188429475994e-04, 9.1731261965344953e-04,
       3.7464805206944494e-04, 1.0233062937243366e-02,
       8.6147772507777741e-03, 1.0233471019828536e-02,
       1.0249346160683709e-03, 9.3538411313530087e-04,
       3.5641395473727831e-04, 9.6261981526632231e-03,
       8.1501895807560409e-03, 9.6284212950455157e-03,
       1.0648725628426487e-03, 1.1909634419421920e-03,
       2.7650127708283515e-04, 1.1151115442307676e-02,
       9.9925117212306992e-03, 8.4958054460929668e-03,
       1.0103266566412648e-03, 8.9448216606647670e-04,
       4.0920414468080795e-04, 1.3155052368086718e-02,
       1.1253078073552756e-02, 9.1945705372094445e-03,
       7.4905515222895517e-03, 7.4717457934321786e-03,
       5.3327632116688742e-04, 2.1701657677842455e-02,
       1.9112878694626075e-02, 4.5170715180916289e-02,
       9.0579477878163122e-04, 8.2312498656155386e-04,
       4.2274694703989409e-04, 1.2933033382332062e-02,
       1.1055424655544686e-02, 8.4150136837441367e-03,
       9.1501773761795712e-04, 8.4595816588107445e-04,
       4.2317776687090999e-04, 1.3160774578968495e-02,
       1.1308722482926595e-02, 8.4404968553784404e-03,
       9.1997062612457297e-04, 8.4580966941500595e-04,
       4.2116860476119146e-04, 1.3086377624332911e-02,
       1.1224538738537439e-02, 8.4839456661546398e-03,
       9.2925498535481848e-04, 8.5091048394125043e-04,
       4.2503658411105900e-04, 1.3249252479782472e-02,
       1.1357173662649409e-02, 8.6797546237103382e-03,
       9.2606392745635702e-04, 8.4858361023173513e-04,
       4.2984936090594515e-04, 1.3262023928830600e-02,
       1.1345243320010747e-02, 8.6114978055209877e-03,
       9.2454271478907947e-04, 8.4449802723619198e-04,
       4.3028631099179481e-04, 1.3198745706864615e-02,
       1.1280061856379571e-02, 8.5421998204300350e-03,
       9.2518412221038375e-04, 8.4313399154596820e-04,
       4.3079232225930333e-04, 1.3199373128921823e-02,
       1.1272482489520922e-02, 8.5804166074007326e-03,
       9.2290890061277257e-04, 8.4110981086738933e-04,
       4.3027576720478233e-04, 1.3196821356880032e-02,
       1.1272975559523146e-02, 8.6023234423344835e-03,
       9.2611062982086740e-04, 8.4475056235051350e-04,
       4.2885624511891293e-04, 1.3222150545661910e-02,
       1.1303169550398250e-02, 8.6520212115543203e-03,
       9.2587665889987873e-04, 8.4410904260362853e-04,
       4.2910198209310452e-04, 1.3213562477364811e-02,
       1.1288357877359592e-02, 8.6577523026972816e-03,
       4.8493739807252707e-03, 4.8144865230052335e-03,
       4.7034067137242941e-04, 1.8921356395235473e-02,
       1.6267797279079912e-02, 3.4854672674998914e-02,
       9.2677400034616635e-04, 8.4279983844497380e-04,
       4.2993281236406155e-04, 1.3185168606700338e-02,
       1.1251523359842910e-02, 8.6296100389077722e-03,
       9.6040375128247815e-04, 8.5351945218152916e-04,
       3.9389072968562755e-04, 1.2711880217753470e-02,
       1.0922775400678861e-02, 8.9572361859256086e-03,
       9.4902409832556375e-04, 8.8439949930506508e-04,
       3.8914867805997538e-04, 1.2560727813144988e-02,
       1.0750336662951365e-02, 9.2808845474117406e-03,
       8.8664179400621621e-04, 8.7134066536897711e-04,
       4.2285184197427320e-04, 1.2616714422534989e-02,
       1.0797610102000907e-02, 1.0014301336684987e-02,
       8.7178587222935333e-04, 8.4399077551159253e-04,
       4.2417527994710141e-04, 1.1870621192761563e-02,
       1.0061994013012873e-02, 9.6112873868327148e-03,
       8.6072539546334329e-04, 8.3021816025338280e-04,
       4.1758644273827037e-04, 1.1649575205504021e-02,
       9.7456935175785700e-03, 9.4957943926210001e-03,
       8.6310084953366032e-04, 8.3846713298248686e-04,
       4.1905165666833053e-04, 1.1902326184396843e-02,
       1.0040714931012650e-02, 9.4475774405464903e-03,
       8.7414386493058123e-04, 8.4972251992068910e-04,
       4.2182326022454064e-04, 1.2192326517470016e-02,
       1.0332662636007449e-02, 9.5318774022118587e-03,
       8.7217322039097789e-04, 8.4667327596788357e-04,
       4.2437664851874296e-04, 1.2213984387245826e-02,
       1.0330699344012024e-02, 9.6125709359368618e-03,
       8.7246886002096888e-04, 8.4898839060926397e-04,
       4.2382158390447518e-04, 1.2228514788830290e-02,
       1.0350997398643877e-02, 9.6015124586412148e-03,
       2.5431018526692237e-03, 2.5179967814337725e-03,
       5.1277098847816777e-04, 1.6669576148043042e-02,
       1.4171452721910454e-02, 2.6255408903200363e-02,
       8.7366558110612538e-04, 8.5150810264313049e-04,
       4.2417120885914546e-04, 1.2277704054005033e-02,
       1.0398768624286875e-02, 9.6388444123377374e-03,
       8.7502226847970726e-04, 8.5274953988291526e-04,
