%YAML:1.0
---
camera_matrix: !!opencv-matrix
   rows: 3
   cols: 3
   dt: d
   data: [ 2.6125719823220916e+03, 0., 1.7938759986296784e+03, 0.,
       2.6044886501978144e+03, 1.0772937660291202e+03, 0., 0., 1. ]
dist_coeff: !!opencv-matrix
   rows: 1
   cols: 5
   dt: d
   data: [ 2.7971101072079438e-02, -1.1133483953879060e-02,
       -4.2479661991591524e-03, -1.2789882421217790e-02,
       -1.1634564144459261e-01 ]
std_intrinsics: !!opencv-matrix
   rows: 18
   cols: 1
   dt: d
   data: [ 2.4625809239090963e+00, 2.3901997486027842e+00,
       4.7182068947283211e+00, 3.8050686500107220e+00,
       3.2592700227264421e-03, 1.7881285350754027e-02,
       5.1677740358540409e-04, 6.5424818598862084e-04,
       2.9778442151761283e-02, 0., 0., 0., 0., 0., 0., 0., 0., 0. ]
std_extrinsics: !!opencv-matrix
   rows: 1056
   cols: 1
   dt: d
   data: [ 8.5467796406317031e-03, 8.6222537248331968e-03,
       4.8465881250767714e-04, 9.5557096315114165e-02,
       7.7502505067858898e-02, 7.5587269602601814e-02,
       7.9070513237209337e-03, 7.9851098287035769e-03,
       5.1754118698333924e-04, 9.5761157246952361e-02,
       7.7709795480878363e-02, 7.4244255120185246e-02,
       8.2501658290305251e-03, 8.3128125858394925e-03,
       5.3143948541878685e-04, 9.6593512498353462e-02,
       7.8379859676535435e-02, 7.6156605925379414e-02,
       2.1125860994468523e-03, 2.1654688433940935e-03,
       6.5833749083798825e-04, 6.0379956865706408e-02,
       4.9550042063251955e-02, 3.8524621421026022e-02,
       1.9442827005422061e-03, 1.9371188025378641e-03,
       8.7231423890329993e-04, 6.1011079987434685e-02,
       4.9677271361781364e-02, 3.8503180779205920e-02,
       1.9287085833895215e-03, 1.8909027416246817e-03,
       9.5290119943092417e-04, 6.3377302477865147e-02,
       5.1456036287375218e-02, 4.0006398464049471e-02,
       1.8922999007530679e-03, 1.8622582609184536e-03,
       9.9514926364820100e-04, 6.4519591262552634e-02,
       5.2428856674136270e-02, 4.1108001785309954e-02,
       1.8923559470731639e-03, 1.8534802214607582e-03,
       1.0066272837034463e-03, 6.4846522306453630e-02,
       5.2666395508470583e-02, 4.1474102991597261e-02,
       1.8915978875875738e-03, 1.8501895120972356e-03,
       1.0181939000671375e-03, 6.5333790172776129e-02,
       5.3061068836481470e-02, 4.1820443127579363e-02,
       1.8937721440771291e-03, 1.8532872243690655e-03,
       1.0163112085831317e-03, 6.5727135030921924e-02,
       5.3377134460441948e-02, 4.2103205762107146e-02,
       1.8912756179748766e-03, 1.8516150579791231e-03,
       1.0167135862980024e-03, 6.5572342382666279e-02,
       5.3242471277785614e-02, 4.2031446827315432e-02,
       1.8878650405088648e-03, 1.8485729836588108e-03,
       1.0222785284148658e-03, 6.5580519149371838e-02,
       5.3262898239614248e-02, 4.2035111726182538e-02,
       1.8819964817946152e-03, 1.8424534177788510e-03,
       1.0245572723656987e-03, 6.5119357107713063e-02,
       5.2890763711636340e-02, 4.1761649253156098e-02,
       8.2223901218248952e-03, 8.2845869954952609e-03,
       5.3414111205185707e-04, 9.6921643938515351e-02,
       7.8647695359976247e-02, 7.5638430965436751e-02,
       1.8792598446538938e-03, 1.8399437462838176e-03,
       1.0294927240964218e-03, 6.5106028956290155e-02,
       5.2892085933243897e-02, 4.1749082484919882e-02,
       1.8835326684174137e-03, 1.8443528605703455e-03,
       1.0293884480351791e-03, 6.5641559174245967e-02,
       5.3308853551266112e-02, 4.2082629985588073e-02,
       1.8877640050407507e-03, 1.8489640774598613e-03,
       1.0735078100450109e-03, 6.9071980506014402e-02,
       5.6073667817934228e-02, 4.4389709191179356e-02,
       1.8817488115369897e-03, 1.8615900489028447e-03,
       1.0802613419371092e-03, 7.2002896341319525e-02,
       5.8483917292476185e-02, 4.6621882362331557e-02,
       1.8896811506803469e-03, 1.8694894741018329e-03,
       1.0715754901417856e-03, 7.2416135325320360e-02,
       5.8792962012941874e-02, 4.6906219045865408e-02,
       1.8967802338674586e-03, 1.8739544387714852e-03,
       1.0697471273755110e-03, 7.2742949608180105e-02,
       5.9055944767547545e-02, 4.7112100304897035e-02,
       1.9029961430776516e-03, 1.9086395891272877e-03,
       1.0031049113578502e-03, 7.2920088134295888e-02,
       5.9080665650685163e-02, 4.8286382015200656e-02,
       1.9180814130468704e-03, 2.0127515073021869e-03,
       7.6636931332976961e-04, 6.2922128632452820e-02,
       5.1216785314594448e-02, 5.0690426880396974e-02,
       2.0089317899174572e-03, 2.0627833345584659e-03,
       7.0966492176066708e-04, 6.4996229297591968e-02,
       5.2398290444659483e-02, 4.0563077669144000e-02,
       2.0608627317863048e-03, 2.0694102818903997e-03,
       8.2194289069225106e-04, 6.9841076503632027e-02,
       5.6534819183713385e-02, 4.0350810039823680e-02,
       8.1830676656247017e-03, 8.2461041510184345e-03,
       5.3809481904273069e-04, 9.7236937978004784e-02,
       7.8914920770458655e-02, 7.6068141576340217e-02,
       2.0115734104597760e-03, 2.0185455770033805e-03,
       9.3745918403862166e-04, 6.8999226363362989e-02,
       5.6428217964551171e-02, 4.2992924282379837e-02,
       1.9253271501143627e-03, 1.9704282553048695e-03,
       9.6314856716330790e-04, 7.0512218156220441e-02,
       5.7435512982707104e-02, 4.1913885061972370e-02,
       1.8674273307223107e-03, 1.9454755785795646e-03,
       9.7373259723820772e-04, 7.6047594064058463e-02,
       6.1636320052995158e-02, 4.3998906096555795e-02,
       1.8610955209464213e-03, 1.9415991111596249e-03,
       1.0186166318713790e-03, 8.1983103103766664e-02,
       6.6529431774168243e-02, 4.7666389139583154e-02,
       1.8671454899991393e-03, 1.9463555792714460e-03,
       1.0340602786182171e-03, 8.5716103657615783e-02,
       6.9595044236835407e-02, 4.9823824124256531e-02,
       1.8939227982079352e-03, 1.9562350807253376e-03,
       1.0406419532478228e-03, 8.4812407552534677e-02,
       6.8982793742914869e-02, 5.0328789804570291e-02,
       1.8896692609270463e-03, 1.9493551948242583e-03,
       1.0196506022931153e-03, 8.2171501828325152e-02,
       6.6622544544928511e-02, 4.8640694271362535e-02,
       1.8812130438963398e-03, 1.9458433621685053e-03,
       1.0156099192085123e-03, 8.1116754574552447e-02,
       6.5719388547173505e-02, 4.7608867737958305e-02,
       1.8705702399937556e-03, 1.9412592560679302e-03,
       1.0126966485069265e-03, 8.0620524114809328e-02,
       6.5275133692552390e-02, 4.7014314551756732e-02,
       1.8647517262647586e-03, 1.9380433921903331e-03,
       1.0066430485591634e-03, 8.0446226716634442e-02,
       6.5067921427356304e-02, 4.6663435519170952e-02,
       8.3083166312594246e-03, 8.3775008469910220e-03,
       5.1878246106821710e-04, 9.6883248534077232e-02,
       7.8601413398404082e-02, 7.6922631665405541e-02,
       1.8695944600107040e-03, 1.9404671109541898e-03,
       1.0027111150938245e-03, 8.0841942434542541e-02,
       6.5376447967125564e-02, 4.6812369131176611e-02,
       1.8707005014847698e-03, 1.9396214105145866e-03,
       1.0056195953652188e-03, 8.0857688623009488e-02,
       6.5375954789566273e-02, 4.7015166067384574e-02,
       1.8754176241929557e-03, 1.9405039397687631e-03,
       1.0047898653203042e-03, 8.1514593216973519e-02,
       6.5863138010532687e-02, 4.7473430299179144e-02,
       1.8793473172449568e-03, 1.9404881030894838e-03,
       1.0049813389909140e-03, 8.1929290421008591e-02,
       6.6157552365254182e-02, 4.7911147813405046e-02,
       1.8825633793358601e-03, 1.9397131052758408e-03,
       1.0063376979308561e-03, 8.2351234067534376e-02,
       6.6449236489039012e-02, 4.8266909996160477e-02,
       1.8858082078917751e-03, 1.9398047826029601e-03,
       1.0047242938728068e-03, 8.2685534092868815e-02,
       6.6677770981311682e-02, 4.8546772840537815e-02,
       1.8867791409387230e-03, 1.9410333870218449e-03,
       1.0027288165028224e-03, 8.2691757842185437e-02,
       6.6688343391841570e-02, 4.8656235116432703e-02,
       1.8942760649200104e-03, 2.0012233680743222e-03,
