%YAML:1.0
---
camera_matrix: !!opencv-matrix
   rows: 3
   cols: 3
   dt: d
   data: [ 2.6171551353041523e+03, 0., 1.9059426971214093e+03, 0.,
       2.6187425262867482e+03, 1.0869271468247575e+03, 0., 0., 1. ]
dist_coeff: !!opencv-matrix
   rows: 1
   cols: 5
   dt: d
   data: [ -2.6602251306068803e-03, 1.7563808230946742e-01,
       -6.0026873455528080e-04, 3.9280413399114941e-03,
       -3.8971032936744504e-01 ]
std_intrinsics: !!opencv-matrix
   rows: 18
   cols: 1
   dt: d
   data: [ 1.2440759374012631e+00, 1.2243639245367568e+00,
       2.7142067361479141e+00, 2.0238664811901139e+00,
       4.5989835675456451e-03, 4.1299143051970112e-02,
       2.8622901873750763e-04, 3.9864953252930282e-04,
       1.0533719526694113e-01, 0., 0., 0., 0., 0., 0., 0., 0., 0. ]
std_extrinsics: !!opencv-matrix
   rows: 828
   cols: 1
   dt: d
   data: [ 7.6259067936005863e-03, 7.6263054512973952e-03,
       6.6205915676244731e-04, 2.9988287907490547e-02,
       2.2990563147440742e-02, 4.7081703458562524e-02,
       7.5633814253939155e-03, 7.5666835473123997e-03,
       6.6258392495173598e-04, 3.0014833271510090e-02,
       2.2997897387683850e-02, 4.6671517115712539e-02,
       7.6153286837664343e-03, 7.6062798760356412e-03,
       6.6444516420553280e-04, 2.9952854449314240e-02,
       2.2933951626701487e-02, 4.6767410713456505e-02,
       1.3736698446304616e-03, 1.3463528546158183e-03,
       5.6409745922661588e-04, 1.5664363278538547e-02,
       1.1538755268122782e-02, 1.3028049566757094e-02,
       1.3752427124796272e-03, 1.3450225431874678e-03,
       5.6575307909198459e-04, 1.5673033502495944e-02,
       1.1547079285959562e-02, 1.3018226707718765e-02,
       1.3775113915637273e-03, 1.3466509775371862e-03,
       5.6560159585336577e-04, 1.5698958190725261e-02,
       1.1566333869395522e-02, 1.3043521780208737e-02,
       1.3782683763020735e-03, 1.3479674913088283e-03,
       5.6554883786099741e-04, 1.5729449364626637e-02,
       1.1586240077237724e-02, 1.3078734147990052e-02,
       1.3745769895439552e-03, 1.3463105946056378e-03,
       5.6590013983061978e-04, 1.5703326641182409e-02,
       1.1571214793223405e-02, 1.3065409992787970e-02,
       1.3722745779892571e-03, 1.3455571914009184e-03,
       5.6567391943130186e-04, 1.5741206973716643e-02,
       1.1583239734777217e-02, 1.3077967000719420e-02,
       1.3725311071976518e-03, 1.3358651767117827e-03,
       5.6725938689515629e-04, 1.5656371120556373e-02,
       1.1509577295083959e-02, 1.2833010884874962e-02,
       1.6521486751368559e-03, 1.6807712254643475e-03,
       3.6711782038793416e-04, 1.5181386301604026e-02,
       1.1680988582200198e-02, 9.9645725147674679e-03,
       1.3379132313925831e-03, 1.2976579206491440e-03,
       5.0840830839643254e-04, 1.7784759830030070e-02,
       1.3384542724461507e-02, 8.8147032156141378e-03,
       7.2994162048745483e-03, 7.2987857915908783e-03,
       6.6439033281537796e-04, 2.9654925032404057e-02,
       2.2774883701756024e-02, 4.5308518398903416e-02,
       1.2888487182891844e-03, 1.2233241377565391e-03,
       5.9291168427526937e-04, 1.8671105237051972e-02,
       1.3951305599939182e-02, 9.0448622176140421e-03,
       1.2834296736194133e-03, 1.2461796332159697e-03,
       6.2703780354261406e-04, 1.9559778129151644e-02,
       1.4575728657376616e-02, 9.3262679225247017e-03,
       1.2809981588518824e-03, 1.2574185774672998e-03,
       6.4825860221415807e-04, 2.0072846986280118e-02,
       1.5019904428702605e-02, 9.3234388674752217e-03,
       1.2868540485978519e-03, 1.2611221138893419e-03,
       6.4558321124715088e-04, 2.0112082259423455e-02,
       1.5036324773565033e-02, 9.6261827683243335e-03,
       1.2906968404161002e-03, 1.2568477840614490e-03,
       6.4960725164163468e-04, 2.0146545644803809e-02,
       1.5045388994801782e-02, 9.7013295448255578e-03,
       1.2877292580109857e-03, 1.2540222488722692e-03,
       6.5197106630172702e-04, 2.0188317803963868e-02,
       1.5073504649076194e-02, 9.7251180740717969e-03,
       1.2885461522683032e-03, 1.2537102928578095e-03,
       6.5689413301275434e-04, 2.0262782332617059e-02,
       1.5133114187241666e-02, 9.6586583980868574e-03,
       1.2920556697928358e-03, 1.2572883040751119e-03,
       6.5485921705470585e-04, 2.0289889924434590e-02,
       1.5154341605127301e-02, 9.7563910994486365e-03,
       1.2912214512931144e-03, 1.2579273680264739e-03,
       6.5512351875570340e-04, 2.0300236702271261e-02,
       1.5164072110439379e-02, 9.7776860695185548e-03,
       6.6318754369287828e-03, 6.6162243602298281e-03,
       6.5006950076600893e-04, 2.8764318873848813e-02,
       2.2134652249180792e-02, 4.2386190470170532e-02,
       1.2889775017672182e-03, 1.2554749843694617e-03,
       6.5825536729185530e-04, 2.0341834920427276e-02,
       1.5190590446013532e-02, 9.7801839903866716e-03,
       1.2888722158479885e-03, 1.2550181852942063e-03,
       6.5881442195074775e-04, 2.0333655625466216e-02,
       1.5183277733617150e-02, 9.7533058365657024e-03,
       1.2815356159392441e-03, 1.2499709687908928e-03,
       6.6223743932039753e-04, 2.0300522414284657e-02,
       1.5148850568441312e-02, 9.6314732315969064e-03,
       1.2801357422932704e-03, 1.2491288551676192e-03,
       6.6355123023404761e-04, 2.0309599695749709e-02,
       1.5151784147448999e-02, 9.6103515696316262e-03,
       1.2788171206641003e-03, 1.2468641507705671e-03,
       6.6328648156635289e-04, 2.0285174352312408e-02,
       1.5126243681585258e-02, 9.6359438645434690e-03,
       1.3023454894490957e-03, 1.2373447238474074e-03,
       6.2590858266552303e-04, 1.9704524218594029e-02,
       1.4582315098074242e-02, 9.4629011443636384e-03,
       1.1744116934166260e-03, 1.2296012935930026e-03,
       5.7580318820274977e-04, 1.7370465447563356e-02,
       1.2575681305445997e-02, 1.1047235974207299e-02,
       1.2023233457415024e-03, 1.2635673626306496e-03,
       5.7827096810172712e-04, 1.7922231966360211e-02,
       1.3130965997399274e-02, 1.1262033607173797e-02,
       1.2677133751809932e-03, 1.3223151411654172e-03,
       5.8879037490260240e-04, 1.9270449713152803e-02,
       1.4238340436265831e-02, 1.1990925778566070e-02,
       4.8796837029634939e-03, 4.8009773323312195e-03,
       7.7539034169673237e-04, 2.5815842340478092e-02,
       1.9479261930726924e-02, 3.7404905295642867e-02,
       1.2772117325352869e-03, 1.3311018518911966e-03,
       5.9282231289667885e-04, 1.9399072369257676e-02,
       1.4315287672045278e-02, 1.2395183230734562e-02,
       1.2695184035374518e-03, 1.3254440972168820e-03,
       5.9110139690264532e-04, 1.9242843756574222e-02,
       1.4206507479299498e-02, 1.2261872839162753e-02,
       1.2605306485811904e-03, 1.3169512120207228e-03,
       5.9022607058913221e-04, 1.9120410447509836e-02,
       1.4100936062049780e-02, 1.2164027548894738e-02,
       1.2607168695126015e-03, 1.3188940127681699e-03,
       5.9142869026748029e-04, 1.9153098898132815e-02,
       1.4145713955827506e-02, 1.2226396372394789e-02,
       1.2576986664890833e-03, 1.3166522755146436e-03,
       5.8999833567164933e-04, 1.9031284301202066e-02,
       1.4043535550129107e-02, 1.2210572398390688e-02,
       1.2544625686569909e-03, 1.3097810656958868e-03,
       5.9026901084201482e-04, 1.8862133702872139e-02,
       1.3903199062093037e-02, 1.2188573816480992e-02,
       1.2549518578507436e-03, 1.3128785785398911e-03,
       5.8924797180293900e-04, 1.8931102973887622e-02,
       1.3965677325105742e-02, 1.2130510967389896e-02,
       1.2547455982907883e-03, 1.3130460272954586e-03,
       5.8793328634371741e-04, 1.8851196578444713e-02,
       1.3902634064781936e-02, 1.2141769982058681e-02,
       1.2432990175289651e-03, 1.3053695437949548e-03,
       5.8416203960765054e-04, 1.8638850695544613e-02,
       1.3744004470951655e-02, 1.1911885334667707e-02,
       1.2480487034171558e-03, 1.3090420150640230e-03,
       5.8321556490724890e-04, 1.8694294129643577e-02,
       1.3792244533449597e-02, 1.1912209172219017e-02,
       3.2743301440289274e-03, 3.2564679701152914e-03,
