%YAML:1.0
---
camera_matrix: !!opencv-matrix
   rows: 3
   cols: 3
   dt: d
   data: [ 2.6051701241626424e+03, 0., 1.8826836833671669e+03, 0.,
       2.5961368084688670e+03, 1.0729208206701005e+03, 0., 0., 1. ]
dist_coeff: !!opencv-matrix
   rows: 1
   cols: 5
   dt: d
   data: [ -2.2477607548659202e-02, 4.8088686640699946e-01,
       -4.8389478461544067e-03, 2.0131094377382722e-03,
       -3.8064382293946231e-01 ]
std_intrinsics: !!opencv-matrix
   rows: 18
   cols: 1
   dt: d
   data: [ 2.2622866357261917e+00, 2.3193337378696737e+00,
       4.3526398508532456e+00, 3.3635271060231307e+00,
       8.1817636572149941e-03, 1.3772748306568536e-01,
       4.9733496490903548e-04, 6.2102696104698819e-04,
       6.7276956809082067e-01, 0., 0., 0., 0., 0., 0., 0., 0., 0. ]
std_extrinsics: !!opencv-matrix
   rows: 798
   cols: 1
   dt: d
   data: [ 6.3577472939001390e-03, 6.3217623481222037e-03,
       4.7138933619868999e-04, 5.6219373000684386e-02,
       4.3707059596863405e-02, 4.5239650600392978e-02,
       6.4322756143691175e-03, 6.3999539602281373e-03,
       4.7659666332848164e-04, 5.6211346132282833e-02,
       4.3706178075715356e-02, 4.5378152247916380e-02,
       5.8860421568072445e-03, 5.8376006680215791e-03,
       4.9946685235607554e-04, 5.6356062150065243e-02,
       4.3851281861255073e-02, 4.4834052868828966e-02,
       1.7998595081942430e-03, 1.8229039810854590e-03,
       7.5627615857802751e-04, 4.1257199983089778e-02,
       3.1751108334306881e-02, 2.8087569973508385e-02,
       1.7877151121854866e-03, 1.8179582482448469e-03,
       7.5644249151310741e-04, 4.0875971224166342e-02,
       3.1426477405719577e-02, 2.7935705551383954e-02,
       1.7874387440955572e-03, 1.8194570752678772e-03,
       7.5600664136981374e-04, 4.0926267287074124e-02,
       3.1452143114753105e-02, 2.8007374605918907e-02,
       1.7918145763786370e-03, 1.8253085944371409e-03,
       7.5150559153048971e-04, 4.1053723523549822e-02,
       3.1544454457338077e-02, 2.8069303454208015e-02,
       1.7916100518841937e-03, 1.8281498495095045e-03,
       7.4892680764633145e-04, 4.1000185685766577e-02,
       3.1478783675836321e-02, 2.8084178540554526e-02,
       1.8340868098010322e-03, 1.8649733838160207e-03,
       7.1949316838709862e-04, 4.1725998735678081e-02,
       3.1956369760259992e-02, 2.8050237607594317e-02,
       2.3151492729070150e-03, 2.3266863584113459e-03,
       4.6125171616553180e-04, 3.9754823639559296e-02,
       3.0638140301527741e-02, 2.8338227455447399e-02,
       3.0392561860556559e-03, 2.9707698471415772e-03,
       5.0831723594717954e-04, 5.2952003185587744e-02,
       4.0851549521434605e-02, 3.1402335673337903e-02,
       2.5023917607475874e-03, 2.3530973183816914e-03,
       7.2052028599706934e-04, 6.2199002930616323e-02,
       4.7986378283586623e-02, 3.7237981295484716e-02,
       2.3914744982923715e-03, 2.1919992502421035e-03,
       8.1514253943193069e-04, 6.6382753385240703e-02,
       5.1290717213408880e-02, 4.1770041754432163e-02,
       6.3735834947012213e-03, 6.3311580537539595e-03,
       4.8561177659805832e-04, 5.6242440528894502e-02,
       4.3751874457867546e-02, 4.5726429114899096e-02,
       2.2649852644755449e-03, 2.0726645649250066e-03,
       9.0424352657710884e-04, 6.9184339571068371e-02,
       5.3402303341809523e-02, 4.2794120365600992e-02,
       2.1617301413581948e-03, 1.9656996804414992e-03,
       9.9871978805380073e-04, 6.8082613905508002e-02,
       5.2459675376252519e-02, 4.0874664264478042e-02,
       2.0674539515638528e-03, 1.8990401613420023e-03,
       1.0196776279735448e-03, 6.6556693792275343e-02,
       5.1311749227283293e-02, 3.8846694804477770e-02,
       2.0514589015666555e-03, 1.8569584863934155e-03,
       1.0472748842023378e-03, 6.6162511639070165e-02,
       5.0948329682946408e-02, 3.8929787251575795e-02,
       2.0348675420938630e-03, 1.8374966159747956e-03,
       1.0543479485741831e-03, 6.5872096401598718e-02,
       5.0727570322419098e-02, 3.8582807921137371e-02,
       2.0475193934956469e-03, 1.8322566692841040e-03,
       1.0623804401880788e-03, 6.6114408384227399e-02,
       5.0929969820175405e-02, 3.8656006479145237e-02,
       2.0566579114102523e-03, 1.8336118294206510e-03,
       1.0641897054546425e-03, 6.6411687160230909e-02,
       5.1170765427815665e-02, 3.8864087894164900e-02,
       2.0564883265054572e-03, 1.8282393996482389e-03,
       1.0679496215855355e-03, 6.6367131624512632e-02,
       5.1142175065325444e-02, 3.8782888575537793e-02,
       2.0504952518713838e-03, 1.8238073690569272e-03,
       1.0721248078500720e-03, 6.6315679221800344e-02,
       5.1099128577383607e-02, 3.8743441274021947e-02,
       2.0069842020583100e-03, 1.7928968804018465e-03,
       1.0796735649866605e-03, 6.5846425165404746e-02,
       5.0749427256586828e-02, 3.8226918074648307e-02,
       6.4958973109221054e-03, 6.4584153267725286e-03,
       4.8746916403156679e-04, 5.6108258855065485e-02,
       4.3649064915590452e-02, 4.6206571714169573e-02,
       1.9793248015640128e-03, 1.7785221959991720e-03,
       1.0712031662993172e-03, 6.5533414523419334e-02,
       5.0526345706254423e-02, 3.7967527988137108e-02,
       2.0011211344927635e-03, 1.7972616434208276e-03,
       1.0460155926065690e-03, 6.5285514787155594e-02,
       5.0290519223994398e-02, 3.8123724733678380e-02,
       1.9554900856065560e-03, 1.8049093211234097e-03,
       9.4076528601139348e-04, 6.1497448371815339e-02,
       4.7188963948515190e-02, 3.6985981042485461e-02,
       1.7701611970865165e-03, 1.7758996373656601e-03,
       8.9017462371413305e-04, 5.6545580508956590e-02,
       4.3241395743201752e-02, 3.4256977419555149e-02,
       1.6589701832515119e-03, 1.7841132883960264e-03,
       8.5176249771032927e-04, 5.4270333911849850e-02,
       4.1952859269805028e-02, 3.1942464883287607e-02,
       1.6552221015868141e-03, 1.7997493035005448e-03,
       8.7379447892178982e-04, 5.6471677642018575e-02,
       4.3732897034176724e-02, 3.3782069964285517e-02,
       1.6651561472994689e-03, 1.8349611772762581e-03,
       8.9916561094774416e-04, 6.1856704858520448e-02,
       4.8036395289057746e-02, 3.8130757250426549e-02,
       1.7191393000158181e-03, 1.8777703695220535e-03,
       9.3196493525943053e-04, 6.7719811069660796e-02,
       5.2502702716719314e-02, 4.3659921823525218e-02,
       1.7389506054851711e-03, 1.8886374128343534e-03,
       9.4311015050138733e-04, 6.9211993657994658e-02,
       5.3534736852391192e-02, 4.5381775395097225e-02,
       1.7449928443633723e-03, 1.8926698707560159e-03,
       9.3663213904500106e-04, 6.9014085145747486e-02,
       5.3367135035658458e-02, 4.5229777686343051e-02,
       6.3385675418807753e-03, 6.3063600615807201e-03,
       4.9597198595650123e-04, 5.6215622025251044e-02,
       4.3741909725032294e-02, 4.6571829585427271e-02,
       1.7423516253404080e-03, 1.8969362737914996e-03,
       9.2143875878046848e-04, 6.8119804163073186e-02,
       5.2794764379885555e-02, 4.4067032380415982e-02,
       1.7476599488032423e-03, 1.9056718744292561e-03,
       9.1929519172915272e-04, 6.8425491853498582e-02,
       5.2965137417095860e-02, 4.4550356175018166e-02,
       1.7562021468450800e-03, 1.9079205895153697e-03,
       9.2125965967758048e-04, 6.8810179122013884e-02,
       5.3258207955629938e-02, 4.4914050753625027e-02,
       1.7578411288819589e-03, 1.9054578372732882e-03,
       9.2218491198038373e-04, 6.8579128730058045e-02,
       5.3044262633303599e-02, 4.4796640355099358e-02,
       1.7619966161111485e-03, 1.9094863313279913e-03,
       9.2005374082554977e-04, 6.8930667781717109e-02,
       5.3343250552304940e-02, 4.5066635392764419e-02,
       6.0910749643501424e-03, 6.0653891739816676e-03,
       5.2916546004554317e-04, 5.5928559892271731e-02,
       4.3525828340800057e-02, 4.7046196874530988e-02,
       5.0352549363796061e-03, 5.0210168408015747e-03,
       5.4411024536518649e-04, 5.4321710498959112e-02,
       4.2152922954918126e-02, 4.5402957877350533e-02,
       3.4756667162245329e-03, 3.4463033772620670e-03,
