%YAML:1.0
---
camera_matrix: !!opencv-matrix
   rows: 3
   cols: 3
   dt: d
   data: [ 2.6229064079428481e+03, 0., 1.8959163780296335e+03, 0.,
       2.6212718640138150e+03, 1.0806452196677476e+03, 0., 0., 1. ]
dist_coeff: !!opencv-matrix
   rows: 1
   cols: 5
   dt: d
   data: [ 2.8123419924110125e-02, 4.4153129271778564e-03,
       -2.0787749806531839e-03, 7.4277601999194268e-04,
       -5.0970578394480937e-02 ]
std_intrinsics: !!opencv-matrix
   rows: 18
   cols: 1
   dt: d
   data: [ 1.9157590975089671e+00, 1.9421869896334296e+00,
       2.9574128344971258e+00, 2.4833601928254017e+00,
       2.1010806783949725e-03, 9.2960001769459427e-03,
       3.1567889768834928e-04, 4.2348879733947219e-04,
       1.4008497581250133e-02, 0., 0., 0., 0., 0., 0., 0., 0., 0. ]
std_extrinsics: !!opencv-matrix
   rows: 1506
   cols: 1
   dt: d
   data: [ 1.0513650315631222e-02, 1.0505359290494466e-02,
       6.7647778262355839e-04, 5.3472372365405293e-02,
       4.5313825591010153e-02, 7.3681090550280548e-02,
       1.0482035056619257e-02, 1.0455417842473731e-02,
       6.7113293793356812e-04, 5.3403754914321595e-02,
       4.5265840992465188e-02, 7.3479323439184230e-02,
       3.6977451422351535e-03, 3.7938197598327218e-03,
       7.9773268629517368e-04, 5.3421497513608612e-02,
       4.3182136620483397e-02, 5.7391019392334978e-02,
       1.9280988712837234e-03, 1.9155869748928946e-03,
       7.2451138446479795e-04, 4.3384693760680527e-02,
       3.6031741895736165e-02, 3.4299885223542777e-02,
       1.7842238191091780e-03, 1.7781456224625998e-03,
       7.5250134995455159e-04, 4.4055073404180446e-02,
       3.6463544182243721e-02, 3.5029620252580843e-02,
       1.7477782005325478e-03, 1.7347844700561995e-03,
       7.7211011670699087e-04, 4.5709421454127257e-02,
       3.7943850146085777e-02, 3.7366589773654854e-02,
       1.7158897327846385e-03, 1.7133381818293860e-03,
       7.9781367954053644e-04, 4.7125052989752572e-02,
       3.8997511643409082e-02, 3.9107047007591905e-02,
       1.7588130502991688e-03, 1.7606296828614441e-03,
       8.0928284464084699e-04, 4.8051595362172808e-02,
       3.9698949196382408e-02, 4.0305495670443219e-02,
       1.6792326121376410e-03, 1.6824877554154727e-03,
       7.9561372130717797e-04, 4.6501301592890239e-02,
       3.8348370725448187e-02, 3.8183019940260604e-02,
       1.6134778385218566e-03, 1.6113020753405604e-03,
       7.9849920117084229e-04, 4.5665153560503713e-02,
       3.7748759076214340e-02, 3.7103067025327327e-02,
       1.5540665940239960e-03, 1.5449233256035597e-03,
       8.0272125280713379e-04, 4.4859621860509319e-02,
       3.7281755187405924e-02, 3.6458145221290060e-02,
       1.4950083042002574e-03, 1.4798076783914345e-03,
       8.1091812348509161e-04, 4.3897041702991933e-02,
       3.6579577097911153e-02, 3.5470646838944277e-02,
       1.4817540446945240e-03, 1.4639799411725509e-03,
       8.1848857959596999e-04, 4.3950420053247827e-02,
       3.6749664295651505e-02, 3.5833554087007363e-02,
       3.5964195607003338e-03, 3.6791066464554856e-03,
       7.9377568055836317e-04, 5.3368523481297801e-02,
       4.3108117068135797e-02, 5.6801967408117222e-02,
       1.4811003384196928e-03, 1.4605052487950993e-03,
       8.1732449353169828e-04, 4.4449547902393291e-02,
       3.7163390272757765e-02, 3.6948499017717358e-02,
       1.4887843326262563e-03, 1.4658414710038788e-03,
       7.9509754179669034e-04, 4.5058022843559441e-02,
       3.7453916589700535e-02, 3.8051863323174520e-02,
       1.5002707387245858e-03, 1.4671070665897889e-03,
       7.7036965586793171e-04, 4.5802510435017089e-02,
       3.7685152109646118e-02, 3.9253966767123630e-02,
       1.4985971707953466e-03, 1.4563702425965336e-03,
       7.6908056432948809e-04, 4.6385882643627779e-02,
       3.7933434770874554e-02, 4.0114961405285525e-02,
       1.5132621682594806e-03, 1.4612321555158741e-03,
       7.6467826880212831e-04, 4.6130543838141087e-02,
       3.7748244816333480e-02, 3.9982555620123754e-02,
       1.5610629846682237e-03, 1.5256276782911898e-03,
       7.4831241353536773e-04, 4.5023329993748536e-02,
       3.7304607596564635e-02, 3.8462310240183623e-02,
       1.6358540205265626e-03, 1.6180805175433082e-03,
       7.3213658870687815e-04, 4.4249500973504226e-02,
       3.6977034505770813e-02, 3.7079867050893285e-02,
       1.7175703946651819e-03, 1.7005744767055388e-03,
       7.3380522071116096e-04, 4.4229916057368902e-02,
       3.6934740480308516e-02, 3.6369254123373718e-02,
       1.7551100288307698e-03, 1.7474855208057488e-03,
       7.4426818400055782e-04, 4.4623289662360482e-02,
       3.7175298987155513e-02, 3.6353525405035753e-02,
       1.6795763817553928e-03, 1.6799923418501983e-03,
       7.2797591002556874e-04, 4.3275700168723182e-02,
       3.6076587429546621e-02, 3.4308582477693778e-02,
       3.6261153489891857e-03, 3.6873138763787901e-03,
       8.0910487099153535e-04, 5.3828395043776477e-02,
       4.3346966184827286e-02, 5.7232035223612178e-02,
       1.6951693057757047e-03, 1.7236948011582418e-03,
       6.9142192662247103e-04, 4.3367904851735348e-02,
       3.6524245104222607e-02, 3.4239804726560123e-02,
       1.7373872797097967e-03, 1.7750076086674143e-03,
       6.9152553347521953e-04, 4.3996361484545811e-02,
       3.7255021892116671e-02, 3.5362315541905318e-02,
       1.7529395475143529e-03, 1.7872414400434040e-03,
       7.0281849105219979e-04, 4.4491459578182860e-02,
       3.7582738451571139e-02, 3.5817591607926108e-02,
       1.8248213364530170e-03, 1.8333416329877408e-03,
       7.4381565204505520e-04, 4.5392200225827774e-02,
       3.7750513871170586e-02, 3.6615347796544559e-02,
       1.7403780654741256e-03, 1.7543937869900564e-03,
       7.7626980797555615e-04, 4.4573619433485138e-02,
       3.6662619089059635e-02, 3.5533074807537417e-02,
       1.7222563190594452e-03, 1.7495953820739264e-03,
       7.9546293061860511e-04, 4.4617311938401995e-02,
       3.6576779475729848e-02, 3.5593209800526250e-02,
       1.7151917685973828e-03, 1.7348971171068060e-03,
       8.0689575960467719e-04, 4.4538477390092431e-02,
       3.6423782238872722e-02, 3.5620058323635302e-02,
       1.7004246457662732e-03, 1.7109482316342410e-03,
       8.0030813640251559e-04, 4.4317939928798677e-02,
       3.6312276329625179e-02, 3.5361097894707295e-02,
       1.6859390947633784e-03, 1.6879890787058806e-03,
       7.9099380495075431e-04, 4.4236302052292266e-02,
       3.6412877451096178e-02, 3.5404249467013343e-02,
       1.6182333566101886e-03, 1.6150107572687916e-03,
       7.8222290459423270e-04, 4.3889936082701628e-02,
       3.6342674016573220e-02, 3.5007202091732380e-02,
       3.3500084620549726e-03, 3.4456654985083783e-03,
       7.5771031847394316e-04, 5.2692541404816266e-02,
       4.2913369916163346e-02, 5.5614276219041706e-02,
       1.5679129860080210e-03, 1.5640450662027265e-03,
       7.7095955254586691e-04, 4.3817734275092973e-02,
       3.6627345354963502e-02, 3.5614227826869231e-02,
       1.4823931571573228e-03, 1.4682389419083833e-03,
       7.8511267706306536e-04, 4.3026719385946148e-02,
       3.6000718386012258e-02, 3.4943681637545132e-02,
       1.4341947772491235e-03, 1.4081044319912675e-03,
       7.9259504889760796e-04, 4.3069211365593184e-02,
       3.5810902448534132e-02, 3.5204901786427135e-02,
       1.3926954943619782e-03, 1.3754789315495520e-03,
       7.6478989833074279e-04, 4.3074273539644985e-02,
       3.5297000100570838e-02, 3.5525465968140754e-02,
       1.3950973141786927e-03, 1.3791618952603314e-03,
       7.4582613057679428e-04, 4.2992440521833375e-02,
       3.5040720260326917e-02, 3.5831922088580048e-02,
       1.3820786251235585e-03, 1.3798304543837228e-03,
       7.3779495125128104e-04, 4.2985038657028782e-02,
       3.4885820517200593e-02, 3.5985467311023416e-02,
       1.3699953989698506e-03, 1.4070464396921277e-03,
       7.1938703925577174e-04, 4.3370387087534129e-02,
       3.4836944941981106e-02, 3.6887426517860436e-02,
       1.4208510317047784e-03, 1.4854982992074178e-03,
