%YAML:1.0
---
camera_matrix: !!opencv-matrix
   rows: 3
   cols: 3
   dt: d
   data: [ 2.6212553926764467e+03, 0., 1.8920164577584424e+03, 0.,
       2.6162857332095377e+03, 1.0843670270226091e+03, 0., 0., 1. ]
dist_coeff: !!opencv-matrix
   rows: 1
   cols: 5
   dt: d
   data: [ 1.2736763436794809e-02, 8.4018286738345049e-02,
       -2.5553501826646378e-03, 1.3229209092373612e-03,
       -1.4684423074870948e-01 ]
std_intrinsics: !!opencv-matrix
   rows: 18
   cols: 1
   dt: d
   data: [ 2.1244127702234303e+00, 2.2864137559202518e+00,
       2.8490773775235492e+00, 2.3242853426014722e+00,
       1.9832220261423172e-03, 9.4613027238764410e-03,
       2.9286139783533461e-04, 4.0681710702213005e-04,
       1.4128428083715594e-02, 0., 0., 0., 0., 0., 0., 0., 0., 0. ]
std_extrinsics: !!opencv-matrix
   rows: 1272
   cols: 1
   dt: d
   data: [ 7.5756151526656752e-03, 7.5994615580282166e-03,
       5.2689814968501420e-04, 3.9839547398080578e-02,
       3.2643684871662366e-02, 5.5358710510933440e-02,
       7.7276524092125829e-03, 7.7379863222862867e-03,
       5.3698559753448307e-04, 3.9825020818775148e-02,
       3.2634244882853033e-02, 5.6155089114449719e-02,
       4.0970286040351951e-03, 4.1880917314964360e-03,
       7.9415826776411795e-04, 4.4720374318924373e-02,
       3.5081874684920376e-02, 5.6216619622066179e-02,
       1.8399003051680061e-03, 1.7956961961365589e-03,
       8.3328613697831555e-04, 4.8267722953276491e-02,
       3.9882999252880885e-02, 4.7189234472322490e-02,
       1.9191021376975424e-03, 1.8592333263799526e-03,
       8.6019758577514187e-04, 4.9101109209393506e-02,
       3.9902706682215558e-02, 4.8403431835896862e-02,
       1.9136771806957922e-03, 1.8633125628125359e-03,
       9.0940428719618464e-04, 4.9509825039192809e-02,
       3.9226437778255747e-02, 4.8920416204238912e-02,
       1.8750789832430632e-03, 1.8580813208008459e-03,
       9.4250135168727088e-04, 4.9889174869919228e-02,
       3.9047853844197782e-02, 4.9123008055632210e-02,
       1.8383973784778889e-03, 1.8514412880466324e-03,
       9.5804632350785630e-04, 4.9758147078603432e-02,
       3.8871615510844414e-02, 4.8858902539636158e-02,
       1.7907788746222056e-03, 1.8041549185274831e-03,
       9.4827404544351606e-04, 4.8974388115592786e-02,
       3.8337586484609727e-02, 4.7872898451532642e-02,
       1.8116591653737242e-03, 1.8166847225229090e-03,
       9.4472781671389142e-04, 4.9168282372751969e-02,
       3.8570384848644876e-02, 4.8303779529537350e-02,
       1.8323951793209831e-03, 1.8103023782611606e-03,
       9.1728781045651670e-04, 4.8765568938799013e-02,
       3.8694784013570745e-02, 4.8397186500656206e-02,
       1.8287231317044108e-03, 1.7956785285958381e-03,
       9.0714532031276095e-04, 4.8895688507110076e-02,
       3.9005353425564986e-02, 4.8769246339069275e-02,
       3.5554557326407730e-03, 3.7644984733286222e-03,
       7.6906018090115518e-04, 4.5062999708221856e-02,
       3.4889817445183505e-02, 5.4533531829080557e-02,
       1.7920982677652058e-03, 1.7583337909629698e-03,
       8.8697421600960160e-04, 4.8297116845488784e-02,
       3.9012547756848592e-02, 4.8621500936708070e-02,
       1.7393195628274093e-03, 1.7185675520455430e-03,
       8.7899371941714197e-04, 4.8148617202720879e-02,
       3.9479612459946530e-02, 4.9827416118596410e-02,
       1.6721189441531417e-03, 1.6627116073666809e-03,
       8.2532307351541585e-04, 4.8545912293583196e-02,
       3.9506187884024414e-02, 5.0743300303733557e-02,
       1.6678266797912193e-03, 1.6439756719266254e-03,
       7.9140849331923633e-04, 4.9217912964788287e-02,
       3.9371104916095807e-02, 5.1446313922840110e-02,
       1.6700185162596369e-03, 1.6432497690100425e-03,
       7.5936124806213925e-04, 4.8899186412025626e-02,
       3.8730125620186878e-02, 5.0801879004697466e-02,
       1.6971397325356448e-03, 1.6687963762173161e-03,
       7.5125138515472060e-04, 4.8853128613893522e-02,
       3.8778554774637625e-02, 5.0794695435372635e-02,
       1.7051390588082741e-03, 1.6791024742284551e-03,
       7.4840536674196118e-04, 4.8685413823398617e-02,
       3.8679273244131569e-02, 5.0590662906590082e-02,
       1.6906943290779994e-03, 1.6743646369387858e-03,
       7.2885708456455877e-04, 4.8545622384924929e-02,
       3.8640521074386917e-02, 4.9977632652711143e-02,
       1.6874494921065091e-03, 1.6858450491734416e-03,
       7.2427227301916932e-04, 4.8589834795313314e-02,
       3.9119100038610563e-02, 4.9606752571118101e-02,
       1.6889269067056651e-03, 1.7011417553472045e-03,
       7.2326718056677213e-04, 4.9352307178909455e-02,
       3.9731480717685820e-02, 5.0375486462578542e-02,
       3.4600184580701300e-03, 3.7099777602237092e-03,
       7.5302315311896663e-04, 4.4998063006271932e-02,
       3.4665718713098606e-02, 5.4222086460203586e-02,
       1.7112458965749483e-03, 1.7219433607530996e-03,
       7.2633066595449475e-04, 5.0161173858127538e-02,
       3.9919151053416979e-02, 5.1822061102524158e-02,
       1.7574879756880872e-03, 1.7043517471527444e-03,
       7.6111035109946066e-04, 4.9777990076495422e-02,
       3.9089014274295071e-02, 5.2479806097954454e-02,
       1.7319297408833899e-03, 1.6324066239344042e-03,
       7.9791040990979055e-04, 4.8970558051715088e-02,
       3.8388103867213648e-02, 5.1192699136572289e-02,
       1.7024751075920927e-03, 1.5815690852050523e-03,
       8.0089952528751866e-04, 4.8737423971959376e-02,
       3.8030506948689875e-02, 5.0578308071099302e-02,
       1.6491907004166962e-03, 1.5178552431640091e-03,
       7.8837295387115586e-04, 4.8522895492122263e-02,
       3.7528791689489485e-02, 4.9908739553436256e-02,
       1.6568677355357051e-03, 1.4708682942163208e-03,
       7.6783301054619390e-04, 4.8995100963742169e-02,
       3.7139340859921897e-02, 5.0175180163998037e-02,
       1.6575270903399896e-03, 1.4945337958763222e-03,
       7.6501621817147902e-04, 4.9467931736929406e-02,
       3.7461830048518066e-02, 5.0708331842007633e-02,
       1.6548402579856460e-03, 1.5241181257122070e-03,
       7.6840650380535357e-04, 4.8664012792952308e-02,
       3.7356289921249695e-02, 5.0114920018016332e-02,
       1.7833058587696541e-03, 1.6866437028413199e-03,
       7.9741597396315686e-04, 4.7745515138948452e-02,
       3.7951884167870875e-02, 5.0043097506170982e-02,
       1.9926938647596920e-03, 1.8939839309274804e-03,
       8.2919639311163583e-04, 4.7720141937505213e-02,
       3.8578403036779084e-02, 5.0426933955281548e-02,
       3.3175154477817462e-03, 3.5195553438869998e-03,
       6.9051477172196935e-04, 4.4332350199766050e-02,
       3.3876445233874411e-02, 5.3587209983790920e-02,
       2.1644156571723572e-03, 2.0856767461477086e-03,
       8.6010324565685345e-04, 4.6608936174926119e-02,
       3.7866029220307913e-02, 4.7782237695215661e-02,
       2.2749218081636615e-03, 2.2604775700442378e-03,
       9.1225653421411323e-04, 4.7204590697567474e-02,
       3.7828190375336142e-02, 4.6768845196128374e-02,
       2.3252942668579193e-03, 2.3491854646752884e-03,
       9.5486300342048972e-04, 4.8771586518055646e-02,
       3.8958827673753325e-02, 4.8761090831456140e-02,
       2.2092848433946212e-03, 2.2085507966561105e-03,
       9.0065803760787464e-04, 4.7532850628297013e-02,
       3.8513954097326303e-02, 4.8305541567516076e-02,
       2.1441248921208697e-03, 2.0649621152646429e-03,
       7.2239830924483554e-04, 4.1859130062888848e-02,
       3.3833213442542996e-02, 4.1056375566362005e-02,
       2.1517513652268522e-03, 2.0531404357389963e-03,
       6.3541731826171754e-04, 3.6949957912584562e-02,
       2.9822200451405250e-02, 3.4569432154060407e-02,
       2.3279562976986903e-03, 2.2374051434012163e-03,
       5.4849314951759248e-04, 3.4381068479375651e-02,
       2.7869131729666548e-02, 3.1503710249069977e-02,
       2.6891047489573877e-03, 2.6130905894920053e-03,
       5.4558124060042159e-04, 3.3657329669987808e-02,
       2.7292404997435214e-02, 3.1194696869620085e-02,
       2.3466991622818449e-03, 2.2795712258225883e-03,
