%YAML:1.0
---
camera_matrix: !!opencv-matrix
   rows: 3
   cols: 3
   dt: d
   data: [ 2.6434658281905322e+03, 0., 1.7025894946572171e+03, 0.,
       2.6554460306508167e+03, 9.9551615027189825e+02, 0., 0., 1. ]
dist_coeff: !!opencv-matrix
   rows: 1
   cols: 5
   dt: d
   data: [ -5.4572207998816791e-02, 7.1386233868623084e-01,
       -1.6724213049742316e-02, -2.4497157664314245e-02,
       -3.9327059693923592e+00 ]
std_intrinsics: !!opencv-matrix
   rows: 18
   cols: 1
   dt: d
   data: [ 7.8580970213572545e+00, 7.5665858964071635e+00,
       1.4161965005133803e+01, 9.7776504190465321e+00,
       2.1577276185404486e-02, 4.4222940825841067e-01,
       1.2336944567216503e-03, 1.7177000021676373e-03,
       2.7079125845035530e+00, 0., 0., 0., 0., 0., 0., 0., 0., 0. ]
std_extrinsics: !!opencv-matrix
   rows: 408
   cols: 1
   dt: d
   data: [ 1.6388181104173599e-03, 1.1965941085740797e-02,
       1.8423746862685733e-02, 1.6966469455837179e+00,
       1.1698335683359233e+00, 1.0365386590297125e+00,
       3.4006616420023130e-03, 5.1028814336015913e-03,
       5.4716614566022144e-03, 1.1207599911939370e+00,
       7.7532167830177368e-01, 6.4818678028586230e-01,
       3.3939798325788475e-03, 5.1089314141988954e-03,
       5.4851402866853563e-03, 1.1217090703445816e+00,
       7.7612243881288079e-01, 6.4954556320940249e-01,
       3.3892746656070207e-03, 5.1226766444852547e-03,
       5.4875686269869016e-03, 1.1211656759492787e+00,
       7.7595435304305516e-01, 6.4599196030198736e-01,
       3.3709254867806478e-03, 5.1325607710837563e-03,
       5.4875518518630135e-03, 1.1206995857678244e+00,
       7.7527158680050545e-01, 6.4095320752381879e-01,
       3.3826623077897662e-03, 5.1509302429641095e-03,
       5.5135819201724192e-03, 1.1215359526082320e+00,
       7.7681812388771698e-01, 6.4241160225768812e-01,
       3.3838826666966527e-03, 5.1558184044387190e-03,
       5.5235458777077064e-03, 1.1205187553349059e+00,
       7.7635557636395991e-01, 6.4198712409458070e-01,
       3.3930215869362994e-03, 5.1905333225679444e-03,
       5.6919488152505993e-03, 1.1192882676648812e+00,
       7.7893814145252604e-01, 6.6034485368408069e-01,
       3.4595389680547764e-03, 5.2153559295888847e-03,
       6.1534260791946752e-03, 1.0477146292951489e+00,
       7.3748573890281965e-01, 6.7153290464430138e-01,
       3.4833626702180116e-03, 5.2660962018082373e-03,
       7.0913878868115437e-03, 9.2545749377390241e-01,
       6.5850958827729755e-01, 6.3602391309814188e-01,
       2.5876267743184991e-03, 6.1190752070098831e-03,
       5.8202394721896906e-03, 9.2460898245730883e-01,
       6.5322956286225975e-01, 6.2307281492182165e-01,
       1.5968074865977809e-03, 1.1086217631815873e-02,
       1.6755676194371981e-02, 1.6341363675339631e+00,
       1.1233787668682393e+00, 9.6647294160635266e-01,
       2.5662248234066963e-03, 6.1064951074204258e-03,
       5.0637119562309471e-03, 9.3906385700197748e-01,
       6.5020593069557431e-01, 5.9276540519658016e-01,
       2.6009506124405573e-03, 6.0364747968597431e-03,
       4.4709079241082557e-03, 9.8963694963975102e-01,
       6.8221847109384459e-01, 6.3563705953226246e-01,
       2.5887563513175959e-03, 6.0215040801950464e-03,
       4.4621201559991077e-03, 9.9439354623998222e-01,
       6.8671972215693677e-01, 6.4093895727707417e-01,
       1.7123860696624880e-03, 7.8147316171506710e-03,
       1.0626675795003364e-02, 1.6373353781853435e+00,
       1.1262276392718173e+00, 9.4136487950129533e-01,
       1.9886284651224537e-03, 5.6231724190627013e-03,
       4.3672243712630839e-03, 6.4899499675354688e-01,
       4.4771297392964138e-01, 3.8782644393685323e-01,
       1.8504071330432677e-03, 6.6863238779684203e-03,
       8.4234266944426435e-03, 1.6744124068297992e+00,
       1.1533822139405447e+00, 9.6912153302626591e-01,
       2.0150261581441528e-03, 6.1827971627478693e-03,
       7.2405565515835137e-03, 1.6578131396544633e+00,
       1.1437761083810727e+00, 9.5948269001367448e-01,
       1.5928223854953783e-03, 6.0834628668839652e-03,
       4.7635093354503671e-03, 8.5648530573953430e-01,
       5.9265854669364071e-01, 5.3972440431080826e-01,
       1.1801142564908721e-03, 8.7812242105879453e-03,
       1.5142662227640200e-02, 9.8539988958962832e-01,
       6.8538580048083286e-01, 6.4247782082153926e-01,
       1.3624079192132094e-03, 7.2052073297731315e-03,
       9.4287011388297023e-03, 1.1426137343344560e+00,
       7.9976951480917535e-01, 6.9744355103070177e-01,
       1.7593612744959740e-03, 6.2615054584053359e-03,
       6.9622202810326397e-03, 1.3482944956720215e+00,
       9.4270019598996191e-01, 7.7406728071822428e-01,
       2.0725176990041617e-03, 5.5932099841246221e-03,
       5.8014287508972844e-03, 1.4511993088907544e+00,
       1.0045047455046996e+00, 7.9986117795497691e-01,
       2.0788882287832446e-03, 5.3791080503212104e-03,
       5.4177331830212692e-03, 1.5652174546734705e+00,
       1.0736218057726559e+00, 8.3634562099116772e-01,
       2.0517895536052533e-03, 5.4224531899623148e-03,
       5.2271289702670335e-03, 1.5503723581790740e+00,
       1.0637248397658134e+00, 8.2612551805938172e-01,
       2.1032822034807281e-03, 5.3343262141719730e-03,
       5.1972709609948362e-03, 1.5334415974833491e+00,
       1.0506627115938296e+00, 8.1170302674124395e-01,
       2.1426595903164345e-03, 5.2822444711064570e-03,
       5.3080718082460874e-03, 1.5481923557412616e+00,
       1.0604701964202687e+00, 8.2490580576902328e-01,
       2.1583399975552094e-03, 5.2929715386119819e-03,
       5.3349305868499565e-03, 1.5401575677761061e+00,
       1.0564306687581282e+00, 8.2459305511818204e-01,
       2.1365713628666624e-03, 5.8463557730081741e-03,
       6.4868121785355793e-03, 1.6311164282603652e+00,
       1.1247142073442611e+00, 9.4680231964947648e-01,
       2.1687909661344570e-03, 5.3040235186231832e-03,
       5.3656635330367611e-03, 1.5422498622093364e+00,
       1.0586767339226273e+00, 8.2822451753888182e-01,
       2.1884887060252432e-03, 5.3187416528897580e-03,
       5.4047543308259685e-03, 1.5391224846872098e+00,
       1.0578268653818677e+00, 8.2830010932339715e-01,
       2.1856480474028383e-03, 5.2889508199147513e-03,
       5.3245492426256024e-03, 1.5455537689467609e+00,
       1.0603709933968957e+00, 8.2114093607277083e-01,
       2.1808600226688778e-03, 5.3100253927761592e-03,
       5.3517904635183890e-03, 1.5472767538696119e+00,
       1.0623887452210377e+00, 8.2665009873592543e-01,
       2.1814642909414564e-03, 5.3010387495594034e-03,
       5.3527823023700608e-03, 1.5446731524576336e+00,
       1.0604138191526862e+00, 8.2616443601182399e-01,
       2.1876371995460261e-03, 5.2894704755086074e-03,
       5.3596238224252381e-03, 1.5420990356755875e+00,
       1.0585368694637005e+00, 8.2553156575337439e-01,
       2.2489006845314860e-03, 5.6789689024046141e-03,
       5.8947864364484320e-03, 1.5913127883384759e+00,
       1.0981260859258921e+00, 9.1269523816790765e-01,
       2.3566190662598447e-03, 5.6071640660690951e-03,
       5.5704478872596209e-03, 1.5775625733619971e+00,
       1.0905927168125873e+00, 9.0230086473772730e-01,
       2.3943472111082071e-03, 5.6446971768725372e-03,
       5.3842487106251684e-03, 1.6294442346761537e+00,
       1.1266460518376822e+00, 9.2159178354713867e-01,
       2.3853976276293682e-03, 5.6098069335753890e-03,
       5.2553774127730999e-03, 1.6087055811497790e+00,
       1.1117004237806303e+00, 8.9980035801148583e-01,
       2.3895261126114205e-03, 5.7496084590996244e-03,
       5.7850656721007039e-03, 1.4332620156525582e+00,
       9.9723919119241933e-01, 8.7243940211844317e-01,
       2.0513820633739090e-03, 6.0946850632471756e-03,
       7.0270303208490184e-03, 1.3907606751197794e+00,
       9.6765889767589064e-01, 8.6670681015997664e-01,
       1.9123373593400981e-03, 7.5222179403376700e-03,
       9.4350202439221556e-03, 1.4030348555668140e+00,
       9.8324844895357699e-01, 9.0643870916854463e-01,
       1.6189980276459445e-03, 8.8398193975964701e-03,
