%YAML:1.0
---
camera_matrix: !!opencv-matrix
   rows: 3
   cols: 3
   dt: d
   data: [ 2.6040364871511242e+03, 0., 1.8597813489843188e+03, 0.,
       2.6005855004305868e+03, 1.0483514692866156e+03, 0., 0., 1. ]
dist_coeff: !!opencv-matrix
   rows: 1
   cols: 5
   dt: d
   data: [ 3.4686897072004140e-02, -3.1760156692670871e-01,
       -1.3600124134670185e-02, -3.0476749584106735e-03,
       5.1175996175377914e-01 ]
std_intrinsics: !!opencv-matrix
   rows: 18
   cols: 1
   dt: d
   data: [ 3.0019045948616130e+00, 3.0292283894231180e+00,
       4.3969866277694054e+00, 4.0408054004220881e+00,
       4.5647979675050862e-03, 4.4242088717767344e-02,
       5.3456985082960928e-04, 5.7525333576681416e-04,
       1.3181161888811302e-01, 0., 0., 0., 0., 0., 0., 0., 0., 0. ]
std_extrinsics: !!opencv-matrix
   rows: 882
   cols: 1
   dt: d
   data: [ 6.4980184452051067e-03, 6.4917406221907470e-03,
       4.0564199492665624e-04, 7.7155050849050152e-02,
       7.1127107666673697e-02, 6.7347549748833141e-02,
       6.7103857577584872e-03, 6.6959852467645131e-03,
       4.0789127609463822e-04, 7.7201784509287691e-02,
       7.1191573475034339e-02, 6.7775964799294292e-02,
       5.5851773670280618e-03, 5.5558286211967291e-03,
       4.4089984545810459e-04, 7.3459528399303156e-02,
       6.7838305190833240e-02, 6.3989026316109268e-02,
       2.5443721608352458e-03, 2.5792535456225221e-03,
       9.4022675565569194e-04, 6.8585296540783325e-02,
       6.6332224759129463e-02, 6.9088286656653661e-02,
       2.2333770347132062e-03, 2.3633202168718368e-03,
       8.8427279292473690e-04, 7.4489462902462181e-02,
       6.9877789853120972e-02, 6.4175617235042975e-02,
       2.0519138463634644e-03, 2.1848273238767586e-03,
       9.1830498490551207e-04, 7.9132566190464992e-02,
       7.3221651185858008e-02, 6.3433452926106401e-02,
       1.9839814472671006e-03, 2.1321584592981545e-03,
       9.4906278995541985e-04, 7.9969029178591500e-02,
       7.3824255246127582e-02, 6.3870573415864940e-02,
       1.9500038013827601e-03, 2.1119708370552917e-03,
       9.5494019998982379e-04, 8.0139626020544724e-02,
       7.3847239223697833e-02, 6.2726889187377774e-02,
       1.9338305625939396e-03, 2.1031452351763145e-03,
       9.6079012661133144e-04, 7.9757139812028810e-02,
       7.3474351620504155e-02, 6.1809972255787694e-02,
       1.9308393842332153e-03, 2.0988318874826505e-03,
       9.6095580709222616e-04, 7.9647195774345023e-02,
       7.3359184298445512e-02, 6.1626085029536960e-02,
       1.9260323480058460e-03, 2.0961081743411610e-03,
       9.6070444619046950e-04, 7.9625033143345958e-02,
       7.3318229748922922e-02, 6.1244109029222595e-02,
       1.9291164281377135e-03, 2.0995709352144734e-03,
       9.6038148602207009e-04, 8.0114688706705031e-02,
       7.3755152622913100e-02, 6.1259538011664977e-02,
       1.9331835072205813e-03, 2.1011252084480706e-03,
       9.6110706672716676e-04, 8.0440157855335578e-02,
       7.4052162961092599e-02, 6.1555609185210039e-02,
       6.0529578438095494e-03, 6.0425976747434705e-03,
       4.1747266188131148e-04, 7.3702508989389806e-02,
       6.8026680573002152e-02, 6.4459902572890471e-02,
       1.9052905906503388e-03, 2.0991752755805003e-03,
       9.3186286208522969e-04, 7.9064735113239581e-02,
       7.2758360659155030e-02, 5.8607491890567173e-02,
       2.0413514660873760e-03, 2.2218694266960422e-03,
       8.1087059544518501e-04, 7.6288212135471767e-02,
       6.9547110059651585e-02, 5.7456271922903063e-02,
       2.0211975989716086e-03, 2.1366094073267702e-03,
       8.8941059642379196e-04, 8.0126186430987872e-02,
       7.3177556650792924e-02, 5.9852488344476540e-02,
       2.0106795266764473e-03, 2.0990525909296569e-03,
       9.1292811184399297e-04, 8.2526192120126504e-02,
       7.4844297397142837e-02, 6.2752532988160567e-02,
       2.0065790372543356e-03, 2.0810883474799897e-03,
       1.0026902039510528e-03, 8.4734545901654260e-02,
       7.7970980785884339e-02, 6.0147339436022657e-02,
       2.0051534707115955e-03, 2.0524675674979016e-03,
       1.0407738057228624e-03, 8.3862225085088143e-02,
       7.7180554968930920e-02, 5.9191739517376281e-02,
       2.0196652981382709e-03, 2.0558807728982375e-03,
       1.0425180091752084e-03, 8.3961932130444492e-02,
       7.7295342920558160e-02, 5.9716605100473198e-02,
       2.0125629509493976e-03, 2.0504043792411784e-03,
       1.0461556841668529e-03, 8.3708082720611282e-02,
       7.7043579401037315e-02, 5.8953271657880398e-02,
       6.0777177920670646e-03, 6.0686434376104083e-03,
       3.9240562871434211e-04, 7.3709842215071208e-02,
       6.7924714102963940e-02, 6.5384556711083217e-02,
       2.0218721919926935e-03, 2.0643530094004697e-03,
       1.0385266237984277e-03, 8.4363697929922835e-02,
       7.7657105893294970e-02, 5.9616348944545872e-02,
       2.0268493765306333e-03, 2.0702667161592433e-03,
       1.0341155854792690e-03, 8.4462925375982212e-02,
       7.7752523038442434e-02, 5.9820839481643608e-02,
       2.0221556326291204e-03, 2.0616316508356137e-03,
       1.0417296093594944e-03, 8.4371682499212730e-02,
       7.7669517153970691e-02, 5.9612470041492248e-02,
       2.0230138376869924e-03, 2.0595915865379948e-03,
       1.0431535356955303e-03, 8.4308916831704078e-02,
       7.7611686957219941e-02, 5.9662474426601310e-02,
       2.0218462931812331e-03, 2.0567187840789753e-03,
       1.0470347688624876e-03, 8.4368538690006212e-02,
       7.7669543004244113e-02, 5.9703667740718669e-02,
       2.0269332443283486e-03, 2.0589036172103717e-03,
       1.0472847986983302e-03, 8.4517742463991644e-02,
       7.7803044234639171e-02, 5.9920720579979256e-02,
       2.0239651481066441e-03, 2.0577101750951770e-03,
       1.0468912818246989e-03, 8.4531126821645181e-02,
       7.7824751898708494e-02, 5.9912561430844349e-02,
       2.0191288075596583e-03, 2.0613771572339169e-03,
       1.0362541876978953e-03, 8.4524110359482915e-02,
       7.7839572041603189e-02, 6.0096036270481212e-02,
       2.3335798903594252e-03, 2.1891945982609336e-03,
       9.8081181065011219e-04, 8.2936676506029317e-02,
       7.5649714957223280e-02, 6.8577559758975948e-02,
       5.6064582804311877e-03, 5.6019658113642254e-03,
       4.0448507607604575e-04, 7.3767397089274003e-02,
       6.7988578703957872e-02, 6.4731836043175589e-02,
       3.3991558437147310e-03, 2.9786079207383591e-03,
       7.4997084364038106e-04, 7.1300096402523869e-02,
       6.4897658663946423e-02, 6.6627600126014500e-02,
       3.1233221308489775e-03, 3.1457020237676751e-03,
       7.1113916924588679e-04, 7.2060680576119168e-02,
       6.6021197676431456e-02, 6.0451938713372372e-02,
       4.8796937450714725e-03, 4.7797910393005700e-03,
       5.6428831090470056e-04, 7.1443895384680392e-02,
       6.5624435034317932e-02, 6.5295890242257487e-02,
       2.5005653298662734e-03, 2.4194528367500242e-03,
       5.7883111710134362e-04, 6.5595732601678752e-02,
       6.0210437755423625e-02, 5.5534810002301191e-02,
       2.1890961259049425e-03, 2.0951009970070103e-03,
       7.0260692330335547e-04, 6.6227130459037858e-02,
       6.0805068422604712e-02, 5.4674046853519016e-02,
       2.2383843601575105e-03, 2.1570430895634955e-03,
       7.1986935609098226e-04, 7.1665741257211243e-02,
       6.5620077487966569e-02, 5.9896567794694197e-02,
       2.1493689204364363e-03, 2.1265598005417380e-03,
       7.1284106442743873e-04, 7.3091789275754271e-02,
       6.7052345595265100e-02, 6.1762265584076742e-02,
       2.1374034497503541e-03, 2.1149216090874876e-03,
       7.2572844569465927e-04, 7.3735802719071916e-02,
       6.7589659465027319e-02, 6.2816283086399013e-02,
       2.1476677121547568e-03, 2.1105517246037837e-03,
       7.3814983203286915e-04, 7.3587440407174534e-02,
       6.7443970203503983e-02, 6.2359860865724780e-02,
       2.1639545435260675e-03, 2.1418465708202264e-03,
       7.2331929433963778e-04, 7.4585136855961381e-02,
       6.8269142787950529e-02, 6.3921228963941007e-02,
       5.9310743459204561e-03, 5.9327165077671445e-03,
