%YAML:1.0
---
summary: "Filter by time and points, rd=20, rs=0, sp=5, sf=1."
init_cam_calib: C99-1010_3p_3
camera_matrix: !!opencv-matrix
   rows: 3
   cols: 3
   dt: d
   data: [ 2.5587281944891588e+03, 0., 1.8795429591270688e+03, 0.,
       2.5560906171070260e+03, 1.0857483162111905e+03, 0., 0., 1. ]
dist_coeff: !!opencv-matrix
   rows: 5
   cols: 1
   dt: d
   data: [ 1.3256262835182048e-02, -3.1820628065947175e-02,
       -1.0263781276720826e-03, -1.1388030544162511e-03,
       2.4936259774439761e-02 ]
std_intrinsics: !!opencv-matrix
   rows: 18
   cols: 1
   dt: d
   data: [ 1.2173937633574945e+00, 1.1521445555983860e+00,
       2.1123926492188345e+00, 1.3273643236808952e+00,
       2.3376014539032803e-03, 8.7934997316984915e-03,
       1.6661447124376942e-04, 2.7905610597371507e-04,
       9.5997522066314095e-03, 0., 0., 0., 0., 0., 0., 0., 0., 0. ]
std_extrinsics: !!opencv-matrix
   rows: 702
   cols: 1
   dt: d
   data: [ 1.6608989265941983e-03, 7.0944409772780571e-04,
       2.1695367342797552e-03, 3.3993121829820048e+00,
       2.1700601637540369e+00, 2.8483609448582436e+00,
       1.9895532431620051e-03, 5.5748539744576557e-04,
       1.9631509025104924e-03, 3.4226565456657498e+00,
       2.1874176688208995e+00, 2.7823588635502414e+00,
       1.5779513902219469e-03, 6.1237959572816192e-04,
       2.0126172357158674e-03, 3.3884245589618311e+00,
       2.1758266476366019e+00, 2.7257507986488614e+00,
       1.9001328970948460e-03, 6.2927015548884166e-04,
       2.0467511270903060e-03, 3.3994288363903609e+00,
       2.1643526983484955e+00, 2.7206647775155686e+00,
       1.7352766833767595e-03, 6.1962366936828197e-04,
       2.0056049090058708e-03, 3.4346589031792862e+00,
       2.1918268008828674e+00, 2.6267187457154271e+00,
       1.7979815065550977e-03, 6.3416347980018014e-04,
       1.8718190629861875e-03, 3.3846878403453529e+00,
       2.1711241354028399e+00, 2.9971921376717137e+00,
       1.5815801270398246e-03, 6.0084880239940155e-04,
       1.8742999032908350e-03, 3.3803209773786214e+00,
       2.1695931013795491e+00, 2.7346114896943443e+00,
       1.5891295782048699e-03, 6.4594476537478370e-04,
       1.8616382844151276e-03, 3.3812376830266908e+00,
       2.1649726768413187e+00, 2.6784303119769244e+00,
       1.9745676299423622e-03, 6.3629738440914825e-04,
       2.0021547776329879e-03, 3.3271682591315042e+00,
       2.1286871045789910e+00, 3.0103276322240791e+00,
       1.3471538226296079e-03, 6.1405523793073280e-04,
       1.8985763239261590e-03, 3.2876676832412368e+00,
       2.1095365268774589e+00, 2.7314779592250558e+00,
       1.3353374944396943e-03, 5.9333750207423439e-04,
       1.8577595039934074e-03, 3.2831475952691100e+00,
       2.1109863889829099e+00, 2.7121579516997509e+00,
       1.3981291696093605e-03, 6.1924268320505903e-04,
       1.7439799995558913e-03, 3.2937947026713852e+00,
       2.1191597539778173e+00, 2.7406452749103809e+00,
       1.8358099589896202e-03, 6.4341557304486042e-04,
       2.0036571137841490e-03, 3.3113483827355275e+00,
       2.1327762202520533e+00, 2.8444457167544184e+00,
       2.0120457104976079e-03, 5.6309634275220077e-04,
       1.9779778309005932e-03, 3.3711031153574367e+00,
       2.1548466780136830e+00, 2.6136697672354274e+00,
       1.8232317335153650e-03, 5.8787192312563183e-04,
       1.8541325075705840e-03, 3.3657468430220399e+00,
       2.1566529463242996e+00, 2.6398212420234675e+00,
       1.8871700626646307e-03, 6.1268168185835321e-04,
       2.0986237997675764e-03, 3.4040901928911356e+00,
       2.1732930765774245e+00, 2.6619609993866460e+00,
       1.9682521379836716e-03, 6.3517233211141425e-04,
       2.2165666766033069e-03, 3.3976138567595067e+00,
       2.2059199298732262e+00, 2.7887708170914363e+00,
       1.8151980780764152e-03, 6.7147277548149900e-04,
       2.1608526402452401e-03, 3.3312263173065069e+00,
       2.1387244072189349e+00, 2.8063092340608788e+00,
       1.7611237093729008e-03, 5.8024539796633324e-04,
       2.0301849205964385e-03, 3.0756194963228833e+00,
       1.9851120366507207e+00, 2.5640723042808924e+00,
       1.7662599579755624e-03, 5.6498104628885653e-04,
       1.7582300068601944e-03, 2.7370961543196977e+00,
       1.7706299356136586e+00, 2.2367697918258713e+00,
       1.1844595708643587e-03, 4.8962591115479662e-04,
       1.6574831401457439e-03, 2.4354702842333324e+00,
       1.5732627088602000e+00, 1.7399719758146406e+00,
       1.0768556404311448e-03, 4.2395579845592166e-04,
       1.5292608918827041e-03, 2.2817211557292163e+00,
       1.4621626896246196e+00, 1.5312054902285803e+00,
       1.4413264130261495e-03, 4.4764901782034893e-04,
       1.7181627688828355e-03, 2.1833965084501621e+00,
       1.4223422322686807e+00, 1.6775687525896077e+00,
       1.3307981038183649e-03, 4.8853760215976838e-04,
       1.6895762081060291e-03, 2.1771390609195795e+00,
       1.4245888650943423e+00, 1.6756762587584977e+00,
       1.2767510461096142e-03, 4.5239869129572825e-04,
       1.7184030655434366e-03, 2.3453647679997793e+00,
       1.5137276628414882e+00, 1.5023429333742442e+00,
       1.1844593899806740e-03, 4.6914149167380921e-04,
       1.7184514500133276e-03, 2.3948692181444149e+00,
       1.5440450766438769e+00, 1.4475787711990944e+00,
       1.2558869662621759e-03, 5.2874354147279491e-04,
       1.7405308495780996e-03, 2.6003363428569792e+00,
       1.6531313261716243e+00, 1.5095212260067794e+00,
       1.2666733387838543e-03, 5.1949252473611370e-04,
       1.7599062141273041e-03, 2.7880197584012629e+00,
       1.7774771129821181e+00, 1.6878282908791780e+00,
       1.4658992857111209e-03, 6.0190350559880305e-04,
       2.0607166950417800e-03, 2.9896377928664917e+00,
       1.9046257977779686e+00, 1.9402555322418991e+00,
       1.6048022134893228e-03, 6.1006541359153398e-04,
       2.0664781591076572e-03, 3.0722798911722413e+00,
       1.9475393606444706e+00, 1.9722849320582130e+00,
       1.7107926176460409e-03, 6.1494807497989949e-04,
       2.0620888647107545e-03, 3.1284137805138692e+00,
       1.9931001959128849e+00, 1.9740099898928609e+00,
       1.6211875849989330e-03, 5.7698060336759086e-04,
       2.0758666113471539e-03, 3.2330374352268296e+00,
       2.0642741187584255e+00, 1.9684416160198885e+00,
       1.6754342663299648e-03, 5.6836222320812005e-04,
       2.1187977155945827e-03, 3.3562811895942244e+00,
       2.1354602644499918e+00, 2.0838181801299243e+00,
       1.8477668189002981e-03, 6.6931528486805999e-04,
       2.5293981896625057e-03, 3.4196358840002414e+00,
       2.1754973312693107e+00, 2.3775186622905027e+00,
       1.7362733804572356e-03, 6.1714852702331364e-04,
       2.1695417928327201e-03, 3.4168633513662372e+00,
       2.1815949794324596e+00, 2.2433315392017472e+00,
       1.7312490496162449e-03, 6.0702945387913570e-04,
       2.3161961819545811e-03, 3.3913574529467891e+00,
       2.1601147528722406e+00, 2.1668515192122881e+00,
       1.2807477146772989e-03, 6.2974296184954172e-04,
       2.3319557024721761e-03, 3.2644002990670180e+00,
       2.0976976118071078e+00, 2.0634955570054263e+00,
       1.6679441669122787e-03, 6.1827040117761758e-04,
       2.1471277673804569e-03, 3.2149560424661661e+00,
       2.0525095737787691e+00, 2.1286042577897986e+00,
       1.4796897731581538e-03, 6.0081525653363698e-04,
       2.0242144545861880e-03, 3.2006191899789007e+00,
       2.0496783505179605e+00, 2.0322212398819111e+00,
       1.9797663208087021e-03, 8.8559716006261324e-04,
       2.2641881372937440e-03, 3.2357349902655668e+00,
       2.0715782789619759e+00, 2.6052854076702010e+00,
       1.2567154044699047e-03, 5.8483304023812283e-04,
       2.1311375666652459e-03, 3.1793788582153253e+00,
       2.0366603766479763e+00, 2.0179738131078464e+00,
       1.1603543225893079e-03, 6.3030727976080446e-04,
       2.2584480971360879e-03, 3.1818509990712109e+00,
       2.0285669648294395e+00, 2.0938360142977785e+00,
       1.1436174898676085e-03, 6.1197303255669923e-04,
       2.0660917637990777e-03, 3.1805081667763400e+00,
