%YAML:1.0
---
summary: "Filter by time and points, rd=20, rs=10, sp=5, sf=4."
init_cam_calib: C99-1010_3p_3
camera_matrix: !!opencv-matrix
   rows: 3
   cols: 3
   dt: d
   data: [ 2.5592144041728352e+03, 0., 1.8784482369955324e+03, 0.,
       2.5589506718005932e+03, 1.0861555572068851e+03, 0., 0., 1. ]
dist_coeff: !!opencv-matrix
   rows: 5
   cols: 1
   dt: d
   data: [ 1.7852941808632446e-02, -4.3166899430563718e-02,
       -2.2949104029530346e-04, -1.1019279600878978e-03,
       3.6457654879762810e-02 ]
std_intrinsics: !!opencv-matrix
   rows: 18
   cols: 1
   dt: d
   data: [ 1.1887013266345154e+00, 1.1239869056365019e+00,
       2.0442092898095625e+00, 1.3152797595032419e+00,
       2.3234086032822912e-03, 8.8594871080821275e-03,
       1.6701996259958445e-04, 2.7304026215156391e-04,
       9.8820166758252399e-03, 0., 0., 0., 0., 0., 0., 0., 0., 0. ]
std_extrinsics: !!opencv-matrix
   rows: 696
   cols: 1
   dt: d
   data: [ 1.9745398214333458e-03, 5.7454440963249055e-04,
       1.9648528208630633e-03, 3.3090695460721542e+00,
       2.1622403897834741e+00, 2.7442467084762430e+00,
       1.8108321505889359e-03, 6.0977346654250892e-04,
       1.9675828115313663e-03, 3.2891364156788132e+00,
       2.1538161670000120e+00, 2.7880651676905650e+00,
       2.0625087459094850e-03, 6.4018499754020649e-04,
       2.0622077830833780e-03, 3.2902499574533675e+00,
       2.1453720954140389e+00, 2.9124001026230415e+00,
       1.8069544336332881e-03, 5.8759358194316442e-04,
       2.0917699691662415e-03, 3.2794791847403628e+00,
       2.1390917935470846e+00, 2.7013662775640421e+00,
       1.5157499816371961e-03, 7.2122481489565531e-04,
       1.9436092858684036e-03, 3.2910236504887869e+00,
       2.1464463733988155e+00, 2.6867600318100848e+00,
       1.5369111082715829e-03, 5.8910916586561246e-04,
       1.8498101563139511e-03, 3.2704182231580101e+00,
       2.1402319857363477e+00, 2.7373557241012394e+00,
       1.7486629860206685e-03, 6.2469806158766143e-04,
       1.9380030990270108e-03, 3.2955197214572274e+00,
       2.1545807759787992e+00, 2.9579103945478225e+00,
       1.7964550748968339e-03, 6.3342726654190800e-04,
       2.0612567098182428e-03, 3.2433442477323058e+00,
       2.1252294991501106e+00, 2.8132128574393711e+00,
       1.3963308965431519e-03, 5.7676929493933411e-04,
       1.7331365179353013e-03, 3.1700168282665300e+00,
       2.0774323118581091e+00, 2.5634895085004996e+00,
       1.3164774565177784e-03, 6.2633954289277680e-04,
       1.7490044495721850e-03, 3.1953455788192322e+00,
       2.0931945129233438e+00, 2.7202294366434572e+00,
       1.2017923024057421e-03, 5.8813369199524010e-04,
       1.6168945032684786e-03, 3.1827754263116494e+00,
       2.0973427510920253e+00, 2.5643309648113348e+00,
       1.5074309128165705e-03, 6.0669544711702600e-04,
       1.6834640436977630e-03, 3.1851574891759880e+00,
       2.0933793913597518e+00, 2.7937837066971354e+00,
       1.7063383984536272e-03, 6.0209555977116375e-04,
       1.9323517302078104e-03, 3.2560258583338304e+00,
       2.1416469308977608e+00, 2.7649119772951560e+00,
       1.9765804736130502e-03, 5.3577166113763150e-04,
       1.8616563225175885e-03, 3.2529328599462453e+00,
       2.1284039903020817e+00, 2.6299651786791283e+00,
       1.9373162177055551e-03, 6.2315362651674516e-04,
       1.9942354176965683e-03, 3.2891078050015512e+00,
       2.1446663999467912e+00, 2.6427329038563498e+00,
       1.8716184531589511e-03, 6.3327009012765839e-04,
       2.2655040924093070e-03, 3.2714794393854785e+00,
       2.1483970383975164e+00, 2.7759005184159644e+00,
       1.6217612415859470e-03, 6.5142040696623761e-04,
       1.9884298084793584e-03, 3.2883600202272172e+00,
       2.1624254214994463e+00, 2.6832398866344946e+00,
       1.8110766016925951e-03, 5.7368762292864673e-04,
       1.8724407422585191e-03, 3.1205355881081118e+00,
       2.0527379425304111e+00, 2.6414941359195589e+00,
       2.3754515919098642e-03, 6.2269872376596045e-04,
       2.0907115776059525e-03, 2.8324909203623752e+00,
       1.8568624909138065e+00, 2.5741747464111744e+00,
       1.3415655077923415e-03, 5.1255136904735591e-04,
       1.5754282872745479e-03, 2.4926669475094658e+00,
       1.6436297585566200e+00, 1.8549398580336154e+00,
       1.1641314444662848e-03, 4.6015089923185764e-04,
       1.5147374766488616e-03, 2.2588775080362713e+00,
       1.4773941322886386e+00, 1.5677452672854286e+00,
       1.0317568551160105e-03, 4.1503467395162871e-04,
       1.5974143749992770e-03, 2.1853001744734115e+00,
       1.4298190694876300e+00, 1.4194318236200090e+00,
       1.6932179659267621e-03, 4.5845225896396473e-04,
       1.5928670359336905e-03, 2.0789056182376973e+00,
       1.4090397868085445e+00, 1.7585210274080691e+00,
       1.6218029460188974e-03, 5.1063801326315175e-04,
       1.9057722842905187e-03, 2.2035001859209444e+00,
       1.4677528295839655e+00, 1.6936187060330183e+00,
       1.1860694916048270e-03, 4.9686982316682977e-04,
       1.6366258217028575e-03, 2.2825092145781793e+00,
       1.5009205674645067e+00, 1.4933227955057318e+00,
       1.2831985107631852e-03, 5.0567371633189050e-04,
       1.8639390204349315e-03, 2.4334293128961080e+00,
       1.5935542575567034e+00, 1.4794719641881917e+00,
       1.2095366554630673e-03, 5.0587140682617038e-04,
       1.7266958079791355e-03, 2.6016993562539907e+00,
       1.6987374037864020e+00, 1.6007617410762749e+00,
       1.3809345626897456e-03, 5.7138342077717782e-04,
       1.7588367000080237e-03, 2.7820362675954837e+00,
       1.8096700439741336e+00, 1.7041118094534240e+00,
       1.7306148115180347e-03, 7.4608951292866549e-04,
       2.0347177500117898e-03, 2.9524905605482363e+00,
       1.9217154177393427e+00, 2.1307225784968140e+00,
       1.4825072184789349e-03, 5.6645337873697274e-04,
       1.8952099579239128e-03, 2.9916378553520238e+00,
       1.9422596230567595e+00, 1.8315774184937201e+00,
       1.7525001343330232e-03, 6.2056093296764090e-04,
       2.1663333481992749e-03, 3.0908252888714745e+00,
       2.0157828142717285e+00, 2.0179925015459523e+00,
       1.7063508736174864e-03, 6.0874396749777799e-04,
       2.0590437331905413e-03, 3.1934456491832290e+00,
       2.0850419961334565e+00, 2.1504650152281792e+00,
       1.7910477641341692e-03, 5.8907750739477759e-04,
       2.0759242756713835e-03, 3.2904525807917273e+00,
       2.1474501726795592e+00, 2.1478761465063996e+00,
       1.7132787281059281e-03, 5.7084877187029781e-04,
       2.4729178681738083e-03, 3.3156191385158089e+00,
       2.1571638021955106e+00, 2.1313827052463723e+00,
       1.8658084915554741e-03, 6.2922780211757884e-04,
       2.2179159063608653e-03, 3.3062832942490998e+00,
       2.1558592337303581e+00, 2.2558735659394937e+00,
       1.6920122792428306e-03, 6.2799290747704020e-04,
       2.0641547042347230e-03, 3.2272979542342011e+00,
       2.0997439490710348e+00, 2.2435170779598739e+00,
       1.6208557619522370e-03, 6.3420907873514292e-04,
       2.0850429370918942e-03, 3.1360322801449860e+00,
       2.0338826221930155e+00, 2.1510277777602558e+00,
       1.5766799702306891e-03, 5.7170657831719508e-04,
       2.0856888144924028e-03, 3.1172274504210908e+00,
       2.0332995308735624e+00, 1.9837546105711186e+00,
       1.6664159468584945e-03, 6.5930879187663485e-04,
       2.1294597974295740e-03, 3.1002139689779025e+00,
       2.0265793770274239e+00, 2.0873937736928712e+00,
       1.7638224321993039e-03, 7.5587556082703893e-04,
       2.3411432235429215e-03, 3.1124752339309940e+00,
       2.0356069853721905e+00, 2.1842985687479035e+00,
       1.2935657348692100e-03, 5.6550797228118593e-04,
       2.1780567318750192e-03, 3.0817591163307014e+00,
       2.0155769319477121e+00, 1.9378299365218996e+00,
       1.1579506753338288e-03, 6.0021197814465730e-04,
       2.1171891477833513e-03, 3.0779267265492991e+00,
       2.0086379603161095e+00, 2.0398227038100520e+00,
       1.1730697498405162e-03, 6.5544469101133944e-04,
       2.2971455334121092e-03, 3.0947508012157408e+00,
