%YAML:1.0
---
summary: "Filter by time and points, rd=20, rs=10, sp=5, sf=2."
init_cam_calib: C99-1010_3p_3
camera_matrix: !!opencv-matrix
   rows: 3
   cols: 3
   dt: d
   data: [ 2.5636300280666414e+03, 0., 1.8771156570528638e+03, 0.,
       2.5618147250938500e+03, 1.0815970071920390e+03, 0., 0., 1. ]
dist_coeff: !!opencv-matrix
   rows: 5
   cols: 1
   dt: d
   data: [ 1.6408309453190571e-02, -3.2333710111721946e-02,
       -9.7211072506972896e-04, -1.4272182248820692e-03,
       1.8240168234034161e-02 ]
std_intrinsics: !!opencv-matrix
   rows: 18
   cols: 1
   dt: d
   data: [ 1.0736470956136464e+00, 1.0146697532154265e+00,
       1.8750452045497983e+00, 1.2019609801883449e+00,
       2.0894662797578587e-03, 7.9376229276581153e-03,
       1.5002368075382169e-04, 2.4796889081180550e-04,
       8.7303020286721052e-03, 0., 0., 0., 0., 0., 0., 0., 0., 0. ]
std_extrinsics: !!opencv-matrix
   rows: 696
   cols: 1
   dt: d
   data: [ 1.7519037433204134e-03, 5.6494734949842857e-04,
       1.8347184203803336e-03, 3.0201552978449042e+00,
       1.9672825070232669e+00, 2.5449229307257188e+00,
       1.5811130990792176e-03, 5.9246945032475533e-04,
       1.8560396728399687e-03, 3.0124977810313092e+00,
       1.9582681669658282e+00, 2.3953212939054542e+00,
       1.6278586331123796e-03, 5.4736898706629806e-04,
       1.7405521539374668e-03, 3.0168890689669574e+00,
       1.9640864701656719e+00, 2.4187329735546061e+00,
       1.6107384485740015e-03, 5.3946453934470813e-04,
       1.7240241574904918e-03, 3.0047413277234929e+00,
       1.9528078490434144e+00, 2.3227167517459915e+00,
       1.6476296624351474e-03, 5.8956739304720973e-04,
       1.9104281855928868e-03, 3.0175608082773770e+00,
       1.9607511289983981e+00, 2.7481386411302271e+00,
       1.5666441428461722e-03, 5.5924106337215576e-04,
       1.6607666823760742e-03, 2.9905926279032387e+00,
       1.9483860429554152e+00, 2.5232541041256389e+00,
       1.4760766056383144e-03, 5.6894410773809930e-04,
       1.7239293145890500e-03, 3.0113168050924863e+00,
       1.9658647529298341e+00, 2.4722343244868270e+00,
       1.6075699602123622e-03, 5.7464829524783896e-04,
       1.7490372585749173e-03, 2.9695819026952170e+00,
       1.9393628406511019e+00, 2.5736245177578359e+00,
       1.4954048326339096e-03, 6.0773660615116225e-04,
       1.7095514114397940e-03, 2.8956926757261687e+00,
       1.8979947124084995e+00, 2.5930893534155954e+00,
       1.1959048325508946e-03, 5.2349628232012293e-04,
       1.5868294032998580e-03, 2.9245204761394259e+00,
       1.9161201149557410e+00, 2.3904476691585468e+00,
       1.1718350149231543e-03, 5.3985319861306791e-04,
       1.5788646590102220e-03, 2.9208767704445626e+00,
       1.9068813494492576e+00, 2.2957012884366796e+00,
       1.1556568963402832e-03, 5.6409956723269374e-04,
       1.6644576937621240e-03, 2.9189274781762200e+00,
       1.9134490951458827e+00, 2.3928356137292179e+00,
       1.3211887933355759e-03, 5.8827893863261393e-04,
       1.7767301768873694e-03, 2.9909497886746057e+00,
       1.9601194258652501e+00, 2.4422239165344668e+00,
       1.4872275746817740e-03, 5.3607950152570710e-04,
       1.6473360702651612e-03, 2.9673144886943841e+00,
       1.9349031501867253e+00, 2.2687878349604671e+00,
       1.7557885394195046e-03, 5.5268388981842933e-04,
       1.9367059081789463e-03, 3.0195405403453597e+00,
       1.9698314710630656e+00, 2.3250111333894421e+00,
       1.4115633761222219e-03, 5.8293239165576856e-04,
       1.9479550370701828e-03, 2.9940313987045202e+00,
       1.9694714516488745e+00, 2.4595659988840999e+00,
       1.5987581938199020e-03, 5.9431121622340705e-04,
       1.8094535712233231e-03, 3.0001077245439056e+00,
       1.9696711510383216e+00, 2.5625500599537454e+00,
       1.4416659080518810e-03, 5.5323767340091461e-04,
       1.7246521606179969e-03, 2.8564821543862551e+00,
       1.8653982992551681e+00, 2.3110870780372217e+00,
       1.2973966588778086e-03, 5.5137340177655297e-04,
       1.5743420502841363e-03, 2.5767024367694575e+00,
       1.6940013447796625e+00, 2.0544500973716238e+00,
       1.2266220320786914e-03, 5.1160864210746831e-04,
       1.6788867202436237e-03, 2.2863859577469716e+00,
       1.4997669484528346e+00, 1.7302485111640884e+00,
       1.0767938496794951e-03, 4.0007051706877293e-04,
       1.4049123725408000e-03, 2.0770122847345815e+00,
       1.3569614589000949e+00, 1.4545281665283460e+00,
       1.0876347244298690e-03, 3.8548328646170472e-04,
       1.4083861455201781e-03, 1.9880892019987451e+00,
       1.2973320296765416e+00, 1.3514381693325876e+00,
       1.4570033380487256e-03, 4.4985744248879318e-04,
       1.5761521229858025e-03, 1.9047653506439659e+00,
       1.2747718467270783e+00, 1.5874285517494238e+00,
       1.1744247737773346e-03, 4.0114694929928855e-04,
       1.6102941296462262e-03, 2.0356928025510932e+00,
       1.3492512340888863e+00, 1.3967124286300427e+00,
       1.2025878363768905e-03, 4.5452062242785896e-04,
       1.5853577514807512e-03, 2.1016070645279012e+00,
       1.3825506505252774e+00, 1.3848517460981653e+00,
       1.0382797181158752e-03, 4.3677578326401141e-04,
       1.5204580299026725e-03, 2.2372564275196574e+00,
       1.4613595786904336e+00, 1.3420210369393744e+00,
       1.1905750764082735e-03, 5.0018628773179023e-04,
       1.6670872227399168e-03, 2.3771419937803850e+00,
       1.5443476147000224e+00, 1.5075593979773936e+00,
       1.3191185113574412e-03, 5.2808735063178294e-04,
       1.7069430127488396e-03, 2.5516259280370690e+00,
       1.6560078847219426e+00, 1.6534464011096024e+00,
       1.3931502948585656e-03, 5.6447447932587481e-04,
       1.7423290316256690e-03, 2.6881372528357521e+00,
       1.7432583169435911e+00, 1.8215176643264053e+00,
       1.4747026528511644e-03, 5.4485075410218417e-04,
       1.7713908700002676e-03, 2.7471823603926668e+00,
       1.7845681938549580e+00, 1.7608182289231356e+00,
       1.4723209612988808e-03, 5.4095897830287927e-04,
       1.9056973252872499e-03, 2.8231545136061200e+00,
       1.8267656830601000e+00, 1.7832978084179494e+00,
       1.5208999464395114e-03, 5.3822890722778776e-04,
       1.9444345243536810e-03, 2.9238243299236943e+00,
       1.8999008707058760e+00, 1.8735108788597874e+00,
       1.7123395440829666e-03, 5.4046856490656218e-04,
       1.9674209104531132e-03, 3.0257263609042795e+00,
       1.9626505498511666e+00, 1.9578116336332585e+00,
       1.6883116122254533e-03, 5.4344087200094862e-04,
       1.8701105587811903e-03, 3.0409390468045303e+00,
       1.9769845384562112e+00, 1.9790207993041331e+00,
       1.6062020806199900e-03, 5.3065641064177764e-04,
       2.2240474249766383e-03, 3.0294699262455995e+00,
       1.9617990167786681e+00, 1.9646883703745881e+00,
       1.4315613593467169e-03, 5.1045284381682837e-04,
       1.8534340817258777e-03, 2.9503119054478337e+00,
       1.9163312360982219e+00, 1.7973955052418513e+00,
       1.4751843198845139e-03, 5.4054017672423426e-04,
       1.8558429858939692e-03, 2.8702645579602240e+00,
       1.8669529576598407e+00, 1.7815592874593313e+00,
       1.5740598895022456e-03, 5.8897098391664095e-04,
       1.9695399403991368e-03, 2.8485894241264047e+00,
       1.8501243628288493e+00, 2.0479490676846028e+00,
       1.4273958826363619e-03, 5.5554391454760727e-04,
       1.8325522940795002e-03, 2.8550590854105149e+00,
       1.8585142147136091e+00, 1.7923837115576573e+00,
       1.4075734307883194e-03, 6.1422605858995694e-04,
       1.9969660557974164e-03, 2.8578887570868234e+00,
       1.8616686604609292e+00, 2.0432617949634397e+00,
       1.0416747185660856e-03, 5.1115954990324465e-04,
       1.8496116515887787e-03, 2.8123936843604525e+00,
       1.8349737243994730e+00, 1.7618863276809076e+00,
       1.1049720875513480e-03, 5.5023816912191568e-04,
       1.8498575235445331e-03, 2.8023210338282460e+00,
       1.8295141810204372e+00, 1.7523796641740841e+00,
       1.0546952807491186e-03, 5.1530722351484086e-04,
       1.9149522028504538e-03, 2.8329138870897363e+00,
