%YAML:1.0
---
summary: "Filter by time and points, rd=20, rs=0, sp=5, sf=1."
init_cam_calib: C99-1010_3p_3
camera_matrix: !!opencv-matrix
   rows: 3
   cols: 3
   dt: d
   data: [ 2.5587281944891588e+03, 0., 1.8795429591270688e+03, 0.,
       2.5560906171070260e+03, 1.0857483162111905e+03, 0., 0., 1. ]
dist_coeff: !!opencv-matrix
   rows: 5
   cols: 1
   dt: d
   data: [ 1.3256262835182048e-02, -3.1820628065947175e-02,
       -1.0263781276720826e-03, -1.1388030544162511e-03,
       2.4936259774439761e-02 ]
rvec: !!opencv-matrix
   rows: 117
   cols: 3
   dt: d
   data: [ -3.1104482768158261e+00, -1.3439180458348131e-02,
       -3.6872099602449512e-02, -3.1072345855080186e+00,
       -5.3883892042055513e-03, 3.4108667041092770e-02,
       -3.0787577502322536e+00, -1.3110840678402949e-02,
       1.5791372275399021e-02, -3.0772402760344955e+00,
       -1.3730994370468803e-03, 1.6221652452857477e-02,
       -3.0846874969832734e+00, 1.1170903997385228e-02,
       -9.5624267406535457e-02, -3.0860694563049602e+00,
       -7.8091462760888370e-03, -7.2345508772796385e-02,
       -3.0464726215370685e+00, -4.8774513426066958e-02,
       -1.0299394610085005e-01, -3.0820485239175746e+00,
       -2.1290574860114750e-02, -1.6204769805333255e-01,
       3.1274032800727176e+00, 4.3473541782424758e-03,
       9.7280080130699637e-02, 3.0350437258677316e+00,
       -1.8535958730514838e-02, 7.5331728766968115e-02,
       3.0508445582478396e+00, -4.1474789145427588e-03,
       8.5606880170965224e-02, 3.0252969809903751e+00,
       -1.3095665605252924e-02, 9.3213025947840616e-02,
       3.0512216371421079e+00, 1.2248196066396756e-02,
       1.0757839285684859e-01, -2.9830559524493143e+00,
       -2.5741460969912474e-02, -2.7615563396698111e-02,
       -2.9494901437113530e+00, -3.4241008479806337e-02,
       -7.1201817496788181e-02, -3.0235687390053161e+00,
       -1.3302577490423824e-02, -2.7846462159989028e-02,
       3.1020935289001890e+00, 3.7212431817708204e-02,
       2.3261664297542086e-02, 3.1281395886156131e+00,
       3.7805213764257932e-02, 9.4802213644883254e-02,
       3.1349159017937911e+00, 1.3367924004559167e-02,
       9.5943275632869932e-02, 3.0778589623757897e+00,
       4.5034922913775206e-02, 1.3624333671966896e-01,
       3.1285203190325048e+00, -8.6509052379364779e-02,
       1.0320341110766978e-01, -3.0695818231414371e+00,
       -3.7339066106800441e-02, 1.6132245174866389e-02,
       3.1082264577687178e+00, 6.8211961472429722e-02,
       -1.0929368266120267e-01, 3.0580167968728529e+00,
       -4.4184481147072221e-04, -1.6944947940465591e-01,
       -3.0903121907129005e+00, -3.7531646401043242e-02,
       4.2792663672994180e-01, -3.0743272307570493e+00,
       -4.4812555216637510e-02, 6.0183690643744980e-01,
       -2.9999296540165079e+00, -6.7193641465812151e-02,
       8.4827796184373405e-01, -2.9335083159276012e+00,
       -7.6248457649264065e-02, 8.8739837178280456e-01,
       -2.9108369593550587e+00, -9.8968331437254115e-02,
       1.0563899865950015e+00, -2.9633201613081011e+00,
       -5.5960067832202871e-02, 1.0270074208419229e+00,
       -2.9777695773279889e+00, -7.9482917450625107e-02,
       8.6589004418920357e-01, -2.9648096253069438e+00,
       -8.8013763600155240e-02, 8.4627268998127547e-01,
       -2.9691614702387654e+00, -4.4872962011918802e-02,
       7.4794711962053295e-01, -2.9693032434042368e+00,
       -6.4225628340260119e-02, 7.4039743601994523e-01,
       -2.9842642944139812e+00, -6.0563677688148763e-02,
       7.3862089449767143e-01, -2.9805411127115482e+00,
       -2.2922199629880433e-02, 7.4891403408256418e-01,
       2.9498590033190633e+00, 7.1540094542063809e-02,
       -8.4740574236012411e-01, -2.9741332016662421e+00,
       -1.3398076828315475e-01, 7.1837883232053079e-01,
       -2.9951852973478608e+00, -1.1773290358959745e-01,
       7.8116192666342532e-01, 2.8797947623725939e+00,
       2.2366621475327715e-03, -8.1161076407992283e-01,
       2.8889913882840950e+00, 2.3563694160021451e-02,
       -8.0395403972236712e-01, 2.9500279108440139e+00,
       1.2538720480730946e-02, -8.0825235376914939e-01,
       2.9594775461383742e+00, -2.3438255171567913e-03,
       -7.9511624956483407e-01, 2.9540366062052548e+00,
       4.1604060207194325e-04, -7.9752517109623511e-01,
       2.9510099527483384e+00, 6.7787596090690709e-03,
       -8.0112911686012589e-01, 2.9584085970475718e+00,
       2.1811452273480789e-02, -8.8407419307462365e-01,
       2.9809481042524895e+00, -2.2029500556433303e-02,
       -7.8103454355998392e-01, 2.9657723982075863e+00,
       9.0882644502783827e-02, -8.6723697895821616e-01,
       2.9901414886545532e+00, -2.0079214055088057e-02,
       -7.3976172734844015e-01, 2.8976518508475588e+00,
       7.2653213755085960e-02, -8.5809899672030410e-01,
       2.9807317062018730e+00, 4.3119919887381827e-02,
       -8.6116502699499464e-01, 2.9417475651579372e+00,
       -1.5688038603628832e-02, -1.0835275442656720e+00,
       -2.8452074877434894e+00, -1.8288601428318545e-02,
       1.3091502730629008e+00, -2.8061448867065635e+00,
       2.0796166740806202e-02, 1.3579488847253705e+00,
       -2.8256721699964706e+00, 6.4132175912537143e-02,
       1.3546965374049393e+00, 2.6926153586170809e+00,
       2.8002662238610289e-02, -1.5334270053469070e+00,
       2.6661775930494103e+00, 1.0115991781396154e-02,
       -1.5616929969766824e+00, 2.6138917351101671e+00,
       -7.2647283337346517e-03, -1.6821523815647743e+00,
       2.6341225291359978e+00, -1.5307378415264928e-02,
       -1.6697200543761619e+00, -2.6364810778457715e+00,
       2.8326989904351139e-02, 1.6510713094080005e+00,
       -2.5666506063415255e+00, -1.1854416915236003e-01,
       1.5884881920592784e+00, -2.6076502285038718e+00,
       -1.0362714107129520e-01, 1.6627222665227501e+00,
       2.6383787342266545e+00, 1.4838029388626084e-02,
       -1.6309986644011625e+00, 2.5848102516556080e+00,
       -7.2475517513188398e-02, -1.5865306359136597e+00,
       -2.6493658929201120e+00, -2.7293004534826932e-02,
       1.6202514006210622e+00, -2.6385804600185674e+00,
       2.3059855165727443e-02, 1.6278168616340214e+00,
       -2.6415923310135079e+00, 3.7259344630207143e-02,
       1.5953888674728141e+00, 2.6400218019317045e+00,
       1.1941711918914494e-02, -1.6397151676299280e+00,
       2.7814864879372432e+00, -4.1056505528956011e-02,
       -1.3941535651828205e+00, 2.8851831271366923e+00,
       2.9456225226843543e-02, -1.1917439851022884e+00,
       2.9814536784896370e+00, -8.8237204317949139e-02,
       -7.9424329907593416e-01, 2.9871262583768527e+00,
       -2.9365040795758642e-02, -5.7958378229226282e-01,
       3.0335457281670517e+00, -3.5714230988957728e-02,
       -2.2632917431383617e-01, 2.9883270885245250e+00,
       6.2065056870759389e-02, -2.6523055154362851e-01,
       3.1188813996626963e+00, 7.8483915907094064e-03,
       -1.9963832229134040e-01, 2.9970142776636473e+00,
       5.5407017171634917e-02, -7.1905963719546973e-01,
       2.8753301793158674e+00, -4.2906603677828350e-02,
       -1.1390954286955997e+00, 3.0071400213390520e+00,
       -6.7986881298810364e-02, -5.8870025679387894e-01,
       -3.1023439551618455e+00, 1.3922736693667391e-02,
       -5.8837933389453326e-02, -3.0283357409164031e+00,
       -2.5550991929957322e-02, -1.6131456658556201e-01,
       -3.0249151922979070e+00, 5.0970676273736699e-02,
       -4.0608461417183317e-01, -3.0061598270255225e+00,
       3.2624776787695001e-02, -5.4211311608152080e-01,
       -3.0290244889198359e+00, 4.9815656007515301e-02,
       -4.9776444907968193e-01, -3.0609895221725951e+00,
       3.6749851226839970e-02, -5.0328221552815126e-02,
       -3.0699471460971042e+00, 1.4846601596417857e-03,
       -1.5410160572274084e-01, -3.0614289603830911e+00,
       7.2915872452626916e-03, -1.5928197889814061e-01,
       -3.0386971537151184e+00, 3.5469695787508651e-02,
       -1.5762827613391531e-01, -3.0104657213681265e+00,
       3.3036195712938095e-02, -1.5378226453398425e-01,
