%YAML:1.0
---
summary: "Filter by time and points, rd=20, rs=10, sp=5, sf=1."
init_cam_calib: C99-1010_3p_3
camera_matrix: !!opencv-matrix
   rows: 3
   cols: 3
   dt: d
   data: [ 2.5599815633378594e+03, 0., 1.8773979766000980e+03, 0.,
       2.5601858033760514e+03, 1.0845396516963633e+03, 0., 0., 1. ]
dist_coeff: !!opencv-matrix
   rows: 5
   cols: 1
   dt: d
   data: [ 1.6206278845510371e-02, -3.1786946597262736e-02,
       -4.7405342323730262e-04, -1.1385533455554537e-03,
       1.9424110843565084e-02 ]
rvec: !!opencv-matrix
   rows: 116
   cols: 3
   dt: d
   data: [ -3.1018676226985349e+00, -8.7817961993476041e-03,
       -1.3629668459987838e-03, -3.0809078229401545e+00,
       -1.7209686378726979e-02, 2.1321601785060863e-02,
       -3.0830248138143621e+00, -7.6839866217269480e-03,
       1.4568127200024218e-02, -3.0732838924854149e+00,
       -6.9592244230796260e-03, 2.7613209198645450e-02,
       -3.0985904552917440e+00, 6.4262084538997677e-02,
       -1.2846319923863728e-01, -3.0684614975106577e+00,
       -2.8739059885952378e-02, -5.6341406569894226e-02,
       -3.0535423239982209e+00, -4.8966400059431210e-02,
       -1.8253102006842400e-01, -3.1030802791627523e+00,
       -4.9622707634422523e-02, -1.1554177313160238e-01,
       3.0567870591228452e+00, 2.9622974055764982e-03,
       1.2945201920939386e-01, 3.0243131745646497e+00,
       -2.9229021457170590e-02, 7.0342203905811557e-02,
       3.0312789015166692e+00, -8.2965362859732470e-03,
       9.1593564688419754e-02, 3.0345949105123173e+00,
       -8.8424012217416560e-03, 7.9437911143441758e-02,
       -3.1196590809835314e+00, -6.1497176591449106e-02,
       -4.0261101669125908e-02, -2.9334520879708079e+00,
       -2.3628289175954127e-02, -3.5865707409464695e-02,
       -3.0172498018561367e+00, -3.3192622313127140e-02,
       -3.2279184932962134e-02, -3.0853090603647955e+00,
       -5.7688753689606014e-03, 6.7605947379412057e-02,
       3.1125199664453307e+00, 1.7736048204985186e-02,
       1.1595488740619246e-01, -3.1356902870132330e+00,
       -3.0148151338189787e-02, -2.0516585685169189e-02,
       3.1163671132701931e+00, -2.3651870892936063e-03,
       1.7497802909126497e-01, 3.1101382449952175e+00,
       2.1989568726738302e-02, 1.5333450458498718e-01,
       -3.0580313941466426e+00, 1.1723133680145048e-01,
       -3.6043212402876654e-02, -3.0788510959383220e+00,
       -1.2227116958988503e-03, 1.1969640766482596e-01,
       3.0448811716152546e+00, 3.2903429460960192e-02,
       -6.9032010945224195e-02, 3.1235285841763223e+00,
       5.8801790102956386e-02, -2.8676017288447692e-01,
       -3.0712497058761064e+00, -5.4202689812776414e-02,
       5.3723328859455066e-01, -3.0266999304967945e+00,
       -9.6556229753019931e-02, 7.5635938255646251e-01,
       -2.9929491530802070e+00, -4.3872811708863736e-02,
       8.8688927973816445e-01, -2.9242142535073019e+00,
       -8.5399765123724242e-02, 9.7668190820620693e-01,
       -2.9039735537226328e+00, -7.8808497877250361e-02,
       1.1099905783042918e+00, -2.9605990231355874e+00,
       -8.1242875251798258e-03, 8.9178611455075651e-01,
       -2.9449996049283098e+00, -9.2185968823905964e-02,
       8.6149060244853881e-01, -2.9741640497820274e+00,
       -7.1027540693045774e-02, 8.0004954274988271e-01,
       -2.9705323361514302e+00, -5.7793413914310601e-02,
       7.3350374497579862e-01, -2.9782551929088976e+00,
       -6.0815650602319325e-02, 7.3895183604441794e-01,
       -2.9869982624181177e+00, -5.5427033367707212e-02,
       7.4403570353516701e-01, -2.9759998780566113e+00,
       -3.1006166161388699e-02, 8.5167713350783225e-01,
       -2.9388846413726886e+00, -1.6051665439993373e-01,
       7.9713774905903712e-01, -2.9661557222560213e+00,
       -1.3899808779920772e-01, 7.5277720757203903e-01,
       -2.9869031321417632e+00, -9.3986679318906835e-02,
       8.6013710337689486e-01, 2.8494985676414171e+00,
       -2.4770341259737778e-02, -8.1896333626333706e-01,
       2.9311494110928034e+00, 1.5291443890327272e-02,
       -7.7251657174902977e-01, 2.9433512493413025e+00,
       6.0413311761709583e-04, -8.3095614611150537e-01,
       2.9701336355248413e+00, 2.6832764339736236e-03,
       -7.9086126974218363e-01, 2.9593859945045020e+00,
       -4.4963491835812858e-03, -7.9085289599510478e-01,
       2.9711198402736629e+00, -5.0035604986350506e-03,
       -8.4890774860167229e-01, 2.9744829116319211e+00,
       -2.0817091620802725e-02, -7.9760686565264516e-01,
       2.9559765075276756e+00, 4.0874327342274849e-02,
       -8.6174948130560713e-01, 2.9729839121568369e+00,
       5.1351681033684551e-02, -7.8346758326553556e-01,
       2.9217186607203369e+00, 1.0554976622901113e-02,
       -7.8633865299727124e-01, 2.8993876211295171e+00,
       1.6261380584219342e-02, -8.6252345704596523e-01,
       2.9742660274569821e+00, 8.2243844746586730e-03,
       -9.6235386575039628e-01, 2.8905669554148927e+00,
       3.6398390941285122e-02, -1.2026232466704301e+00,
       -2.8219521094488020e+00, 1.3335643867336862e-02,
       1.3306218857142529e+00, -2.8101136784653424e+00,
       4.8605851819900722e-02, 1.3448243578695798e+00,
       -2.7502931142931430e+00, -3.5513270408977109e-02,
       1.5159114725593739e+00, 2.6983774080058720e+00,
       -1.1669570989051541e-02, -1.5525108573373811e+00,
       2.6179678218502382e+00, 5.4281139985745255e-02,
       -1.6651906670152368e+00, 2.6304350243031727e+00,
       -3.0080367504269519e-02, -1.6714015775854305e+00,
       2.6206404505710927e+00, -1.4820958262305780e-02,
       -1.6855185258045771e+00, -2.6511055134356938e+00,
       -5.4805697666038933e-02, 1.6117644202789168e+00,
       -2.6095200281815121e+00, -1.0005523042628429e-01,
       1.6103042915191461e+00, -2.6420124739867519e+00,
       -7.8525727171188761e-02, 1.6792274779080085e+00,
       2.5713115658137902e+00, -3.6609818415788205e-02,
       -1.5524767775934336e+00, 2.6766293412046340e+00,
       -1.6664030017037409e-02, -1.6329467918265743e+00,
       2.6551489243245636e+00, -1.8326257273469492e-02,
       -1.6699868472789781e+00, -2.6630460627404822e+00,
       1.8821997534082875e-02, 1.5373706165102936e+00,
       2.6350246805649684e+00, -3.0107888339770454e-02,
       -1.6681197064490294e+00, 2.7120041353574318e+00,
       -1.6915102615372792e-02, -1.4550543932275755e+00,
       2.8168482389914087e+00, -6.3396165180498914e-03,
       -1.2767802749533317e+00, 2.8972752426132509e+00,
       3.5364434223302488e-02, -9.9941573835598640e-01,
       3.0134590895588049e+00, -7.4212119819562467e-02,
       -6.4601430406170102e-01, 3.0124448986930394e+00,
       -2.7242111719606586e-02, -4.2183989011862005e-01,
       2.9918127746280332e+00, -7.5480184025152981e-03,
       -1.2944957595588222e-01, 3.0491556107794668e+00,
       4.5787587990593820e-02, -2.2025668303760501e-01,
       3.0410256655652668e+00, 1.5458915375472395e-02,
       -3.7383419715368266e-01, 2.9657258143580907e+00,
       -2.9274712896403082e-02, -8.5243327982563399e-01,
       2.8743004560810492e+00, -1.4396006648932796e-01,
       -1.0320567035991999e+00, -3.1032578493073517e+00,
       6.1399421696157155e-02, 2.3864831788604136e-02,
       -3.0708845157756639e+00, -1.9079464406236944e-02,
       -4.9194013769770520e-02, -3.0334345646967407e+00,
       4.5885613220264264e-02, -3.5499111284560847e-01,
       -3.0177393514253370e+00, 3.2908031085273973e-02,
       -4.7881870657998171e-01, -3.0002008240549580e+00,
       3.7831027228069442e-02, -5.8548363820159488e-01,
       -3.0729136261970735e+00, 5.2961734145582209e-02,
       -2.0508103407553110e-01, -3.0635901002534696e+00,
       6.0140691095241926e-04, -1.1906525819984247e-01,
       -3.0664352394329226e+00, -6.1076572706554708e-04,
       -1.3795590060908910e-01, -3.0570957372049774e+00,
       1.2205072998776514e-02, -1.7538872949443016e-01,
       -3.0337328041652567e+00, 2.8356644833753140e-02,
       -1.4991067745764991e-01, -3.0129525236790218e+00,
       2.9516789626338358e-02, -1.5965168926121823e-01,
