%YAML:1.0
---
summary: "Filter by time and points, rd=20, rs=0, sp=5, sf=3."
init_cam_calib: C99-1010_3p_3
camera_matrix: !!opencv-matrix
   rows: 3
   cols: 3
   dt: d
   data: [ 2.5610371850687147e+03, 0., 1.8833913129191626e+03, 0.,
       2.5589405450013619e+03, 1.0851042520176316e+03, 0., 0., 1. ]
dist_coeff: !!opencv-matrix
   rows: 5
   cols: 1
   dt: d
   data: [ 1.8985816510476920e-02, -5.5678507829275622e-02,
       -6.3263979841422563e-04, -8.5067997836847154e-04,
       5.8832104500513495e-02 ]
rvec: !!opencv-matrix
   rows: 117
   cols: 3
   dt: d
   data: [ -3.1105593527240134e+00, -1.3321446111593827e-02,
       -3.7770564347516911e-02, -3.1031288219305653e+00,
       -2.9846275664853856e-03, 2.9655210673755626e-02,
       -3.0791610154255129e+00, -1.3021465227365050e-02,
       1.2770262596541234e-02, -3.0770978606577275e+00,
       -1.6939132124833200e-03, 1.4645209460107098e-02,
       -3.0833919590858505e+00, 9.2122311612458929e-03,
       -9.8230624225265253e-02, -3.0860165964120747e+00,
       -7.4420408441751712e-03, -7.2847253163144554e-02,
       -3.0459963748755277e+00, -4.8524610945310929e-02,
       -1.0425633910395746e-01, -3.0828431128560752e+00,
       -2.1033988407066651e-02, -1.6277950800317498e-01,
       3.1295840372953947e+00, 4.2666492247204349e-03,
       9.6816664773599737e-02, 3.0337570967796523e+00,
       -1.8782402536560532e-02, 7.8232379578127287e-02,
       3.0494451729757852e+00, -4.7252629436667568e-03,
       8.7471699740737555e-02, 3.0255194039063729e+00,
       -1.3208587917665960e-02, 9.4758384732701609e-02,
       3.0544677513749896e+00, 1.1627873225071658e-02,
       1.0933937248204591e-01, -2.9803183565094238e+00,
       -2.6293919421200993e-02, -2.9703374191089350e-02,
       -2.9503131335368158e+00, -3.3694549473028419e-02,
       -7.2855395494935596e-02, -3.0217520726159033e+00,
       -1.3318513689523803e-02, -2.8127227456121857e-02,
       3.0987497624868769e+00, 3.7636513076545385e-02,
       2.4455304406069214e-02, 3.1264142996880757e+00,
       3.7198945570148911e-02, 9.7567109793949308e-02,
       3.1360754242279008e+00, 1.3600712685374034e-02,
       9.8478930507933535e-02, 3.0913426717393713e+00,
       4.6982399640140587e-02, 1.3639549437243437e-01,
       3.1311188730449104e+00, -8.5962252250209287e-02,
       1.0637092513026854e-01, -3.0709786282170604e+00,
       -3.6685600412066505e-02, 1.2849043966570335e-02,
       3.1000435359969134e+00, 6.6453231482571276e-02,
       -9.5744033582112587e-02, 3.0740837482042447e+00,
       -8.3431541144305679e-04, -1.7075893044494750e-01,
       -3.0916592691463292e+00, -3.6952183168968901e-02,
       4.2850113828728331e-01, -3.0776025370619506e+00,
       -4.4790000341715985e-02, 5.9753729006418532e-01,
       -2.9995728000682105e+00, -6.6827217415479617e-02,
       8.4782223453400241e-01, -2.9336517443839552e+00,
       -7.4592506587638052e-02, 8.8430833511428852e-01,
       -2.9120438999810050e+00, -9.8147867461045882e-02,
       1.0546856624753664e+00, -2.9626180775895063e+00,
       -5.5666806862981560e-02, 1.0275043428600166e+00,
       -2.9777852944807832e+00, -7.9009114560810348e-02,
       8.6307273434504184e-01, -2.9670843133844973e+00,
       -8.8059542114055381e-02, 8.4293555592959113e-01,
       -2.9715852234815334e+00, -4.4424442100452113e-02,
       7.4472857232077672e-01, -2.9702874639259420e+00,
       -6.4256883464820627e-02, 7.3704168492899791e-01,
       -2.9843001931978979e+00, -6.0718555288143371e-02,
       7.3808953415303047e-01, -2.9797746531061620e+00,
       -2.2580793403404884e-02, 7.4994983442870311e-01,
       2.9503391820491749e+00, 7.3462119207632320e-02,
       -8.3764039218569131e-01, -2.9751400215610149e+00,
       -1.3390472263379638e-01, 7.1665475208865559e-01,
       -2.9965682984909527e+00, -1.1890716253038691e-01,
       7.8260205308773689e-01, 2.8799555670949424e+00,
       1.9749360695595218e-03, -8.1007395872592780e-01,
       2.8939479262591385e+00, 2.3639441611150037e-02,
       -8.0111142136446245e-01, 2.9510889177324908e+00,
       1.3589515544117773e-02, -8.0971552927997958e-01,
       2.9592954970017495e+00, -2.3702981792292042e-03,
       -7.9140546939960643e-01, 2.9540124880034035e+00,
       1.3965607634018888e-04, -7.9616623077819437e-01,
       2.9514968273247568e+00, 6.4019979811768737e-03,
       -7.9899894102493452e-01, 2.9595453326075885e+00,
       2.0252934316428304e-02, -8.7531430774584673e-01,
       2.9824448550820879e+00, -2.2149412969742408e-02,
       -7.7970333819331461e-01, 2.9652379683859889e+00,
       9.0827184134615699e-02, -8.6463288964880547e-01,
       2.9907331343201271e+00, -2.0226758309353790e-02,
       -7.3968028416246367e-01, 2.8977994205448678e+00,
       7.2231923161192577e-02, -8.5458030584344868e-01,
       2.9766800178530026e+00, 4.4213617129666587e-02,
       -8.6405474709185426e-01, 2.9432564612363432e+00,
       -1.6387524373413804e-02, -1.0820145839650890e+00,
       -2.8469596257637608e+00, -1.8051496641743530e-02,
       1.3069931625022781e+00, -2.8108975134735514e+00,
       1.7761839023172469e-02, 1.3605865005310114e+00,
       -2.8283887786587587e+00, 6.3147519353948092e-02,
       1.3540800091190039e+00, 2.6930207251538736e+00,
       2.7673482185250144e-02, -1.5316983066783412e+00,
       2.6659770823067244e+00, 1.0270904717763176e-02,
       -1.5601678111573298e+00, 2.6174262900223786e+00,
       -9.8068858788030264e-03, -1.6654648314123950e+00,
       2.6343595361271612e+00, -1.4641693189562370e-02,
       -1.6672999437240725e+00, -2.6469865845611773e+00,
       2.3721145271090725e-02, 1.6557405785415316e+00,
       -2.5704607821003354e+00, -1.1841466762762680e-01,
       1.5855989424888564e+00, -2.6153526628134030e+00,
       -1.0383511170686115e-01, 1.6614314220069748e+00,
       2.6413562102466912e+00, 1.3113539994410079e-02,
       -1.6286754261667857e+00, 2.5846509734639160e+00,
       -7.2252977824942693e-02, -1.5846753200450374e+00,
       -2.6508304275826240e+00, -2.7074448541140300e-02,
       1.6185880049918264e+00, -2.6381911386488524e+00,
       2.2316022963059606e-02, 1.6280316117017675e+00,
       -2.6448634327206069e+00, 3.6808942332771148e-02,
       1.5950389157763478e+00, 2.6401122661654388e+00,
       1.2415500434372145e-02, -1.6365753489591037e+00,
       2.7831415069126968e+00, -4.2631258965902079e-02,
       -1.3921127989273663e+00, 2.8858149455737165e+00,
       2.8996469727073253e-02, -1.1894784142441528e+00,
       2.9827619053403520e+00, -8.8426346762562974e-02,
       -7.9577794829880044e-01, 2.9851845027063617e+00,
       -2.8160680282467900e-02, -5.7649438351854765e-01,
       3.0356025943340845e+00, -3.4383012283623178e-02,
       -2.2396547284325705e-01, 2.9867029813015327e+00,
       6.2725770970069247e-02, -2.7237431170457616e-01,
       3.1192739232098901e+00, 8.8641127029424546e-03,
       -2.0175102428907957e-01, 3.0038602349715107e+00,
       5.8255916147507018e-02, -7.1653555633352051e-01,
       2.8818220655765634e+00, -4.6604354652818106e-02,
       -1.1374662412231016e+00, 2.9994259782152910e+00,
       -7.1911249723496065e-02, -6.0829260894902559e-01,
       -3.1012597382391380e+00, 1.3801111241618086e-02,
       -6.1394553257773980e-02, -3.0288286603611354e+00,
       -2.5532737384011024e-02, -1.6169155563229537e-01,
       -3.0226778881441834e+00, 4.9666912501803440e-02,
       -4.0737090185930735e-01, -3.0053602758387203e+00,
       3.1980528669509678e-02, -5.4489668820677639e-01,
       -3.0248650141798707e+00, 4.8635463393268866e-02,
       -4.9530268859808074e-01, -3.0612127081087563e+00,
       3.6916733526148812e-02, -5.2709205536009142e-02,
       -3.0696085127249733e+00, 1.3536589281470464e-03,
       -1.5623655048385782e-01, -3.0593719412931439e+00,
       7.0676818199118963e-03, -1.6038972561975831e-01,
       -3.0388906753455514e+00, 3.5485878020948970e-02,
       -1.5931352495679912e-01, -3.0100852325527754e+00,
       3.3186131739081227e-02, -1.5443930373642120e-01,
