%YAML:1.0
---
summary: "Filter by distance, md=150, ds=75."
init_cam_calib: C99-1010_3p_3
camera_matrix: !!opencv-matrix
   rows: 3
   cols: 3
   dt: d
   data: [ 2.5592913497543068e+03, 0., 1.8770443287557912e+03, 0.,
       2.5583308112762493e+03, 1.0839480979466955e+03, 0., 0., 1. ]
dist_coeff: !!opencv-matrix
   rows: 5
   cols: 1
   dt: d
   data: [ 1.9667141714891746e-02, -5.2469050924390095e-02,
       -4.1074664517358120e-04, -1.3349480978159503e-03,
       4.5540552605692002e-02 ]
std_intrinsics: !!opencv-matrix
   rows: 18
   cols: 1
   dt: d
   data: [ 4.5650719055449024e-01, 4.2751616436810802e-01,
       7.9446185956745818e-01, 5.0100344840930977e-01,
       8.5450821291551315e-04, 3.1417704887298946e-03,
       6.1351417428899825e-05, 1.0555550876996188e-04,
       3.3663696284798334e-03, 0., 0., 0., 0., 0., 0., 0., 0., 0. ]
std_extrinsics: !!opencv-matrix
   rows: 1758
   cols: 1
   dt: d
   data: [ 1.0552442581935595e-03, 3.8913555250178053e-04,
       1.1303653530345392e-03, 1.3025251865385266e+00,
       8.5016666541847363e-01, 1.4198233868893615e+00,
       1.0647470734544120e-03, 3.8435263616122301e-04,
       1.1316318541153378e-03, 1.3013576141564032e+00,
       8.4966297470989327e-01, 1.4174666704701784e+00,
       1.0709204663602468e-03, 3.7426966994853127e-04,
       1.1275300449783475e-03, 1.3032113703508839e+00,
       8.5137376145489030e-01, 1.4302656212693976e+00,
       1.0517545986776051e-03, 3.8193463735508110e-04,
       1.1031458197678097e-03, 1.2979795181541365e+00,
       8.4787806383043940e-01, 1.4237752576190918e+00,
       1.0146375528868464e-03, 3.9818834399549214e-04,
       1.0584690592002986e-03, 1.2988125330826017e+00,
       8.4800312662239352e-01, 1.4367275893043572e+00,
       9.8082637514584968e-04, 3.9386047751487741e-04,
       1.0284612596996019e-03, 1.2971763739786404e+00,
       8.4808629817285475e-01, 1.4556320126774676e+00,
       9.7553784380336882e-04, 3.7671208957663189e-04,
       1.0158089444060230e-03, 1.2967571277426599e+00,
       8.4752935209289626e-01, 1.4584528186405081e+00,
       9.6797111358374330e-04, 3.6755766456474624e-04,
       9.9804446398647361e-04, 1.2937690450833526e+00,
       8.4545380740653864e-01, 1.4512044245386106e+00,
       9.7277763224003135e-04, 3.8666474364886031e-04,
       1.0167701037003020e-03, 1.2923636967436762e+00,
       8.4581685830401376e-01, 1.4435169180311485e+00,
       9.6590734219341380e-04, 3.8245138039916211e-04,
       1.0266302171767253e-03, 1.2848867476181971e+00,
       8.4053600926856609e-01, 1.4290270310060065e+00,
       9.5221562868509624e-04, 3.8642109484629658e-04,
       1.0274652910723502e-03, 1.2752163714872580e+00,
       8.3437611882659068e-01, 1.4061322564915302e+00,
       8.9846409415000525e-04, 3.8100299932465251e-04,
       9.5913179418585738e-04, 1.2526736149891422e+00,
       8.1973998350645016e-01, 1.3756594868574743e+00,
       8.6977189710402581e-04, 3.7979089884892999e-04,
       9.4408556796556325e-04, 1.2503960505252960e+00,
       8.1925969154788647e-01, 1.3824373164962860e+00,
       8.4498465511827843e-04, 3.7697564306991512e-04,
       9.3527815070567428e-04, 1.2529571627572860e+00,
       8.2199037783441486e-01, 1.3994796696909519e+00,
       8.1307542299118832e-04, 3.6877901675071227e-04,
       9.2407064795703008e-04, 1.2594129516086570e+00,
       8.2528717028229492e-01, 1.4171273595475271e+00,
       8.1487535633411657e-04, 3.6908179345500840e-04,
       9.2412545486932442e-04, 1.2528825268199812e+00,
       8.2156880470405957e-01, 1.4038933673257696e+00,
       8.1599001632736822e-04, 3.7140489171080956e-04,
       9.2502300390215049e-04, 1.2573937203794623e+00,
       8.2407697159212989e-01, 1.4111038262020117e+00,
       8.6160779735122500e-04, 3.7699905137112950e-04,
       9.7213357257004088e-04, 1.2585012111612559e+00,
       8.2631471659063505e-01, 1.4398491658854977e+00,
       9.0616058980137716e-04, 3.9148912192455760e-04,
       1.0077973350580585e-03, 1.2632314420660313e+00,
       8.3331424458404257e-01, 1.4607607167821584e+00,
       9.8643425104819570e-04, 3.9609536072813682e-04,
       1.1125820003966005e-03, 1.2760715406106149e+00,
       8.4253950585327142e-01, 1.4831580403615694e+00,
       1.0189701499034834e-03, 3.9985358905105775e-04,
       1.1239330417931782e-03, 1.2812140908139931e+00,
       8.4249339924338362e-01, 1.4741622089717785e+00,
       1.0327141003351509e-03, 3.9177980301370884e-04,
       1.1159108419735537e-03, 1.2868439864078407e+00,
       8.4423520742572222e-01, 1.4564707221943514e+00,
       1.0424500204276317e-03, 3.8345494633210077e-04,
       1.0900685862910977e-03, 1.2844588293036578e+00,
       8.4097908367698504e-01, 1.4279448051313028e+00,
       1.0484006195140782e-03, 3.7407573421921231e-04,
       1.0593795558485161e-03, 1.2866691453733625e+00,
       8.4079105993043624e-01, 1.3943773204772829e+00,
       1.0320292722750244e-03, 3.6607019688543300e-04,
       1.0321986211531266e-03, 1.2787999516421189e+00,
       8.3551718057388802e-01, 1.3871095409703860e+00,
       1.0876798860702281e-03, 3.6328358087823760e-04,
       1.0616571329537048e-03, 1.2909210918349936e+00,
       8.4335092811940726e-01, 1.3929614320022403e+00,
       1.0892260555773450e-03, 3.5597421499366383e-04,
       1.0450077016817393e-03, 1.2866067110799841e+00,
       8.4240560446011992e-01, 1.3857075213293066e+00,
       1.0937032106385235e-03, 3.4895637405580563e-04,
       1.0357386011040533e-03, 1.2854357108231422e+00,
       8.4420079596766762e-01, 1.3837993956666796e+00,
       1.1055540270372450e-03, 3.5819041207748572e-04,
       1.0468975450948128e-03, 1.2855169526802861e+00,
       8.4086591871764216e-01, 1.3655331600871909e+00,
       1.1352781893727867e-03, 3.5729211178261631e-04,
       1.0654295391137763e-03, 1.2944711755895779e+00,
       8.4779822674284411e-01, 1.3716811759885694e+00,
       1.1108588354170944e-03, 3.6134622535919888e-04,
       1.0499921244354292e-03, 1.2859509343256645e+00,
       8.4086343558341059e-01, 1.3564757178361331e+00,
       1.1057079745162262e-03, 3.6911713652228601e-04,
       1.0624287036501510e-03, 1.2883166044116783e+00,
       8.4120481635119260e-01, 1.3603874235168512e+00,
       1.1148632712720933e-03, 3.7608149521915378e-04,
       1.0868342327883123e-03, 1.2938519751132604e+00,
       8.4519017727360102e-01, 1.3729635913447469e+00,
       1.1297032390270288e-03, 3.8550706251159100e-04,
       1.1248797211917847e-03, 1.2990604041990821e+00,
       8.4975223802202426e-01, 1.4344667375037981e+00,
       1.1061285646415463e-03, 3.9265614971792601e-04,
       1.1379795083696180e-03, 1.2929708431372393e+00,
       8.4730322633230759e-01, 1.4607566150552680e+00,
       1.0587482916714615e-03, 3.9627447257797649e-04,
       1.1292423156065131e-03, 1.2891526510068310e+00,
       8.4591844703771912e-01, 1.4779316017785025e+00,
       1.1218500450736549e-03, 3.9349508718416077e-04,
       1.1580248247998551e-03, 1.2978518179442577e+00,
       8.5017060522132915e-01, 1.4663154895738801e+00,
       1.0786616095078509e-03, 3.9415726907241849e-04,
       1.1376479195310608e-03, 1.2890612753428754e+00,
       8.4541185931542873e-01, 1.4618443566814845e+00,
       1.0575890521834443e-03, 4.0543618519561705e-04,
       1.1811093877687712e-03, 1.2796139825996442e+00,
       8.4385394249759771e-01, 1.4830474878226827e+00,
       1.0654246708495687e-03, 4.0890159020278712e-04,
       1.2067721405222239e-03, 1.2807756035568254e+00,
       8.4816021763844407e-01, 1.5007999417138567e+00,
       1.1529662359710806e-03, 4.1731666019499604e-04,
       1.2651560066124219e-03, 1.2859551425343732e+00,
       8.5799486425762772e-01, 1.5814609638160211e+00,
       1.0887419123903137e-03, 4.1924862460056105e-04,
       1.2266403743787298e-03, 1.3026713671106764e+00,
       8.6279773983014785e-01, 1.5177686043600871e+00,
       1.0739891162107802e-03, 4.1867077549022445e-04,
       1.1690132629213399e-03, 1.2984226118469309e+00,
