%YAML:1.0
---
summary: "Filter by time and points, rd=20, rs=0, sp=5, sf=3."
init_cam_calib: C99-1010_3p_3
camera_matrix: !!opencv-matrix
   rows: 3
   cols: 3
   dt: d
   data: [ 2.5610371850687147e+03, 0., 1.8833913129191626e+03, 0.,
       2.5589405450013619e+03, 1.0851042520176316e+03, 0., 0., 1. ]
dist_coeff: !!opencv-matrix
   rows: 5
   cols: 1
   dt: d
   data: [ 1.8985816510476920e-02, -5.5678507829275622e-02,
       -6.3263979841422563e-04, -8.5067997836847154e-04,
       5.8832104500513495e-02 ]
std_intrinsics: !!opencv-matrix
   rows: 18
   cols: 1
   dt: d
   data: [ 1.1707684754305754e+00, 1.1001914081149804e+00,
       1.9922654693451589e+00, 1.2688349308683577e+00,
       2.1575850198809550e-03, 8.1386623763026762e-03,
       1.5838539304383647e-04, 2.6653103025206119e-04,
       8.8713349251022533e-03, 0., 0., 0., 0., 0., 0., 0., 0., 0. ]
std_extrinsics: !!opencv-matrix
   rows: 702
   cols: 1
   dt: d
   data: [ 1.5745448118179087e-03, 6.2374270780263870e-04,
       2.1137633074509031e-03, 3.2171484924752800e+00,
       2.0749526176408124e+00, 2.6578825224006839e+00,
       1.9642198542495341e-03, 5.9748358387672832e-04,
       2.1321220029676211e-03, 3.2176239116898127e+00,
       2.0809572266064338e+00, 2.6173810480454125e+00,
       2.0085433092405956e-03, 5.5203110736091543e-04,
       2.0267109345353013e-03, 3.2161627269827218e+00,
       2.0771701370431237e+00, 2.6299928342252810e+00,
       1.7983373647708677e-03, 5.4483920585520428e-04,
       1.9618736307191287e-03, 3.2108959884603179e+00,
       2.0762145830648699e+00, 2.6163481592486235e+00,
       1.8838557040664252e-03, 5.9615261890799730e-04,
       2.1194276827329111e-03, 3.2431743396799715e+00,
       2.0931020058872649e+00, 2.6274992854654666e+00,
       1.5359607919912936e-03, 5.7565673287872550e-04,
       1.7928584725320829e-03, 3.1944250674752555e+00,
       2.0699045678953580e+00, 2.6282296573807740e+00,
       1.6878171582581322e-03, 5.7558123410593400e-04,
       1.7677609147703857e-03, 3.1907102516131842e+00,
       2.0764369320242637e+00, 2.7052170857599918e+00,
       1.5085641814715604e-03, 6.2262192600205787e-04,
       1.8295926804429285e-03, 3.1881571592042173e+00,
       2.0667657116249698e+00, 2.7959122769173144e+00,
       1.4818845480857989e-03, 5.9360866957077960e-04,
       1.7877992948566184e-03, 3.1312787610816999e+00,
       2.0312247097293477e+00, 2.6748961695253466e+00,
       1.3751249495236859e-03, 6.1970934824651818e-04,
       1.7191164637476801e-03, 3.0976792020484445e+00,
       2.0099453101475930e+00, 2.7133225638835832e+00,
       1.2153594056351033e-03, 6.0540704342728713e-04,
       1.6458780760465624e-03, 3.0899583520767142e+00,
       2.0073076461030679e+00, 2.6315965543440951e+00,
       1.3159123612750501e-03, 6.0465866779197872e-04,
       1.6708049442711124e-03, 3.1125919560515061e+00,
       2.0176237978486329e+00, 2.6389356847791632e+00,
       1.2443690209139617e-03, 5.8745133512850265e-04,
       1.7377786709252714e-03, 3.1149625725545209e+00,
       2.0284835029098538e+00, 2.4761604495597922e+00,
       1.7219389750044987e-03, 5.5900887499905135e-04,
       2.2315127515438868e-03, 3.1801907194569337e+00,
       2.0670964059772601e+00, 2.7180732131209204e+00,
       1.7154565293239319e-03, 5.5440359430743212e-04,
       1.8012147015679235e-03, 3.1787274516652082e+00,
       2.0523681578574924e+00, 2.4727297449048016e+00,
       1.9143604978714057e-03, 5.8056418551850387e-04,
       1.8559590043271614e-03, 3.2072827784355837e+00,
       2.0792457429162163e+00, 2.9042909981958065e+00,
       1.8161039557222920e-03, 6.4019154102200099e-04,
       2.1244959459099217e-03, 3.1950737032564782e+00,
       2.0954947894385025e+00, 2.8580143408954641e+00,
       1.6558441916658278e-03, 6.2426367284831906e-04,
       2.0076028062773472e-03, 3.1521228294026180e+00,
       2.0445942325905961e+00, 2.6733379823524595e+00,
       1.4596583641278661e-03, 6.2094200539657368e-04,
       1.8851821412026707e-03, 2.8919571402680759e+00,
       1.8755656733344017e+00, 2.5400383783647991e+00,
       1.6367704071884332e-03, 5.2199987661216999e-04,
       1.6703865210678361e-03, 2.5956789168630716e+00,
       1.6942263854174084e+00, 2.1294720436183101e+00,
       1.4733426215114474e-03, 5.0068161113510660e-04,
       1.6842998732206009e-03, 2.3090744512700803e+00,
       1.5011094080666592e+00, 1.7591528840566426e+00,
       9.7404966695127551e-04, 4.1169858036440123e-04,
       1.5881604579832365e-03, 2.1617746877839581e+00,
       1.3955657217386206e+00, 1.4148677861803312e+00,
       1.4347493881041460e-03, 4.2374384301714510e-04,
       1.5697663210941868e-03, 2.0707128406779374e+00,
       1.3707440642622186e+00, 1.5496103419985658e+00,
       1.8836039354961970e-03, 4.2369709475332862e-04,
       1.5969656432774574e-03, 2.0904110671413316e+00,
       1.4065640348942363e+00, 1.6871467673436191e+00,
       1.1712312085933934e-03, 4.1083424554664395e-04,
       1.5356949721839815e-03, 2.2211697711802478e+00,
       1.4492783787087455e+00, 1.4203437396040994e+00,
       1.0811406332236824e-03, 4.4752331659225541e-04,
       1.5802531918730309e-03, 2.2678523951348666e+00,
       1.4705417371175999e+00, 1.4033380270317770e+00,
       1.2637461998406107e-03, 4.9243453546610086e-04,
       1.6119592713279638e-03, 2.4419083838661924e+00,
       1.5758927241405647e+00, 1.4573687463423113e+00,
       1.3911424948217152e-03, 5.5818033821914196e-04,
       1.6515237612950340e-03, 2.6357934723545982e+00,
       1.6974069734939643e+00, 1.5726517162225484e+00,
       1.4688870842718810e-03, 5.9308715311756578e-04,
       1.7520186728313030e-03, 2.8227179272466749e+00,
       1.8148200754030175e+00, 1.7826426169177039e+00,
       1.4435758337665544e-03, 5.9339544705794972e-04,
       1.9040725013513701e-03, 2.8837744022770897e+00,
       1.8581504792381265e+00, 1.8494967187846105e+00,
       1.5630708203414145e-03, 6.0555929173679681e-04,
       1.9176198525511512e-03, 2.9453431353869126e+00,
       1.9005266026922401e+00, 1.9390403414278992e+00,
       1.4970524676375648e-03, 5.5164810055754240e-04,
       1.9503801595999639e-03, 3.0556417945541448e+00,
       1.9707946057826360e+00, 1.9500256902987461e+00,
       1.6590857788506047e-03, 5.5993001677938565e-04,
       2.0901329119299740e-03, 3.1744791509003005e+00,
       2.0523379312490109e+00, 2.0821859010570321e+00,
       1.6545828284537933e-03, 5.3699107442417376e-04,
       2.1912788136280721e-03, 3.2299818721558640e+00,
       2.0846566087982907e+00, 2.0399962615924401e+00,
       1.7304220717850045e-03, 5.9691386915081102e-04,
       2.1657877158255054e-03, 3.2297515227573879e+00,
       2.0823052863849569e+00, 2.2388834526146106e+00,
       1.6156506460888970e-03, 5.8213329679271235e-04,
       2.0646218519048405e-03, 3.1840350872214200e+00,
       2.0515416553396064e+00, 2.1549033064799881e+00,
       1.4800037691618689e-03, 6.3464737735668497e-04,
       2.4495373831762797e-03, 3.1021220721505820e+00,
       1.9935241799673071e+00, 2.2170503585374530e+00,
       1.4759405035356060e-03, 5.5671888940770882e-04,
       1.9872545841934739e-03, 3.0354592081579783e+00,
       1.9676652138990474e+00, 2.0417256016585181e+00,
       1.5181615650756010e-03, 6.0517431265292253e-04,
       2.1377738407601780e-03, 3.0265117423218717e+00,
       1.9528309496760583e+00, 2.1255223438461108e+00,
       1.7325054943092726e-03, 7.6831201027650876e-04,
       2.2141519162893870e-03, 3.0390939205483027e+00,
       1.9764906631501413e+00, 2.1444876881147432e+00,
       1.6890267775109284e-03, 6.8213408162967734e-04,
       2.0647515643527617e-03, 3.0146332741572754e+00,
       1.9447004083698778e+00, 2.0277449203798605e+00,
       1.0762187738125731e-03, 5.7542111795237682e-04,
       1.9179914085692390e-03, 2.9961663285947560e+00,
       1.9402286743608528e+00, 1.9029540955303141e+00,
       1.4068881489235142e-03, 6.1661681854419310e-04,
       1.9114622315530869e-03, 3.0159807189207379e+00,
