%YAML:1.0
---
summary: "Filter by time, rd=15, rs=0."
init_cam_calib: C99-1010_3p_3
camera_matrix: !!opencv-matrix
   rows: 3
   cols: 3
   dt: d
   data: [ 2.5574248793709721e+03, 0., 1.8802107021211768e+03, 0.,
       2.5564896612167927e+03, 1.0853823077878210e+03, 0., 0., 1. ]
dist_coeff: !!opencv-matrix
   rows: 5
   cols: 1
   dt: d
   data: [ 1.4034008783734184e-02, -2.8704410855317542e-02,
       -8.4280696738290315e-04, -9.2190054159806221e-04,
       1.9628779190376026e-02 ]
rvec: !!opencv-matrix
   rows: 155
   cols: 3
   dt: d
   data: [ -3.1104102457932483e+00, -1.3862628783101781e-02,
       -3.7169288075350061e-02, -3.1015369907171864e+00,
       -6.2188945875217049e-03, -2.8565295943502036e-03,
       -3.0806722852944599e+00, -1.7096295275247163e-02,
       2.0004340584503705e-02, -3.0845291799729746e+00,
       -1.1561945787285099e-02, 1.8237258700171760e-02,
       -3.0779481660276367e+00, -1.6884643912084395e-03,
       1.5483478993830289e-02, -3.0909697762613764e+00,
       -9.2427439065239942e-03, -1.3214636620875086e-02,
       -3.1014078407604568e+00, 6.5254020384261133e-02,
       -1.2998682299767125e-01, -3.0744588601175535e+00,
       -2.5358684508822994e-02, -7.2698437406773175e-02,
       -3.0452562794810540e+00, -4.8886367972488270e-02,
       -1.0350398623659655e-01, -3.0758962478800238e+00,
       -3.4159678879719622e-02, -1.8997483005675586e-01,
       -3.1025699527243269e+00, -4.9381137086654134e-02,
       -1.1754802119343814e-01, 3.1025790875236683e+00,
       -6.2945468923125509e-03, 1.3747350005325484e-01,
       3.0339482231222488e+00, -1.8661314698600488e-02,
       7.6559055601210416e-02, 3.0551398884881440e+00,
       -1.7734402017857222e-02, 8.8193396243181996e-02,
       3.0317298296024360e+00, -8.5536044633444126e-03,
       9.3181314989550165e-02, 3.0361767892726235e+00,
       -3.2299551955712449e-02, 6.5282319515800005e-02,
       3.0554336620678328e+00, 1.2142968736521263e-02,
       1.0781399617429591e-01, -3.0526963542692820e+00,
       -4.4891016269468009e-02, -3.2385391168984562e-02,
       -2.9331605026510514e+00, -2.4297787203237442e-02,
       -3.7047996554868658e-02, -2.9949979226142927e+00,
       -3.8291893311411106e-02, -7.3449820464720719e-02,
       -3.0232901128561558e+00, -1.3269016988095515e-02,
       -2.7072243208904383e-02, 3.0944450706099147e+00,
       2.0245543725409675e-02, -1.8937595613101012e-02,
       3.1114176852057343e+00, 1.6596986027573882e-02,
       1.2025928410196350e-01, -3.1433130057810059e+00,
       -3.4311626315051774e-02, -4.8963473911161182e-02,
       3.1352568895118020e+00, 1.3572028483251161e-02,
       9.7082865670383614e-02, 3.0814644605023371e+00,
       1.9698646469509886e-02, 1.4314537901488983e-01,
       3.1089209237424584e+00, 2.1406258209321564e-02,
       1.5663008007099646e-01, -3.0689136505280663e+00,
       1.2384595361593860e-01, -4.3554696074155498e-02,
       -3.0710011384978713e+00, -3.6776139009969983e-02,
       1.4396280554377633e-02, -3.1094678970087961e+00,
       -3.8460022858743232e-03, 1.2939370248059978e-01,
       3.0438896473006460e+00, 3.2575701619418695e-02,
       -6.6301138662482828e-02, 3.0881670762328075e+00,
       4.3770492907999614e-02, -2.3178011762567363e-01,
       -3.0906751474234864e+00, -3.7295058219444101e-02,
       4.2562189930166988e-01, -3.0668933443644049e+00,
       -6.1859010407196741e-02, 5.6752341348645352e-01,
       -3.0253994777085089e+00, -9.5473849110395997e-02,
       7.5516174619174736e-01, -2.9931129566147838e+00,
       -5.8191896883117822e-02, 8.5553978353812443e-01,
       -2.9350059806676092e+00, -7.6006414487818807e-02,
       8.8540747418054777e-01, -2.9360728790802635e+00,
       -1.0548852699284564e-01, 1.0131001705599876e+00,
       -2.9040607027337035e+00, -7.8931970387146014e-02,
       1.1087846692592478e+00, -2.9744902524096570e+00,
       -6.8406012319869600e-03, 9.4348496220022593e-01,
       -2.9776058136823482e+00, -7.9590866939172264e-02,
       8.6485517111679522e-01, -2.9458002695145349e+00,
       -7.7464188648311200e-02, 8.6661885671440742e-01,
       -2.9741012130868771e+00, -7.0495384718137016e-02,
       7.9781820578297558e-01, -2.9713451411439284e+00,
       -5.4274622528056732e-02, 7.3779990692525155e-01,
       -2.9698322773872037e+00, -6.4485595705466900e-02,
       7.3851827797875502e-01, -2.9838385729517776e+00,
       -6.2637342076978131e-02, 7.3522406954253250e-01,
       -2.9867719476620458e+00, -5.5576291922246689e-02,
       7.4251284001218609e-01, -2.9789199477936350e+00,
       -1.0190926916268946e-02, 7.8236948707095899e-01,
       2.9501252743361284e+00, 7.2466781278844608e-02,
       -8.4238739528478213e-01, -2.9704615327401052e+00,
       -1.4464874812839892e-01, 7.3340210535998063e-01,
       -2.9660036608205580e+00, -1.3889969613107525e-01,
       7.5144523180415790e-01, -3.0421563466249739e+00,
       -1.1670336945500924e-01, 7.9721644274139813e-01,
       2.8788115857449976e+00, 2.5149462840810496e-03,
       -8.1039531624519867e-01, 2.8718332055617983e+00,
       -5.0485445340313481e-03, -8.0276925056596549e-01,
       2.9324755988676605e+00, 1.5735364070421125e-02,
       -7.7175142431777277e-01, 2.9697587573126891e+00,
       -3.0439631465925567e-02, -8.3022207319855446e-01,
       2.9590935103056770e+00, -2.6487075304639125e-03,
       -7.9246053227278568e-01, 2.9581480774979396e+00,
       3.4801487303040847e-03, -7.9461657880307213e-01,
       2.9601458580899846e+00, -4.7148555029562717e-03,
       -7.8851474463479621e-01, 2.9695968626249232e+00,
       1.4760848773875009e-02, -8.2809840746405017e-01,
       2.9580255943517169e+00, 2.1201381487259606e-02,
       -8.8042085634912159e-01, 2.9614872606605784e+00,
       -2.9451901901951287e-02, -7.9347189615835978e-01,
       2.9568887303369813e+00, 4.0919131881735266e-02,
       -8.6150793381181645e-01, 2.9746909126120888e+00,
       7.7317988675774996e-02, -8.4146300900999182e-01,
       2.9897076653947234e+00, -1.9971390674652589e-02,
       -7.3868616361790651e-01, 2.9030890029386360e+00,
       7.4800047590812310e-02, -8.1429048843075125e-01,
       2.8988753327235268e+00, 1.5833981655980978e-02,
       -8.6096264932573896e-01, 2.9794584728522753e+00,
       4.5195992115047649e-02, -8.9273538884942893e-01,
       2.9418008356276988e+00, -1.5357293374791844e-02,
       -1.0812469825630155e+00, 2.8679162855212708e+00,
       3.0791747073787665e-02, -1.2735141364314828e+00,
       -2.8274294216749034e+00, 7.3940924725529504e-03,
       1.3383554180585304e+00, -2.7967857169311587e+00,
       2.6742920203098770e-02, 1.3854648790767086e+00,
       -2.8313125041682170e+00, 6.0490933412277605e-02,
       1.3565112019068268e+00, 2.7167814745228225e+00,
       4.1564679764174349e-02, -1.5430872114047456e+00,
       2.6996821860019957e+00, -1.1390448441389362e-02,
       -1.5517619829819065e+00, 2.6483917156317527e+00,
       4.8562942092266262e-02, -1.5991932317145259e+00,
       2.6173435344955274e+00, -8.7320809102040559e-03,
       -1.6712857892159216e+00, 2.6313868117216770e+00,
       -1.9997521505684832e-02, -1.6637984215549295e+00,
       2.6211125525632482e+00, -1.3588560862863383e-02,
       -1.6885302891848932e+00, -2.6491858748037092e+00,
       -7.4634153324793237e-03, 1.6311850450265837e+00,
       -2.5683743216740944e+00, -1.1803165384420254e-01,
       1.5870320363325972e+00, -2.6047400180384477e+00,
       -1.0234110134964304e-01, 1.6482285271236765e+00,
       -2.6412541475534237e+00, -7.9000836409076597e-02,
       1.6786314751531026e+00, 2.6094333923269954e+00,
       -3.3626897183331332e-02, -1.6204227196217493e+00,
       2.5835814310752223e+00, -7.2783222630126057e-02,
       -1.5866600092022318e+00, -2.6636479480246997e+00,
       -1.5976409237681309e-02, 1.6213163942864111e+00,
       2.6575193180467536e+00, -1.7389888609652085e-02,
       -1.6709702233950050e+00, -2.6446306504541202e+00,
       2.4264789802608402e-02, 1.5731365014460570e+00,
