%YAML:1.0
---
summary: "Filter by distance, md=250, ds=125."
init_cam_calib: C99-1010_3p_3
camera_matrix: !!opencv-matrix
   rows: 3
   cols: 3
   dt: d
   data: [ 2.5616987069918287e+03, 0., 1.8728747223612236e+03, 0.,
       2.5601845048873442e+03, 1.0815656771045169e+03, 0., 0., 1. ]
dist_coeff: !!opencv-matrix
   rows: 5
   cols: 1
   dt: d
   data: [ 2.1291317640990605e-02, -5.8177444275887912e-02,
       -2.3507921694954442e-04, -1.8707050773920867e-03,
       5.3854649218177959e-02 ]
std_intrinsics: !!opencv-matrix
   rows: 18
   cols: 1
   dt: d
   data: [ 6.3462803697080328e-01, 5.9366292500073747e-01,
       1.1184349443866146e+00, 7.0640658168636095e-01,
       1.2074411824817347e-03, 4.4023043499115799e-03,
       8.6357852095172186e-05, 1.4896983504953401e-04,
       4.6893499413577580e-03, 0., 0., 0., 0., 0., 0., 0., 0., 0. ]
std_extrinsics: !!opencv-matrix
   rows: 948
   cols: 1
   dt: d
   data: [ 1.1064726978938814e-03, 4.0339871341008330e-04,
       1.2448942090765658e-03, 1.8124709577176377e+00,
       1.1682160048110977e+00, 1.6065772196768919e+00,
       1.1230678871941633e-03, 3.8808347032429763e-04,
       1.2433017882713658e-03, 1.8127919141481155e+00,
       1.1692006805300079e+00, 1.6188064604342978e+00,
       1.0709526080384980e-03, 4.1281519647634797e-04,
       1.1843091187054922e-03, 1.8119746611743837e+00,
       1.1672148087941514e+00, 1.6250302927751235e+00,
       1.0194965403167548e-03, 3.9364026410903158e-04,
       1.1342571115959493e-03, 1.8000043615380747e+00,
       1.1630153994354000e+00, 1.6439998739004953e+00,
       1.0291803345315912e-03, 3.8251497216900234e-04,
       1.1236011486041020e-03, 1.7991884532363234e+00,
       1.1633392219360847e+00, 1.6414302496175164e+00,
       1.0199070893527568e-03, 3.9818710996573702e-04,
       1.1354845914154951e-03, 1.7917907197211940e+00,
       1.1572388268429710e+00, 1.6171861747021092e+00,
       9.9634959792777554e-04, 4.0068514017528736e-04,
       1.1393828832308838e-03, 1.7719654808421474e+00,
       1.1450269612812187e+00, 1.5854443823803739e+00,
       9.3810328744393457e-04, 3.9569189077560832e-04,
       1.0820498911158960e-03, 1.7443744978294606e+00,
       1.1280897014062856e+00, 1.5651062104951521e+00,
       9.0911252695284378e-04, 3.9239713309776822e-04,
       1.0917221460200065e-03, 1.7500381422775362e+00,
       1.1353096172040804e+00, 1.6238092835920093e+00,
       1.0690984098433657e-03, 4.1507697461583173e-04,
       1.2423670051093731e-03, 1.7796680705861010e+00,
       1.1562205680590576e+00, 1.6597455644356562e+00,
       1.0950439747567616e-03, 4.0183834070915009e-04,
       1.2194078549450462e-03, 1.7875069242447870e+00,
       1.1573130970408159e+00, 1.6290456737080055e+00,
       1.0982158397431295e-03, 3.8509020978051212e-04,
       1.1683055564390271e-03, 1.7882882175357484e+00,
       1.1547805959796982e+00, 1.5833752604734379e+00,
       1.1410278294347264e-03, 3.7492165096470750e-04,
       1.1706014688556005e-03, 1.7955020305402460e+00,
       1.1589884077161439e+00, 1.5834466129374654e+00,
       1.1462355470875860e-03, 3.6298213025611566e-04,
       1.1490402228114828e-03, 1.7874606677015157e+00,
       1.1556138438308445e+00, 1.5694767852710771e+00,
       1.1551951243814987e-03, 3.7964315541621005e-04,
       1.1620674722126816e-03, 1.7872597327034361e+00,
       1.1519846728697676e+00, 1.5368739424253122e+00,
       1.1670659772931222e-03, 3.9122231933561496e-04,
       1.1980085302933435e-03, 1.7998593699074081e+00,
       1.1615564212367884e+00, 1.5586357780012563e+00,
       1.1583425812882896e-03, 4.0804280495190587e-04,
       1.2516304642594801e-03, 1.7966964339497316e+00,
       1.1636156586613329e+00, 1.6456733153348755e+00,
       1.1085966844856725e-03, 4.2114542279155810e-04,
       1.2978891403448765e-03, 1.7757389267555423e+00,
       1.1563384824304355e+00, 1.6689038259826938e+00,
       1.2056366636397765e-03, 4.3323474626351502e-04,
       1.3791741685785918e-03, 1.7813255548541007e+00,
       1.1700166521252855e+00, 1.7674263140785664e+00,
       1.1273794007091967e-03, 4.3530161670297327e-04,
       1.2996090008483214e-03, 1.8058015097412541e+00,
       1.1742107380143803e+00, 1.6970393117024412e+00,
       1.1134789265741935e-03, 4.2798966415602768e-04,
       1.2592859946328882e-03, 1.7973741641628564e+00,
       1.1640936230576844e+00, 1.6621689589360811e+00,
       1.0041749849448943e-03, 3.8685048555323846e-04,
       1.1749302584097359e-03, 1.7031090790107022e+00,
       1.1041702218961293e+00, 1.5337216050707025e+00,
       9.7047877239746856e-04, 3.8516536402414126e-04,
       1.1347550888140918e-03, 1.6218885375128780e+00,
       1.0530716196224372e+00, 1.4423205486690720e+00,
       9.0534772144092645e-04, 3.6849834816268220e-04,
       1.0610378591985545e-03, 1.5270680706665398e+00,
       9.9075765781670999e-01, 1.2965724155080744e+00,
       9.4964542738845150e-04, 3.6418611582065587e-04,
       1.0645450037251797e-03, 1.4520912239686725e+00,
       9.4406649489948591e-01, 1.2449319255152751e+00,
       8.8316401563846782e-04, 3.4193824317655801e-04,
       9.9839730604379777e-04, 1.3630306822481006e+00,
       8.8380305813127669e-01, 1.1146131906541077e+00,
       7.5493950069304133e-04, 3.1624243142517206e-04,
       9.6610034200656446e-04, 1.2981671202611664e+00,
       8.4077434085329195e-01, 9.9891470759339285e-01,
       7.3615360149701650e-04, 2.9592371660182971e-04,
       9.0737656171532431e-04, 1.2782965928122214e+00,
       8.2525020402939875e-01, 9.5583414730779925e-01,
       6.9703263370748676e-04, 2.7222211874146981e-04,
       8.9897948129651311e-04, 1.2233986294539256e+00,
       7.8901564982533368e-01, 8.6865306396911335e-01,
       7.3192615698280895e-04, 2.7458667151754155e-04,
       9.3351385983820462e-04, 1.1911424651358284e+00,
       7.6996977587211490e-01, 8.3553618560568566e-01,
       7.9388498810127682e-04, 2.8392768643758555e-04,
       9.6107769796618101e-04, 1.1710999619097824e+00,
       7.6297119398948066e-01, 8.8201341520322540e-01,
       8.8877828674447832e-04, 2.9118521114529760e-04,
       9.6862607299397696e-04, 1.1619591194998660e+00,
       7.6252670254190325e-01, 9.3042334822906780e-01,
       1.0771039114592397e-03, 3.1004031556218861e-04,
       1.0216260235532369e-03, 1.1544218573002460e+00,
       7.6741463833345769e-01, 1.0044075579252614e+00,
       9.1892826146871946e-04, 2.9063504774611579e-04,
       9.7588325918811680e-04, 1.1707323076722111e+00,
       7.7379612823913069e-01, 9.4439998523378754e-01,
       7.8206713500067221e-04, 2.9081914908598059e-04,
       1.0068806199096901e-03, 1.2015959105416436e+00,
       7.8727019970647927e-01, 8.9085973132001739e-01,
       7.6408836856256405e-04, 2.8365024949477373e-04,
       9.6845508308927278e-04, 1.2447762676473315e+00,
       8.0979190387132949e-01, 8.4719832458077604e-01,
       7.2533950025772921e-04, 2.9196561065811033e-04,
       9.7490848619896599e-04, 1.2747709552699740e+00,
       8.2487089352226661e-01, 8.0824545850959406e-01,
       7.5274588075980957e-04, 3.1396958400856486e-04,
       1.0181437003126978e-03, 1.3472607545899946e+00,
       8.6735506056130529e-01, 8.4633289537714240e-01,
       7.9485021853974299e-04, 3.3222623175923076e-04,
       1.0372752710889584e-03, 1.4433416164629314e+00,
       9.2774415973450086e-01, 9.1493843207699643e-01,
       8.1529712830309459e-04, 3.3673632877606775e-04,
       1.0577173045320885e-03, 1.4817093017152483e+00,
       9.5276397709292548e-01, 9.5487465774806446e-01,
       8.7106115331085112e-04, 3.6590111921337292e-04,
       1.1111616980515996e-03, 1.5365552834548322e+00,
       9.8689040851236087e-01, 1.0401595650100575e+00,
       9.8334782030310851e-04, 4.1182968895355724e-04,
       1.2008720050627395e-03, 1.6266769472960818e+00,
       1.0391787900018072e+00, 1.1945028577274168e+00,
       9.8605192281813153e-04, 3.7569042672732560e-04,
       1.1967999345351881e-03, 1.6401871494620939e+00,
