%YAML:1.0
---
summary: "First calibration test for video C42Finf."
init_cam_calib: res-C99Finf1010_3p_3
camera_matrix: !!opencv-matrix
   rows: 3
   cols: 3
   dt: d
   data: [ 2.5597506339047504e+03, 0., 1.8783468197292293e+03, 0.,
       2.5572291793087174e+03, 1.0855457111393880e+03, 0., 0., 1. ]
dist_coeff: !!opencv-matrix
   rows: 5
   cols: 1
   dt: d
   data: [ 1.3942241069940147e-02, -3.4676161182254361e-02,
       -8.8525223530272631e-04, -1.4271558363624379e-03,
       3.0617225477259983e-02 ]
std_intrinsics: !!opencv-matrix
   rows: 18
   cols: 1
   dt: d
   data: [ 5.2289925058272524e-01, 4.9311979908144060e-01,
       9.0986552454917602e-01, 5.8136054309555885e-01,
       1.0012780405136456e-03, 3.7610204522286611e-03,
       7.2889175208313637e-05, 1.2078184762867495e-04,
       4.0900080685524641e-03, 0., 0., 0., 0., 0., 0., 0., 0., 0. ]
std_extrinsics: !!opencv-matrix
   rows: 702
   cols: 1
   dt: d
   data: [ 7.7586282487855423e-04, 2.8041464678394941e-04,
       9.0316825983336564e-04, 1.4689025601914922e+00,
       9.5405238002617077e-01, 1.1946505505274703e+00,
       7.8142772102750540e-04, 2.7319191560325450e-04,
       9.0392507174790338e-04, 1.4692637213784412e+00,
       9.5522094858983841e-01, 1.2046277122398938e+00,
       7.8626572433944061e-04, 2.6929864579208263e-04,
       8.9569596491469682e-04, 1.4639594626726877e+00,
       9.5107754530805100e-01, 1.1942465231914641e+00,
       7.8407267161305035e-04, 2.6908065996456021e-04,
       8.9290947386541544e-04, 1.4640898418878188e+00,
       9.5108469155009201e-01, 1.1966171797453240e+00,
       7.7468588615637799e-04, 2.8466546191095970e-04,
       8.8439109291003242e-04, 1.4774883834759556e+00,
       9.5896756961738128e-01, 1.2115771332024408e+00,
       7.2112492162386887e-04, 2.7289324868186776e-04,
       8.3353634386519951e-04, 1.4591772095603330e+00,
       9.5069887505384110e-01, 1.2221301989404447e+00,
       7.2973126446992075e-04, 2.6782812245881182e-04,
       8.2565078775808189e-04, 1.4593826514505057e+00,
       9.5098132698857119e-01, 1.2159369575208296e+00,
       7.1904571060833267e-04, 2.8004967079333357e-04,
       8.3138973613172272e-04, 1.4579431522308868e+00,
       9.4842611006116950e-01, 1.2061469064823627e+00,
       6.9915497387083522e-04, 2.7839551893114628e-04,
       8.2585098244199098e-04, 1.4305074419817176e+00,
       9.3158234564055542e-01, 1.1759891879727462e+00,
       6.1918921859279406e-04, 2.6868773497327358e-04,
       7.7465660619594476e-04, 1.4165597668784391e+00,
       9.2442116397278662e-01, 1.1814669595306697e+00,
       6.1030536391679254e-04, 2.6978617146593276e-04,
       7.7638436485067406e-04, 1.4147169617594364e+00,
       9.2224830215900255e-01, 1.1810775405928882e+00,
       6.1140869190934007e-04, 2.7146163018518704e-04,
       7.7197273267321236e-04, 1.4224441609477956e+00,
       9.2767016675998137e-01, 1.1895462970399198e+00,
       6.8946926625078418e-04, 2.8418424788624814e-04,
       8.3630892053333968e-04, 1.4242730637268453e+00,
       9.3415193151588660e-01, 1.2176872617699668e+00,
       8.0050451425749038e-04, 2.5776096666468666e-04,
       8.4435641525422412e-04, 1.4496977281353269e+00,
       9.4300437565071837e-01, 1.1706607520838161e+00,
       8.2270333258239146e-04, 2.5880439862337445e-04,
       8.4485714739695203e-04, 1.4524241783934773e+00,
       9.4341743840748882e-01, 1.1513260375237415e+00,
       8.2737606249704931e-04, 2.7538092992115216e-04,
       8.8142329850332459e-04, 1.4655064283248040e+00,
       9.5368007173808267e-01, 1.1756025337413132e+00,
       8.7565595863216901e-04, 3.0853058898137767e-04,
       1.0045764667600725e-03, 1.4594551571664909e+00,
       9.6265910715769132e-01, 1.3073977173102718e+00,
       7.4741789007812883e-04, 2.8979502512317196e-04,
       8.7954653395881709e-04, 1.4350118813600994e+00,
       9.3663021490441278e-01, 1.2015372506317357e+00,
       6.8857273952656903e-04, 2.6862375682194312e-04,
       8.3690342790249952e-04, 1.3220450349302411e+00,
       8.6496856728081084e-01, 1.0845793351325876e+00,
       6.6963603412131410e-04, 2.5343790482664793e-04,
       7.8643737092886907e-04, 1.1822045803764070e+00,
       7.7564688666195791e-01, 9.4439055444661746e-01,
       5.5541788628019604e-04, 2.1460818517951547e-04,
       7.1938167635260549e-04, 1.0540940813402584e+00,
       6.8996206785377523e-01, 7.6994950521542571e-01,
       4.9335839393815787e-04, 1.8683885023672214e-04,
       6.7766133213818846e-04, 9.8556188745038920e-01,
       6.4215061595923084e-01, 6.6469365202084463e-01,
       6.0058629224559487e-04, 1.9997681435607523e-04,
       7.2433024521415749e-04, 9.4078379980892235e-01,
       6.2260247039062711e-01, 6.9761325090329862e-01,
       6.4501218525507174e-04, 2.0303753093560279e-04,
       7.3115419167459842e-04, 9.4429053783407502e-01,
       6.3035281334888638e-01, 7.2382461660900133e-01,
       5.3215648234401628e-04, 1.9796627634746720e-04,
       7.2020304305138612e-04, 1.0124334251212477e+00,
       6.6464442888814224e-01, 6.5071614193898109e-01,
       5.2114073302886863e-04, 2.1024309012646547e-04,
       7.3187555532102299e-04, 1.0346357716780330e+00,
       6.7779967801873042e-01, 6.3871523097643434e-01,
       5.4935291199310118e-04, 2.3265603756992604e-04,
       7.6261094600681503e-04, 1.1156721737805830e+00,
       7.2423304241579112e-01, 6.7099536557976491e-01,
       5.8111796591734548e-04, 2.3897008030686321e-04,
       7.8057578788155247e-04, 1.1997412095357221e+00,
       7.7741136997417992e-01, 7.2782996078508877e-01,
       6.6119049321306282e-04, 2.7691272671352479e-04,
       8.4286568890755182e-04, 1.2900266254233632e+00,
       8.3394909489493929e-01, 8.4037995883036787e-01,
       6.9622157597236715e-04, 2.7992158474431463e-04,
       8.7773522558930249e-04, 1.3195907310613952e+00,
       8.5214496740772161e-01, 8.5781523902546419e-01,
       7.0490286610298846e-04, 2.6317045523800063e-04,
       8.9504260104406378e-04, 1.3468802385140908e+00,
       8.7238964075245085e-01, 8.5134841180309051e-01,
       7.1921889327845434e-04, 2.6578721756019075e-04,
       9.1026192265345005e-04, 1.3969133923215327e+00,
       9.0532818581977548e-01, 8.8792508886326238e-01,
       7.6255220336912980e-04, 2.6573975827565768e-04,
       9.5286110335976709e-04, 1.4471491555009450e+00,
       9.3793763800022123e-01, 9.4851735201995235e-01,
       7.8864304830887297e-04, 2.7022863341816424e-04,
       9.7860896379440687e-04, 1.4745803819154630e+00,
       9.5561366278569027e-01, 9.7683170533131169e-01,
       7.9273421588064389e-04, 2.7186347579232655e-04,
       9.8669632284805343e-04, 1.4766582894061784e+00,
       9.5698796913360695e-01, 9.8089436305802757e-01,
       7.7710411495804951e-04, 2.6884263929776982e-04,
       9.6570518426024386e-04, 1.4588599862980369e+00,
       9.4532601046241393e-01, 9.6097101935753282e-01,
       6.1326484078302271e-04, 2.8547967648261097e-04,
       1.0386237634195531e-03, 1.4113212163450655e+00,
       9.1832978488494588e-01, 9.3427139511308643e-01,
       7.0896533256732306e-04, 2.6527407964699134e-04,
       9.3180122681065544e-04, 1.3866175157482366e+00,
       9.0103915435875925e-01, 9.2388085760613581e-01,
       7.2197058935250674e-04, 2.8276553304751117e-04,
       9.3045431982568584e-04, 1.3811817277212040e+00,
       8.9791545745204548e-01, 9.1206649226882475e-01,
       7.7426066219677336e-04, 3.4725109233285932e-04,
       1.0289658530569211e-03, 1.3842632015295848e+00,
       9.0486413908269647e-01, 1.0053284396119868e+00,
       5.6055928683638697e-04, 2.5746567647258738e-04,
       9.4615740640195635e-04, 1.3702298424692689e+00,
       8.9233199924444939e-01, 8.8334587510303741e-01,
       5.2275271153312292e-04, 2.6713927437643054e-04,
       9.2376372767701898e-04, 1.3691753662869468e+00,
       8.8954374829618799e-01, 8.6916110664425872e-01,
       5.2369533487406827e-04, 2.6812062563588571e-04,
       9.2661112705008934e-04, 1.3706026831352041e+00,
