%YAML:1.0
---
summary: "Filter by time and points, rd=20, rs=10, sp=5, sf=1."
init_cam_calib: C99-1010_3p_3
camera_matrix: !!opencv-matrix
   rows: 3
   cols: 3
   dt: d
   data: [ 2.5599815633378594e+03, 0., 1.8773979766000980e+03, 0.,
       2.5601858033760514e+03, 1.0845396516963633e+03, 0., 0., 1. ]
dist_coeff: !!opencv-matrix
   rows: 5
   cols: 1
   dt: d
   data: [ 1.6206278845510371e-02, -3.1786946597262736e-02,
       -4.7405342323730262e-04, -1.1385533455554537e-03,
       1.9424110843565084e-02 ]
std_intrinsics: !!opencv-matrix
   rows: 18
   cols: 1
   dt: d
   data: [ 1.2241170944861024e+00, 1.1558204791439031e+00,
       2.0949867460232907e+00, 1.3484427885680312e+00,
       2.3533907423594898e-03, 8.9249097915442485e-03,
       1.6915712471014059e-04, 2.7962565080948907e-04,
       9.7608492408293949e-03, 0., 0., 0., 0., 0., 0., 0., 0., 0. ]
std_extrinsics: !!opencv-matrix
   rows: 696
   cols: 1
   dt: d
   data: [ 1.7562304028056264e-03, 6.4211328655530903e-04,
       2.1119152597107579e-03, 3.3811474392468823e+00,
       2.2074073600765471e+00, 2.7763791582260384e+00,
       1.5986402633310448e-03, 5.9820127329814228e-04,
       2.1604419241275396e-03, 3.3752836491391260e+00,
       2.2064290893036360e+00, 2.8285845886518555e+00,
       1.5219740747757584e-03, 6.4607007061021852e-04,
       2.0816880484715093e-03, 3.3649480953357234e+00,
       2.1959945788864901e+00, 2.6481857647426721e+00,
       1.8692785948859710e-03, 6.5736087905940118e-04,
       2.2393660303346294e-03, 3.3509103907470923e+00,
       2.1912504879927766e+00, 2.9138699322161661e+00,
       2.0138645105869631e-03, 6.4535634795580038e-04,
       1.8949165339526080e-03, 3.3726766512598370e+00,
       2.2145266754088895e+00, 3.0016971303877691e+00,
       1.7378864432209126e-03, 6.4412722262484291e-04,
       2.0716267331186292e-03, 3.3453954336497982e+00,
       2.1940275000200962e+00, 2.9708419173335741e+00,
       1.8152450875523907e-03, 6.2405252849536850e-04,
       1.9255331375694650e-03, 3.3753685785116594e+00,
       2.2039231686668934e+00, 2.8540265117250181e+00,
       1.6172184792242880e-03, 5.8590605220077210e-04,
       1.9187601704426498e-03, 3.3285694689476268e+00,
       2.1806938894531180e+00, 2.6905167283934937e+00,
       1.3519695639728376e-03, 6.0857728887082181e-04,
       1.7594647457982149e-03, 3.2395709735163534e+00,
       2.1301140878973914e+00, 2.6007934386658729e+00,
       1.4358749170218258e-03, 6.5089013043065629e-04,
       1.8370335115295857e-03, 3.2701728088350936e+00,
       2.1408061774913802e+00, 2.9222452295328156e+00,
       1.8068966016181983e-03, 6.3394954230515323e-04,
       1.8385440139950999e-03, 3.2700351245602257e+00,
       2.1456193545885109e+00, 2.9150954753817424e+00,
       1.5765820603388097e-03, 6.6822327787088008e-04,
       1.9469090184828163e-03, 3.2655539605780670e+00,
       2.1448087102981481e+00, 2.8338313638966697e+00,
       1.7998722422258068e-03, 6.5821943567212482e-04,
       2.0807903882537689e-03, 3.3259295307137311e+00,
       2.1889359369148864e+00, 2.9447012042757623e+00,
       2.3192772236454592e-03, 5.5739409446729337e-04,
       2.0077432703959211e-03, 3.3316121242264711e+00,
       2.1853765163181169e+00, 2.8157243495338578e+00,
       1.7481992614248804e-03, 6.0162113249641043e-04,
       1.9755357618425062e-03, 3.3723620542454325e+00,
       2.2057647192958525e+00, 2.6745629992981184e+00,
       2.2780799793275593e-03, 6.5575570300505581e-04,
       2.3631286953076751e-03, 3.3516423954565897e+00,
       2.2046520347846710e+00, 3.0365666149616861e+00,
       1.6718448026372262e-03, 7.5698309028906033e-04,
       2.1626286575789698e-03, 3.3672900439045188e+00,
       2.2174025681328446e+00, 2.8743752445979767e+00,
       1.3851009239291704e-03, 6.2246452473387948e-04,
       1.9918622759871347e-03, 3.1896350504628184e+00,
       2.0987462010539106e+00, 2.5651322247315318e+00,
       1.2121906728242140e-03, 5.7373080233235035e-04,
       1.7443932851216859e-03, 2.8876845381035099e+00,
       1.8956834653311563e+00, 2.1906323400094858e+00,
       1.3462206199487035e-03, 5.5655823191512650e-04,
       1.7744509813041904e-03, 2.5549143421792260e+00,
       1.6765215274417671e+00, 2.1057275243139668e+00,
       1.1360320858642594e-03, 4.4584036306549154e-04,
       1.5340268307577115e-03, 2.3121456470031831e+00,
       1.5187933083448699e+00, 1.6068306781606467e+00,
       1.2062379955712940e-03, 4.2918895914619026e-04,
       1.6083203017537328e-03, 2.2426358617369830e+00,
       1.4696163625298637e+00, 1.5312026368538436e+00,
       1.3614688217630645e-03, 4.6612613060880543e-04,
       1.7240763362195951e-03, 2.1467071429200613e+00,
       1.4393037893846989e+00, 1.6451434509492102e+00,
       1.6382645161159518e-03, 4.6168896792454171e-04,
       1.6768901408618672e-03, 2.2619606430292976e+00,
       1.5100521121223707e+00, 1.7311101023175910e+00,
       1.0421528604165440e-03, 4.5037592425267741e-04,
       1.6882631259619791e-03, 2.3613830646003260e+00,
       1.5453878095878153e+00, 1.4601697245497081e+00,
       1.3295875784691640e-03, 5.4511773813727539e-04,
       1.8359417573304638e-03, 2.5008284875865319e+00,
       1.6379718990929768e+00, 1.5695487627420193e+00,
       1.6094760712259733e-03, 6.7265712047622536e-04,
       1.7086636887911348e-03, 2.6606485248232361e+00,
       1.7386190429572324e+00, 1.7395213166525685e+00,
       1.3872068215631617e-03, 5.8999318596919168e-04,
       1.8976676122095951e-03, 2.8521195685174887e+00,
       1.8583271218955906e+00, 1.8101257448813624e+00,
       1.6298355872798494e-03, 7.0391798878035661e-04,
       2.0817129184017716e-03, 3.0268757277529303e+00,
       1.9639328390051796e+00, 2.2577920376512477e+00,
       1.5434994461910540e-03, 5.7933029723326618e-04,
       1.9797805085584627e-03, 3.0610307572261979e+00,
       1.9905637793659618e+00, 1.9057510149810664e+00,
       1.5698212978124038e-03, 5.5954476675270195e-04,
       2.0852714364283367e-03, 3.1553903653881097e+00,
       2.0584152548471462e+00, 1.9138385591867142e+00,
       1.8203170646775544e-03, 6.4735088164117227e-04,
       2.1828455785122551e-03, 3.2681188614318892e+00,
       2.1265074834685715e+00, 2.1341018624455645e+00,
       1.8650165131974341e-03, 6.5929052114511077e-04,
       2.3341243117342651e-03, 3.3736790601081164e+00,
       2.1994042681395087e+00, 2.3362208229091386e+00,
       1.8674758174005246e-03, 6.7389120523448211e-04,
       2.2155213040702280e-03, 3.4058440853582512e+00,
       2.2218593248237015e+00, 2.3814739181202720e+00,
       1.8076658992618418e-03, 6.1740445434970879e-04,
       2.1325489635629080e-03, 3.3924517257009525e+00,
       2.2105902057092512e+00, 2.2294126271756065e+00,
       1.7606963718569191e-03, 6.0454085788512815e-04,
       2.2342353803774108e-03, 3.3045217426462332e+00,
       2.1522014883466567e+00, 2.0826923215643807e+00,
       1.7445673024710916e-03, 6.3498952571137165e-04,
       2.0681602781308412e-03, 3.2130240114360960e+00,
       2.0983099919598991e+00, 2.0580455211315321e+00,
       1.5413170522084764e-03, 6.0684587763750527e-04,
       2.0297843159437124e-03, 3.1908983659344106e+00,
       2.0915700926834586e+00, 2.1261536530252196e+00,
       1.6780748505612511e-03, 7.1760480591971925e-04,
       2.1220453181584184e-03, 3.1861588869348285e+00,
       2.0783925641445258e+00, 2.1320755371600466e+00,
       1.4697764256459715e-03, 7.0013085814036691e-04,
       2.1920074374575257e-03, 3.1804020535696229e+00,
       2.0917097476090776e+00, 2.2427472182966195e+00,
       1.1303242154115847e-03, 5.9947493123045008e-04,
       2.2308638490083433e-03, 3.1495969084647806e+00,
       2.0593678737467997e+00, 2.0717215744318840e+00,
       1.2397588933044572e-03, 6.4609934074009697e-04,
       2.1778112667581837e-03, 3.1448134374592329e+00,
       2.0502027725513545e+00, 2.1167381188483541e+00,
       1.2108136662482099e-03, 6.0030061119634485e-04,
       2.0762817712633055e-03, 3.1577686265183171e+00,
