%YAML:1.0
---
summary: "Filter by time and points, rd=20, rs=10, sp=5, sf=0."
init_cam_calib: C99-1010_3p_3
camera_matrix: !!opencv-matrix
   rows: 3
   cols: 3
   dt: d
   data: [ 2.5673651441129132e+03, 0., 1.8711485583659835e+03, 0.,
       2.5654348646121857e+03, 1.0832769958682563e+03, 0., 0., 1. ]
dist_coeff: !!opencv-matrix
   rows: 5
   cols: 1
   dt: d
   data: [ 3.6617665524499680e-02, -1.2007306554905021e-01,
       -2.2163721306052816e-04, -1.9331630381966515e-03,
       1.2408634181644418e-01 ]
std_intrinsics: !!opencv-matrix
   rows: 18
   cols: 1
   dt: d
   data: [ 1.1647643232197684e+00, 1.0958393013318064e+00,
       1.9230029121436540e+00, 1.2562973526388035e+00,
       2.1406538644150688e-03, 7.9094253983071957e-03,
       1.5921923516092334e-04, 2.5932971357764146e-04,
       8.5104315089417765e-03, 0., 0., 0., 0., 0., 0., 0., 0., 0. ]
std_extrinsics: !!opencv-matrix
   rows: 696
   cols: 1
   dt: d
   data: [ 1.4952906249824374e-03, 6.1832157340738756e-04,
       2.0148986712264371e-03, 3.0955487672371871e+00,
       2.0563884504278049e+00, 2.5945470170953353e+00,
       1.6464078061354129e-03, 5.4734364667447042e-04,
       1.8082190111865337e-03, 3.0973557056786283e+00,
       2.0560385334214368e+00, 2.5920127876138688e+00,
       1.4848770480163007e-03, 5.2520513486921762e-04,
       1.9215197016716043e-03, 3.0944392123856459e+00,
       2.0618378846439378e+00, 2.5635118585692571e+00,
       1.4693873583346013e-03, 5.2740709339359757e-04,
       1.7159212179005073e-03, 3.0838031302270394e+00,
       2.0522491577215751e+00, 2.5065539468673403e+00,
       1.3214884936380074e-03, 5.8545001709357227e-04,
       1.7947069915972499e-03, 3.0884610894850528e+00,
       2.0542218453097965e+00, 2.5183378584054110e+00,
       1.3537669978974797e-03, 5.4086181571148817e-04,
       1.7011726750024386e-03, 3.0742094882166593e+00,
       2.0468481550300104e+00, 2.5829987049474035e+00,
       1.4426037885428534e-03, 5.8762837158514263e-04,
       1.7663852637263913e-03, 3.0888127425075838e+00,
       2.0580043042527398e+00, 2.6229150565883077e+00,
       1.3939911414028827e-03, 5.6595310008770061e-04,
       1.6642624794609114e-03, 3.0540095297157346e+00,
       2.0346545764089918e+00, 2.4930414173041129e+00,
       1.2657125607055738e-03, 6.0368061231371676e-04,
       1.6621870909317000e-03, 2.9757702062634213e+00,
       1.9817265363305359e+00, 2.5675248178913384e+00,
       1.4194772677306830e-03, 5.6014525977737557e-04,
       1.5522244042005585e-03, 3.0002116145512039e+00,
       1.9970785098632187e+00, 2.6400020962768647e+00,
       1.2966434123342578e-03, 5.7891872006658881e-04,
       1.6369351168377118e-03, 2.9978591344722645e+00,
       1.9963245829159006e+00, 2.5833356780508629e+00,
       1.5842354122978825e-03, 5.7205763279023910e-04,
       1.8454041397358986e-03, 3.0028498462356255e+00,
       2.0098394439844163e+00, 2.8355160238686090e+00,
       1.6646767680526297e-03, 5.9646307470635090e-04,
       1.9924799546437036e-03, 3.0579951661628932e+00,
       2.0401094216175766e+00, 2.7389243304360931e+00,
       1.7965891314991964e-03, 5.1479137672395456e-04,
       1.7009963694077839e-03, 3.0518842554683170e+00,
       2.0346635764076964e+00, 2.5585221672596519e+00,
       1.8572349175891456e-03, 6.0116393119733760e-04,
       1.8349803612996091e-03, 3.0866885589612187e+00,
       2.0581569435872251e+00, 2.6479471522424158e+00,
       1.6964931377130483e-03, 5.8601045274077790e-04,
       1.8672207043334405e-03, 3.0713241295737133e+00,
       2.0566447670501913e+00, 2.6219872002620215e+00,
       1.7092832215895928e-03, 5.9734817922580525e-04,
       1.9177626723228391e-03, 3.0918987411878955e+00,
       2.0629032059051515e+00, 2.6629570472694835e+00,
       1.7255298174377578e-03, 5.7312801225969099e-04,
       2.1913352974756470e-03, 2.9384096784323814e+00,
       1.9608329326499410e+00, 2.5879832712773316e+00,
       1.9025607113965935e-03, 5.5091112411659901e-04,
       1.7847014649215085e-03, 2.6662513712173697e+00,
       1.7793649653570309e+00, 2.3163335871616053e+00,
       1.6529495029658731e-03, 5.0595765947685715e-04,
       1.8285280022952649e-03, 2.3710503982810902e+00,
       1.5847167992449849e+00, 1.8392067967259000e+00,
       1.0715353188766852e-03, 4.2199664730956045e-04,
       1.4550004228114262e-03, 2.1291021314772260e+00,
       1.4156891819028039e+00, 1.5353738269514865e+00,
       1.0790641671971706e-03, 3.9383572210544427e-04,
       1.4811232710920310e-03, 2.0432933950561960e+00,
       1.3648092845730806e+00, 1.4617948918210959e+00,
       1.9406046953776392e-03, 4.4948755083132032e-04,
       1.8428996182212241e-03, 1.9894401036405571e+00,
       1.3673656760358657e+00, 1.7082333920090342e+00,
       1.0479129262283579e-03, 4.2013257058842426e-04,
       1.6132875589341589e-03, 2.0824956952760689e+00,
       1.4040983608573188e+00, 1.4676724397624636e+00,
       1.1868374004014985e-03, 4.3548452893093560e-04,
       1.6133561388370359e-03, 2.1540728512232872e+00,
       1.4399051957779281e+00, 1.3944172677438333e+00,
       1.0876554727134765e-03, 4.6245942693071233e-04,
       1.6044570597481976e-03, 2.3048958338762886e+00,
       1.5252782789702799e+00, 1.4171945028222959e+00,
       1.2712629553296086e-03, 5.1651656919358740e-04,
       1.6367402997398504e-03, 2.4449266542957031e+00,
       1.6202937059337867e+00, 1.4535816116477460e+00,
       1.2829051227897133e-03, 5.2516369035592579e-04,
       1.6238964188487765e-03, 2.6154100440322909e+00,
       1.7310065835201813e+00, 1.6227304314582411e+00,
       1.4441846730357296e-03, 6.1944923984164763e-04,
       1.7790183160094292e-03, 2.7868866711349387e+00,
       1.8381562789389210e+00, 1.9356205766340890e+00,
       1.4996998337912847e-03, 5.5484091266029577e-04,
       1.8698412922589442e-03, 2.8041152820220359e+00,
       1.8533488517419650e+00, 1.9108233190209880e+00,
       1.4542041620226240e-03, 5.3827371456350258e-04,
       1.8640285720188333e-03, 2.8965138703243785e+00,
       1.9192555687878599e+00, 1.8942238170311747e+00,
       1.4704680417458851e-03, 5.4404664922938365e-04,
       1.8988184170452916e-03, 2.9991871460481665e+00,
       1.9895223607277619e+00, 1.9775159502817174e+00,
       1.6113538050299837e-03, 5.4535545954058980e-04,
       2.0774781520533393e-03, 3.0968271308087987e+00,
       2.0496701799109545e+00, 2.0853970130583970e+00,
       1.6280495548771819e-03, 6.0144806195256307e-04,
       1.9600769446343619e-03, 3.1167846440395266e+00,
       2.0673894707146308e+00, 2.1837664252547908e+00,
       1.7251973144314578e-03, 6.1852737475026729e-04,
       2.1233417425310401e-03, 3.1175602944541381e+00,
       2.0654102062258408e+00, 2.2430406710458617e+00,
       1.6292949397447532e-03, 5.9065886867780578e-04,
       2.0175915381385949e-03, 3.0329933171374686e+00,
       2.0054827437436713e+00, 2.0356422482057406e+00,
       1.4438228231201695e-03, 5.4961016972075521e-04,
       1.8708449128809340e-03, 2.9461634449679948e+00,
       1.9525101489663941e+00, 1.9657219937935044e+00,
       1.5937084297209861e-03, 6.1329310492971010e-04,
       2.0187528146492825e-03, 2.9217746149732857e+00,
       1.9370989054605110e+00, 1.9867987861448086e+00,
       1.5052703653014256e-03, 5.8297112227637148e-04,
       2.1184879986470406e-03, 2.9306269809558771e+00,
       1.9414340031651840e+00, 1.9136937105699003e+00,
       1.2837274294177886e-03, 6.0859925918834573e-04,
       2.1166916125182123e-03, 2.9061172095516037e+00,
       1.9458118949013146e+00, 2.0483227379272821e+00,
       1.0849227809535599e-03, 5.7210215782065564e-04,
       1.8190421025448889e-03, 2.8814233869440975e+00,
       1.9139806278036844e+00, 1.9728153676919802e+00,
       1.0730828076748659e-03, 5.5994339729329562e-04,
       1.9381670058871152e-03, 2.8782577698068166e+00,
       1.9111275667010594e+00, 1.8639586956920968e+00,
       1.2320562477043892e-03, 5.8204104734372328e-04,
       2.0330456605183855e-03, 2.9137568806842848e+00,
