%YAML:1.0
---
summary: "Filter by time, rd=10, rs=5."
init_cam_calib: C99-1010_3p_3
camera_matrix: !!opencv-matrix
   rows: 3
   cols: 3
   dt: d
   data: [ 2.5648656599079718e+03, 0., 1.8790673632109078e+03, 0.,
       2.5631265960168093e+03, 1.0859725023402452e+03, 0., 0., 1. ]
dist_coeff: !!opencv-matrix
   rows: 5
   cols: 1
   dt: d
   data: [ 2.2166938702422107e-02, -5.6212705311289482e-02,
       -4.4324012652354372e-04, -1.1685021279735533e-03,
       4.7770309355818844e-02 ]
std_intrinsics: !!opencv-matrix
   rows: 18
   cols: 1
   dt: d
   data: [ 3.8308558005360971e-01, 3.6154478234190729e-01,
       6.6802633900412967e-01, 4.2815915662895143e-01,
       7.2774384660258696e-04, 2.7066710366554806e-03,
       5.4057898683041762e-05, 8.8998652071977269e-05,
       2.9208153708502743e-03, 0., 0., 0., 0., 0., 0., 0., 0., 0. ]
std_extrinsics: !!opencv-matrix
   rows: 1392
   cols: 1
   dt: d
   data: [ 7.9843204044021321e-04, 2.8845808886468775e-04,
       8.6392724421494515e-04, 1.0888463765163008e+00,
       7.1799176981599300e-01, 1.0980263308734610e+00,
       7.9883283244435745e-04, 2.8602290678739802e-04,
       8.5919553854553259e-04, 1.0863846638141901e+00,
       7.1640697266782305e-01, 1.0946622811562479e+00,
       8.0099281594497298e-04, 2.8033602514424168e-04,
       8.5514123847168339e-04, 1.0871270302143707e+00,
       7.1717127957740945e-01, 1.1017400764668766e+00,
       8.0368121558182224e-04, 2.8054745934540158e-04,
       8.5685233234205694e-04, 1.0877468693351822e+00,
       7.1753331111755947e-01, 1.1007826071150726e+00,
       8.0357413278407360e-04, 2.8073612025089444e-04,
       8.5720797422256516e-04, 1.0877485933266291e+00,
       7.1751948513531782e-01, 1.1010625121068678e+00,
       8.0533111238072642e-04, 2.8059512907534413e-04,
       8.5630237859824529e-04, 1.0874001665471271e+00,
       7.1723048536941991e-01, 1.0996230725144795e+00,
       7.9706763805306399e-04, 2.7703826007862998e-04,
       8.4511507626085474e-04, 1.0846476867396171e+00,
       7.1587728206158374e-01, 1.1015992362168388e+00,
       7.9474533336552162e-04, 2.8404616448750016e-04,
       8.4542328130241407e-04, 1.0855573389962438e+00,
       7.1614154912147676e-01, 1.1003501493387795e+00,
       7.6337827124967625e-04, 2.9803644961946758e-04,
       8.0113998197914326e-04, 1.0873474593171448e+00,
       7.1693855784486415e-01, 1.1145720785237401e+00,
       7.3737863836899808e-04, 2.8774903730821073e-04,
       7.8616614373638980e-04, 1.0850044250378217e+00,
       7.1656966028636315e-01, 1.1273814456342151e+00,
       7.2789458107746586e-04, 2.7847930424537741e-04,
       7.7022768468693178e-04, 1.0808545583409770e+00,
       7.1400789955426469e-01, 1.1223784323120634e+00,
       7.3454604121547177e-04, 2.7567239969136201e-04,
       7.7055629375241534e-04, 1.0827092207404727e+00,
       7.1529728461625430e-01, 1.1242251811286574e+00,
       7.4400580764577952e-04, 2.8250375902714065e-04,
       7.7620115555105036e-04, 1.0840962572664046e+00,
       7.1729191880768839e-01, 1.1190760487214078e+00,
       7.3409844399647715e-04, 2.9166323423193279e-04,
       7.7962333192051810e-04, 1.0838715188765597e+00,
       7.1600563700851294e-01, 1.1162623722723042e+00,
       7.3613379545354963e-04, 2.8565998071910972e-04,
       7.8601343095495609e-04, 1.0761968735440999e+00,
       7.1096873828787011e-01, 1.1037103161015089e+00,
       7.1681690947561212e-04, 2.9404732376091817e-04,
       7.7312800197947148e-04, 1.0619396907907042e+00,
       7.0198001403167143e-01, 1.0851293551203720e+00,
       6.7731296783348350e-04, 2.8567277567667117e-04,
       7.3825518829149378e-04, 1.0481272264686785e+00,
       6.9262015748718575e-01, 1.0642029007951002e+00,
       6.3378929761088011e-04, 2.8091916052389260e-04,
       7.1914114725361486e-04, 1.0508858022706071e+00,
       6.9602217287435175e-01, 1.0860903831829887e+00,
       6.1462773022761391e-04, 2.7599880443955079e-04,
       7.0690298157018833e-04, 1.0509071508703085e+00,
       6.9546844437699573e-01, 1.0899937016570687e+00,
       6.1520816405535460e-04, 2.7695827207503053e-04,
       7.1309075924983899e-04, 1.0481622129270367e+00,
       6.9377876848247078e-01, 1.0856478832373555e+00,
       6.1203965677433965e-04, 2.7831381675834046e-04,
       7.1220326610791024e-04, 1.0505357628923202e+00,
       6.9531129181605200e-01, 1.0899212250729651e+00,
       6.1438844814875834e-04, 2.7974671997751287e-04,
       7.0944521520369358e-04, 1.0537121788544692e+00,
       6.9736257380745170e-01, 1.0937463651690360e+00,
       6.2637967280519875e-04, 2.7696681086961783e-04,
       7.2129181556766667e-04, 1.0566854009530071e+00,
       6.9905353739858112e-01, 1.0991333897835953e+00,
       6.9395219540942157e-04, 2.9356045065929802e-04,
       7.8648274580279205e-04, 1.0592745455252626e+00,
       7.0482298229146956e-01, 1.1302226283612273e+00,
       7.3877415747151639e-04, 2.9666635819717836e-04,
       8.4118932551608403e-04, 1.0663931413155372e+00,
       7.1038385873992738e-01, 1.1453046825704405e+00,
       7.8755126898701110e-04, 2.7745416409708938e-04,
       8.0597907891634206e-04, 1.0754272385457615e+00,
       7.0997448445233369e-01, 1.0819254794286897e+00,
       8.2248774658669416e-04, 2.6087738064804132e-04,
       7.8947774788634087e-04, 1.0738427485920008e+00,
       7.1143835791156340e-01, 1.0680828054243552e+00,
       8.4423902758752319e-04, 2.6943742924266228e-04,
       8.1229023528938175e-04, 1.0797973081166949e+00,
       7.1274348111408958e-01, 1.0609951116925735e+00,
       8.3126393365497457e-04, 2.7661586445797847e-04,
       8.1219014272490889e-04, 1.0776701914677678e+00,
       7.1064656839093487e-01, 1.0540093789255280e+00,
       8.3858095096498136e-04, 2.8488505874770935e-04,
       8.3307839627147647e-04, 1.0855716240508018e+00,
       7.1633651637730966e-01, 1.0721333252327925e+00,
       8.3152118838739292e-04, 2.9408650213437270e-04,
       8.6878222982940271e-04, 1.0808927749463200e+00,
       7.1559076394582544e-01, 1.1284247585369171e+00,
       8.6679511573519515e-04, 3.1261317871995176e-04,
       9.6343188263338527e-04, 1.0734876256342551e+00,
       7.2199195548538353e-01, 1.2181099192503690e+00,
       7.9376205222554273e-04, 3.1124986570186554e-04,
       9.0744817032672521e-04, 1.0834514157670325e+00,
       7.2533262070320215e-01, 1.1685392144254119e+00,
       7.9107329165622065e-04, 3.0872059061015162e-04,
       8.6505143476871781e-04, 1.0772836123329914e+00,
       7.1333698036392124e-01, 1.1362863300074677e+00,
       7.3919489648383463e-04, 2.8861484496665071e-04,
       8.3222795145540291e-04, 1.0483920743353423e+00,
       6.9479594141135581e-01, 1.0858644211454742e+00,
       7.0611194041503734e-04, 2.7624417277483375e-04,
       7.9396110092674898e-04, 1.0047577858956773e+00,
       6.6614178237395616e-01, 1.0180310597546027e+00,
       6.8486596950749522e-04, 2.7505730441050586e-04,
       7.5903838701557515e-04, 9.6066505084970022e-01,
       6.3717375654340580e-01, 9.5205744685828697e-01,
       6.6766663458282512e-04, 2.6480117872151805e-04,
       7.3922176318500584e-04, 9.0371427481709965e-01,
       6.0136669071668813e-01, 8.8632488208960580e-01,
       6.5341707149834977e-04, 2.5565099943283164e-04,
       7.0189164678880964e-04, 8.5417950568555712e-01,
       5.6644144359869897e-01, 8.0773161680868932e-01,
       5.9223232683226561e-04, 2.3661735135296921e-04,
       6.5858236076722166e-04, 8.0519206649270081e-01,
       5.3283087905827586e-01, 7.1094076324045385e-01,
       5.2406527241828497e-04, 2.1120908729341500e-04,
       5.9927504672317700e-04, 7.6610166432096327e-01,
       5.0521430540927070e-01, 6.2796310399251898e-01,
       4.9848727889426384e-04, 2.0136577140501610e-04,
       5.9739929125001204e-04, 7.4130707421441655e-01,
       4.8832046804487478e-01, 5.7967012046289257e-01,
       4.9384318280494858e-04, 1.9190818384690593e-04,
       5.9357062693104091e-04, 7.2783997113955801e-01,
