%YAML:1.0
---
summary: "Filter by distance, md=100."
init_cam_calib: C99-1010_3p_3
camera_matrix: !!opencv-matrix
   rows: 3
   cols: 3
   dt: d
   data: [ 2.5603250719154689e+03, 0., 1.8772108223255866e+03, 0.,
       2.5593114292453392e+03, 1.0827305923854394e+03, 0., 0., 1. ]
dist_coeff: !!opencv-matrix
   rows: 5
   cols: 1
   dt: d
   data: [ 1.6426365790963723e-02, -3.6020581785692278e-02,
       -7.3939347906975357e-04, -1.3681503447233452e-03,
       2.3605487472608048e-02 ]
std_intrinsics: !!opencv-matrix
   rows: 18
   cols: 1
   dt: d
   data: [ 3.7234600096239601e-01, 3.4896342455179602e-01,
       6.4772686685404046e-01, 4.0914529530556237e-01,
       6.9306309688054466e-04, 2.5304752624332274e-03,
       5.0041669365729854e-05, 8.5642828935295884e-05,
       2.6932403768352643e-03, 0., 0., 0., 0., 0., 0., 0., 0., 0. ]
std_extrinsics: !!opencv-matrix
   rows: 2634
   cols: 1
   dt: d
   data: [ 1.0472574462185966e-03, 3.8786116660951750e-04,
       1.0976894267688455e-03, 1.0746720053905443e+00,
       7.1261702440416563e-01, 1.3589256755037578e+00,
       1.0581077212922041e-03, 3.8146801229538339e-04,
       1.0968816396624487e-03, 1.0728376679093323e+00,
       7.1162020780651036e-01, 1.3541118017287004e+00,
       1.0512977336255783e-03, 3.8296757300766015e-04,
       1.0969999092914637e-03, 1.0732753252489340e+00,
       7.1210378591187462e-01, 1.3593108712921378e+00,
       1.0546656451722266e-03, 3.7791094331383418e-04,
       1.0960374863328017e-03, 1.0757624461270767e+00,
       7.1376307142166184e-01, 1.3702878483512071e+00,
       1.0626651639346551e-03, 3.7304662882625228e-04,
       1.0943662198471893e-03, 1.0756427549860790e+00,
       7.1399768691894749e-01, 1.3687802304500043e+00,
       1.0512684084967036e-03, 3.6879013955424248e-04,
       1.0715363718028718e-03, 1.0702866909817101e+00,
       7.1143872469784675e-01, 1.3627700309529367e+00,
       1.0484983802011823e-03, 3.7216598521160483e-04,
       1.0681656103799266e-03, 1.0685597058580596e+00,
       7.0933305461948215e-01, 1.3576326053157952e+00,
       1.0436154325727861e-03, 3.8062708277760527e-04,
       1.0698017928804221e-03, 1.0709083491320055e+00,
       7.1075655708287566e-01, 1.3631578845727934e+00,
       1.0119655512192106e-03, 3.9670747566495051e-04,
       1.0347426749481900e-03, 1.0739848447965556e+00,
       7.1281763319972358e-01, 1.3808912528319028e+00,
       1.0062041077499504e-03, 3.9656001277458733e-04,
       1.0112621769068635e-03, 1.0719271451316039e+00,
       7.1223951889566772e-01, 1.3832605288032025e+00,
       9.8951518929617449e-04, 3.9662459977016224e-04,
       9.9991326273220172e-04, 1.0702097112452100e+00,
       7.1102451729594829e-01, 1.3872737991074990e+00,
       9.7041121075649734e-04, 3.7803152942546866e-04,
       9.8380112282190919e-04, 1.0720322927579424e+00,
       7.1128140470366541e-01, 1.3995937724233165e+00,
       9.6360719404188695e-04, 3.7203590972444058e-04,
       9.7181943296610705e-04, 1.0703742107931264e+00,
       7.1037146807834428e-01, 1.3959402529653688e+00,
       9.6680817687879860e-04, 3.6599533819621613e-04,
       9.6549695429104618e-04, 1.0714444724057040e+00,
       7.1048111976484052e-01, 1.3926639504296163e+00,
       9.7885318728028092e-04, 3.6736943910126553e-04,
       9.7056634214136457e-04, 1.0700110628694033e+00,
       7.1322217316088254e-01, 1.3931477727034201e+00,
       9.7479980044537355e-04, 3.8364963159662576e-04,
       9.7797374357834455e-04, 1.0676296886987915e+00,
       7.1147800158758545e-01, 1.3818796452484519e+00,
       9.6825902737154661e-04, 3.8687977394717845e-04,
       9.8174778848406606e-04, 1.0675112201742514e+00,
       7.1038995157765561e-01, 1.3855283938564111e+00,
       9.5513300191414413e-04, 3.8066998219559014e-04,
       9.8308882756959533e-04, 1.0584619715764576e+00,
       7.0344159470293066e-01, 1.3646951143271266e+00,
       9.3877781780071887e-04, 3.8372420886464281e-04,
       9.8278047665323071e-04, 1.0502833087368795e+00,
       6.9803140399010966e-01, 1.3438890261680072e+00,
       9.2965118382662339e-04, 3.8774271063214628e-04,
       9.5968177520351563e-04, 1.0450444367054297e+00,
       6.9498659149857833e-01, 1.3433345753859449e+00,
       8.8315933146072975e-04, 3.7857432450350123e-04,
       9.2135284251558926e-04, 1.0319362531450207e+00,
       6.8646606480249306e-01, 1.3207850217584038e+00,
       8.6077679862063951e-04, 3.7788919106144164e-04,
       9.0593698919072692e-04, 1.0312762636123489e+00,
       6.8652154742325955e-01, 1.3236919148995800e+00,
       8.6032258411231381e-04, 3.7997112227376359e-04,
       9.3488069707807920e-04, 1.0364445031747682e+00,
       6.9108223309452488e-01, 1.3730166649256765e+00,
       8.0365581284977004e-04, 3.6652199907714715e-04,
       8.8474914081322241e-04, 1.0392644738756081e+00,
       6.9186791761435629e-01, 1.3573032192188521e+00,
       8.0771095093599412e-04, 3.6762728349914173e-04,
       8.8905705772547377e-04, 1.0376881767698933e+00,
       6.9151190467589174e-01, 1.3534123885677991e+00,
       8.0537450815482050e-04, 3.6855402258905524e-04,
       8.8506242526637446e-04, 1.0363617914467893e+00,
       6.9010869768846106e-01, 1.3493769308092931e+00,
       8.0519025862460980e-04, 3.6947657333045048e-04,
       8.7837826758125075e-04, 1.0385130650752146e+00,
       6.9143625353131366e-01, 1.3546274358450385e+00,
       8.5267163329393145e-04, 3.7502853270180803e-04,
       9.3486898321107500e-04, 1.0391217452237662e+00,
       6.9277481005498631e-01, 1.3806486173882742e+00,
       9.1253312531877206e-04, 3.8979751824138985e-04,
       9.9113592017451360e-04, 1.0457468577266185e+00,
       7.0119885366611923e-01, 1.4054261554175349e+00,
       9.7814806417311005e-04, 3.9449048743998421e-04,
       1.0783794784633635e-03, 1.0552352249302817e+00,
       7.0813571720648050e-01, 1.4238236887481042e+00,
       9.8859749082231001e-04, 3.9554601060872758e-04,
       1.0706195316246725e-03, 1.0586775540675648e+00,
       7.0822613674251145e-01, 1.4178240374265578e+00,
       1.0106826056367488e-03, 3.9825555765213462e-04,
       1.0893048438484665e-03, 1.0591326226833075e+00,
       7.0718774912863391e-01, 1.4148001881946399e+00,
       1.0244943331363179e-03, 3.9020672978523727e-04,
       1.0821109951052014e-03, 1.0629613700471248e+00,
       7.0804394319342845e-01, 1.3969777211056542e+00,
       1.0359207633480784e-03, 3.8496866062139707e-04,
       1.0695630704723308e-03, 1.0619394670521922e+00,
       7.0622466903649550e-01, 1.3849060367575607e+00,
       1.0401414294826769e-03, 3.7253359257124357e-04,
       1.0253575484082370e-03, 1.0623131437642699e+00,
       7.0453265339657500e-01, 1.3334143855789267e+00,
       1.0236511532738795e-03, 3.6449343425890441e-04,
       9.9743702278419239e-04, 1.0560721764060013e+00,
       7.0029058925387278e-01, 1.3262767744923067e+00,
       1.0794707475547617e-03, 3.6174527350330243e-04,
       1.0284655979447023e-03, 1.0661015615817369e+00,
       7.0716159718959215e-01, 1.3315761640461163e+00,
       1.0804806813531681e-03, 3.5904627054769711e-04,
       1.0235356589111454e-03, 1.0661577757172158e+00,
       7.0854480414043675e-01, 1.3359272514586666e+00,
       1.0810180944217575e-03, 3.5443548921120080e-04,
       1.0118105853908637e-03, 1.0621540468765069e+00,
       7.0736363567805005e-01, 1.3247731231384663e+00,
       1.0854829779949201e-03, 3.4739731711175997e-04,
       1.0025447691382337e-03, 1.0612237488226803e+00,
       7.1005399490536047e-01, 1.3228048753511783e+00,
       1.1055211650207448e-03, 3.4477653315837810e-04,
       1.0041117086865955e-03, 1.0613395786936557e+00,
       7.1134708536845292e-01, 1.3104735219736945e+00,
       1.0904840605803986e-03, 3.4960759964951493e-04,
       9.9918083187738220e-04, 1.0563917411442680e+00,
       7.0484929689639375e-01, 1.2982117753800171e+00,
       1.0975010576027636e-03, 3.5658703967729347e-04,
       1.0144150039499873e-03, 1.0609176743580078e+00,
