%YAML:1.0
---
summary: "Filter by time and points, rd=20, rs=0, sp=5, sf=0."
init_cam_calib: C99-1010_3p_3
camera_matrix: !!opencv-matrix
   rows: 3
   cols: 3
   dt: d
   data: [ 2.5595238232963552e+03, 0., 1.8777777331820216e+03, 0.,
       2.5567606071125342e+03, 1.0839150825836589e+03, 0., 0., 1. ]
dist_coeff: !!opencv-matrix
   rows: 5
   cols: 1
   dt: d
   data: [ 1.0194145637613538e-02, -1.3115686821997501e-02,
       -8.6667182153231197e-04, -1.4138490224170678e-03,
       6.3393159433972415e-04 ]
rvec: !!opencv-matrix
   rows: 117
   cols: 3
   dt: d
   data: [ -3.1104255427695646e+00, -1.4005119856053284e-02,
       -3.5773515781830641e-02, -3.1024159753982317e+00,
       -4.7369577380251479e-03, 3.7420125527430445e-02,
       -3.0794203488920648e+00, -1.3135835492907975e-02,
       1.6486604377217561e-02, -3.0782193112905665e+00,
       -1.7554354035343989e-03, 1.6859770207884966e-02,
       -3.0908882077622235e+00, 1.0213643107349017e-02,
       -9.2405416530189702e-02, -3.0859706738580699e+00,
       -7.5811246829628589e-03, -7.0614853201571862e-02,
       -3.0442758644399763e+00, -4.9551889041506376e-02,
       -1.0289235416762210e-01, -3.0844358732800008e+00,
       -2.0898286248991978e-02, -1.6083234611470471e-01,
       3.1282364904831277e+00, 4.2882020906597649e-03,
       9.6879337261763718e-02, 3.0338613422981764e+00,
       -1.8576959679007247e-02, 7.5303877440760322e-02,
       3.0507539681980367e+00, -4.0447770549331937e-03,
       8.3981480147130819e-02, 3.0253236555412055e+00,
       -1.2784166888677487e-02, 9.2213796769905557e-02,
       3.0570256932061959e+00, 1.2055541432390954e-02,
       1.0446641341394901e-01, -2.9854340052566544e+00,
       -2.6474581752841998e-02, -2.6326716371723957e-02,
       -2.9548026358952941e+00, -3.4000452411919867e-02,
       -7.1642482885496975e-02, -3.0232821049209497e+00,
       -1.3207475530806033e-02, -2.5385778619250531e-02,
       3.0958199270337681e+00, 3.7890731333696470e-02,
       2.0661420057547206e-02, 3.1274909152580794e+00,
       3.7368046149705181e-02, 9.6410989402384586e-02,
       3.1347930180797667e+00, 1.3714424498344389e-02,
       9.5521328725074434e-02, 3.0867080304264163e+00,
       4.7589803751023146e-02, 1.3188981479651984e-01,
       3.1306108911410919e+00, -8.5831855974531759e-02,
       1.0208310833385117e-01, -3.0710214042730417e+00,
       -3.6639997847425020e-02, 1.6342719975112979e-02,
       3.1104696770272087e+00, 6.5983421285042226e-02,
       -1.0609691175228399e-01, 3.0624589464580594e+00,
       -6.1756931637233002e-04, -1.7335586861932742e-01,
       -3.0885285901945703e+00, -3.6950213461184475e-02,
       4.2660122024608188e-01, -3.0780011577390223e+00,
       -4.5073683079955164e-02, 5.9984609658361221e-01,
       -2.9985369018130235e+00, -6.6255506887648488e-02,
       8.5050266791202933e-01, -2.9342297550385461e+00,
       -7.5385736203089540e-02, 8.8736897237924905e-01,
       -2.9094119865682178e+00, -9.7889878210629819e-02,
       1.0596653622081749e+00, -2.9599689071132649e+00,
       -5.5190704885544936e-02, 1.0326017050300891e+00,
       -2.9762564019379485e+00, -7.9504683440025536e-02,
       8.6728809519948857e-01, -2.9664516107953758e+00,
       -8.8041081290032505e-02, 8.4604694995677421e-01,
       -2.9708957605023425e+00, -4.4424607949352893e-02,
       7.4745002796401017e-01, -2.9687296114593575e+00,
       -6.3992736338086414e-02, 7.4067580250141263e-01,
       -2.9837845585717666e+00, -6.0661535567562340e-02,
       7.4074200004154767e-01, -2.9789091395242115e+00,
       -2.2375534217280450e-02, 7.5204914968564918e-01,
       2.9466422904497032e+00, 7.2721770257464666e-02,
       -8.4274245483721111e-01, -2.9728345055513983e+00,
       -1.3316123355388071e-01, 7.1988390001893443e-01,
       -2.9951678349649926e+00, -1.1779333868398711e-01,
       7.8660417346404066e-01, 2.8788135436580418e+00,
       1.9194089601267611e-03, -8.1497585020041496e-01,
       2.8887597190875027e+00, 2.2762166095066920e-02,
       -8.0687214282968989e-01, 2.9504580753717442e+00,
       1.3518387288434217e-02, -8.1253115082427929e-01,
       2.9592272087822185e+00, -2.3011876594201930e-03,
       -7.9671621100734602e-01, 2.9514877591233262e+00,
       -1.6179971306116449e-03, -7.9339359241897534e-01,
       2.9497745267995814e+00, 5.9301874732309986e-03,
       -8.0103663208186715e-01, 2.9576661602562084e+00,
       1.9692136042159702e-02, -8.8366987566782251e-01,
       2.9801343622302836e+00, -2.2496990128172210e-02,
       -7.8226645725376087e-01, 2.9653947844849502e+00,
       9.0454063390863745e-02, -8.6790423907363623e-01,
       2.9885995746051424e+00, -2.0245469029169127e-02,
       -7.4042256997068945e-01, 2.8969484088864874e+00,
       7.2449226629925298e-02, -8.5626310262662875e-01,
       2.9804580215519869e+00, 4.2772578225897979e-02,
       -8.6129256141323163e-01, 2.9403490312670346e+00,
       -1.5629516900605399e-02, -1.0824099817791719e+00,
       -2.8454907309691220e+00, -1.7907977309757458e-02,
       1.3100353544896581e+00, -2.8106622612840542e+00,
       1.7964172581369675e-02, 1.3633459139351929e+00,
       -2.8261797008989111e+00, 6.4926578410039168e-02,
       1.3547274659678672e+00, 2.6918811030402900e+00,
       2.7339918453345123e-02, -1.5349346920766160e+00,
       2.6642158325747669e+00, 9.7055430836500214e-03,
       -1.5634544571310980e+00, 2.6167633513488928e+00,
       -8.9060107722860344e-03, -1.6717103971632472e+00,
       2.6322473298773224e+00, -1.5825830119582506e-02,
       -1.6714075529038426e+00, -2.6472491312428001e+00,
       2.3700780443342322e-02, 1.6586446668563581e+00,
       -2.5688114704720038e+00, -1.1783839784799401e-01,
       1.5884335622281693e+00, -2.6080128979762605e+00,
       -1.0336224002830398e-01, 1.6631967848375377e+00,
       2.6360128045935465e+00, 1.3938416783633197e-02,
       -1.6296036987067724e+00, 2.5816131342895239e+00,
       -7.2610466143913463e-02, -1.5876222220319469e+00,
       -2.6494120757240056e+00, -2.7329644865954832e-02,
       1.6227993524567395e+00, -2.6371463544931313e+00,
       2.2731902237301076e-02, 1.6308894361772608e+00,
       -2.6459179043859447e+00, 3.5297514316181167e-02,
       1.5988928869676822e+00, 2.6381463579982007e+00,
       1.2658156521882650e-02, -1.6385195128232568e+00,
       2.7804737494939733e+00, -4.2454364927445185e-02,
       -1.3948726786466066e+00, 2.8844112054989273e+00,
       2.8887566271037526e-02, -1.1925770599273071e+00,
       2.9817151654603808e+00, -8.9114973242867837e-02,
       -7.9594005716724714e-01, 2.9856765754142320e+00,
       -2.8791479180469391e-02, -5.8126441529924455e-01,
       3.0350674372879434e+00, -3.5590395934799089e-02,
       -2.2625863801723950e-01, 2.9859301232272637e+00,
       6.2713608906026563e-02, -2.7190321162487857e-01,
       3.1206426234763609e+00, 8.6327042781840797e-03,
       -2.0241039803532343e-01, 3.0014979802221307e+00,
       5.7248414977142434e-02, -7.1342179919472759e-01,
       2.8802365420775091e+00, -4.5562609916331265e-02,
       -1.1430171645073131e+00, 2.9956739528486818e+00,
       -6.5519247770372616e-02, -5.9596759540433297e-01,
       -3.1039436252330761e+00, 1.3821852616786182e-02,
       -5.7902913540648138e-02, -3.0370653831145709e+00,
       -2.5166729744918580e-02, -1.6221103845275414e-01,
       -3.0250159395887537e+00, 5.0650462390798567e-02,
       -4.0507962169916645e-01, -3.0064612717687482e+00,
       3.2741924773338246e-02, -5.4122005766759584e-01,
       -3.0266476693845723e+00, 4.9024725224438660e-02,
       -4.9339844827459245e-01, -3.0615557715083588e+00,
       3.6635441311183278e-02, -4.9627637835809875e-02,
       -3.0699968202030301e+00, 1.3167945753918492e-03,
       -1.5352220071628903e-01, -3.0621363786626956e+00,
       7.0438972323970455e-03, -1.5880681432775584e-01,
       -3.0397007856953868e+00, 3.5283135078147711e-02,
       -1.5714388189913980e-01, -3.0104448201094849e+00,
       3.2857811298812087e-02, -1.5286928731534671e-01,
