%YAML:1.0
---
summary: "Filter by time, rd=20, rs=15."
init_cam_calib: C99-1010_3p_3
camera_matrix: !!opencv-matrix
   rows: 3
   cols: 3
   dt: d
   data: [ 2.5671962195528649e+03, 0., 1.8699276805007555e+03, 0.,
       2.5636746741695201e+03, 1.0835348204992456e+03, 0., 0., 1. ]
dist_coeff: !!opencv-matrix
   rows: 5
   cols: 1
   dt: d
   data: [ 2.9445295854563562e-02, -8.5651741099375817e-02,
       -2.1986215446196124e-04, -2.5266472146434310e-03,
       7.9889220829620841e-02 ]
std_intrinsics: !!opencv-matrix
   rows: 18
   cols: 1
   dt: d
   data: [ 5.2331073360420921e-01, 4.9232531527371581e-01,
       9.0412088259982848e-01, 5.8336854348896838e-01,
       9.8012042701523102e-04, 3.6219695321446331e-03,
       7.3469652050378478e-05, 1.2078428794933805e-04,
       3.8859853445585737e-03, 0., 0., 0., 0., 0., 0., 0., 0., 0. ]
std_extrinsics: !!opencv-matrix
   rows: 696
   cols: 1
   dt: d
   data: [ 7.8199004186632886e-04, 2.7474591560737075e-04,
       8.9816217350160196e-04, 1.4549537901845309e+00,
       9.5516127414654439e-01, 1.1942614550580066e+00,
       7.8696818747007080e-04, 2.6952410132373861e-04,
       8.9631950911639338e-04, 1.4566266351602586e+00,
       9.5603730121665431e-01, 1.2002767723103178e+00,
       7.8854804546064081e-04, 2.6953895691953807e-04,
       8.9588987238999344e-04, 1.4561121025824075e+00,
       9.5570831987991278e-01, 1.1993710012610261e+00,
       7.7824825377225727e-04, 2.7305066320680376e-04,
       8.8603584514099719e-04, 1.4537576475945495e+00,
       9.5471737293565839e-01, 1.1991469929280083e+00,
       7.2473549009374641e-04, 2.7739703375222077e-04,
       8.3661082619333890e-04, 1.4521757022629986e+00,
       9.5525112395368761e-01, 1.2235949171493956e+00,
       7.2267217591043980e-04, 2.6668894136345448e-04,
       8.2355866556246783e-04, 1.4469387483606981e+00,
       9.5294945279390308e-01, 1.2226682987951347e+00,
       7.2109492485968399e-04, 2.8138712315136684e-04,
       8.2790404633644452e-04, 1.4520194434465294e+00,
       9.5393093099257320e-01, 1.2090125658296180e+00,
       7.0498969424146471e-04, 2.8324712605167456e-04,
       8.2513647942706670e-04, 1.4224075352978900e+00,
       9.3623078514613389e-01, 1.1804005802324418e+00,
       6.2724714106008759e-04, 2.7168234519169004e-04,
       7.7518913293238333e-04, 1.4075123489654926e+00,
       9.2838808798147843e-01, 1.1821587433078744e+00,
       6.1067682626253820e-04, 2.6831448552697813e-04,
       7.7345132454784528e-04, 1.4037149830101914e+00,
       9.2435384503202023e-01, 1.1822889762564763e+00,
       6.0952722076700104e-04, 2.7102085778173677e-04,
       7.6739334946768808e-04, 1.4114451048324061e+00,
       9.2996138424553676e-01, 1.1897800653946786e+00,
       6.8264731342544162e-04, 2.8303160477431721e-04,
       8.3248488464469754e-04, 1.4178909301783580e+00,
       9.3851635194561311e-01, 1.2232025620944804e+00,
       7.7159802920912879e-04, 2.6785098694874455e-04,
       8.5053256287230007e-04, 1.4393182805615854e+00,
       9.4678836748761885e-01, 1.1814813837580420e+00,
       8.2471037645873515e-04, 2.6026905142408215e-04,
       8.5152748573758203e-04, 1.4455646457579949e+00,
       9.4914147827555240e-01, 1.1618202762157179e+00,
       8.1893760288102532e-04, 2.7486756780239368e-04,
       8.7081189750167582e-04, 1.4534989502197158e+00,
       9.5523918389969809e-01, 1.1726499032059845e+00,
       8.4494475972417846e-04, 3.0112944889247682e-04,
       9.9368730403438994e-04, 1.4319220544248403e+00,
       9.5632358522719885e-01, 1.3060031090395983e+00,
       7.7366066292462244e-04, 2.9670698889402996e-04,
       9.0359548913418399e-04, 1.4418097150445284e+00,
       9.5031116091700107e-01, 1.2287725852496876e+00,
       6.9459591107927452e-04, 2.6635022114689289e-04,
       8.4415769045127103e-04, 1.3442579623597901e+00,
       8.8796233504480848e-01, 1.1135958685131278e+00,
       6.5748958606705852e-04, 2.5502564303415319e-04,
       7.9346317181916740e-04, 1.2061280846942237e+00,
       7.9963326059603435e-01, 9.7867105872319338e-01,
       5.8662504266407888e-04, 2.2795067085950717e-04,
       7.2824903942932443e-04, 1.0718701863023776e+00,
       7.0880379608479493e-01, 8.0856418421113829e-01,
       4.9837516836242492e-04, 1.9311546327695610e-04,
       6.7683760038029638e-04, 9.8847350583783711e-01,
       6.5056270131254290e-01, 6.8096396320310859e-01,
       5.3169427014142180e-04, 1.9249472396046173e-04,
       7.0689812373961965e-04, 9.5079532075046769e-01,
       6.2880000737365171e-01, 6.5394685377220130e-01,
       7.4252398981365989e-04, 2.1017327277356745e-04,
       7.5461038368630599e-04, 9.2860383921376333e-01,
       6.2895897235253651e-01, 7.5314659272363627e-01,
       5.7087259975241217e-04, 2.0187221909496368e-04,
       7.3657189141425620e-04, 9.9587238569449910e-01,
       6.6225219494901033e-01, 6.8003392147665032e-01,
       5.1814130799495751e-04, 2.0513083463907116e-04,
       7.2817425621742168e-04, 1.0249062721897648e+00,
       6.7636516398578661e-01, 6.3432660860574530e-01,
       5.4863688161538326e-04, 2.2918742866403005e-04,
       7.5212067515217278e-04, 1.0945979859877668e+00,
       7.1698003148610912e-01, 6.6144666249521755e-01,
       5.6827537611552374e-04, 2.3679800786878332e-04,
       7.6747203255477848e-04, 1.1700798139552919e+00,
       7.6573163962152113e-01, 7.0999064886647112e-01,
       6.4088926529842045e-04, 2.6844401969800755e-04,
       8.3066827692353858e-04, 1.2602860753806719e+00,
       8.2360397370760385e-01, 8.1780166652041464e-01,
       6.9860489729418255e-04, 2.9092518497235919e-04,
       8.7643579685026595e-04, 1.3058380311085696e+00,
       8.5120471278937304e-01, 8.9501752404974388e-01,
       6.9869965063027318e-04, 2.6108970993993165e-04,
       8.7800438750204081e-04, 1.3242065829622034e+00,
       8.6553266120101136e-01, 8.4157493829831198e-01,
       7.0766533905607782e-04, 2.6348325829161424e-04,
       8.8512680011804308e-04, 1.3728710116029059e+00,
       8.9801777684411044e-01, 8.7087388677329791e-01,
       7.5150999711426142e-04, 2.6633814439597393e-04,
       9.4220035215301749e-04, 1.4237498706021452e+00,
       9.3200022890084266e-01, 9.3820819290214175e-01,
       7.8687337790839837e-04, 2.6976364322840485e-04,
       9.7534608168593599e-04, 1.4633463441889116e+00,
       9.5769758354108769e-01, 9.8105613339119146e-01,
       7.9189896520502102e-04, 2.7160826360871066e-04,
       9.8333411162927179e-04, 1.4672405938428510e+00,
       9.6028538496708804e-01, 9.8603959304587285e-01,
       7.8333376343972939e-04, 2.6985739926300078e-04,
       9.7008004145001520e-04, 1.4555267665956011e+00,
       9.5248414662736536e-01, 9.7134879575969635e-01,
       5.9370942927910325e-04, 2.8624276252263312e-04,
       1.0555389316033617e-03, 1.4099979516152243e+00,
       9.2259795279083223e-01, 9.1805834664875330e-01,
       7.0138561463406370e-04, 2.6333874435273267e-04,
       9.2055996381216532e-04, 1.3720540172268978e+00,
       9.0005470319815062e-01, 9.1904489647122090e-01,
       7.1674532074747542e-04, 2.7499405645083124e-04,
       9.2340540564951276e-04, 1.3765011213735840e+00,
       9.0270148273965134e-01, 9.1124111923588980e-01,
       6.4480539740488572e-04, 3.0901181346529446e-04,
       1.0230549804622565e-03, 1.3649990411564965e+00,
       8.9726674306132437e-01, 9.2318527984105869e-01,
       6.1823006350126295e-04, 2.7817591273185014e-04,
       9.7496460988863594e-04, 1.3689535241149884e+00,
       9.0203754385651180e-01, 9.2473055956053463e-01,
       5.2637816195389678e-04, 2.6334815293382359e-04,
       9.2791986792282327e-04, 1.3627780495048691e+00,
       8.9432502138432080e-01, 8.8090389094658028e-01,
       5.2278320334677526e-04, 2.6498980557539505e-04,
       9.1889902675197611e-04, 1.3605757054738166e+00,
       8.9232890469181358e-01, 8.7441990466194652e-01,
       5.2501650032149962e-04, 2.6786730390350005e-04,
       9.2962047750701118e-04, 1.3659288080146992e+00,
