%YAML:1.0
---
summary: "Filter by distance, md=250."
init_cam_calib: C99-1010_3p_3
camera_matrix: !!opencv-matrix
   rows: 3
   cols: 3
   dt: d
   data: [ 2.5620411041949396e+03, 0., 1.8749286897482525e+03, 0.,
       2.5606623012780392e+03, 1.0818406559988218e+03, 0., 0., 1. ]
dist_coeff: !!opencv-matrix
   rows: 5
   cols: 1
   dt: d
   data: [ 2.0557415921373723e-02, -5.5257019392604266e-02,
       -2.4764384921196288e-04, -1.5662241391622743e-03,
       5.0782711198171709e-02 ]
std_intrinsics: !!opencv-matrix
   rows: 18
   cols: 1
   dt: d
   data: [ 6.3413179177733081e-01, 5.9413617824319709e-01,
       1.1171838685147490e+00, 7.0509058254251489e-01,
       1.2075604136691964e-03, 4.4183280360382843e-03,
       8.6190902195688328e-05, 1.4873476381934252e-04,
       4.7218348703630076e-03, 0., 0., 0., 0., 0., 0., 0., 0., 0. ]
std_extrinsics: !!opencv-matrix
   rows: 960
   cols: 1
   dt: d
   data: [ 1.1096922515076251e-03, 4.0490476581236766e-04,
       1.2477364601238756e-03, 1.8107520191210948e+00,
       1.1663686888942653e+00, 1.6103525388681212e+00,
       1.1334783860608374e-03, 3.8627459717485729e-04,
       1.2395443766804281e-03, 1.8053813248027026e+00,
       1.1634374705533115e+00, 1.6088780087125232e+00,
       1.0976888113819355e-03, 4.0311380087560734e-04,
       1.2145645005778509e-03, 1.8062793824568988e+00,
       1.1641613159039366e+00, 1.6171199347013390e+00,
       1.0420436810552763e-03, 4.1249138798534374e-04,
       1.1538802599082470e-03, 1.8047534065913160e+00,
       1.1637502415717655e+00, 1.6418555043071639e+00,
       1.0142246839689704e-03, 3.8634986967066927e-04,
       1.1232219673001842e-03, 1.7948208853779697e+00,
       1.1592170162981890e+00, 1.6474029259165255e+00,
       1.0183951726426446e-03, 3.9913674322349590e-04,
       1.1484920576462182e-03, 1.7860354631216433e+00,
       1.1532951078714968e+00, 1.6165748676188954e+00,
       9.9051412364909125e-04, 4.0601093252245189e-04,
       1.1201257948495597e-03, 1.7613330769015070e+00,
       1.1381326678522830e+00, 1.5880605210357062e+00,
       9.1965038705992745e-04, 3.9867785384396125e-04,
       1.0848461487488472e-03, 1.7350084914468411e+00,
       1.1235284484617012e+00, 1.6006044544098752e+00,
       9.7204206268906043e-04, 4.0836324113167612e-04,
       1.1439853104466705e-03, 1.7596939031052792e+00,
       1.1438329307682014e+00, 1.6514156479425972e+00,
       1.0498523346833739e-03, 4.1376742829748520e-04,
       1.2256776612105970e-03, 1.7768129885833892e+00,
       1.1550416787741495e+00, 1.6673900223796498e+00,
       1.0865290672045470e-03, 4.0861783218339306e-04,
       1.2355432602677559e-03, 1.7870996447070346e+00,
       1.1577053753954325e+00, 1.6453624585693833e+00,
       1.1027669648981516e-03, 3.9026605695807178e-04,
       1.1775479897384734e-03, 1.7875940966741013e+00,
       1.1538995156759702e+00, 1.5841003762145760e+00,
       1.1432632674145582e-03, 3.7910044947907299e-04,
       1.1781635341648819e-03, 1.7930107442135010e+00,
       1.1565104813370048e+00, 1.5834595537160956e+00,
       1.1396308704727913e-03, 3.7055512136201278e-04,
       1.1530814759190201e-03, 1.7846614023938419e+00,
       1.1518121198457680e+00, 1.5713574567130184e+00,
       1.1699362963793103e-03, 3.6165007300301117e-04,
       1.1509928481511251e-03, 1.7864399374343061e+00,
       1.1544259488458426e+00, 1.5605860557302091e+00,
       1.1613132242142953e-03, 3.7393875550918645e-04,
       1.1609691250711695e-03, 1.7865422953832477e+00,
       1.1518855851113126e+00, 1.5536784899534488e+00,
       1.1520575368501621e-03, 3.8785231614536450e-04,
       1.1766318057987463e-03, 1.7905502177155890e+00,
       1.1539363741639028e+00, 1.5521054462310719e+00,
       1.1824344898882320e-03, 4.0330725431824712e-04,
       1.2420009604902991e-03, 1.7993124032228300e+00,
       1.1629857073990058e+00, 1.6218434020879702e+00,
       1.1133516609117893e-03, 4.1316359126618079e-04,
       1.2487373369812981e-03, 1.7883076482576712e+00,
       1.1594715460490128e+00, 1.6681243773968069e+00,
       1.1118798858816689e-03, 4.2255676082099229e-04,
       1.3007930983620518e-03, 1.7741222384568642e+00,
       1.1545078131061781e+00, 1.6726073340416914e+00,
       1.2095794198861722e-03, 4.3470218823907811e-04,
       1.3823414619142608e-03, 1.7797476625832667e+00,
       1.1682276810352208e+00, 1.7714255235571990e+00,
       1.1310439543766894e-03, 4.3691894737480394e-04,
       1.3026084294863985e-03, 1.8041282430364374e+00,
       1.1723815175095833e+00, 1.7011702827286332e+00,
       1.1170528042425427e-03, 4.2958789823657257e-04,
       1.2620347767571445e-03, 1.7956950375128142e+00,
       1.1622566778012453e+00, 1.6661994358132055e+00,
       1.0070327445781172e-03, 3.8818265092201127e-04,
       1.1772473887821540e-03, 1.7015316612455440e+00,
       1.1023975642852055e+00, 1.5370180516646332e+00,
       9.7344776666046450e-04, 3.8656286671785039e-04,
       1.1367884271304889e-03, 1.6204002059628739e+00,
       1.0514059737394494e+00, 1.4454911188374417e+00,
       9.0807133982319496e-04, 3.6986382335519723e-04,
       1.0627838267386219e-03, 1.5256612791181960e+00,
       9.8920337201011010e-01, 1.2993696173164939e+00,
       9.5253943915470226e-04, 3.6557957620736545e-04,
       1.0663014686298049e-03, 1.4507911694713163e+00,
       9.4260522221275456e-01, 1.2476178146364503e+00,
       8.8576818696890238e-04, 3.4325061193437749e-04,
       9.9971728051627298e-04, 1.3618049194134569e+00,
       8.8243037709400840e-01, 1.1169085919733677e+00,
       7.5685899210316742e-04, 3.1746424144075031e-04,
       9.6731801039629569e-04, 1.2969743372686189e+00,
       8.3946573129701840e-01, 1.0007251620356725e+00,
       7.3803041549945503e-04, 2.9708196050654549e-04,
       9.0844042943255456e-04, 1.2770944056267637e+00,
       8.2396409644109891e-01, 9.5744168640585081e-01,
       6.9882636212345865e-04, 2.7326851171916722e-04,
       9.0010058632883458e-04, 1.2222377053848021e+00,
       7.8778289247883104e-01, 8.7012916742120094e-01,
       7.3390742017039946e-04, 2.7561978142313828e-04,
       9.3496050118353085e-04, 1.1900030381423605e+00,
       7.6877866024781172e-01, 8.3695851666898546e-01,
       7.9631208463176576e-04, 2.8499460759978142e-04,
       9.6225207458360148e-04, 1.1699867533270008e+00,
       7.6180348935123743e-01, 8.8376864233896701e-01,
       8.9150891091900847e-04, 2.9228124776858931e-04,
       9.6981811432898725e-04, 1.1608708364210250e+00,
       7.6138115464723310e-01, 9.3241352095773000e-01,
       1.0805137543395600e-03, 3.1121181850095802e-04,
       1.0230928378465903e-03, 1.1534138514331198e+00,
       7.6635041745253241e-01, 1.0067239251545852e+00,
       9.2177820328305526e-04, 2.9162140853506330e-04,
       9.7714429778359216e-04, 1.1695623724659485e+00,
       7.7264978051499367e-01, 9.4643469550877135e-01,
       7.8448134457680856e-04, 2.9184223932568254e-04,
       1.0082450314270516e-03, 1.2003573977846893e+00,
       7.8606764464947365e-01, 8.9278223894401343e-01,
       7.6625188762511221e-04, 2.8460333591399776e-04,
       9.7009659291103856e-04, 1.2434618729005738e+00,
       8.0854317261261144e-01, 8.4889414479233039e-01,
       7.2728630319346518e-04, 2.9285241337667747e-04,
       9.7678763635459880e-04, 1.2734168358510367e+00,
       8.2358960995060981e-01, 8.0967327297781055e-01,
       7.5472133840893550e-04, 3.1483797172076591e-04,
       1.0203453557209212e-03, 1.3458711963040173e+00,
       8.6601475194647659e-01, 8.4785274170234903e-01,
       7.9700482963083671e-04, 3.3311167793439577e-04,
       1.0396239164772751e-03, 1.4418764471636243e+00,
       9.2631936975307916e-01, 9.1673217528915973e-01,
       8.1753094981573151e-04, 3.3764004536124108e-04,
       1.0602049080155711e-03, 1.4802318199224798e+00,
       9.5134992018782905e-01, 9.5676097199093080e-01,
       8.7342461384751734e-04, 3.6684640191500951e-04,
       1.1138457308911365e-03, 1.5350548708151956e+00,
