%YAML:1.0
---
summary: "Filter by time, rd=15, rs=10."
init_cam_calib: C99-1010_3p_3
camera_matrix: !!opencv-matrix
   rows: 3
   cols: 3
   dt: d
   data: [ 2.5700985538458826e+03, 0., 1.8781324225563912e+03, 0.,
       2.5672071416351178e+03, 1.0867817578084871e+03, 0., 0., 1. ]
dist_coeff: !!opencv-matrix
   rows: 5
   cols: 1
   dt: d
   data: [ 2.4052632096567224e-02, -6.7861413196613027e-02,
       -4.0943578305446262e-04, -1.4720728311371192e-03,
       6.3748510884427220e-02 ]
std_intrinsics: !!opencv-matrix
   rows: 18
   cols: 1
   dt: d
   data: [ 4.4952153081656482e-01, 4.2396993797746468e-01,
       7.8297644091430474e-01, 5.0219601971584260e-01,
       8.6195746284357055e-04, 3.2373640406393816e-03,
       6.3297200298300949e-05, 1.0427342030653598e-04,
       3.5286627572374066e-03, 0., 0., 0., 0., 0., 0., 0., 0., 0. ]
std_extrinsics: !!opencv-matrix
   rows: 930
   cols: 1
   dt: d
   data: [ 7.7425286770078591e-04, 2.7379042313394687e-04,
       8.6391247489690998e-04, 1.2674591090865084e+00,
       8.3000437377647340e-01, 1.1200726354040931e+00,
       7.7181064018677929e-04, 2.6741217177540843e-04,
       8.5462794572009311e-04, 1.2651960025069444e+00,
       8.2877837784377373e-01, 1.1253352075006839e+00,
       7.7511144833526636e-04, 2.6686943126590947e-04,
       8.5393079217352332e-04, 1.2640882203752946e+00,
       8.2791403408766606e-01, 1.1209641993755417e+00,
       7.7588730298882799e-04, 2.6764527438602974e-04,
       8.5550840260418442e-04, 1.2655459253245520e+00,
       8.2884136616900594e-01, 1.1233228350568671e+00,
       7.7177887479521162e-04, 2.6361964464249410e-04,
       8.4357718332589014e-04, 1.2591376882292118e+00,
       8.2500352777163910e-01, 1.1180569321542970e+00,
       7.3619923987671115e-04, 2.8438534296033120e-04,
       8.0473231557361558e-04, 1.2658739545529472e+00,
       8.2841011807060738e-01, 1.1356237484253544e+00,
       7.0904384647788976e-04, 2.6989512100679928e-04,
       7.8759637356341588e-04, 1.2606123855193616e+00,
       8.2750009930488455e-01, 1.1492541390821904e+00,
       7.0933608660825331e-04, 2.6378761799163825e-04,
       7.7879001195297346e-04, 1.2583704832521212e+00,
       8.2645854659265039e-01, 1.1466348189504256e+00,
       7.1751298637519106e-04, 2.7481017840776979e-04,
       7.8525183136005767e-04, 1.2637804999555318e+00,
       8.2897526389588994e-01, 1.1373480506929510e+00,
       7.1037213316271937e-04, 2.7310868521521854e-04,
       7.9176452795649431e-04, 1.2526135365226172e+00,
       8.2186018721654053e-01, 1.1249755191294306e+00,
       6.8710736207072112e-04, 2.7570218325899143e-04,
       7.8050390990648956e-04, 1.2351352014199510e+00,
       8.1066868549919424e-01, 1.1048345405333797e+00,
       6.1410218027765494e-04, 2.6899916776455975e-04,
       7.3061253550743251e-04, 1.2231946777987268e+00,
       8.0474917686480518e-01, 1.1082364544200014e+00,
       5.9618378287581931e-04, 2.6499180251429234e-04,
       7.2524248493155852e-04, 1.2267293588216188e+00,
       8.0639009076370471e-01, 1.1184935381106127e+00,
       5.9394211729608916e-04, 2.6673169697198054e-04,
       7.2555635341972028e-04, 1.2227374925959296e+00,
       8.0369341285053919e-01, 1.1121690879597708e+00,
       5.9855480778940747e-04, 2.6796018473401669e-04,
       7.2520690700783195e-04, 1.2282929897988599e+00,
       8.0734114323275619e-01, 1.1184649233193495e+00,
       6.7047382764106309e-04, 2.8066166695989413e-04,
       7.9097471394164902e-04, 1.2324674943952525e+00,
       8.1396123027306022e-01, 1.1495641794859619e+00,
       7.4865435882650927e-04, 2.8039464132812000e-04,
       8.5326165858111707e-04, 1.2513991903610979e+00,
       8.2397893489439622e-01, 1.1459435772275928e+00,
       7.9226835277433128e-04, 2.4949931690565821e-04,
       7.9237305809539403e-04, 1.2494261547462258e+00,
       8.2061180245320442e-01, 1.0928431121316173e+00,
       8.1113374360807585e-04, 2.5597687189316437e-04,
       8.0453842525471007e-04, 1.2539829735964185e+00,
       8.2164255405071507e-01, 1.0788097143309423e+00,
       8.0696666206919276e-04, 2.7223832829362731e-04,
       8.3188349193794215e-04, 1.2632736380900786e+00,
       8.2813537618715460e-01, 1.0970589323846380e+00,
       8.0628465513432189e-04, 2.8405518673476314e-04,
       8.9368077678423036e-04, 1.2565577656309412e+00,
       8.2876057035849904e-01, 1.1584410270745598e+00,
       7.6446643333885720e-04, 2.9708155628506899e-04,
       9.0146184243714911e-04, 1.2597739603995177e+00,
       8.3571888865748767e-01, 1.1869645006044489e+00,
       7.3557857047005463e-04, 2.8727777169101080e-04,
       8.3718308530242173e-04, 1.2392022737447559e+00,
       8.1527218190748074e-01, 1.1308836038426460e+00,
       6.8193604138132747e-04, 2.6391396158893885e-04,
       8.0017891755349393e-04, 1.1686497255603614e+00,
       7.6987365566733335e-01, 1.0416480351724215e+00,
       6.4159316116700409e-04, 2.5868386684687309e-04,
       7.4889991043527689e-04, 1.0838779760476485e+00,
       7.1358509361934686e-01, 9.2827251712944947e-01,
       6.3211917346608166e-04, 2.4423449063283760e-04,
       7.1642945214625607e-04, 9.9097474597394697e-01,
       6.5381091206097952e-01, 8.3538020179569894e-01,
       5.4412163987383562e-04, 2.1236776028280051e-04,
       6.6860240452957609e-04, 9.1178900340456881e-01,
       6.0087630257125957e-01, 7.0826309322157521e-01,
       4.8527199158144478e-04, 1.9203188025150155e-04,
       6.2400730323946337e-04, 8.6020581810574626e-01,
       5.6426569475118737e-01, 6.1818133262685449e-01,
       4.9198603905261143e-04, 1.8704891866514947e-04,
       6.4510741536199102e-04, 8.3802471260658740e-01,
       5.5018539868253347e-01, 5.8654629241346157e-01,
       7.4040571358073765e-04, 2.1412698457608703e-04,
       7.1047109103924543e-04, 8.0764731725651107e-01,
       5.4441661855891899e-01, 7.0013761755211534e-01,
       6.3517320089788974e-04, 2.0060499043335570e-04,
       6.7779036149018127e-04, 8.1854369935784121e-01,
       5.5003512904957430e-01, 6.6191469514411438e-01,
       5.5711185209990561e-04, 1.9949110095458287e-04,
       6.8300058594930504e-04, 8.6634957668233881e-01,
       5.7476677830890577e-01, 6.1406672273580298e-01,
       5.0181637796388348e-04, 1.9914396099798663e-04,
       6.7357067245258826e-04, 8.8197544293594821e-01,
       5.8141037651874539e-01, 5.6962054887695712e-01,
       4.2797387807959201e-04, 2.1119141265592693e-04,
       7.3954484727790037e-04, 9.0830279106450695e-01,
       5.9875067853650754e-01, 5.7947432781289643e-01,
       5.3212399863919772e-04, 2.2616011156816301e-04,
       7.1194372534838556e-04, 9.6334600810747184e-01,
       6.3034161614884310e-01, 6.1481952230205505e-01,
       5.5095813865844632e-04, 2.3032061975916305e-04,
       7.2203326411922526e-04, 1.0168322904961651e+00,
       6.6468293699142678e-01, 6.4979972470503278e-01,
       5.9755884902749706e-04, 2.5033121520895337e-04,
       7.6132447771282044e-04, 1.0689065564711699e+00,
       6.9796008511494401e-01, 7.2135708613760763e-01,
       6.6433905722743808e-04, 2.7979248522767261e-04,
       8.1283353639629837e-04, 1.1269843040894034e+00,
       7.3275032512555160e-01, 8.2754865477745621e-01,
       6.7893033163521962e-04, 2.7328462627319102e-04,
       8.3383821372393237e-04, 1.1404330840920442e+00,
       7.4152785665309862e-01, 7.9941225863639132e-01,
       6.8316390462778488e-04, 2.5541044341322494e-04,
       8.3739364001459381e-04, 1.1517029375480559e+00,
       7.5108348543272074e-01, 7.7475483570792747e-01,
       6.9424059539656879e-04, 2.5827694180209697e-04,
       8.5098938433359470e-04, 1.1862139712515933e+00,
       7.7470540388706377e-01, 8.0248434525817836e-01,
       7.1147147824413763e-04, 2.6049432589743496e-04,
       8.7675505207197402e-04, 1.2150920579789704e+00,
       7.9425236721525627e-01, 8.3543257372588209e-01,
       7.4773515611625341e-04, 2.6084645538265077e-04,
       9.0997552758968726e-04, 1.2493954981944326e+00,
