%YAML:1.0
---
summary: "Filter by time and points, rd=20, rs=10, sp=5, sf=2."
init_cam_calib: C99-1010_3p_3
camera_matrix: !!opencv-matrix
   rows: 3
   cols: 3
   dt: d
   data: [ 2.5636300280666414e+03, 0., 1.8771156570528638e+03, 0.,
       2.5618147250938500e+03, 1.0815970071920390e+03, 0., 0., 1. ]
dist_coeff: !!opencv-matrix
   rows: 5
   cols: 1
   dt: d
   data: [ 1.6408309453190571e-02, -3.2333710111721946e-02,
       -9.7211072506972896e-04, -1.4272182248820692e-03,
       1.8240168234034161e-02 ]
rvec: !!opencv-matrix
   rows: 116
   cols: 3
   dt: d
   data: [ -3.1029614569430595e+00, -8.6628884538705389e-03,
       -1.4830078193134181e-03, -3.0820786912972493e+00,
       -1.6993846849308207e-02, 2.1401155033530225e-02,
       -3.0827384822894803e+00, -7.8290519670502576e-03,
       1.6501492593211001e-02, -3.0727247741953483e+00,
       -7.1227613147069819e-03, 3.0183082898578826e-02,
       -3.1063334888833087e+00, 6.5293899545815659e-02,
       -1.3064671174407305e-01, -3.0691013754687457e+00,
       -2.8780355057269020e-02, -5.5767885403941855e-02,
       -3.0553603839677339e+00, -4.8915059466177212e-02,
       -1.8303288638559145e-01, -3.1039451814542995e+00,
       -4.9075624499378495e-02, -1.1681620181080021e-01,
       3.0608543683950429e+00, 3.0636640175258968e-03,
       1.3024090880085235e-01, 3.0260040200027398e+00,
       -2.9160702824594601e-02, 6.9821042966379809e-02,
       3.0309290987183708e+00, -8.2238579894780822e-03,
       9.1805465002776268e-02, 3.0333180644189102e+00,
       -6.9975213854896034e-03, 7.8403145330899274e-02,
       -3.1158435246576186e+00, -6.0679206058519383e-02,
       -3.9485071625072546e-02, -2.9344988107474563e+00,
       -2.4140254012497087e-02, -3.5336143135081974e-02,
       -3.0175232610210432e+00, -3.3487729058319843e-02,
       -3.2526561521228181e-02, -3.0860012782840092e+00,
       -6.9243680067080527e-03, 6.9184095231720241e-02,
       3.1080554496026620e+00, 1.6484696294038190e-02,
       1.2033261011101450e-01, -3.1362482340692779e+00,
       -3.0023985130448193e-02, -1.9884857989169842e-02,
       3.1174241770267828e+00, -1.6019798029319201e-03,
       1.7367107143655314e-01, 3.1084544784136194e+00,
       2.1849110750939212e-02, 1.5702590544501591e-01,
       -3.0597085775964548e+00, 1.1703853571348401e-01,
       -3.5171986837622633e-02, -3.0794040574662702e+00,
       -1.6701430469607992e-03, 1.2129641256617522e-01,
       3.0380476186770111e+00, 3.2412181240019343e-02,
       -6.8183476716848920e-02, 3.1250557354654571e+00,
       5.8429776693884765e-02, -2.8990533129838342e-01,
       -3.0659114744624882e+00, -5.4586037021948440e-02,
       5.3766063995100599e-01, -3.0239358953495108e+00,
       -9.5198740947083194e-02, 7.5968241300614558e-01,
       -2.9936454763266869e+00, -4.3216284491751182e-02,
       8.8563600881844717e-01, -2.9237148913213415e+00,
       -8.4792452860562403e-02, 9.8034308292238026e-01,
       -2.9048510255616660e+00, -7.8327687142131425e-02,
       1.1116519517338772e+00, -2.9602620395114281e+00,
       -7.4315892238471610e-03, 8.9334923713453951e-01,
       -2.9441313280727806e+00, -9.1043226598267551e-02,
       8.6450942798375985e-01, -2.9750771432090350e+00,
       -6.9444816387304029e-02, 8.0002656814303053e-01,
       -2.9702809056684201e+00, -5.7454033242150905e-02,
       7.3460324354452866e-01, -2.9786527962840692e+00,
       -6.0178487822708723e-02, 7.4152169567984894e-01,
       -2.9868504498073465e+00, -5.4898731696878651e-02,
       7.4554788400570737e-01, -2.9771517682409239e+00,
       -3.0236557836017128e-02, 8.5001863540515221e-01,
       -2.9379332794661712e+00, -1.5927489013445367e-01,
       7.9898729745550512e-01, -2.9652790196026890e+00,
       -1.3801856731116141e-01, 7.5615649884105618e-01,
       -2.9900978077458320e+00, -9.3771978183716687e-02,
       8.5908543007331195e-01, 2.8513566601619913e+00,
       -2.4726595464424399e-02, -8.2096093581895402e-01,
       2.9286667391772165e+00, 1.5429170063189931e-02,
       -7.7362635719063577e-01, 2.9447329253433674e+00,
       8.7059344408757023e-04, -8.3598875161687725e-01,
       2.9713080767125746e+00, 3.8856960531095217e-03,
       -7.9499886006892750e-01, 2.9572376031077532e+00,
       -6.0542037496932365e-03, -7.8765096698917336e-01,
       2.9722523498865576e+00, -6.9113990682974739e-03,
       -8.5050894391842635e-01, 2.9747473206530639e+00,
       -2.1022528195700930e-02, -7.9907529626417029e-01,
       2.9549412186534183e+00, 4.0877590765914198e-02,
       -8.6485199599115925e-01, 2.9735394079126527e+00,
       5.0771226788452778e-02, -7.9075742087703960e-01,
       2.9175698267597445e+00, 1.1709507732397288e-02,
       -7.8685950924844961e-01, 2.8977479125764520e+00,
       1.4061583722194538e-02, -8.6445893779532568e-01,
       2.9743493313777694e+00, 6.5130491069159292e-03,
       -9.6308434378046237e-01, 2.8898590086123055e+00,
       3.5352537932292462e-02, -1.2048037220325041e+00,
       -2.8286359706598807e+00, 7.2956626095814110e-03,
       1.3425550995395374e+00, -2.8103002499541971e+00,
       4.9920373106862016e-02, 1.3458051653263765e+00,
       2.7501962212227213e+00, 3.5949905074813188e-02,
       -1.5161281498234456e+00, 2.6974136656678618e+00,
       -1.2144544039455077e-02, -1.5529197639901255e+00,
       2.6163997715045770e+00, 5.3993326629847287e-02,
       -1.6641086536120491e+00, 2.6288138338622478e+00,
       -3.1557663135077574e-02, -1.6706842254234644e+00,
       2.6210199580462925e+00, -1.4805486513021328e-02,
       -1.6866940091453604e+00, -2.6625834359247267e+00,
       -6.2537667492661472e-02, 1.6115029670924879e+00,
       -2.6151684539337774e+00, -1.0371859992768208e-01,
       1.6120470135593279e+00, -2.6411295343098296e+00,
       -7.8233129951033667e-02, 1.6806193177091688e+00,
       2.5727793283434148e+00, -3.7102724151151803e-02,
       -1.5526695369512851e+00, 2.6763675919455401e+00,
       -1.8307914154559603e-02, -1.6331496094111491e+00,
       2.6539959585430553e+00, -1.8077161935163417e-02,
       -1.6713974612450593e+00, -2.6634933852215910e+00,
       1.9781012684522137e-02, 1.5390403097039576e+00,
       2.6327949478554595e+00, -3.0666959769613780e-02,
       -1.6689422206716262e+00, 2.7105094006201793e+00,
       -1.7696709130751803e-02, -1.4554634086289631e+00,
       2.8161005350116985e+00, -6.6783494772927323e-03,
       -1.2770392465640457e+00, 2.9037949015026583e+00,
       2.9293548317734890e-02, -1.0097986688848934e+00,
       3.0120735443210003e+00, -7.5833326958906933e-02,
       -6.4584307149949749e-01, 3.0058521355011165e+00,
       -2.6966326299986663e-02, -4.2057819931049645e-01,
       2.9937205201264518e+00, -7.7390860159892282e-03,
       -1.3990384754572191e-01, 3.0522081776602081e+00,
       4.4616582361654791e-02, -2.2361279112591567e-01,
       3.0593032018971242e+00, 1.5950661442745800e-02,
       -3.8308722727770905e-01, 2.9733029469251968e+00,
       -3.1732410758730172e-02, -8.6553389207705855e-01,
       2.8762560884854227e+00, -1.4777113555465368e-01,
       -1.0354876280067999e+00, -3.1071810408642344e+00,
       6.2538368585536491e-02, 2.8639826101138129e-02,
       -3.0674593029553145e+00, -1.7650188131876299e-02,
       -4.9306147031284081e-02, -3.0324228641643654e+00,
       4.5777058943989257e-02, -3.5455768253556535e-01,
       -3.0181387126699990e+00, 3.2410101310351595e-02,
       -4.7874086921654346e-01, -3.0000517808979930e+00,
       3.7353652907609176e-02, -5.8550227865967996e-01,
       -3.0658316609928948e+00, 5.1769098269880021e-02,
       -2.0231734780267913e-01, -3.0641459393715125e+00,
       -1.2467519051692951e-05, -1.1889774982241334e-01,
       -3.0676017142219214e+00, -5.5755610371690579e-04,
       -1.3855111988584648e-01, -3.0582182946448206e+00,
       1.3037191374712221e-02, -1.7607422643105947e-01,
       -3.0351949158411755e+00, 2.8425029083836387e-02,
       -1.4978813188332579e-01, -3.0141641297330835e+00,
       2.9394738989805724e-02, -1.6001873977046241e-01,
