%YAML:1.0
---
summary: "Filter by distance, md=200, ds=50."
init_cam_calib: C99-1010_3p_3
camera_matrix: !!opencv-matrix
   rows: 3
   cols: 3
   dt: d
   data: [ 2.5628427597223904e+03, 0., 1.8786597006019410e+03, 0.,
       2.5619750904878906e+03, 1.0828716130542903e+03, 0., 0., 1. ]
dist_coeff: !!opencv-matrix
   rows: 5
   cols: 1
   dt: d
   data: [ 1.7309831964882987e-02, -4.0210546280588746e-02,
       -5.8695016323390993e-04, -1.2823175099447889e-03,
       3.0464137045654607e-02 ]
std_intrinsics: !!opencv-matrix
   rows: 18
   cols: 1
   dt: d
   data: [ 5.3360103676613069e-01, 5.0105046150181132e-01,
       9.3471589551722867e-01, 5.8971442730985768e-01,
       1.0064980423341063e-03, 3.6748998424874649e-03,
       7.1934766230962244e-05, 1.2373069184318258e-04,
       3.9150347728504568e-03, 0., 0., 0., 0., 0., 0., 0., 0., 0. ]
std_extrinsics: !!opencv-matrix
   rows: 1266
   cols: 1
   dt: d
   data: [ 1.0602013927182700e-03, 3.8917115797863566e-04,
       1.1622184223524733e-03, 1.5214171702487369e+00,
       9.8504607940731759e-01, 1.4819923427512018e+00,
       1.0599513781414523e-03, 3.8794264241205715e-04,
       1.1574218192315559e-03, 1.5189376238574082e+00,
       9.8353182393010075e-01, 1.4786923958949993e+00,
       1.0829272051304532e-03, 3.7117884745123495e-04,
       1.1539859178629267e-03, 1.5170448612153269e+00,
       9.8282869846712895e-01, 1.4798735006776165e+00,
       1.0529677672299650e-03, 3.8445803611735472e-04,
       1.1337655168898262e-03, 1.5172016352892017e+00,
       9.8301712943342179e-01, 1.4881836491313056e+00,
       1.0200763138763110e-03, 3.9813007896854379e-04,
       1.0797775591229132e-03, 1.5183042103638993e+00,
       9.8320870422364459e-01, 1.5033121439385027e+00,
       9.7508392177889796e-04, 3.7225809414471301e-04,
       1.0417209303001794e-03, 1.5094853090942180e+00,
       9.7956686392267922e-01, 1.5147889941796722e+00,
       9.6938847277566981e-04, 3.8290835681290214e-04,
       1.0550743592738425e-03, 1.4984316079606608e+00,
       9.7243389491297350e-01, 1.4841678632426492e+00,
       9.5763840891702721e-04, 3.9256689429126545e-04,
       1.0426760943870574e-03, 1.4827294601885519e+00,
       9.6275395900867644e-01, 1.4635091006803111e+00,
       8.9642126565015693e-04, 3.8109783057111210e-04,
       9.9832235017904641e-04, 1.4639822126498960e+00,
       9.5106721083443113e-01, 1.4439910111778271e+00,
       8.7589703207887509e-04, 3.8250339538747072e-04,
       1.0083716059734198e-03, 1.4665795642272745e+00,
       9.5498646242523155e-01, 1.4912334362820414e+00,
       8.2443533115901676e-04, 3.7078042106701141e-04,
       9.6746793930153245e-04, 1.4688073690716557e+00,
       9.5484798649481128e-01, 1.4737247347862286e+00,
       8.2176413972282814e-04, 3.7269758689604870e-04,
       9.5548666342322550e-04, 1.4703738249409328e+00,
       9.5599353475518389e-01, 1.4745535600686261e+00,
       9.2704592214539849e-04, 3.9195600170337236e-04,
       1.0597709877844827e-03, 1.4788051288886728e+00,
       9.6659642416779057e-01, 1.5237023546582360e+00,
       1.0024128393293578e-03, 3.9725534389856637e-04,
       1.1385952202015855e-03, 1.4938202872103392e+00,
       9.7603135856122769e-01, 1.5379216634496078e+00,
       1.0256773097253981e-03, 3.9632230274966600e-04,
       1.1602407212800644e-03, 1.4963868591696918e+00,
       9.7548188501877220e-01, 1.5293442754287079e+00,
       1.0491607300957323e-03, 3.8687798241187081e-04,
       1.1362181320531530e-03, 1.5009073540750066e+00,
       9.7580538572294251e-01, 1.5049302622151812e+00,
       1.0534768129276701e-03, 3.7443417400414008e-04,
       1.0929526880016909e-03, 1.5021981989533670e+00,
       9.7429584540735359e-01, 1.4566015282873006e+00,
       1.0688502727867672e-03, 3.6358165797208868e-04,
       1.0786592351701406e-03, 1.4970389753034286e+00,
       9.7043915299411743e-01, 1.4435847023920316e+00,
       1.0942881378494230e-03, 3.5638690326681327e-04,
       1.0779554877112254e-03, 1.5022146034026684e+00,
       9.7487377332720171e-01, 1.4477421795278824e+00,
       1.0984243707965579e-03, 3.4782629875377354e-04,
       1.0620152029928677e-03, 1.4969969131415812e+00,
       9.7364063197537920e-01, 1.4358411449554094e+00,
       1.1104539385751568e-03, 3.5867855786059005e-04,
       1.0789320724751159e-03, 1.5012372541621444e+00,
       9.7338529403968388e-01, 1.4275609591665228e+00,
       1.1104809985756409e-03, 3.6959776913075474e-04,
       1.0937000929004740e-03, 1.5047847451464718e+00,
       9.7448337371729599e-01, 1.4223562670303305e+00,
       1.1297986701046001e-03, 3.7878129181189319e-04,
       1.1281779897601321e-03, 1.5166675805262779e+00,
       9.8297935737597897e-01, 1.4418907497263898e+00,
       1.1308746771130174e-03, 3.8697382372751858e-04,
       1.1578753548129547e-03, 1.5123613556317423e+00,
       9.8222175557208125e-01, 1.4938791336625354e+00,
       1.0637310277972652e-03, 3.9651369744526731e-04,
       1.1621486603540221e-03, 1.5036868491313491e+00,
       9.7946818107107414e-01, 1.5385344885274879e+00,
       1.0625311042783538e-03, 4.0559716608890581e-04,
       1.2131615977408778e-03, 1.4921037061301241e+00,
       9.7600363824426584e-01, 1.5432036893238354e+00,
       1.1330650284759403e-03, 4.1835852948602585e-04,
       1.2992458224652926e-03, 1.5048623765503111e+00,
       9.9053331098975483e-01, 1.5986077676727011e+00,
       1.1765159251784652e-03, 4.2192153678117334e-04,
       1.3161994412156355e-03, 1.5082991405757502e+00,
       9.9807621875058694e-01, 1.6491562165671925e+00,
       1.0936135110586123e-03, 4.1919484033910880e-04,
       1.2554979053294322e-03, 1.5200013708265472e+00,
       9.9692407072935740e-01, 1.5781199179856598e+00,
       1.0486920415815702e-03, 4.1212073406845438e-04,
       1.1531667127877942e-03, 1.5080968101062509e+00,
       9.8236312500806389e-01, 1.5410666751104047e+00,
       9.9996519503709868e-04, 3.8873635823800338e-04,
       1.1339212925954348e-03, 1.4745969964116674e+00,
       9.5977534082865446e-01, 1.4692608811587233e+00,
       9.4340406296118857e-04, 3.6907504603360321e-04,
       1.0708779553445225e-03, 1.4025592474304724e+00,
       9.1338354365282359e-01, 1.3735516613741303e+00,
       9.2436307493103022e-04, 3.7010253815336717e-04,
       1.0424764075556560e-03, 1.3568210183526701e+00,
       8.8508995568847193e-01, 1.3167324923822306e+00,
       8.7258841828605422e-04, 3.5818235866145792e-04,
       9.8397575038866787e-04, 1.2923400153264137e+00,
       8.4155246393102023e-01, 1.2047930362626376e+00,
       8.9188023949604784e-04, 3.5349388332453935e-04,
       9.9743052784750322e-04, 1.2608099079099753e+00,
       8.2425371866979280e-01, 1.1972177552690000e+00,
       8.7812762330839538e-04, 3.4383889677966600e-04,
       9.5197207574626336e-04, 1.1990934687451495e+00,
       7.8172827370313325e-01, 1.1040216933704372e+00,
       8.4365147585616952e-04, 3.2738767579389806e-04,
       9.1508146633341024e-04, 1.1411203106207481e+00,
       7.4190475893508034e-01, 1.0041400415029627e+00,
       7.1920176933931300e-04, 3.0513638404456363e-04,
       8.7873161259559524e-04, 1.0919440824958455e+00,
       7.0945751385038813e-01, 9.0323573189785689e-01,
       7.0396575977009187e-04, 2.9226769626830394e-04,
       8.3379036410092860e-04, 1.0799898225215907e+00,
       7.0076083875920958e-01, 8.7984044984909704e-01,
       7.0563567057348035e-04, 2.8088744573414654e-04,
       8.1329740434155442e-04, 1.0633366426937274e+00,
       6.8796391908870858e-01, 8.4140601647720503e-01,
       6.6490727297187704e-04, 2.6689633100122570e-04,
       8.1306800794607437e-04, 1.0321764002142528e+00,
       6.6769881395040498e-01, 7.8512152176301919e-01,
       6.7510685820280241e-04, 2.6083231309301187e-04,
       8.3682109879750009e-04, 1.0122509607449783e+00,
       6.5492842427758080e-01, 7.4901653221415421e-01,
       7.1508090235851017e-04, 2.6790712765114671e-04,
       8.5654490670409125e-04, 9.9657947969827720e-01,
