%YAML:1.0
---
summary: "Filter by time and points, rd=20, rs=0, sp=5, sf=4."
init_cam_calib: C99-1010_3p_3
camera_matrix: !!opencv-matrix
   rows: 3
   cols: 3
   dt: d
   data: [ 2.5593741950326339e+03, 0., 1.8729781357467150e+03, 0.,
       2.5565063977000659e+03, 1.0882978398038881e+03, 0., 0., 1. ]
dist_coeff: !!opencv-matrix
   rows: 5
   cols: 1
   dt: d
   data: [ 1.0595400339354567e-02, -2.2688284576802335e-02,
       -9.2876694129039668e-04, -2.2252269096452323e-03,
       1.5771178765747563e-02 ]
std_intrinsics: !!opencv-matrix
   rows: 18
   cols: 1
   dt: d
   data: [ 1.1631951644812548e+00, 1.0971222810852885e+00,
       2.0004135666736151e+00, 1.2659940525299438e+00,
       2.1589248456475732e-03, 8.0655723700823519e-03,
       1.5821186025645332e-04, 2.6614688035842953e-04,
       8.7290273746559142e-03, 0., 0., 0., 0., 0., 0., 0., 0., 0. ]
std_extrinsics: !!opencv-matrix
   rows: 702
   cols: 1
   dt: d
   data: [ 1.7671642419568507e-03, 5.3115959538780027e-04,
       1.9005887948001776e-03, 3.2411845794971161e+00,
       2.0894289772937533e+00, 2.5721299044608017e+00,
       1.7292050192431916e-03, 6.1201937272300198e-04,
       1.8393948922691954e-03, 3.2252186993403655e+00,
       2.0783797740121259e+00, 2.6685313002407622e+00,
       1.9222031671576470e-03, 5.9773848784409249e-04,
       2.0252435280509497e-03, 3.2209141086526181e+00,
       2.0694419728400808e+00, 2.8121223479374766e+00,
       1.7073285747829146e-03, 5.8526226136374425e-04,
       1.9513249354827971e-03, 3.2133125715720925e+00,
       2.0730394274821813e+00, 2.6460933052864193e+00,
       1.4433098960279392e-03, 6.4457050249630261e-04,
       1.9167535069813445e-03, 3.2444791250119485e+00,
       2.0874275430350133e+00, 2.7279905549188923e+00,
       1.3545815661642705e-03, 6.0295685470226825e-04,
       1.7794374133548055e-03, 3.2044318052103957e+00,
       2.0691314793597821e+00, 2.5616835130213413e+00,
       1.9101356897635632e-03, 5.9997833145025204e-04,
       1.9012867657195811e-03, 3.2060647881722080e+00,
       2.0715958460798203e+00, 2.7120230858576373e+00,
       1.6624098533323201e-03, 5.8102844943129723e-04,
       1.8348184185466663e-03, 3.2042351304575041e+00,
       2.0685441545540812e+00, 2.6892825163086331e+00,
       1.3556395171959554e-03, 6.1340760729348064e-04,
       1.7666169957156887e-03, 3.1398867368702650e+00,
       2.0268245335675616e+00, 2.5608730648414162e+00,
       1.4545270275266814e-03, 6.2547283500866341e-04,
       1.7158015245307275e-03, 3.1088759576022866e+00,
       2.0139526967975763e+00, 2.6668716912683035e+00,
       1.6595467764746452e-03, 6.0494204721546225e-04,
       1.7391171909804395e-03, 3.1152685846971027e+00,
       2.0050040316812558e+00, 2.8484319910954730e+00,
       1.3655106725648147e-03, 5.7878968626144298e-04,
       1.7297592750693646e-03, 3.1200422516124919e+00,
       2.0287704229401902e+00, 2.6502826679663176e+00,
       1.5955848027796062e-03, 6.0695863030243405e-04,
       1.8130381562394178e-03, 3.1272253618534407e+00,
       2.0300684501776236e+00, 2.7638692836997460e+00,
       1.8849193276038784e-03, 5.4452891540392547e-04,
       1.6351058291803546e-03, 3.1801109226113140e+00,
       2.0512964138646979e+00, 2.5777931673244843e+00,
       1.7961506290797831e-03, 5.4432179897857694e-04,
       1.7702224721876630e-03, 3.1963069437975480e+00,
       2.0525541991873739e+00, 2.3958870724016506e+00,
       1.8229479107262267e-03, 5.7814326543166280e-04,
       1.8681549282512525e-03, 3.2183378410912211e+00,
       2.0794483217087154e+00, 2.5402433894351253e+00,
       2.3708501184354254e-03, 7.4353605733840610e-04,
       2.6255355033956533e-03, 3.2113755785591902e+00,
       2.0910866534797439e+00, 3.1806704575699167e+00,
       1.5647636604623322e-03, 5.8669595857386854e-04,
       1.7033544656058237e-03, 3.1551161237782654e+00,
       2.0409171290320138e+00, 2.5711506743838251e+00,
       1.3432481693194146e-03, 5.7224908065392412e-04,
       1.7804289439780324e-03, 2.9016656626418431e+00,
       1.8793793516534736e+00, 2.2385490536941557e+00,
       1.3067876980203885e-03, 5.4602152301450708e-04,
       1.8390188344767429e-03, 2.5998140647857371e+00,
       1.6858527584235772e+00, 2.0537930409004730e+00,
       1.2472129889382750e-03, 4.4716340556901130e-04,
       1.4950746904480198e-03, 2.3187345899787202e+00,
       1.5012712005708329e+00, 1.7134292613626452e+00,
       1.3102369926937369e-03, 4.2727121973147044e-04,
       1.5080803109349360e-03, 2.1557852986066477e+00,
       1.3925272307603684e+00, 1.5861334005806205e+00,
       1.3650992243325062e-03, 4.3642357863748441e-04,
       1.5964214680602034e-03, 2.0641804787111409e+00,
       1.3546704297993715e+00, 1.5110388441439708e+00,
       1.3256249761924095e-03, 4.6148529530074038e-04,
       1.6334484587005229e-03, 2.0744861834079065e+00,
       1.3653159464791860e+00, 1.5929515753188148e+00,
       1.2028266936640671e-03, 4.2592389552898168e-04,
       1.5558853934281621e-03, 2.2120738298884541e+00,
       1.4435014468289196e+00, 1.4502855505802505e+00,
       1.0820938200176709e-03, 4.4038351571803000e-04,
       1.6056649461800294e-03, 2.2765389481748013e+00,
       1.4756061824511879e+00, 1.3738743803288018e+00,
       1.1720549516408289e-03, 5.0232635150250992e-04,
       1.7590895581963682e-03, 2.4606224256054285e+00,
       1.5860072874742768e+00, 1.5470745765972753e+00,
       1.3003349312045178e-03, 5.2521276677405077e-04,
       1.6788584055357414e-03, 2.6320093284834618e+00,
       1.6892110500948079e+00, 1.6294499801420312e+00,
       1.3918895793513094e-03, 5.7186630944367899e-04,
       1.7767019139692049e-03, 2.8303596400290281e+00,
       1.8089515514995935e+00, 1.7928084111381868e+00,
       1.4953354794031723e-03, 6.0327462040104130e-04,
       1.8650717287777227e-03, 2.9036556296618197e+00,
       1.8526674358454485e+00, 1.9226315701063033e+00,
       1.4556129265683715e-03, 5.5116708760814565e-04,
       1.8253354842418020e-03, 2.9559506108048823e+00,
       1.8958975471677546e+00, 1.8426867705049248e+00,
       1.4676285091734854e-03, 5.5726869761201273e-04,
       1.9252918141372919e-03, 3.0704668309935350e+00,
       1.9684139254187178e+00, 1.9332515835542083e+00,
       1.6534849623017435e-03, 5.9377028470599682e-04,
       2.0912326987161658e-03, 3.1758748405427997e+00,
       2.0337918328275477e+00, 2.1543573505892843e+00,
       1.7394035240944658e-03, 5.5262411701320949e-04,
       2.0056314327584180e-03, 3.2450886456719474e+00,
       2.0845741737580923e+00, 2.0843669948334784e+00,
       1.7571925161614739e-03, 6.1392383829784341e-04,
       1.9911836970097512e-03, 3.2486613567228204e+00,
       2.0898112244862141e+00, 2.1281701207600232e+00,
       1.5736598003154524e-03, 5.3415746606111695e-04,
       1.9973860990977910e-03, 3.2060047613422533e+00,
       2.0610485854745990e+00, 1.9871234301134533e+00,
       1.3433942755663880e-03, 6.8535289741614082e-04,
       2.2832480227640444e-03, 3.1072681454313571e+00,
       1.9986309624738525e+00, 2.2600360570259168e+00,
       1.6133551071346103e-03, 6.0482226501567767e-04,
       2.0374216787482622e-03, 3.0532374615653057e+00,
       1.9609908217159682e+00, 2.0734097869881682e+00,
       1.7699111524322841e-03, 6.5031341095539430e-04,
       2.1656710931681577e-03, 3.0368349812320248e+00,
       1.9531542084679954e+00, 1.9499533011949066e+00,
       1.6753097556681629e-03, 7.3003003636083568e-04,
       2.2971120921654138e-03, 3.0372849559521047e+00,
       1.9651515877543400e+00, 2.1858807453242552e+00,
       1.1725748623237933e-03, 5.4194709015583070e-04,
       2.1543761483871519e-03, 3.0117732172565086e+00,
       1.9418575098446116e+00, 1.9347237644620210e+00,
       1.1607291608405712e-03, 5.3483723798415216e-04,
       1.9151863966997225e-03, 3.0047525230522041e+00,
       1.9354931396420976e+00, 1.8183746429597480e+00,
       1.0747286690855318e-03, 5.6305328045095498e-04,
       2.0953602875519945e-03, 3.0087229843743395e+00,
