%YAML:1.0
---
summary: "Filter by time and points, rd=20, rs=10, sp=5, sf=3."
init_cam_calib: C99-1010_3p_3
camera_matrix: !!opencv-matrix
   rows: 3
   cols: 3
   dt: d
   data: [ 2.5613676165648349e+03, 0., 1.8802206998261668e+03, 0.,
       2.5604158826554717e+03, 1.0838778392315724e+03, 0., 0., 1. ]
dist_coeff: !!opencv-matrix
   rows: 5
   cols: 1
   dt: d
   data: [ 1.0266348397531709e-02, -8.2787250976008326e-03,
       -7.4841747999733173e-04, -8.9462793354227511e-04,
       -1.1354329420906292e-02 ]
std_intrinsics: !!opencv-matrix
   rows: 18
   cols: 1
   dt: d
   data: [ 1.0864864800958014e+00, 1.0293113596724255e+00,
       1.8661629664164385e+00, 1.1884670415515362e+00,
       2.1183115649162560e-03, 8.0522659787337445e-03,
       1.4933015777255873e-04, 2.4581735205152650e-04,
       8.8529862084312239e-03, 0., 0., 0., 0., 0., 0., 0., 0., 0. ]
std_extrinsics: !!opencv-matrix
   rows: 696
   cols: 1
   dt: d
   data: [ 1.5287108369472883e-03, 5.4666164823344342e-04,
       1.8063761357583615e-03, 3.0102627403727626e+00,
       1.9469483721664849e+00, 2.3532442076100986e+00,
       1.9265120096173334e-03, 5.4207353710773460e-04,
       1.8891419845962242e-03, 3.0097580870062721e+00,
       1.9454051587302263e+00, 2.4729913372410008e+00,
       2.0796394372762888e-03, 5.3857223753926828e-04,
       1.8579708372343314e-03, 3.0047226562421185e+00,
       1.9449972204226684e+00, 2.6195526642697531e+00,
       1.7392716741164110e-03, 5.3342504368392575e-04,
       1.8651060861523047e-03, 2.9891714636538400e+00,
       1.9394924691572739e+00, 2.5805053589336961e+00,
       1.5277440390951131e-03, 5.5517486984711076e-04,
       1.6397133870762691e-03, 3.0054505853358231e+00,
       1.9460948254069528e+00, 2.4375985626182604e+00,
       1.5086526191676263e-03, 5.2945320017441376e-04,
       1.6097665901558423e-03, 2.9682651913188312e+00,
       1.9394169056516544e+00, 2.4919310229151406e+00,
       1.3945409615470060e-03, 5.5626108876384085e-04,
       1.5960416763776269e-03, 2.9995929625627928e+00,
       1.9410246583393900e+00, 2.3072520433714363e+00,
       1.3854421020946450e-03, 6.1404937877660793e-04,
       1.7426567464085671e-03, 2.9567234924625847e+00,
       1.9143328864660534e+00, 2.3956353426805590e+00,
       1.5831538801198029e-03, 5.9173759855640057e-04,
       1.7225477748559442e-03, 2.8862830523051461e+00,
       1.8816764071782435e+00, 2.7510198600297202e+00,
       1.1898485205270213e-03, 5.1972493855046982e-04,
       1.5824779052721085e-03, 2.9121493588726710e+00,
       1.8994195337394322e+00, 2.3581716875121668e+00,
       1.3217449505756127e-03, 5.6668943385393097e-04,
       1.7117763670285713e-03, 2.9088476857475305e+00,
       1.8885840716182882e+00, 2.6186221986028868e+00,
       1.2775601882196450e-03, 5.4281540937177366e-04,
       1.5845247712135660e-03, 2.9051719785280961e+00,
       1.8960856350584478e+00, 2.4646094196399524e+00,
       1.7996400293719555e-03, 5.8236074875665312e-04,
       1.8936019890190437e-03, 2.9766664451137386e+00,
       1.9335967644147869e+00, 2.4254083661177011e+00,
       1.4970301239596178e-03, 5.3656066355281659e-04,
       1.7803969818396541e-03, 2.9625614992624594e+00,
       1.9167400323627575e+00, 2.3698201874275417e+00,
       1.6267841483268185e-03, 5.4285948877995545e-04,
       1.7070583666147780e-03, 3.0048349862527854e+00,
       1.9479404408426353e+00, 2.4203297158732533e+00,
       1.8809405705576439e-03, 5.9924697738378838e-04,
       1.7478683827315679e-03, 2.9743368397506189e+00,
       1.9443658818695320e+00, 2.6633070006401778e+00,
       2.1050205565772591e-03, 6.4673542430182312e-04,
       2.3258847042622929e-03, 3.0047397454043137e+00,
       1.9519211493385136e+00, 2.7693895882250406e+00,
       1.4969596381304282e-03, 5.5773341805129750e-04,
       1.6960220963422423e-03, 2.8374337470313016e+00,
       1.8537038883268790e+00, 2.4518669893438823e+00,
       1.1501727598083389e-03, 5.1878493707941775e-04,
       1.5521437725145562e-03, 2.5639978499479628e+00,
       1.6730531149857082e+00, 1.9710874174876953e+00,
       1.3537834915738555e-03, 4.9800121794336483e-04,
       1.4758563178905587e-03, 2.2641410487185301e+00,
       1.4826068723657742e+00, 1.8400427290435966e+00,
       1.1088039990636979e-03, 4.0816482446680432e-04,
       1.3488342433836736e-03, 2.0669782677162729e+00,
       1.3365922090064988e+00, 1.4480068757533187e+00,
       1.0512759954901146e-03, 3.9110595162305156e-04,
       1.4454446389590733e-03, 1.9750213283817790e+00,
       1.2903505555665056e+00, 1.3233252213051736e+00,
       2.0184020176291727e-03, 4.6362589426716716e-04,
       1.6243307285451639e-03, 1.9062165572051617e+00,
       1.2945785340033331e+00, 1.7546775312974083e+00,
       9.8643057168423744e-04, 4.4171740311493575e-04,
       1.6846314378562112e-03, 2.0113137363956994e+00,
       1.3153088125186936e+00, 1.4220478732796016e+00,
       1.0620122415763010e-03, 3.8780252997286412e-04,
       1.4824055427398982e-03, 2.0939537353970308e+00,
       1.3658647423816614e+00, 1.2947148372520190e+00,
       1.1275691378131831e-03, 4.5301772114018332e-04,
       1.4574570581013535e-03, 2.2241412591342260e+00,
       1.4421494224833324e+00, 1.3627254761320691e+00,
       1.1224582903563364e-03, 4.7904452002317803e-04,
       1.6898901163349823e-03, 2.3761279425118369e+00,
       1.5316070241763580e+00, 1.4586401368971487e+00,
       1.2196983451161416e-03, 5.3006963242992775e-04,
       1.7044905226761267e-03, 2.5329265057963575e+00,
       1.6329611406868936e+00, 1.6766859371339775e+00,
       1.4210061189627251e-03, 5.7385893882606139e-04,
       1.8562599863705574e-03, 2.6908258582240587e+00,
       1.7271677210802228e+00, 1.7893823505195567e+00,
       1.5528264411865942e-03, 5.4942559823981606e-04,
       1.9727823730898348e-03, 2.7102697013771011e+00,
       1.7479455192041049e+00, 1.7281105537443704e+00,
       1.4927002020748239e-03, 6.0688918626685057e-04,
       1.7751302935329085e-03, 2.8340995637559154e+00,
       1.8298851591005107e+00, 1.9190274886198468e+00,
       1.5258222717818217e-03, 5.3430546576876037e-04,
       2.0325772138893045e-03, 2.9011224372442670e+00,
       1.8707042054746266e+00, 1.8919434742979158e+00,
       1.4682276324347145e-03, 5.4559364218664027e-04,
       2.0444659282161559e-03, 3.0047982559790767e+00,
       1.9403299197158212e+00, 2.0822998862691802e+00,
       1.6600348358722754e-03, 5.4124688303292142e-04,
       2.2018044222946185e-03, 3.0259865305464504e+00,
       1.9501414696975896e+00, 2.0246000773463857e+00,
       1.5325440880363875e-03, 5.2839415922600170e-04,
       1.9337498234555035e-03, 3.0175019349443102e+00,
       1.9513321953410760e+00, 1.9607606072944821e+00,
       1.7099497725109579e-03, 6.4056719975977652e-04,
       2.0306666875741421e-03, 2.9403525630209750e+00,
       1.8947159020954927e+00, 1.9884229976791030e+00,
       1.5334217116329920e-03, 5.5873730472129736e-04,
       2.1588775539422679e-03, 2.8629718293467517e+00,
       1.8524118975083406e+00, 1.9843775420537928e+00,
       1.4500420793674006e-03, 5.2128179402050013e-04,
       1.9474341918968728e-03, 2.8466128615618684e+00,
       1.8400426100161724e+00, 1.8447691276885514e+00,
       1.5822354463508133e-03, 6.1721719083196816e-04,
       1.7954193839209865e-03, 2.8371859818696561e+00,
       1.8318186467595425e+00, 1.8539520076518314e+00,
       1.5066326701988582e-03, 6.4198222894772019e-04,
       2.0280867325241057e-03, 2.8407738396645343e+00,
       1.8445810776989582e+00, 1.9280323952508753e+00,
       1.1295017284787550e-03, 5.4379983968383925e-04,
       2.0855282580229868e-03, 2.8124866933313162e+00,
       1.8228645895949001e+00, 1.9190004363473543e+00,
       1.0705941569399183e-03, 5.0966545815732389e-04,
       1.8914450386108704e-03, 2.7868885669435746e+00,
       1.8044129578621093e+00, 1.7170984077346851e+00,
       9.9962042256948602e-04, 5.5999428280925677e-04,
       1.8430536534582078e-03, 2.8098101441802625e+00,
