%YAML:1.0
---
summary: "Filter by time and points, rd=20, rs=10, sp=5, sf=3."
init_cam_calib: C99-1010_3p_3
camera_matrix: !!opencv-matrix
   rows: 3
   cols: 3
   dt: d
   data: [ 2.5613676165648349e+03, 0., 1.8802206998261668e+03, 0.,
       2.5604158826554717e+03, 1.0838778392315724e+03, 0., 0., 1. ]
dist_coeff: !!opencv-matrix
   rows: 5
   cols: 1
   dt: d
   data: [ 1.0266348397531709e-02, -8.2787250976008326e-03,
       -7.4841747999733173e-04, -8.9462793354227511e-04,
       -1.1354329420906292e-02 ]
rvec: !!opencv-matrix
   rows: 116
   cols: 3
   dt: d
   data: [ -3.1020597944592505e+00, -8.8092826104260724e-03,
       -3.1687439656260591e-03, -3.0806794734942420e+00,
       -1.7257211584174356e-02, 1.9539397631053852e-02,
       -3.0818627868571218e+00, -8.1111262114939939e-03,
       1.3981420926149773e-02, -3.0737938270528322e+00,
       -6.0282699736534818e-03, 2.7797683234998642e-02,
       -3.1017729165110368e+00, 6.5004884484726300e-02,
       -1.2931059541961920e-01, -3.0694218839536220e+00,
       -2.8673022964718999e-02, -5.7705126180931279e-02,
       -3.0551111106003650e+00, -4.8604932565044459e-02,
       -1.8503842963652245e-01, -3.1027771966723288e+00,
       -4.9769537936212103e-02, -1.1828060644162970e-01,
       3.0632792417167551e+00, 3.4017325823073757e-03,
       1.3195328492161790e-01, 3.0262406243522548e+00,
       -2.9566593048517033e-02, 7.1599070058985456e-02,
       3.0316422809525547e+00, -8.3359032605869170e-03,
       9.3459979591119541e-02, 3.0364598394537543e+00,
       -9.2869581650690917e-03, 7.8521388164287761e-02,
       -3.1154182215909896e+00, -6.0483927824736106e-02,
       -3.9357856609225299e-02, -2.9324738376576032e+00,
       -2.6104145571144939e-02, -3.5976226335901564e-02,
       -3.0172194730109396e+00, -3.3668889811984147e-02,
       -3.4292827403097852e-02, -3.0864058769222580e+00,
       -5.3943551698126075e-03, 6.8524778024717306e-02,
       3.1148327339485271e+00, 1.7014341822009497e-02,
       1.1823162550676782e-01, -3.1357929157011255e+00,
       -3.0240016054400191e-02, -2.2462085496647133e-02,
       3.1178378791289880e+00, -2.1687719432097836e-03,
       1.7408070726897112e-01, 3.1079083114650192e+00,
       2.1222277025144141e-02, 1.5682932147601245e-01,
       -3.0591194941004813e+00, 1.1658944518388109e-01,
       -3.6274795740536901e-02, -3.0756861175606236e+00,
       -1.5075016954255679e-03, 1.2023944796033992e-01,
       3.0493386794064459e+00, 3.2119283274987295e-02,
       -6.5242089040800977e-02, 3.1217165084700693e+00,
       5.8793413901194386e-02, -2.8407659361845489e-01,
       -3.0734994741582522e+00, -5.3794626907369768e-02,
       5.3617762201738384e-01, -3.0265505370316532e+00,
       -9.3902091055027448e-02, 7.5474738613316750e-01,
       -2.9911532654915658e+00, -4.4436464316002525e-02,
       8.8794020902650928e-01, -2.9252527388725476e+00,
       -8.5366016189982699e-02, 9.7825109001794963e-01,
       -2.9042882207859524e+00, -7.8853251937467644e-02,
       1.1097736248575594e+00, -2.9616193615394555e+00,
       -8.4376352031191870e-03, 8.9027724058226632e-01,
       -2.9437432752353070e+00, -9.1209714279157833e-02,
       8.6193394682602320e-01, -2.9736424775120804e+00,
       -6.9957668620121163e-02, 7.9778901046956885e-01,
       -2.9709779101242479e+00, -5.7708067895048981e-02,
       7.3269522261091191e-01, -2.9785555729901740e+00,
       -6.0693238973549626e-02, 7.3952782995728794e-01,
       -2.9868205012826037e+00, -5.5232553165351007e-02,
       7.4296329816736661e-01, -2.9772782591872811e+00,
       -3.1136113850173491e-02, 8.4871948139694720e-01,
       -2.9387855548203876e+00, -1.6000474659782668e-01,
       7.9508328643429793e-01, -2.9664808259150202e+00,
       -1.3855008487576151e-01, 7.5219721668567718e-01,
       -2.9919436681845699e+00, -9.3459919673156422e-02,
       8.5935174810172754e-01, 2.8525947312690221e+00,
       -2.3874392778584844e-02, -8.1387136963810058e-01,
       2.9331520251447385e+00, 1.4879470417630923e-02,
       -7.7069680682987762e-01, 2.9455162817215155e+00,
       2.1098573223991214e-03, -8.3578909582168348e-01,
       2.9720578326331930e+00, 4.0325898214957166e-03,
       -7.9404931743694362e-01, 2.9593677480864269e+00,
       -4.5618111766848341e-03, -7.9060588457314407e-01,
       2.9726671522079946e+00, -5.2873099797928792e-03,
       -8.4763009038897608e-01, 2.9750748836484302e+00,
       -2.0785314027317866e-02, -7.9444507857938784e-01,
       2.9566058150777992e+00, 4.0284976172397402e-02,
       -8.6207363288682737e-01, 2.9729727363864886e+00,
       5.2195516359930423e-02, -7.8387002350167423e-01,
       2.9214715927068973e+00, 1.1046778152534532e-02,
       -7.8614845095962738e-01, 2.8986602806043682e+00,
       1.5374429500250390e-02, -8.6042181304015575e-01,
       2.9766648538976135e+00, 6.7364557309162474e-03,
       -9.6210936403439640e-01, 2.8914173646760530e+00,
       3.6249880499311916e-02, -1.2024381695099047e+00,
       -2.8292045163232049e+00, 6.3628920604555167e-03,
       1.3404231979508823e+00, -2.8108892574407438e+00,
       4.9255344073801319e-02, 1.3433755772612095e+00,
       2.7515552371169427e+00, 3.6200551312574838e-02,
       -1.5152050621051816e+00, 2.6982794029830042e+00,
       -1.1356647726911886e-02, -1.5518458991786610e+00,
       2.6177224468037226e+00, 5.2622401206886216e-02,
       -1.6616083504323866e+00, 2.6312845861259095e+00,
       -3.0141207527570955e-02, -1.6697788229819208e+00,
       2.6216211921680186e+00, -1.4696713769009327e-02,
       -1.6865975373183162e+00, -2.6632100236717950e+00,
       -6.3201124873000655e-02, 1.6093766690629980e+00,
       -2.6105719971434498e+00, -1.0029947144001700e-01,
       1.6095308609463044e+00, -2.6421232739412099e+00,
       -7.8702577983167391e-02, 1.6789122633458289e+00,
       2.5724112710970894e+00, -3.7205361769955758e-02,
       -1.5522817127944781e+00, -2.6734905145595058e+00,
       2.6915345724643529e-02, 1.6318093641291873e+00,
       2.6556274400623292e+00, -1.7696110975940923e-02,
       -1.6712584496890968e+00, -2.6641418686152525e+00,
       1.9294520562156560e-02, 1.5359112195774587e+00,
       2.6353272201179299e+00, -3.0235299348637428e-02,
       -1.6668731431113859e+00, 2.7119458616977594e+00,
       -1.7378328769001878e-02, -1.4536134013009367e+00,
       2.8177859654773529e+00, -6.3957787635939567e-03,
       -1.2752161205203159e+00, 2.9023736958195432e+00,
       3.1645324066554799e-02, -1.0040849639082832e+00,
       3.0136605955431968e+00, -7.4873955397963488e-02,
       -6.4436352510353434e-01, 3.0082134275702912e+00,
       -2.6727064980215310e-02, -4.1990570782314279e-01,
       2.9902847999609681e+00, -8.0658475773422653e-03,
       -1.2991184617099319e-01, 3.0530020074481525e+00,
       4.5058089175105634e-02, -2.1412532995957509e-01,
       3.0723791609355517e+00, 1.2287560890681896e-02,
       -3.7845933885681854e-01, 2.9814864532988814e+00,
       -3.5324889143814535e-02, -8.5535033827672025e-01,
       2.8727695502283379e+00, -1.4526501387518201e-01,
       -1.0342306301949586e+00, -3.1041550038617909e+00,
       6.3340035332266897e-02, 2.4547126829148693e-02,
       -3.0670762049959728e+00, -1.8289501844586310e-02,
       -4.9259094246771946e-02, -3.0324985031873104e+00,
       4.5866779198713063e-02, -3.5659080546264998e-01,
       -3.0202306572346744e+00, 3.3800260993594837e-02,
       -4.8118121774612327e-01, -3.0001068741030230e+00,
       3.7984524656647915e-02, -5.8802675060198362e-01,
       -3.0661878042518942e+00, 5.1364190008470666e-02,
       -2.0361392139539344e-01, -3.0646996974167533e+00,
       3.1247858427543309e-04, -1.2031406588335675e-01,
       -3.0660611317526532e+00, -3.5449795128151521e-04,
       -1.3976918362620344e-01, -3.0576235362193236e+00,
       1.2298509693244464e-02, -1.7742172060815753e-01,
       -3.0338905797065454e+00, 2.8483896543079031e-02,
       -1.4931983729510712e-01, -3.0135513965210445e+00,
       2.9451468297775108e-02, -1.6056610676096364e-01,
