%YAML:1.0
---
summary: "Filter by time, rd=20, rs=5."
init_cam_calib: C99-1010_3p_3
camera_matrix: !!opencv-matrix
   rows: 3
   cols: 3
   dt: d
   data: [ 2.5626035363965975e+03, 0., 1.8877140068226929e+03, 0.,
       2.5625283920466723e+03, 1.0883031120014873e+03, 0., 0., 1. ]
dist_coeff: !!opencv-matrix
   rows: 5
   cols: 1
   dt: d
   data: [ 1.5079648600548477e-02, -2.7505356600328951e-02,
       -6.6024688421542719e-04, 1.3415312063340604e-04,
       1.6478723924359714e-02 ]
std_intrinsics: !!opencv-matrix
   rows: 18
   cols: 1
   dt: d
   data: [ 5.5684189787671012e-01, 5.2698256360365758e-01,
       9.7697721196582032e-01, 6.2318661704456402e-01,
       1.0743153281357715e-03, 4.0243614528892718e-03,
       7.8851894894516381e-05, 1.2986690418007190e-04,
       4.3712313672256142e-03, 0., 0., 0., 0., 0., 0., 0., 0., 0. ]
std_extrinsics: !!opencv-matrix
   rows: 696
   cols: 1
   dt: d
   data: [ 8.3808442415780719e-04, 2.9903525147002483e-04,
       9.7218917328458843e-04, 1.5769745144651504e+00,
       1.0220035909377063e+00, 1.2839508965304944e+00,
       8.4084553443959046e-04, 2.9062691163654538e-04,
       9.6435685302614005e-04, 1.5742692758176529e+00,
       1.0202651831853122e+00, 1.2880754136274246e+00,
       8.4344625008090464e-04, 2.9104346450670941e-04,
       9.6605540001861443e-04, 1.5752254263411394e+00,
       1.0207772886830722e+00, 1.2873280482856508e+00,
       8.3697848244540095e-04, 2.8726047783951021e-04,
       9.5507245632121883e-04, 1.5705646782025033e+00,
       1.0179546638625181e+00, 1.2878367565654369e+00,
       8.0351733306815683e-04, 3.0947668543818379e-04,
       9.1194068527978547e-04, 1.5753449273217437e+00,
       1.0197819847951397e+00, 1.2972754232090948e+00,
       7.6823528003970467e-04, 2.8999076663499735e-04,
       8.8723458273137084e-04, 1.5630537786287182e+00,
       1.0157210928999885e+00, 1.3082615072323793e+00,
       7.8445038765522304e-04, 2.9431160443733233e-04,
       8.8920651419398451e-04, 1.5704422604618307e+00,
       1.0195092777008179e+00, 1.3006463659061094e+00,
       7.7614204245631034e-04, 2.9731004909549309e-04,
       8.9946044983066679e-04, 1.5588548461999683e+00,
       1.0119375674280540e+00, 1.2855650089945627e+00,
       7.1769149746704066e-04, 2.9749388048854917e-04,
       8.5464859185414605e-04, 1.5185910492111434e+00,
       9.8609744002205446e-01, 1.2433429196830632e+00,
       6.5451211773654122e-04, 2.8875724049953603e-04,
       8.2440716199391794e-04, 1.5217489226658789e+00,
       9.9004870739760531e-01, 1.2718687081176094e+00,
       6.5227259087172803e-04, 2.9107583958855868e-04,
       8.3060427209371917e-04, 1.5214211721350257e+00,
       9.8937022642919226e-01, 1.2713029113161860e+00,
       6.6622903874362317e-04, 2.8948088279685715e-04,
       8.3842363290766717e-04, 1.5300178144228973e+00,
       9.9504700949916680e-01, 1.2818511750600841e+00,
       7.7919413497624110e-04, 3.0798607542195693e-04,
       9.5166926787918892e-04, 1.5417647389249920e+00,
       1.0089658298689594e+00, 1.3287109272482431e+00,
       8.6369157277360847e-04, 2.7154587926601594e-04,
       8.9763501086155160e-04, 1.5547933469918265e+00,
       1.0093522174733069e+00, 1.2526096719774804e+00,
       8.7229271085989362e-04, 2.8777086156348328e-04,
       9.1709127868710386e-04, 1.5610365816579685e+00,
       1.0114159512630001e+00, 1.2375918162834945e+00,
       8.7248460947204497e-04, 3.0529210916817041e-04,
       9.7574706930831224e-04, 1.5636509613551881e+00,
       1.0179504561365182e+00, 1.3118130964784831e+00,
       8.3479645108873045e-04, 3.2269519434740759e-04,
       1.0114587880667764e-03, 1.5667135843574207e+00,
       1.0274008196351159e+00, 1.3531967585265270e+00,
       7.7846492258308629e-04, 2.9970311443953924e-04,
       9.4520316905922857e-04, 1.5173231240733638e+00,
       9.8853751826392844e-01, 1.2660709134885699e+00,
       7.2432466161935797e-04, 2.8595728976893523e-04,
       8.7432849697766861e-04, 1.3893782391217657e+00,
       9.0595445165891730e-01, 1.1212572097231799e+00,
       6.9187153396169077e-04, 2.6584415337365129e-04,
       8.1953362770688419e-04, 1.2306222809461533e+00,
       8.0435352187938947e-01, 9.6393331257428005e-01,
       5.6017634982703400e-04, 2.1923152330700828e-04,
       7.3123148867772312e-04, 1.1056189790435440e+00,
       7.1850000354551358e-01, 7.7711724382314074e-01,
       5.2967424941925331e-04, 1.9895795548765171e-04,
       7.2793824507205566e-04, 1.0479278881571794e+00,
       6.8199164354767039e-01, 7.0143591585723020e-01,
       8.0626516514644103e-04, 2.3338105637382394e-04,
       8.1794372765211132e-04, 9.9814507581551215e-01,
       6.6747474681820873e-01, 8.1629127700266613e-01,
       6.1586298816656312e-04, 2.1838343374411311e-04,
       8.0142415372103852e-04, 1.0323207214019006e+00,
       6.8422232857660148e-01, 7.4840282839979277e-01,
       5.8082838126998816e-04, 2.2235698172016582e-04,
       7.9586718106891964e-04, 1.0934567057741302e+00,
       7.1545617930566041e-01, 6.8772769848092907e-01,
       4.7464620810666944e-04, 2.3336997998212619e-04,
       8.5367084467794820e-04, 1.1286979211387180e+00,
       7.3734316709471293e-01, 6.8782609330709432e-01,
       5.9545464453198825e-04, 2.5005063623049405e-04,
       8.1742110289918096e-04, 1.2193740046845838e+00,
       7.8989280871392786e-01, 7.2919042141468537e-01,
       6.3697988406740259e-04, 2.6118716183037334e-04,
       8.4607600448416192e-04, 1.3073909896147491e+00,
       8.4533994490896436e-01, 7.9988965811037060e-01,
       7.3438152119793387e-04, 3.0808287517119766e-04,
       9.2293317154542936e-04, 1.4002543046435150e+00,
       9.0193382111654397e-01, 9.4918405966439656e-01,
       7.4901222736963903e-04, 2.8702478704591383e-04,
       9.4250262950694929e-04, 1.4250040750474231e+00,
       9.1933404828128906e-01, 9.0186774118135549e-01,
       7.5864468618992763e-04, 2.8119543131300954e-04,
       9.6158279005172922e-04, 1.4602768638706838e+00,
       9.4394249893575954e-01, 9.2072321563714266e-01,
       7.8234689741946606e-04, 2.8529670615681671e-04,
       9.9217862178996915e-04, 1.5115365411618256e+00,
       9.7777951260312512e-01, 9.6909176124050278e-01,
       8.2759535888299502e-04, 2.8691555211943253e-04,
       1.0357653102391195e-03, 1.5646817743716406e+00,
       1.0121229023936265e+00, 1.0303642018051862e+00,
       8.5036397399814465e-04, 2.9084113247600029e-04,
       1.0564040213241305e-03, 1.5862873474203503e+00,
       1.0258357972900611e+00, 1.0513435748202096e+00,
       8.5236254103908361e-04, 2.9264221060328077e-04,
       1.0634238813923267e-03, 1.5850892071786793e+00,
       1.0250487408301454e+00, 1.0513676243290691e+00,
       8.2351348783050603e-04, 2.8948164338880942e-04,
       1.0263024347447257e-03, 1.5524931214316706e+00,
       1.0037948482602879e+00, 1.0149033683693778e+00,
       7.9052881656459673e-04, 2.9991465612868662e-04,
       1.0034111445739293e-03, 1.5089880579140564e+00,
       9.7555066962043424e-01, 9.6797368970255326e-01,
       7.6272108179526702e-04, 2.8644229306697670e-04,
       9.8766692178558894e-04, 1.4861622676089143e+00,
       9.6260790302437738e-01, 9.7990465251895109e-01,
       7.9122867566292887e-04, 3.1417838551084078e-04,
       1.0261057329814965e-03, 1.4863470246351196e+00,
       9.6611395758449947e-01, 9.9046765459890185e-01,
       8.1673351104359258e-04, 3.6331918752952345e-04,
       1.0945930221054180e-03, 1.4921621041081985e+00,
       9.7205522414891898e-01, 1.0721224117590795e+00,
       5.7443442448892185e-04, 2.7369934313189738e-04,
       1.0114710330035583e-03, 1.4680016546741386e+00,
       9.5291477778066569e-01, 9.3704397465423128e-01,
       5.6817450736493236e-04, 2.9256090349745142e-04,
       1.0117251884261063e-03, 1.4698369786025423e+00,
       9.5231183998983127e-01, 9.3603543054515859e-01,
       5.6302689711506930e-04, 2.9101551257913901e-04,
       1.0017317244341139e-03, 1.4744936973338505e+00,
