%YAML:1.0
---
summary: "Filter by time, rd=20, rs=0."
init_cam_calib: C99-1010_3p_3
camera_matrix: !!opencv-matrix
   rows: 3
   cols: 3
   dt: d
   data: [ 2.5597506339047504e+03, 0., 1.8783468197292293e+03, 0.,
       2.5572291793087174e+03, 1.0855457111393880e+03, 0., 0., 1. ]
dist_coeff: !!opencv-matrix
   rows: 5
   cols: 1
   dt: d
   data: [ 1.3942241069940147e-02, -3.4676161182254361e-02,
       -8.8525223530272631e-04, -1.4271558363624379e-03,
       3.0617225477259983e-02 ]
rvec: !!opencv-matrix
   rows: 117
   cols: 3
   dt: d
   data: [ -3.1099119034246314e+00, -1.3780140227524955e-02,
       -3.5725196668306765e-02, -3.1040703797460423e+00,
       -4.1564227282374763e-03, 3.4978780353947463e-02,
       -3.0788095065152654e+00, -1.2955456374044643e-02,
       1.6387780000142686e-02, -3.0774050095412173e+00,
       -1.5754290629560665e-03, 1.7063967736582076e-02,
       -3.0881945186965241e+00, 9.6490970570535222e-03,
       -9.4898046983003428e-02, -3.0857167880974350e+00,
       -7.4357883048270000e-03, -7.0394941933456259e-02,
       -3.0448866233545684e+00, -4.8770167419900069e-02,
       -1.0210775426476375e-01, -3.0834159962556966e+00,
       -2.1085468766546704e-02, -1.6078174554021246e-01,
       3.1279307557404152e+00, 4.3585810717842368e-03,
       9.6955428000994062e-02, 3.0343689707039414e+00,
       -1.8661217241639043e-02, 7.5213804701091388e-02,
       3.0508672388808824e+00, -4.0937787325258639e-03,
       8.4626918428558490e-02, 3.0256881347741165e+00,
       -1.2998078594046759e-02, 9.2239078954101245e-02,
       3.0557676180354059e+00, 1.2144639270801186e-02,
       1.0654245973668301e-01, -2.9852366337864154e+00,
       -2.6426442121784296e-02, -2.6355513869160373e-02,
       -2.9514152432236531e+00, -3.3874731700945349e-02,
       -7.0894846517795498e-02, -3.0230166559347533e+00,
       -1.3103874722059797e-02, -2.5728437417785091e-02,
       3.0999672197972079e+00, 3.7762227169067818e-02,
       2.0893507569207086e-02, 3.1276576278417991e+00,
       3.7402684381176651e-02, 9.5348261724959943e-02,
       3.1356178646532693e+00, 1.3524823528779860e-02,
       9.5589717071810354e-02, 3.0867968640054091e+00,
       4.6862015243719544e-02, 1.3380048811367695e-01,
       3.1308429009362899e+00, -8.6160290385331240e-02,
       1.0175272046456521e-01, -3.0705772904388913e+00,
       -3.6726076064583925e-02, 1.6108995120098168e-02,
       3.1069577360226410e+00, 6.7327795070525720e-02,
       -1.0394571728819996e-01, 3.0631115376185138e+00,
       -1.7086560141346411e-05, -1.7328002639481360e-01,
       -3.0896795707014215e+00, -3.7203021172492703e-02,
       4.2778630450138816e-01, -3.0759003996778449e+00,
       -4.4933362978717618e-02, 6.0094645362427990e-01,
       -2.9986141352288862e+00, -6.6719801047256333e-02,
       8.5013170018208517e-01, -2.9339908634396328e+00,
       -7.5851308448234803e-02, 8.8730769632823558e-01,
       -2.9104432206640580e+00, -9.8566320203050270e-02,
       1.0581139506748456e+00, -2.9622702258889819e+00,
       -5.5816383414485297e-02, 1.0291586882888477e+00,
       -2.9765134975122653e+00, -7.9425143185728311e-02,
       8.6678370512413161e-01, -2.9653818204486342e+00,
       -8.8062053845727697e-02, 8.4626189334708746e-01,
       -2.9700198011977110e+00, -4.4653558314328073e-02,
       7.4786548150057075e-01, -2.9686714464355197e+00,
       -6.4314056300959530e-02, 7.4075375470769245e-01,
       -2.9839898250851729e+00, -6.0681669786605885e-02,
       7.3950087527217556e-01, -2.9796541030707768e+00,
       -2.2862909469103070e-02, 7.5070583171907090e-01,
       2.9502234917230417e+00, 7.2320385861018271e-02,
       -8.4484502523882521e-01, -2.9733260779263047e+00,
       -1.3369749064445766e-01, 7.1973241537203458e-01,
       -2.9945778547453119e+00, -1.1823294394413784e-01,
       7.8540662089911528e-01, 2.8790343881516010e+00,
       2.3558773471675440e-03, -8.1290310044793479e-01,
       2.8903384721558156e+00, 2.3323976591719198e-02,
       -8.0379471964531413e-01, 2.9504780486042113e+00,
       1.3521889210155593e-02, -8.1167175921204104e-01,
       2.9590000725240517e+00, -2.6653438230955923e-03,
       -7.9465449148546408e-01, 2.9532938746293964e+00,
       -1.9718414217240846e-05, -7.9710695781086405e-01,
       2.9507508520455126e+00, 6.5502522530606188e-03,
       -8.0145292129076262e-01, 2.9579960415489177e+00,
       2.1059485892738847e-02, -8.8273494185278445e-01,
       2.9811345305019383e+00, -2.2138071289947558e-02,
       -7.8227774191203259e-01, 2.9652360046745336e+00,
       9.0887942072787178e-02, -8.6789273728714855e-01,
       2.9897212405572602e+00, -2.0131777177320339e-02,
       -7.4125617809653455e-01, 2.8974132047797174e+00,
       7.2486940667725319e-02, -8.5767896876774441e-01,
       2.9793180112040147e+00, 4.3489011663431811e-02,
       -8.6337614791530315e-01, 2.9413868192171071e+00,
       -1.5490860617514703e-02, -1.0834970694309916e+00,
       -2.8451251897599503e+00, -1.8249743370219243e-02,
       1.3097640626087372e+00, -2.8081627423940607e+00,
       1.9072542527361458e-02, 1.3611394728131159e+00,
       -2.8304452091427734e+00, 6.0401756372731631e-02,
       1.3583170793942356e+00, 2.6920115223108243e+00,
       2.8054653018492800e-02, -1.5344945973740165e+00,
       2.6650269080510447e+00, 1.0335190613645193e-02,
       -1.5629984697564023e+00, 2.6166952716982905e+00,
       -8.6980273567955936e-03, -1.6724719466291793e+00,
       2.6337735382928504e+00, -1.6273922921089996e-02,
       -1.6711766031464070e+00, -2.6437279476835247e+00,
       2.4325701821290388e-02, 1.6576307102374059e+00,
       -2.5676907444776051e+00, -1.1806363301829823e-01,
       1.5882515622688786e+00, -2.6084679740404737e+00,
       -1.0385921179376965e-01, 1.6631577731923481e+00,
       2.6383171455291574e+00, 1.4086544323172018e-02,
       -1.6303298178724406e+00, 2.5830579651824688e+00,
       -7.2780268862691053e-02, -1.5879794942332250e+00,
       -2.6491098196601142e+00, -2.7578249369287003e-02,
       1.6215533473915478e+00, -2.6370211241040171e+00,
       2.2833472347020121e-02, 1.6292724945116521e+00,
       -2.6442157623166813e+00, 3.6327620296699385e-02,
       1.5960818297103792e+00, 2.6388078574033522e+00,
       1.2823507055107580e-02, -1.6392543951471248e+00,
       2.7814375420989648e+00, -4.1737776822767886e-02,
       -1.3949609633575542e+00, 2.8826553541121065e+00,
       3.0780379176498493e-02, -1.1915357203092614e+00,
       2.9825217318503903e+00, -8.8658012500495334e-02,
       -7.9757268685757665e-01, 2.9861794419273107e+00,
       -2.8713548761498908e-02, -5.8021851240561961e-01,
       3.0348822960549122e+00, -3.5048276258283238e-02,
       -2.2679037646061234e-01, 2.9885147726842161e+00,
       6.2697530249428965e-02, -2.7049023505572933e-01,
       3.1189866175471193e+00, 8.6154869773900963e-03,
       -2.0157724502571342e-01, 2.9982969458597872e+00,
       5.7257637765262714e-02, -7.1474922215597747e-01,
       2.8758647591673916e+00, -4.1284497609062304e-02,
       -1.1385598990789370e+00, 3.0006714342995675e+00,
       -6.7496984791036135e-02, -5.9868767730912842e-01,
       -3.1024602475277638e+00, 1.3858089611025328e-02,
       -5.8214651704142709e-02, -3.0313195391884431e+00,
       -2.5650729099418880e-02, -1.6152721460404162e-01,
       -3.0245011854028943e+00, 5.0416435786857720e-02,
       -4.0578149373625766e-01, -3.0059882269558753e+00,
       3.2650511536420956e-02, -5.4113852053481037e-01,
       -3.0245132500378595e+00, 4.8498401604744439e-02,
       -4.9321239945416001e-01, -3.0613403653524274e+00,
       3.6852696649500971e-02, -4.9589744821977165e-02,
       -3.0697792842576321e+00, 1.4590101299741735e-03,
       -1.5328602398899546e-01, -3.0604593233961346e+00,
       7.1190524058726912e-03, -1.5841338945769393e-01,
       -3.0386970474692330e+00, 3.5448021102039630e-02,
       -1.5689809866705834e-01, -3.0101610467393880e+00,
       3.3046165597147834e-02, -1.5266642228186955e-01,
