%YAML:1.0
---
summary: "Filter by time, rd=20, rs=15."
init_cam_calib: C99-1010_3p_3
camera_matrix: !!opencv-matrix
   rows: 3
   cols: 3
   dt: d
   data: [ 2.5671962195528649e+03, 0., 1.8699276805007555e+03, 0.,
       2.5636746741695201e+03, 1.0835348204992456e+03, 0., 0., 1. ]
dist_coeff: !!opencv-matrix
   rows: 5
   cols: 1
   dt: d
   data: [ 2.9445295854563562e-02, -8.5651741099375817e-02,
       -2.1986215446196124e-04, -2.5266472146434310e-03,
       7.9889220829620841e-02 ]
rvec: !!opencv-matrix
   rows: 116
   cols: 3
   dt: d
   data: [ -3.1003019441396362e+00, -6.1607167089204841e-03,
       3.1371771775067234e-03, -3.0804579754434012e+00,
       -1.5284550690521667e-02, 1.8981995174001294e-02,
       -3.0809609479543516e+00, -4.1512212846060515e-03,
       2.5422822022184551e-02, -3.0897221299916233e+00,
       -9.1656527538304770e-03, -7.3327050619112445e-03,
       -3.0954003902999001e+00, 1.8887671789703919e-02,
       -8.7930385849693510e-02, -3.0592380313642438e+00,
       -3.9018142923778157e-02, -5.3701754923667272e-02,
       -3.0751595740529680e+00, -3.4329580153145148e-02,
       -1.8478897911879422e-01, 3.1374255432179923e+00,
       3.0327801226283448e-02, 1.2483256705637931e-01,
       3.0333119768455248e+00, -4.9744633354202794e-03,
       9.7431001637457854e-02, 3.0562790335737491e+00,
       -1.7288070748389044e-02, 8.2398016823760412e-02,
       3.0240735731469468e+00, -1.1612343749673596e-02,
       9.4691367593986761e-02, 3.0415114919410469e+00,
       -1.1335303111936754e-03, 1.0655922372264602e-01,
       -3.0513169995009304e+00, -4.4656381923494477e-02,
       -2.6795101422016743e-02, -2.9694384705877099e+00,
       -2.4977960052848403e-02, -2.8443182239065654e-02,
       -3.0245443409342916e+00, -1.3673970750696660e-02,
       -4.1057963344166414e-02, 3.0953890356877607e+00,
       1.9957303033117345e-02, -2.4984537646589977e-02,
       3.1315752166402020e+00, 1.9618050880127365e-02,
       1.1246532001621193e-01, -3.1320746542309768e+00,
       -2.0043436771477144e-02, -4.3689469546706307e-02,
       3.0828534813898218e+00, 1.9953145256203196e-02,
       1.3719673524359705e-01, 3.1041816461678859e+00,
       -2.9155425775038969e-02, 1.6294325333652443e-01,
       -3.0799392110106898e+00, 2.5847846527036727e-02,
       -1.5381105614983400e-02, -3.1080099363286129e+00,
       -3.8714917448765666e-03, 1.3685388394512513e-01,
       3.0506529156750957e+00, 9.7005921542884302e-03,
       -1.1894663491744847e-01, -3.1128284147744472e+00,
       -6.5414368803051182e-02, 3.4114108138717142e-01,
       -3.0643091477334949e+00, -6.1393815339414425e-02,
       5.7631586180385863e-01, -2.9826645246361898e+00,
       -7.6578059268662346e-02, 8.4245129381772910e-01,
       -2.9634328896832707e+00, -5.4463771777786156e-02,
       8.9159186302615545e-01, -2.9329771363584127e+00,
       -1.0466714127995011e-01, 1.0208689298894214e+00,
       -2.9305067995174916e+00, -8.6258842977134820e-02,
       1.0952849652426317e+00, -2.9674049386334223e+00,
       -4.7432182986624730e-02, 8.8618177321759017e-01,
       -2.9431006833250728e+00, -7.6625278711914185e-02,
       8.7464040503507001e-01, -2.9758304331891616e+00,
       -4.7377879911221124e-02, 7.7920313547180353e-01,
       -2.9712192595705944e+00, -5.8191789156702756e-02,
       7.4132894163478191e-01, -2.9809768637464704e+00,
       -6.1881113090148938e-02, 7.4376637187199124e-01,
       -2.9808407283936154e+00, -3.6362251774693974e-02,
       7.5417041150962238e-01, 3.0149331052183470e+00,
       5.4670949951335097e-02, -9.1968378418848717e-01,
       -2.9673824464582363e+00, -1.4369780750069550e-01,
       7.4184306792579924e-01, -2.9728544289688461e+00,
       -1.2229016539415827e-01, 7.7838871421729372e-01,
       2.9707613559396391e+00, 5.6596512167933849e-02,
       -8.7297837280371537e-01, 2.8702057441616526e+00,
       -5.3047623889357761e-03, -8.1041676998940748e-01,
       2.9463457030456142e+00, -4.8985498541858135e-03,
       -7.8953642175332062e-01, 2.9526517428696839e+00,
       1.0706872635688813e-02, -8.0372342804940577e-01,
       2.9562234232124696e+00, 3.3183697795615402e-03,
       -8.0310706050080327e-01, 2.9459442156035900e+00,
       -1.2837653565535489e-02, -8.0136426451697118e-01,
       2.9676353252949710e+00, 5.2526843546506661e-03,
       -8.9520206097753996e-01, 2.9599469173926898e+00,
       -2.9989200393660327e-02, -8.0157521247576069e-01,
       2.9527313493311755e+00, 7.1733591504952052e-02,
       -8.8910382759757389e-01, 2.9737137990576468e+00,
       1.3111567014097783e-02, -7.3898888857500111e-01,
       2.9015319422313461e+00, 7.4665640784421478e-02,
       -8.2319677303523575e-01, 2.9337345707270281e+00,
       2.8097791430428291e-02, -8.5524372206421451e-01,
       2.9610292952255812e+00, -2.0287410424262020e-02,
       -1.0418343920591617e+00, 2.8645663442945195e+00,
       3.0081292086423253e-02, -1.2802785729877366e+00,
       -2.8127593605156562e+00, 8.5907530383506400e-03,
       1.3496220605208347e+00, -2.7994149657469336e+00,
       4.0733391711351596e-02, 1.3306789359498947e+00,
       2.7122996664673504e+00, 4.1325237053551706e-02,
       -1.5486787479004944e+00, 2.6847606066192378e+00,
       -5.9050181535458695e-05, -1.5663302166699020e+00,
       2.5997145756419511e+00, 2.8611127875288207e-02,
       -1.6940913168837863e+00, 2.6273235787751479e+00,
       -2.0282193816713492e-02, -1.6682997636185792e+00,
       -2.6628193822116240e+00, 6.8901107614823326e-03,
       1.6824648648147200e+00, -2.6260922812079484e+00,
       -8.1273079044159494e-02, 1.5831581974267441e+00,
       -2.6021965251095449e+00, -1.0181533076389222e-01,
       1.6537359719624332e+00, -2.6518099573640903e+00,
       -5.1665850324574901e-02, 1.6810706601993546e+00,
       2.5743244603005189e+00, -7.8566643334297970e-02,
       -1.5530612511572470e+00, -2.6612525990516178e+00,
       -1.5562555024297625e-02, 1.6276386337302200e+00,
       2.6574412033540966e+00, -2.6510569755620952e-02,
       -1.6554032152199791e+00, -2.6507216780733560e+00,
       1.0936902501754024e-02, 1.5490923526414373e+00,
       2.6204142383943227e+00, -4.4580462912299033e-03,
       -1.6707831344881046e+00, 2.7919167293888374e+00,
       -3.9266430157425078e-02, -1.3982939283021032e+00,
       2.8469947273361624e+00, 4.0518557288073943e-02,
       -1.2275639403847585e+00, 2.9492084296309775e+00,
       -4.7574068133782448e-02, -8.8707721501861780e-01,
       3.0059392988439608e+00, -8.6547131423641524e-02,
       -6.1827123644551907e-01, 3.0298490584292326e+00,
       -5.7461862731677998e-02, -3.2473028445459257e-01,
       3.0051395504159104e+00, 1.6447270763065517e-02,
       -2.0841375462817907e-01, 3.0948856636902722e+00,
       -2.9161886588466343e-02, -2.1061242166693334e-01,
       3.0186020632924335e+00, 4.8426506631133515e-02,
       -5.8739517279177789e-01, 2.9079091271120596e+00,
       -4.5460155434379167e-03, -1.0283067762957909e+00,
       2.9324098897167854e+00, -7.2007534997388434e-02,
       -8.7522742923532681e-01, -3.1265981246944068e+00,
       4.6952718135981730e-02, -3.8664670375626424e-02,
       -3.0330131729239347e+00, -9.9508307303515595e-03,
       -7.8091891565654131e-02, -3.0364757937488358e+00,
       6.4712539329987454e-02, -3.6712526139074858e-01,
       -3.0102955275705674e+00, 3.2578239936448095e-02,
       -5.0454561843686374e-01, -3.0054619872935766e+00,
       4.5510462701286329e-02, -5.7156525035412564e-01,
       -3.0735503660907026e+00, 5.2087108800387187e-02,
       -9.2742902804291691e-02, -3.0616082227687422e+00,
       5.2102998933222294e-03, -1.4148708943253738e-01,
       -3.0632749841286868e+00, 5.2223530121142192e-03,
       -1.3428083348854461e-01, -3.0487597426733140e+00,
       2.1578692124463460e-02, -1.6447502344740256e-01,
       -3.0175224595571817e+00, 2.8880261873310248e-02,
       -1.4429539471532982e-01, -3.0180314741714511e+00,
       2.7533741834953756e-02, -1.5102690374848846e-01,
