%YAML:1.0
---
summary: "Filter by time, rd=15, rs=5."
init_cam_calib: C99-1010_3p_3
camera_matrix: !!opencv-matrix
   rows: 3
   cols: 3
   dt: d
   data: [ 2.5612648828406323e+03, 0., 1.8763256117375668e+03, 0.,
       2.5598209571086863e+03, 1.0840449629338380e+03, 0., 0., 1. ]
dist_coeff: !!opencv-matrix
   rows: 5
   cols: 1
   dt: d
   data: [ 2.1573772680225877e-02, -5.5508707818150677e-02,
       -4.1451210046958861e-04, -1.4531243395930914e-03,
       4.7497152707740936e-02 ]
rvec: !!opencv-matrix
   rows: 155
   cols: 3
   dt: d
   data: [ -3.1075058679268102e+00, -7.6128287140598697e-03,
       -7.5581895551445908e-03, -3.1041282996525323e+00,
       -4.2461372961894025e-03, 3.5727681883169514e-02,
       -3.0814023267426269e+00, -1.5369114772711587e-02,
       1.5148923380200196e-02, -3.0821185014433783e+00,
       -7.9592836120178801e-03, 1.6166181143307555e-02,
       -3.0751747832845902e+00, -3.0475624835983183e-03,
       2.9268660925182547e-02, -3.0884391088475867e+00,
       9.4952507048699213e-03, -9.4179357364829519e-02,
       -3.0961115218430759e+00, 1.8861415146556006e-02,
       -9.1388906202615638e-02, -3.0682062708911291e+00,
       -2.8655335801512988e-02, -5.5408069061609173e-02,
       -3.0487274810685951e+00, -4.8399502277123786e-02,
       -1.5144560297592333e-01, -3.0835929236721360e+00,
       -2.1261264853920478e-02, -1.6012721313800268e-01,
       3.1364990918043056e+00, 3.0250473254886234e-02,
       1.2820936919067891e-01, 3.0590323058778588e+00,
       2.7870443716100672e-03, 1.2988267547717477e-01,
       3.0240512286243728e+00, -3.5477607223048338e-02,
       7.9623354308217445e-02, 3.0506652251501576e+00,
       -3.9070809894094696e-03, 8.3901191070396480e-02,
       3.0232117532680669e+00, -1.1893096479432954e-02,
       9.8212789192723388e-02, 3.0362156404972596e+00,
       -8.7062169384370756e-03, 7.7025029854917479e-02,
       3.0955641534758396e+00, 3.3620689507852769e-02,
       4.3031082736687813e-02, -2.9851085352360704e+00,
       -2.6501582291309191e-02, -2.5731707573165192e-02,
       -2.9702232918624882e+00, -2.5240789006594121e-02,
       -3.1845623340990128e-02, -3.0172679106905673e+00,
       -3.3304499133963175e-02, -3.2045113924475337e-02,
       -3.0653795428354149e+00, 1.9066975571810424e-03,
       -3.0100568484929705e-02, 3.1000051937573030e+00,
       3.7710528420167332e-02, 2.0266750519475515e-02,
       3.1306501495582273e+00, 1.9560399692646547e-02,
       1.1599805372639727e-01, -3.1353677410104055e+00,
       -3.0016885891739998e-02, -1.9803492198980800e-02,
       3.1279881214439142e+00, -3.5410361741350866e-03,
       1.3563356928950593e-01, 3.0867144720174657e+00,
       4.6966574643105746e-02, 1.3320268362299867e-01,
       3.1031528401584771e+00, -2.9341175328185358e-02,
       1.6699607484967188e-01, -3.0592950290726941e+00,
       1.1697654903839222e-01, -3.5105217027815001e-02,
       -3.0699109497638228e+00, -4.1270048785443422e-02,
       4.0286792171876647e-02, 3.1067690606205280e+00,
       6.7374818566114825e-02, -1.0437434653706194e-01,
       3.0500094630939816e+00, 9.5235692462623395e-03,
       -1.1390430543737604e-01, 3.1234708493239753e+00,
       5.8813389047589565e-02, -2.8777850174118780e-01,
       -3.0918672595247085e+00, -3.8332906209756906e-02,
       5.1022394470232302e-01, -3.0762508005662745e+00,
       -4.4848464197919782e-02, 6.0200244590556629e-01,
       -2.9847733522320237e+00, -7.6972047195751570e-02,
       8.3723426504756071e-01, -2.9913988028049552e+00,
       -4.4038945119067543e-02, 8.8812427747953615e-01,
       -2.9103959686111742e+00, -9.1784837055941690e-02,
       9.1193772406291707e-01, -2.9107371141544371e+00,
       -9.8309204950996085e-02, 1.0592339055336371e+00,
       -2.9326117149344548e+00, -8.6643106704799730e-02,
       1.0908173951384181e+00, -2.9601551635283352e+00,
       -8.0085124268366829e-03, 8.9290352988023558e-01,
       -2.9602920842213925e+00, -8.4384616078556268e-02,
       8.6187059239579356e-01, -2.9657068000249023e+00,
       -8.7825995869261583e-02, 8.4734417502247483e-01,
       -2.9779556226303883e+00, -4.7775404349281507e-02,
       7.7381137216442974e-01, -2.9696625523915476e+00,
       -5.7685117062950785e-02, 7.3477187114240528e-01,
       -2.9720862213206183e+00, -5.9855482063281847e-02,
       7.4063735779633988e-01, -2.9844141647032369e+00,
       -6.0488769835419585e-02, 7.4037752168687587e-01,
       -2.9829356746538540e+00, -3.6755764882696842e-02,
       7.4878136068736956e-01, -2.9754835235041872e+00,
       -3.0968149320414268e-02, 8.5165324142123466e-01,
       -2.9727527791198818e+00, -1.4140444862712800e-01,
       8.6037661759902462e-01, -2.9737259415609807e+00,
       -1.3356783821074100e-01, 7.2032337236181510e-01,
       -2.9752027903643863e+00, -1.2289623683155751e-01,
       7.7311153777227404e-01, -2.9886042789772311e+00,
       -9.3614723046433673e-02, 8.6069121884772815e-01,
       2.8535009138488090e+00, -1.7030114251478195e-02,
       -8.1806459423275335e-01, 2.8893169739129494e+00,
       2.3220504622345723e-02, -8.0424144230587979e-01,
       2.9471590372348113e+00, -4.8870271097121226e-03,
       -7.8410383181096077e-01, 2.9445969575958699e+00,
       1.8087531742560271e-03, -8.3511917239244149e-01,
       2.9684582217589948e+00, 2.2388118364950276e-03,
       -7.9326307610990809e-01, 2.9523983542684249e+00,
       -1.6477475812026537e-04, -7.9794955524120292e-01,
       2.9468470824045889e+00, -1.2832103478738753e-02,
       -7.9596698780248587e-01, 2.9725537547657348e+00,
       -5.5452005917549499e-03, -8.4957483414157220e-01,
       2.9704035220407143e+00, 7.2568753179125343e-03,
       -8.2576900387941476e-01, 2.9801899920274342e+00,
       -2.2207845804740049e-02, -7.8235064370396112e-01,
       2.9534818460701087e+00, 7.2021223089457576e-02,
       -8.8363205397676359e-01, 2.9737113062393155e+00,
       5.1599352531443411e-02, -7.8689326362844614e-01,
       2.9557106746511952e+00, -2.8243865730284791e-02,
       -7.8579618415035168e-01, 2.8966043607531691e+00,
       7.2479463923876442e-02, -8.5818005443790857e-01,
       2.9347010746488156e+00, 2.8224448364544359e-02,
       -8.4912211386491887e-01, 2.9751260713734027e+00,
       7.3331321660254443e-03, -9.6372294895354438e-01,
       2.9087605927547244e+00, 2.1405134971822268e-02,
       -1.1461938584634306e+00, -2.8455121985030014e+00,
       -1.7930352758773697e-02, 1.3107421765889840e+00,
       -2.8147188592532539e+00, 8.3178047399901731e-03,
       1.3452859530443171e+00, -2.8094889889698416e+00,
       4.9078431093324909e-02, 1.3458908399555671e+00,
       2.8035944728264846e+00, -1.4454230848994439e-02,
       -1.4244344913874727e+00, 2.6908096510268891e+00,
       2.7789939049474806e-02, -1.5348252421518336e+00,
       2.6871931267510218e+00, -2.0834711605397862e-05,
       -1.5626781009517132e+00, 2.6178391959610590e+00,
       5.3299451668061867e-02, -1.6649869894535219e+00,
       2.6375842464570547e+00, -2.9478803145437424e-02,
       -1.6662981115991284e+00, 2.6326875098915474e+00,
       -1.6515680000463381e-02, -1.6714083480233866e+00,
       -2.6648037435537915e+00, 6.7831362871547700e-03,
       1.6789014335458685e+00, -2.6597282603769945e+00,
       -6.1691579477393531e-02, 1.6111819027172962e+00,
       -2.5577611589925335e+00, -1.1237948228918078e-01,
       1.6185278853116851e+00, -2.6087556111755772e+00,
       -1.0362182026651003e-01, 1.6642274048096701e+00,
       -2.6538572028895788e+00, -5.1817635042792944e-02,
       1.6777296986678683e+00, 2.5720728572424565e+00,
       -3.6496236042921779e-02, -1.5528297849593018e+00,
       2.6342902391505154e+00, -6.4229141101527484e-02,
       -1.5749438227951238e+00, -2.6492221294399529e+00,
       -2.7177846104040251e-02, 1.6228159921379282e+00,
       2.6600787013052640e+00, -2.6547583113272238e-02,
       -1.6522782049985483e+00, -2.6628803996403860e+00,
       1.9010204574228251e-02, 1.5383361935695996e+00,
