%YAML:1.0
---
summary: "Filter by distance, md=150, ds=0."
init_cam_calib: C99-1010_3p_3
camera_matrix: !!opencv-matrix
   rows: 3
   cols: 3
   dt: d
   data: [ 2.5592442124498552e+03, 0., 1.8770323233168947e+03, 0.,
       2.5582999468310941e+03, 1.0839222647102408e+03, 0., 0., 1. ]
dist_coeff: !!opencv-matrix
   rows: 5
   cols: 1
   dt: d
   data: [ 1.9691500214117561e-02, -5.2558424170075731e-02,
       -4.1173609351940403e-04, -1.3364534362597020e-03,
       4.5636271743042578e-02 ]
std_intrinsics: !!opencv-matrix
   rows: 18
   cols: 1
   dt: d
   data: [ 4.5793395176493062e-01, 4.2869867612358409e-01,
       7.9718928810182166e-01, 5.0272854422585211e-01,
       8.5778898685841200e-04, 3.1522337150031426e-03,
       6.1563258056571602e-05, 1.0592487726915067e-04,
       3.3765042036122588e-03, 0., 0., 0., 0., 0., 0., 0., 0., 0. ]
std_extrinsics: !!opencv-matrix
   rows: 1752
   cols: 1
   dt: d
   data: [ 1.0574910430191616e-03, 3.8995437747796292e-04,
       1.1329734942725530e-03, 1.3069166619286749e+00,
       8.5296429965211196e-01, 1.4231288547655130e+00,
       1.0732009838834210e-03, 3.7505750001592990e-04,
       1.1301370871242234e-03, 1.3076030715224505e+00,
       8.5417296840695300e-01, 1.4336072123066739e+00,
       1.0539958285489845e-03, 3.8273895422842965e-04,
       1.1057047228085180e-03, 1.3023563294715326e+00,
       8.5066800476959203e-01, 1.4270891891492070e+00,
       1.0168038058800430e-03, 3.9902647821218320e-04,
       1.0609422064924237e-03, 1.3031932520428320e+00,
       8.5079061616236817e-01, 1.4400562181262648e+00,
       9.8292625823859269e-04, 3.9469096992763257e-04,
       1.0308884640578587e-03, 1.3015510544720390e+00,
       8.5087616760024298e-01, 1.4590070114064733e+00,
       9.7762881102922351e-04, 3.7750865423140351e-04,
       1.0182205886243231e-03, 1.3011206461263791e+00,
       8.5031767237137712e-01, 1.4618474318426333e+00,
       9.7004765103560773e-04, 3.6833631565739679e-04,
       1.0004254069218507e-03, 1.2981157127340595e+00,
       8.4823342363974275e-01, 1.4545909020968699e+00,
       9.7486138382834187e-04, 3.8748152554127051e-04,
       1.0191742908750236e-03, 1.2967239376322224e+00,
       8.4859718981052268e-01, 1.4468555733995374e+00,
       9.6797681103419624e-04, 3.8325998433077764e-04,
       1.0290574927251442e-03, 1.2892196343859361e+00,
       8.4330330674951326e-01, 1.4323438348331883e+00,
       9.5425614017011987e-04, 3.8723757440376042e-04,
       1.0298937236733641e-03, 1.2795182930475488e+00,
       8.3712399752255218e-01, 1.4094011953587158e+00,
       9.0039420272287527e-04, 3.8180533127835716e-04,
       9.6142214924716310e-04, 1.2569005723662896e+00,
       8.2243820880987184e-01, 1.3788672800379809e+00,
       8.7164375914384063e-04, 3.8059135754689287e-04,
       9.4634310794842005e-04, 1.2546147055778605e+00,
       8.2195652740302361e-01, 1.3856614967023060e+00,
       8.4680615700701446e-04, 3.7777128141622794e-04,
       9.3751582266615068e-04, 1.2571827538140232e+00,
       8.2469583077366138e-01, 1.4027460642277001e+00,
       8.1483275514140430e-04, 3.6955971908644278e-04,
       9.2629441317256022e-04, 1.2636577373170792e+00,
       8.2800066599026745e-01, 1.4204432938068026e+00,
       8.1663685357197735e-04, 3.6986260760708822e-04,
       9.2635549848688915e-04, 1.2571061526462748e+00,
       8.2426672388676314e-01, 1.4071785944989834e+00,
       8.1775338300176523e-04, 3.7219035839679732e-04,
       9.2724779484284060e-04, 1.2616331046045091e+00,
       8.2678703151746369e-01, 1.4144025492013472e+00,
       8.6346221536288774e-04, 3.7779446302515796e-04,
       9.7444087741950579e-04, 1.2627391491976918e+00,
       8.2903299909941375e-01, 1.4432083474814767e+00,
       9.0810438401585977e-04, 3.9231336267719051e-04,
       1.0101611747204164e-03, 1.2674860856929815e+00,
       8.3604918560623742e-01, 1.4641525255180337e+00,
       9.8854263048135985e-04, 3.9692802307091384e-04,
       1.1151591438326894e-03, 1.2803593258553705e+00,
       8.4530232203006428e-01, 1.4866077463531111e+00,
       1.0211456129651300e-03, 4.0069396998991427e-04,
       1.1265381618471625e-03, 1.2855217438484243e+00,
       8.4526192327616589e-01, 1.4775883415006510e+00,
       1.0349193440528511e-03, 3.9260775142183074e-04,
       1.1185037286826438e-03, 1.2911762776283346e+00,
       8.4701322060087991e-01, 1.4598523758576862e+00,
       1.0446750719835169e-03, 3.8426529822368621e-04,
       1.0926076744095601e-03, 1.2887857596905190e+00,
       8.4374814505242690e-01, 1.4312621951159252e+00,
       1.0506385843981484e-03, 3.7486652853457598e-04,
       1.0618585869605452e-03, 1.2910049618722370e+00,
       8.4356133512927234e-01, 1.3976321641098295e+00,
       1.0342343338132223e-03, 3.6684438563472875e-04,
       1.0346281520813379e-03, 1.2831076666556551e+00,
       8.3826848164646706e-01, 1.3903504000140963e+00,
       1.0899982484536455e-03, 3.6405167755511873e-04,
       1.0641349843023441e-03, 1.2952693397032049e+00,
       8.4612595702467730e-01, 1.3962160151933987e+00,
       1.0915474631707988e-03, 3.5672650439780962e-04,
       1.0474510970248025e-03, 1.2909425010150555e+00,
       8.4516997495005852e-01, 1.3889424756406086e+00,
       1.0960341968169543e-03, 3.4969394928497765e-04,
       1.0381633428086174e-03, 1.2897673168539145e+00,
       8.4696262426824032e-01, 1.3870328310346760e+00,
       1.1079085582250501e-03, 3.5894779045499207e-04,
       1.0493392325563119e-03, 1.2898511053477664e+00,
       8.4362752434473809e-01, 1.3687192590408594e+00,
       1.1376934695577303e-03, 3.5804726105094991e-04,
       1.0679012752221489e-03, 1.2988363361597026e+00,
       8.5057695937571665e-01, 1.3748769525923292e+00,
       1.1132236960429232e-03, 3.6211001228401957e-04,
       1.0524352000589375e-03, 1.2902882663131021e+00,
       8.4362417341648621e-01, 1.3596345070350015e+00,
       1.1080622008938911e-03, 3.6989753433610444e-04,
       1.0648976305553427e-03, 1.2926619802455512e+00,
       8.4397331343510851e-01, 1.3635556484322688e+00,
       1.1172363972276908e-03, 3.7687702613483222e-04,
       1.0893522705332625e-03, 1.2982142532445002e+00,
       8.4797430648068706e-01, 1.3761644269725226e+00,
       1.1321073007392192e-03, 3.8632161609756551e-04,
       1.1274745764302059e-03, 1.3034349534197738e+00,
       8.5254978380472168e-01, 1.4377978884683329e+00,
       1.1084842811252182e-03, 3.9348546899347394e-04,
       1.1406044927282535e-03, 1.2973212637920866e+00,
       8.5009092733538838e-01, 1.4641437538704798e+00,
       1.0610077843056366e-03, 3.9711149043527015e-04,
       1.1318602391185502e-03, 1.2934843415482844e+00,
       8.4870013234146846e-01, 1.4813674732869000e+00,
       1.1242387650334253e-03, 3.9432703058015666e-04,
       1.1606918620663941e-03, 1.3022076863902945e+00,
       8.5296730278682142e-01, 1.4697366026435417e+00,
       1.0809621093531036e-03, 3.9499054479989992e-04,
       1.1402812548111786e-03, 1.2933859878002631e+00,
       8.4819167353386260e-01, 1.4652599923072605e+00,
       1.0598445935774857e-03, 4.0629208307227388e-04,
       1.1838280627731899e-03, 1.2839089028489590e+00,
       8.4662040876099909e-01, 1.4864963864844205e+00,
       1.0676940443955108e-03, 4.0976205784945638e-04,
       1.2095328514880297e-03, 1.2850665608782930e+00,
       8.5093275720962536e-01, 1.5042956230611686e+00,
       1.1554131359424570e-03, 4.1819378119587158e-04,
       1.2680209350492151e-03, 1.2902569143359446e+00,
       8.6078552025074351e-01, 1.5851183381291991e+00,
       1.0910562038399865e-03, 4.2012791675838932e-04,
       1.2294213074105489e-03, 1.3070503260479589e+00,
       8.6561812102846536e-01, 1.5212792462726028e+00,
       1.0762730152710889e-03, 4.1954868131912921e-04,
       1.1716819267840097e-03, 1.3027902320827578e+00,
       8.5730154943865033e-01, 1.4941697076384464e+00,
       1.0649113592739057e-03, 4.1364439174953929e-04,
       1.1474047981729131e-03, 1.2971010792187725e+00,
