%YAML:1.0
---
summary: "Filter by time, rd=10, rs=5."
init_cam_calib: C99-1010_3p_3
camera_matrix: !!opencv-matrix
   rows: 3
   cols: 3
   dt: d
   data: [ 2.5648656599079718e+03, 0., 1.8790673632109078e+03, 0.,
       2.5631265960168093e+03, 1.0859725023402452e+03, 0., 0., 1. ]
dist_coeff: !!opencv-matrix
   rows: 5
   cols: 1
   dt: d
   data: [ 2.2166938702422107e-02, -5.6212705311289482e-02,
       -4.4324012652354372e-04, -1.1685021279735533e-03,
       4.7770309355818844e-02 ]
rvec: !!opencv-matrix
   rows: 232
   cols: 3
   dt: d
   data: [ -3.1068202829209333e+00, -7.5561002327544481e-03,
       -9.1207777910622227e-03, -3.1005045527832520e+00,
       -6.1732603509652767e-03, -2.2001754866863032e-03,
       -3.0850949738817293e+00, -7.8516199770922411e-03,
       2.3732009437822429e-02, -3.0807799389846924e+00,
       -1.5321437481538478e-02, 1.3571025889094816e-02,
       -3.0834838966082034e+00, -1.1500722020203840e-02,
       1.8916867844237344e-02, -3.0812926418901427e+00,
       -4.1981243579884177e-03, 1.9994802650322503e-02,
       -3.0745777719165055e+00, -3.0009341238715743e-03,
       2.7655631527371556e-02, -3.0899161528416306e+00,
       -9.1900251636646037e-03, -1.2643117537947715e-02,
       -3.0781197188187348e+00, 7.4687815983993031e-02,
       -1.4169935937884831e-01, -3.0953644641784548e+00,
       1.8944900041465765e-02, -9.3202113722670496e-02,
       -3.0733365385862101e+00, -2.5263180590545425e-02,
       -7.2489380155123684e-02, -3.0594035638916357e+00,
       -3.9060588718887790e-02, -5.9069941905195586e-02,
       -3.0479816594185842e+00, -4.8322326632162717e-02,
       -1.5316847757787869e-01, -3.0749221413300662e+00,
       -3.4190329519931471e-02, -1.8975074803577105e-01,
       -3.0881603735405436e+00, -4.8275847693583299e-02,
       -1.2565549873694129e-01, 3.1371767335835452e+00,
       3.0149320010781553e-02, 1.3000910611456459e-01,
       3.1036249659697379e+00, -6.2822135163890349e-03,
       1.3714646300181091e-01, 3.0331945652419789e+00,
       -5.3867271059331529e-03, 1.0257200545916480e-01,
       3.0247927221032795e+00, -3.5694704508996949e-02,
       8.1330891371730329e-02, 3.0561026151920587e+00,
       -1.7741739110266577e-02, 8.7735994920068630e-02,
       3.0395004699868835e+00, 3.9644692001381586e-03,
       8.6578791966056889e-02, 3.0239432021769863e+00,
       -1.2101957967562504e-02, 9.9871988616797289e-02,
       3.0371929254838075e+00, -3.2340556154373014e-02,
       6.4831099165195166e-02, 3.0414912623376464e+00,
       -1.4454954822392880e-03, 1.1162762025633412e-01,
       3.0963263057636059e+00, 3.3537184401723666e-02,
       4.4844053554656836e-02, -3.0515544008383673e+00,
       -4.4793893036563448e-02, -3.2057258354780162e-02,
       -2.9542086203892239e+00, -2.7254618862893976e-02,
       -3.1498253799528898e-02, -2.9696663647086510e+00,
       -2.5266146519988673e-02, -3.3514291043130938e-02,
       -2.9940168836869465e+00, -3.8237922113628052e-02,
       -7.3179833668933797e-02, -3.0245924487160680e+00,
       -1.3904047221107671e-02, -4.6088987173384839e-02,
       -3.0646422808178757e+00, 1.9081549117614175e-03,
       -3.1847365110394779e-02, 3.0956365530647689e+00,
       2.0052499832065276e-02, -1.9455192761586325e-02,
       3.0800597962735607e+00, 3.7434204354255311e-02,
       7.7432328591874239e-02, 3.1314563572268579e+00,
       1.9489910937404147e-02, 1.1758095428319650e-01,
       -3.1421602277875200e+00, -3.4229479406887413e-02,
       -4.8498787593223083e-02, -3.1320600574731881e+00,
       -2.0015968205928911e-02, -4.9155527238219199e-02,
       3.1287351145992615e+00, -3.6370527356019188e-03,
       1.3726870312986911e-01, 3.0826468937338056e+00,
       1.9713858097812433e-02, 1.4254365377144451e-01,
       3.0953107717089146e+00, 3.5634570885757735e-02,
       1.4744941057895275e-01, 3.1038142949171621e+00,
       -2.9461520732659636e-02, 1.6836621928619350e-01,
       -3.0680070790186842e+00, 1.2381823050986400e-01,
       -4.2612088619497640e-02, -3.0802275209896668e+00,
       2.5941731145069018e-02, -2.0976223331841102e-02,
       -3.0695785504293918e+00, -4.1228729256679371e-02,
       3.9040402549733441e-02, -3.1086780382589603e+00,
       -3.8643189525794735e-03, 1.3091878197032911e-01,
       3.0520847966430469e+00, 6.7257039357846965e-02,
       -4.0026110597275136e-02, 3.0503570469467114e+00,
       9.5079882240670759e-03, -1.1293185937183926e-01,
       3.0887775732589988e+00, 4.3880598527007257e-02,
       -2.3387826131476910e-01, -3.1142061241848209e+00,
       -6.5560378176199974e-02, 3.3469806463670543e-01,
       -3.0916091130753687e+00, -3.8464843300076421e-02,
       5.0936172940414992e-01, -3.0659286301169142e+00,
       -6.1808889470076650e-02, 5.6987493808765510e-01,
       3.0675424638842439e+00, 8.3778133196392587e-02,
       -6.6529159223799939e-01, -2.9845424896728527e+00,
       -7.7218792069344497e-02, 8.3633181125228062e-01,
       -2.9920053729860698e+00, -5.8105388788011358e-02,
       8.5769627559685713e-01, -2.9653230529325492e+00,
       -5.5104249049282142e-02, 8.8553266098192018e-01,
       -2.9102114753701707e+00, -9.2056374661467016e-02,
       9.1100425450184885e-01, -2.9350673744725375e+00,
       -1.0536750995824030e-01, 1.0148550993084176e+00,
       -2.8983445621854993e+00, -8.2160843916425932e-02,
       1.0981123781097515e+00, -2.9324294086357421e+00,
       -8.6936153818057971e-02, 1.0895432510924667e+00,
       -2.9734894561907868e+00, -6.7290516352365212e-03,
       9.4519182119582923e-01, -2.9692825886114322e+00,
       -4.8088200687284054e-02, 8.8005423600097543e-01,
       -2.9600540489751999e+00, -8.4616764262162775e-02,
       8.6080328698972863e-01, -2.9448452156635199e+00,
       -7.7286078078698917e-02, 8.6857761456394356e-01,
       -2.9655741451145992e+00, -8.9446063691925579e-02,
       8.2163272761202566e-01, -2.9776798117024823e+00,
       -4.7995495427030535e-02, 7.7277304673153646e-01,
       -2.9703134982918864e+00, -5.4111668269739899e-02,
       7.3994760764460321e-01, -2.9730341892943479e+00,
       -5.8785967325901752e-02, 7.3485507382728110e-01,
       -2.9718140003925977e+00, -6.0059128825174550e-02,
       7.3958884879801257e-01, -2.9827876618932598e+00,
       -6.2473715157494468e-02, 7.3731293454034286e-01,
       -2.9891966912026371e+00, -6.3095734725517424e-02,
       7.4404068275487623e-01, -2.9826346127613248e+00,
       -3.6967864032471681e-02, 7.4774216086786216e-01,
       -2.9777968434916091e+00, -1.0038927246517736e-02,
       7.8447827720300856e-01, 3.0167207683868291e+00,
       5.5426039756822240e-02, -9.1346802014814299e-01,
       -2.9724392940950337e+00, -1.4165507519751308e-01,
       8.5931821147309595e-01, -2.9692950264341080e+00,
       -1.4448703008316729e-01, 7.3555748900101681e-01,
       -2.9469420572034335e+00, -1.2514233918233478e-01,
       7.4609760220411958e-01, -2.9748352143636834e+00,
       -1.2315623756032246e-01, 7.7220446999799697e-01,
       -3.0409917518291123e+00, -1.1661020731061190e-01,
       7.9905437857434125e-01, 2.9724865948140597e+00,
       5.7306605635217382e-02, -8.6689233386880049e-01,
       2.8546897625704934e+00, -1.6840559002261762e-02,
       -8.1751956369760415e-01, 2.8719040642807285e+00,
       -5.0199948210945125e-03, -8.0466245722907559e-01,
       2.9210055123680521e+00, 1.6016800373757519e-02,
       -7.8789401860070551e-01, 2.9479655248240819e+00,
       -4.7545652938071970e-03, -7.8326814661041910e-01,
       2.9694888808625679e+00, -3.0518225408723697e-02,
       -8.3232441053652895e-01, 2.9543713800019038e+00,
       1.0822619136656447e-02, -7.9751721924367813e-01,
       2.9692105390757764e+00, 2.3606434148256755e-03,
       -7.9239767884584833e-01, 2.9579469488348731e+00,
       3.4394891494964369e-03, -7.9682122993600313e-01,
       2.9553129149724859e+00, -4.3403908164782127e-03,
       -7.9116172858653833e-01, 2.9476543420801775e+00,
       -1.2701462601908313e-02, -7.9514515127346108e-01,
