%YAML:1.0
---
summary: "Filter by time and points, rd=20, rs=0, sp=5, sf=4."
init_cam_calib: C99-1010_3p_3
camera_matrix: !!opencv-matrix
   rows: 3
   cols: 3
   dt: d
   data: [ 2.5593741950326339e+03, 0., 1.8729781357467150e+03, 0.,
       2.5565063977000659e+03, 1.0882978398038881e+03, 0., 0., 1. ]
dist_coeff: !!opencv-matrix
   rows: 5
   cols: 1
   dt: d
   data: [ 1.0595400339354567e-02, -2.2688284576802335e-02,
       -9.2876694129039668e-04, -2.2252269096452323e-03,
       1.5771178765747563e-02 ]
rvec: !!opencv-matrix
   rows: 117
   cols: 3
   dt: d
   data: [ -3.1087858429902751e+00, -1.4273031669673298e-02,
       -3.3255015473301335e-02, -3.1047086656972103e+00,
       -3.8547053534040208e-03, 3.6792977775459777e-02,
       -3.0773609696440607e+00, -1.2944742691456707e-02,
       2.1077213834624076e-02, -3.0764843399991255e+00,
       -1.6120258126751407e-03, 2.0250071988307406e-02,
       -3.0851507646585059e+00, 7.6034961183270265e-03,
       -8.8108163866123482e-02, -3.0842428462905374e+00,
       -7.1341596071541257e-03, -6.6209523970772663e-02,
       -3.0426154160194741e+00, -4.8156383336129621e-02,
       -9.8683480766866505e-02, -3.0849347427408116e+00,
       -2.0868934109138149e-02, -1.5799501087656906e-01,
       3.1281819167288125e+00, 5.2025516718493424e-03,
       9.6259150543225550e-02, 3.0348689923225605e+00,
       -1.8659324162025388e-02, 7.2432932223635463e-02,
       3.0518687603451440e+00, -4.1589347641975494e-03,
       8.2068879149153562e-02, 3.0266849324696712e+00,
       -1.2723478598119439e-02, 8.8479011271644051e-02,
       3.0573372913637771e+00, 1.2428620965715568e-02,
       1.0353210346395790e-01, -2.9924465021530184e+00,
       -2.6490918651410959e-02, -2.5143429778579012e-02,
       -2.9518688547148533e+00, -3.3575808043335577e-02,
       -6.8616588000112028e-02, -3.0228848510485258e+00,
       -1.2613868005845193e-02, -2.2125365841944338e-02,
       3.1059085103549959e+00, 3.8245126933913201e-02,
       1.3895225152963703e-02, 3.1282658998420763e+00,
       3.7651280037580434e-02, 9.2717172270636625e-02,
       3.1359517421688037e+00, 1.3736500063134214e-02,
       9.1805592772065694e-02, 3.0887002739197436e+00,
       4.7128619499629730e-02, 1.2994485451015597e-01,
       3.1308002924473817e+00, -8.5391850554416296e-02,
       9.8706120733563385e-02, -3.0710612713336927e+00,
       -3.6059970197871390e-02, 1.8737073858841023e-02,
       3.1091261322748154e+00, 6.8509649295092609e-02,
       -1.0130478574476712e-01, 3.0630868750203404e+00,
       -4.1832158724780749e-04, -1.7522689627540747e-01,
       -3.0892500812669801e+00, -3.7655594518198839e-02,
       4.2929514634628185e-01, -3.0736343746204708e+00,
       -4.4922997753079140e-02, 6.0444280374542114e-01,
       -2.9968057617684054e+00, -6.6763429666406388e-02,
       8.5367928382932989e-01, -2.9345732807836824e+00,
       -7.6064670591651132e-02, 8.8875795460493479e-01,
       -2.9084086300491645e+00, -9.8909237554723500e-02,
       1.0622492844806970e+00, -2.9611982601680475e+00,
       -5.5923959072653018e-02, 1.0304487755202179e+00,
       -2.9746762040002124e+00, -7.9691584208314570e-02,
       8.6933541738135955e-01, -2.9631319584382272e+00,
       -8.8461488088421317e-02, 8.4974739636934182e-01,
       -2.9685896923118631e+00, -4.5041185126229982e-02,
       7.5043841496081398e-01, -2.9662918725069822e+00,
       -6.4609575039545064e-02, 7.4419103265539510e-01,
       -2.9823883157552742e+00, -6.1098606541518968e-02,
       7.4212198924435535e-01, -2.9781871429822138e+00,
       -2.3275533448643380e-02, 7.5251819330475545e-01,
       2.9519673947966152e+00, 7.1809396745553672e-02,
       -8.5192161874923922e-01, -2.9707760237765490e+00,
       -1.3354961569714105e-01, 7.2304450845930068e-01,
       -2.9898208399971460e+00, -1.1817783384921512e-01,
       7.9066867966255450e-01, 2.8793173007352775e+00,
       2.7500670161377441e-03, -8.1531760376298024e-01,
       2.8922430228842799e+00, 2.4159478265517443e-02,
       -8.0420237741015799e-01, 2.9505193061107398e+00,
       1.4434334568448103e-02, -8.1557411354177312e-01,
       2.9595616186224452e+00, -1.6595495775262969e-03,
       -7.9889823621080081e-01, 2.9537652351439210e+00,
       1.0903060299401965e-03, -8.0150594499847805e-01,
       2.9512251919625863e+00, 7.1385370921461400e-03,
       -8.0540753585933345e-01, 2.9570472358386155e+00,
       2.1725943923552572e-02, -8.8813223812777820e-01,
       2.9820748413822051e+00, -2.1923947245158601e-02,
       -7.8569240823106723e-01, 2.9647894228512675e+00,
       9.1540884996260008e-02, -8.7053144735354004e-01,
       2.9899065307842601e+00, -1.9845314523201860e-02,
       -7.4507028954301435e-01, 2.8980821773816636e+00,
       7.2559586858361433e-02, -8.6249537966978473e-01,
       2.9795537243549628e+00, 4.3685096069496193e-02,
       -8.6705221086949391e-01, 2.9411520284022736e+00,
       -1.4863734842609486e-02, -1.0862043772444809e+00,
       -2.8430489244254833e+00, -1.9139146364138809e-02,
       1.3123840253190966e+00, -2.8070558764854749e+00,
       1.7049904522473319e-02, 1.3653592748910339e+00,
       2.8124863439959098e+00, -4.5401062529696459e-02,
       -1.3612718751484918e+00, 2.6909379644174813e+00,
       2.8902169451509963e-02, -1.5376523707493095e+00,
       2.6651305561519543e+00, 1.0712079930938357e-02,
       -1.5658755055344169e+00, 2.6166690195811659e+00,
       -8.4727117308951057e-03, -1.6742447509755778e+00,
       2.6319087841823086e+00, -1.3475416099831342e-02,
       -1.6741247345819341e+00, -2.6419047818322512e+00,
       2.1506246620365429e-02, 1.6609954451629414e+00,
       -2.5663225067540574e+00, -1.1918496822149537e-01,
       1.5899076841733049e+00, -2.6042679888607196e+00,
       -1.0413720164002817e-01, 1.6646915197287768e+00,
       2.6377786830559855e+00, 1.4596463052218275e-02,
       -1.6316667281558852e+00, 2.5823390519581491e+00,
       -7.3130544953831852e-02, -1.5926193770805273e+00,
       -2.6461669362541893e+00, -2.8483168401235218e-02,
       1.6245407143621733e+00, -2.6345404942291597e+00,
       2.2254316794622000e-02, 1.6308302519052178e+00,
       -2.6429221491017976e+00, 3.6244633166322086e-02,
       1.5964731476326812e+00, 2.6383592707212187e+00,
       1.3206571572205483e-02, -1.6425859707932360e+00,
       2.7819184342289240e+00, -4.1625288622235482e-02,
       -1.3979368290371079e+00, 2.8844846435232498e+00,
       3.0144799496882424e-02, -1.1963304493629470e+00,
       2.9825425586360774e+00, -8.8089587085195736e-02,
       -8.0125758817541282e-01, 2.9866384620401281e+00,
       -2.8184514239443206e-02, -5.8363121496005532e-01,
       3.0378549709701219e+00, -3.3878480469452042e-02,
       -2.3024541478004426e-01, 2.9901464810413874e+00,
       6.2942169817117935e-02, -2.7565391125725625e-01,
       3.1196332124890267e+00, 9.6902746492135653e-03,
       -2.0373563678924506e-01, 3.0044649450331860e+00,
       5.9680620836293267e-02, -7.1564977178813216e-01,
       2.8766076348225424e+00, -3.7248157647638842e-02,
       -1.1405579851774583e+00, 2.9881208783452968e+00,
       -6.0432969180709339e-02, -5.9905874873619913e-01,
       -3.1019566479614396e+00, 1.4336686649660686e-02,
       -5.6337569975185880e-02, -3.0300048704411484e+00,
       -2.5518996088789665e-02, -1.5886624849138412e-01,
       -3.0237766235274610e+00, 5.0346952560536486e-02,
       -4.0351900694735054e-01, -3.0047260190455862e+00,
       3.2835203212157459e-02, -5.3867568876876171e-01,
       -3.0191213973258324e+00, 4.6588639586645247e-02,
       -4.8743199339548798e-01, -3.0603087229865649e+00,
       3.7117439953385109e-02, -4.6360255470974408e-02,
       -3.0689586475290844e+00, 1.4935906549019568e-03,
       -1.4961226716633008e-01, -3.0586762527328477e+00,
       7.0159517319857674e-03, -1.5459052509217999e-01,
       -3.0376619743673121e+00, 3.5409752451609079e-02,
       -1.5386277281892996e-01, -3.0097202617657377e+00,
       3.3171693508945159e-02, -1.4947938244634490e-01,
