%YAML:1.0
---
summary: "Filter by time, rd=10, rs=0."
init_cam_calib: C99-1010_3p_3
camera_matrix: !!opencv-matrix
   rows: 3
   cols: 3
   dt: d
   data: [ 2.5609956866809111e+03, 0., 1.8776078869406165e+03, 0.,
       2.5592462056700315e+03, 1.0847529801153173e+03, 0., 0., 1. ]
dist_coeff: !!opencv-matrix
   rows: 5
   cols: 1
   dt: d
   data: [ 1.7487312664728447e-02, -4.4600573476640697e-02,
       -6.8107043820834069e-04, -1.3615152535981642e-03,
       3.8643717555662163e-02 ]
rvec: !!opencv-matrix
   rows: 233
   cols: 3
   dt: d
   data: [ -3.1100923557537770e+00, -1.3858585272712590e-02,
       -3.5540291452022338e-02, -3.1014319659700584e+00,
       -8.6118610775669010e-03, -1.2203718520110533e-03,
       -3.1041799246260262e+00, -4.2158093769308694e-03,
       3.5165479436018006e-02, -3.0802746112709025e+00,
       -1.7045296434555032e-02, 2.1732421223587831e-02,
       -3.0789425506443235e+00, -1.3021174989583231e-02,
       1.6547490362664913e-02, -3.0821397422754360e+00,
       -7.9263653215667085e-03, 1.5630353280086013e-02,
       -3.0775464937056363e+00, -1.6421045334162063e-03,
       1.7220344454528316e-02, -3.0721210839576676e+00,
       -6.8285224319114260e-03, 2.9408868036548259e-02,
       -3.0883856619186272e+00, 9.5568909525130443e-03,
       -9.4728951355145252e-02, -3.1011656072812963e+00,
       6.5236056271449405e-02, -1.2848272349550208e-01,
       -3.0857274672746375e+00, -7.5075181012158303e-03,
       -7.0244020812387870e-02, -3.0683682139200230e+00,
       -2.8632633127861570e-02, -5.5936531464531113e-02,
       -3.0449354742504560e+00, -4.8855569544028088e-02,
       -1.0199531633809665e-01, -3.0541457169731379e+00,
       -4.8658303553287020e-02, -1.8302569119592016e-01,
       -3.0835605016256675e+00, -2.1189526626555297e-02,
       -1.6064526239926474e-01, -3.1023060725399731e+00,
       -4.9386639136060270e-02, -1.1606614880387699e-01,
       3.1278347046641617e+00, 4.4447796596843378e-03,
       9.6757075810751131e-02, 3.0590388374439592e+00,
       2.7074707360303586e-03, 1.3042943641292742e-01,
       3.0342288656842276e+00, -1.8581800953076710e-02,
       7.5015969823649692e-02, 3.0252597969618944e+00,
       -2.9232123885997427e-02, 6.9876743312227652e-02,
       3.0506786732666278e+00, -4.0016485717848330e-03,
       8.4455608417061345e-02, 3.0320204604708594e+00,
       -8.4434274853577192e-03, 9.1634548369136440e-02,
       3.0255036343976478e+00, -1.2908919455879167e-02,
       9.2049621231596435e-02, 3.0361999194586140e+00,
       -8.7701098200989071e-03, 7.7581908943558972e-02,
       3.0557374753363664e+00, 1.2185385371157174e-02,
       1.0633565916941959e-01, -3.1174348747680010e+00,
       -6.0747676026265157e-02, -3.9577374442303186e-02,
       -2.9852295998141520e+00, -2.6490459487312112e-02,
       -2.6219037847328618e-02, -2.9327636672015092e+00,
       -2.4174913491471276e-02, -3.5486516219825535e-02,
       -2.9514843726190509e+00, -3.3955156252236510e-02,
       -7.0789749201990521e-02, -3.0174092997297093e+00,
       -3.3297199419963314e-02, -3.2574376010903877e-02,
       -3.0229503318015496e+00, -1.3158242240912303e-02,
       -2.5549801960750643e-02, -3.0857427191611020e+00,
       -6.0743947192062418e-03, 6.8452777096841055e-02,
       3.0999810783685002e+00, 3.7741894351755914e-02,
       2.0754612338917122e-02, 3.1117659400145996e+00,
       1.6633282844411252e-02, 1.1875761825363727e-01,
       3.1275817775035142e+00, 3.7464959538657874e-02,
       9.5148984625451433e-02, -3.1354902618511424e+00,
       -3.0004807226245173e-02, -2.0372529132020416e-02,
       3.1356233474033459e+00, 1.3578115725352906e-02,
       9.5455954470976448e-02, 3.1181215599605765e+00,
       -2.4479970448505685e-03, 1.7358352472743388e-01,
       3.0867096793411086e+00, 4.6914017345951471e-02,
       1.3370792140440618e-01, 3.1093567369335160e+00,
       2.1517632361949795e-02, 1.5498181911109515e-01,
       3.1307769695758432e+00, -8.6065316528101898e-02,
       1.0170222135609840e-01, -3.0593665396056355e+00,
       1.1703968411126402e-01, -3.5691825691358973e-02,
       -3.0707280497405449e+00, -3.6799139251350220e-02,
       1.6129940819861750e-02, -3.0773208984223221e+00,
       -1.6202429854958707e-03, 1.2128706899504832e-01,
       3.1067711337653630e+00, 6.7342648761837376e-02,
       -1.0387785996567446e-01, 3.0442030652407275e+00,
       3.2677953794971903e-02, -6.8333453329185098e-02,
       3.0628979690489411e+00, 1.3207867005251722e-05,
       -1.7322845457613936e-01, 3.1235832738448073e+00,
       5.8804913295449360e-02, -2.8719066302350127e-01,
       -3.0900532434158601e+00, -3.7192128700440343e-02,
       4.2799146276738420e-01, -3.0694781933836350e+00,
       -5.4473660162165011e-02, 5.3615177158013483e-01,
       -3.0762709795608667e+00, -4.4904147370701662e-02,
       6.0125659123320374e-01, -3.0245907623916826e+00,
       -9.5260251929397396e-02, 7.5762008526468072e-01,
       -2.9988814616728656e+00, -6.6647661401915068e-02,
       8.5050698819986104e-01, -2.9914839983742105e+00,
       -4.4157369100327144e-02, 8.8740000235056382e-01,
       -2.9342441460754589e+00, -7.5738863305087972e-02,
       8.8771729902208107e-01, -2.9237893354252473e+00,
       -8.5201658251080434e-02, 9.7834898733759323e-01,
       -2.9107474323092339e+00, -9.8457361998071924e-02,
       1.0585234772697547e+00, -2.9034001522084814e+00,
       -7.8670979019265605e-02, 1.1107347897263651e+00,
       -2.9626068787987103e+00, -5.5727916136816144e-02,
       1.0295318245146889e+00, -2.9601631390046439e+00,
       -8.1479058012024555e-03, 8.9221514192923745e-01,
       -2.9768203666795845e+00, -7.9333062489713169e-02,
       8.6717308278694372e-01, -2.9439353638494645e+00,
       -9.1688371481030775e-02, 8.6250496203098126e-01,
       -2.9656963109332368e+00, -8.7963665798592480e-02,
       8.4665104467629948e-01, -2.9732789994652205e+00,
       -7.0234123121142591e-02, 8.0030953925208814e-01,
       -2.9703666539124027e+00, -4.4567100244692542e-02,
       7.4815981618465932e-01, -2.9696258156126571e+00,
       -5.7803624767712364e-02, 7.3413609919290079e-01,
       -2.9690267717572665e+00, -6.4228732505406921e-02,
       7.4104451376109959e-01, -2.9774936595034749e+00,
       -6.0624987981277398e-02, 7.4044732954543291e-01,
       -2.9843594522245702e+00, -6.0603688487030627e-02,
       7.3976453238982443e-01, -2.9859549006435242e+00,
       -5.5324587588316251e-02, 7.4501802839718145e-01,
       -2.9800081100136935e+00, -2.2781295102698128e-02,
       7.5097499412038771e-01, -2.9754232810476200e+00,
       -3.1103866194177897e-02, 8.5101872863549821e-01,
       2.9496833216760976e+00, 7.2277401716956485e-02,
       -8.4472054950054487e-01, -2.9376676454864072e+00,
       -1.6013891718767134e-01, 7.9799718591287727e-01,
       -2.9736972314491164e+00, -1.3366152767342301e-01,
       7.1984106145208093e-01, -2.9650950602886748e+00,
       -1.3857737040637944e-01, 7.5388514229658776e-01,
       -2.9949781318801763e+00, -1.1820194095110530e-01,
       7.8549021269775821e-01, -2.9884601952359442e+00,
       -9.3721706878229200e-02, 8.6021513744150924e-01,
       2.8784064013876738e+00, 2.3631202814777502e-03,
       -8.1279679712399555e-01, 2.8520740210030806e+00,
       -2.4320313799223576e-02, -8.1888650761447779e-01,
       2.8897864673955205e+00, 2.3284261425427815e-02,
       -8.0382863307837316e-01, 2.9319846790703967e+00,
       1.5654496809210831e-02, -7.7415078227649425e-01,
       2.9499665411197076e+00, 1.3445994943239850e-02,
       -8.1189970655803589e-01, 2.9450039058054198e+00,
       1.8940007663353856e-03, -8.3445483502541706e-01,
       2.9584921262943320e+00, -2.7371477763378340e-03,
       -7.9486794794466464e-01, 2.9721140665962840e+00,
       3.9033667070798835e-03, -7.9463602566395797e-01,
       2.9527856822484213e+00, -9.0853308602361336e-05,
       -7.9731061749711729e-01, 2.9595555595377703e+00,
       -4.8019362404219121e-03, -7.9095125097998376e-01,
