%YAML:1.0
---
summary: "Filter by time, rd=10, rs=0."
init_cam_calib: C99-1010_3p_3
camera_matrix: !!opencv-matrix
   rows: 3
   cols: 3
   dt: d
   data: [ 2.5609956866809111e+03, 0., 1.8776078869406165e+03, 0.,
       2.5592462056700315e+03, 1.0847529801153173e+03, 0., 0., 1. ]
dist_coeff: !!opencv-matrix
   rows: 5
   cols: 1
   dt: d
   data: [ 1.7487312664728447e-02, -4.4600573476640697e-02,
       -6.8107043820834069e-04, -1.3615152535981642e-03,
       3.8643717555662163e-02 ]
std_intrinsics: !!opencv-matrix
   rows: 18
   cols: 1
   dt: d
   data: [ 3.6383379152363393e-01, 3.4341992772024948e-01,
       6.3264195599525563e-01, 4.0524300584928047e-01,
       7.0026928672037184e-04, 2.6261974018617650e-03,
       5.0961265830588386e-05, 8.4137108566912416e-05,
       2.8558842787450530e-03, 0., 0., 0., 0., 0., 0., 0., 0., 0. ]
std_extrinsics: !!opencv-matrix
   rows: 1398
   cols: 1
   dt: d
   data: [ 7.5265122427862943e-04, 2.7637807507172540e-04,
       8.1829712915785070e-04, 1.0319021786838278e+00,
       6.7987909102634725e-01, 1.0407487971212070e+00,
       7.6224668562496528e-04, 2.7233680171279384e-04,
       8.2064266999615828e-04, 1.0313093361977044e+00,
       6.7967143044537792e-01, 1.0388663810849723e+00,
       7.5803351568340610e-04, 2.6927817288156916e-04,
       8.1779221027066993e-04, 1.0324738559324840e+00,
       6.8083581581786068e-01, 1.0494918406328910e+00,
       7.6401806649543122e-04, 2.6531289354962537e-04,
       8.1235770817334146e-04, 1.0291868732966887e+00,
       6.7859313773990548e-01, 1.0404889530335455e+00,
       7.6284813460610913e-04, 2.6540657941835448e-04,
       8.1005221575077533e-04, 1.0286103555588708e+00,
       6.7820000821496762e-01, 1.0398154941334870e+00,
       7.5984642367329437e-04, 2.6592327634237828e-04,
       8.0819377257741352e-04, 1.0284492945039474e+00,
       6.7811646313259999e-01, 1.0411903310727229e+00,
       7.6057877904568455e-04, 2.6521259821384263e-04,
       8.0682901323000293e-04, 1.0287089817709856e+00,
       6.7834779408512569e-01, 1.0421716653171920e+00,
       7.5937704010219109e-04, 2.6213507289625873e-04,
       7.9911489108930246e-04, 1.0247081601505446e+00,
       6.7585197643158523e-01, 1.0368260841721360e+00,
       7.5118434103314433e-04, 2.8042285413752444e-04,
       7.9898229584035357e-04, 1.0378165622491011e+00,
       6.8359534828141766e-01, 1.0589452065663341e+00,
       7.0566638703288543e-04, 2.8136211299198036e-04,
       7.5101314416030536e-04, 1.0283769355733072e+00,
       6.7844998642566756e-01, 1.0638278653040536e+00,
       6.9639435097830222e-04, 2.6782886286079113e-04,
       7.3946189627818672e-04, 1.0265908489845783e+00,
       6.7774381372284620e-01, 1.0683427757876907e+00,
       6.8762416809629726e-04, 2.6167722425199667e-04,
       7.2549453248007059e-04, 1.0227391660963621e+00,
       6.7525036779714198e-01, 1.0626168116153183e+00,
       7.0496651646366048e-04, 2.6251293054488367e-04,
       7.3288435911313902e-04, 1.0261225596687522e+00,
       6.7881002298936877e-01, 1.0639896965985729e+00,
       7.0533214242079936e-04, 2.7262387143640215e-04,
       7.3928964429484747e-04, 1.0280227801071971e+00,
       6.7941064058153167e-01, 1.0591686359101216e+00,
       6.9446279392671687e-04, 2.7489107617825612e-04,
       7.3960639171661863e-04, 1.0239948213886969e+00,
       6.7623345075782726e-01, 1.0565995674628659e+00,
       6.9381371792995577e-04, 2.7129890064133457e-04,
       7.4745027714228393e-04, 1.0140523292493480e+00,
       6.6959939411146319e-01, 1.0352165923948742e+00,
       6.7437743720649690e-04, 2.7356527308957610e-04,
       7.3198107133769458e-04, 1.0048673231082126e+00,
       6.6371703215761046e-01, 1.0255702060859633e+00,
       6.2144605982556529e-04, 2.7155531257286845e-04,
       7.0191205854281931e-04, 9.8885847908258417e-01,
       6.5493697049219501e-01, 1.0366385213676468e+00,
       5.9321277943423761e-04, 2.6268172522569559e-04,
       6.7812859050366610e-04, 9.9548237860396749e-01,
       6.5859401632612802e-01, 1.0304319761058194e+00,
       5.8267753430391153e-04, 2.6215392069227150e-04,
       6.7511992438749695e-04, 9.9819389493773802e-01,
       6.6027519169892968e-01, 1.0385827072047968e+00,
       5.8364439828316851e-04, 2.6357194498081055e-04,
       6.7783584141863377e-04, 9.9395001301357733e-01,
       6.5761841906066554e-01, 1.0305920700274780e+00,
       5.8360311958464614e-04, 2.6449756705076522e-04,
       6.7461797089090497e-04, 9.9627567306039788e-01,
       6.5905101067076122e-01, 1.0337868979198277e+00,
       5.8503237732199839e-04, 2.6515486844602552e-04,
       6.7540206586919397e-04, 9.9926537485052169e-01,
       6.6104787400333809e-01, 1.0389791139011959e+00,
       6.1604905769576952e-04, 2.6815418254961984e-04,
       7.0838825541837450e-04, 9.9670152671537249e-01,
       6.6073530108707823e-01, 1.0540429837892524e+00,
       6.6499550214806655e-04, 2.7912186887342532e-04,
       7.4720476083021698e-04, 1.0014488905243648e+00,
       6.6700673892544249e-01, 1.0683699566491669e+00,
       7.3668837755516822e-04, 2.7845513299446889e-04,
       8.0862322996883625e-04, 1.0189000014392386e+00,
       6.7498219519574720e-01, 1.0663466106852961e+00,
       7.7676146394089389e-04, 2.5306645250947534e-04,
       7.5832534319172831e-04, 1.0190077356236014e+00,
       6.7316835442626166e-01, 1.0169579038719068e+00,
       7.9076588659236433e-04, 2.4525027409102605e-04,
       7.4627599075001048e-04, 1.0151206587688546e+00,
       6.7261975463712398e-01, 9.9999622065857896e-01,
       7.9931860464680748e-04, 2.5388643388820877e-04,
       7.6225277589464665e-04, 1.0203346627315790e+00,
       6.7372704058546617e-01, 9.9873124264930879e-01,
       8.0212375437884484e-04, 2.6894640678654043e-04,
       7.9439341501312316e-04, 1.0286898042596755e+00,
       6.7854604402033158e-01, 1.0127241010511867e+00,
       8.0425937115640518e-04, 2.7058303512509773e-04,
       7.9924166868041672e-04, 1.0300418500426374e+00,
       6.7962354484111498e-01, 1.0208157180565365e+00,
       7.9399850388589825e-04, 2.8215334913326353e-04,
       8.5033827747976460e-04, 1.0246473949934911e+00,
       6.7930501366387330e-01, 1.0769936547501280e+00,
       8.5274646772271053e-04, 3.0409051614839694e-04,
       9.2662377099736253e-04, 1.0282138208419289e+00,
       6.9065012128687275e-01, 1.1592320501615920e+00,
       7.6616718058947480e-04, 2.9744978815870766e-04,
       8.4504828565503721e-04, 1.0280816092711464e+00,
       6.8244980754874529e-01, 1.0900746333237883e+00,
       7.2341837025803016e-04, 2.8530575075543961e-04,
       7.9199133306243302e-04, 1.0085212632071296e+00,
       6.6787867809661239e-01, 1.0525462533291692e+00,
       6.8870788093154385e-04, 2.6617378611148713e-04,
       7.7314723130342223e-04, 9.7541221724011862e-01,
       6.4616781258362377e-01, 1.0013443506253590e+00,
       6.6431893099479884e-04, 2.6406917661069197e-04,
       7.4356686837779554e-04, 9.3001182273301564e-01,
       6.1704957455478471e-01, 9.4138833480971151e-01,
       6.2899379670657387e-04, 2.5663494322999519e-04,
       6.9931343925652234e-04, 8.8309692991805133e-01,
       5.8481198602519069e-01, 8.5481694534245922e-01,
       6.4581841346736315e-04, 2.4927207516947441e-04,
       6.9207965324700506e-04, 8.3432244496738650e-01,
       5.5446285164835274e-01, 8.1036326450957663e-01,
       6.0514423092734501e-04, 2.3614440190352972e-04,
       6.4695393186538935e-04, 7.8469167023069619e-01,
       5.1904879139555371e-01, 7.2050024060087126e-01,
       5.3132578569716675e-04, 2.1067323693720334e-04,
       6.1160925754345351e-04, 7.4428518302533730e-01,
       4.9255905657843518e-01, 6.3882484410298102e-01,
       4.8918940824121916e-04, 1.9719975222697326e-04,
       5.6142579923900240e-04, 7.1033143405629939e-01,
       4.6749832851140333e-01, 5.6781368813093980e-01,
       4.6887107909223508e-04, 1.8420706694625871e-04,
       5.6583627055325830e-04, 6.9587699615245480e-01,
