%YAML:1.0
---
summary: "Filter by time, rd=20, rs=10."
init_cam_calib: C99-1010_3p_3
camera_matrix: !!opencv-matrix
   rows: 3
   cols: 3
   dt: d
   data: [ 2.5622058720732093e+03, 0., 1.8766563346687728e+03, 0.,
       2.5612354207613630e+03, 1.0839546220435820e+03, 0., 0., 1. ]
dist_coeff: !!opencv-matrix
   rows: 5
   cols: 1
   dt: d
   data: [ 2.1130118810936398e-02, -5.4775893272421904e-02,
       -4.7596564715346061e-04, -1.3184764490768931e-03,
       4.6882333243536745e-02 ]
rvec: !!opencv-matrix
   rows: 116
   cols: 3
   dt: d
   data: [ -3.1015761252643181e+00, -8.6839923757829635e-03,
       -9.3590276231892734e-04, -3.0803978265975527e+00,
       -1.7111014719096925e-02, 2.1999149419112785e-02,
       -3.0822720831249772e+00, -7.9945253651717875e-03,
       1.5894809713456113e-02, -3.0722132963517375e+00,
       -6.8896645311675823e-03, 2.9674212435086555e-02,
       -3.1013352559948233e+00, 6.5134235991496842e-02,
       -1.2824060968776449e-01, -3.0683309827932281e+00,
       -2.8694351671134693e-02, -5.5678625655644493e-02,
       -3.0543212555338028e+00, -4.8769943467555192e-02,
       -1.8279596085542174e-01, -3.1023798049427662e+00,
       -4.9475767053737983e-02, -1.1578732669926350e-01,
       3.0589048204897646e+00, 2.7963408299134548e-03,
       1.3014635082310949e-01, 3.0250930658099389e+00,
       -2.9135608293126541e-02, 6.9581670835052747e-02,
       3.0318402846835801e+00, -8.3424764799526745e-03,
       9.1341998385883999e-02, 3.0360973449333724e+00,
       -8.6990523330078319e-03, 7.7289321433227365e-02,
       -3.1173612473319108e+00, -6.0782912960683416e-02,
       -3.9256204523491364e-02, -2.9328085720687889e+00,
       -2.4237359836941065e-02, -3.5291655277519596e-02,
       -3.0173366595653364e+00, -3.3349865737384861e-02,
       -3.2287826505608609e-02, -3.0855225583432695e+00,
       -6.0384510559941080e-03, 6.8774507010296526e-02,
       3.1116938164946557e+00, 1.6692682631453237e-02,
       1.1843270102703750e-01, -3.1354556168412611e+00,
       -3.0042803424834581e-02, -2.0072400380848385e-02,
       3.1180595320698492e+00, -2.3615754194271942e-03,
       1.7335942041543342e-01, 3.1091937810009909e+00,
       2.1600963087840777e-02, 1.5483862917749083e-01,
       -3.0594871172225000e+00, 1.1694489604872094e-01,
       -3.5528915444838098e-02, -3.0774567040528997e+00,
       -1.6630875207675774e-03, 1.2146720593393484e-01,
       3.0440560231352505e+00, 3.2723211497789943e-02,
       -6.8275514630791637e-02, 3.1232245658929725e+00,
       5.8808355303203136e-02, -2.8728997819907848e-01,
       -3.0698193425610958e+00, -5.4450033596477612e-02,
       5.3651482517891846e-01, -3.0248785673259762e+00,
       -9.5208349763507200e-02, 7.5805297865515919e-01,
       -2.9917013425966354e+00, -4.4076907299530073e-02,
       8.8790259062142418e-01, -2.9240253391964628e+00,
       -8.5090774674517755e-02, 9.7885044325951942e-01,
       -2.9037072184796595e+00, -7.8566000304417877e-02,
       1.1112152801200850e+00, -2.9604168183681923e+00,
       -8.0479791562914193e-03, 8.9269063663282022e-01,
       -2.9442095687747694e+00, -9.1579196420602110e-02,
       8.6301322054716534e-01, -2.9735846126333647e+00,
       -7.0144732285124342e-02, 8.0074641061341267e-01,
       -2.9699579670940608e+00, -5.7720401874186096e-02,
       7.3451244277360472e-01, -2.9778301733566108e+00,
       -6.0543586672138591e-02, 7.4082477566322946e-01,
       -2.9862958956946404e+00, -5.5246372120731871e-02,
       7.4538523503178311e-01, -2.9757307946362328e+00,
       -3.1013939436016619e-02, 8.5144420633472084e-01,
       -2.9379923178537473e+00, -1.6005910127549203e-01,
       7.9831237184661863e-01, -2.9654343628949653e+00,
       -1.3853056655641752e-01, 7.5408395445653398e-01,
       -2.9888306700150276e+00, -9.3671320058921079e-02,
       8.6049365574575098e-01, 2.8514016289695459e+00,
       -2.4318237377821916e-02, -8.1890839479811983e-01,
       2.9314410712622756e+00, 1.5613167264153630e-02,
       -7.7436184432628918e-01, 2.9444590153146901e+00,
       1.8247670242220180e-03, -8.3480060481602480e-01,
       2.9715802103962585e+00, 3.8366961829590105e-03,
       -7.9495933150203235e-01, 2.9590229817729838e+00,
       -4.8613979036559235e-03, -7.9124568974008958e-01,
       2.9724407106257633e+00, -5.5059504337082047e-03,
       -8.4927220250029001e-01, 2.9751469355596942e+00,
       -2.0728079782919826e-02, -7.9825828947307798e-01,
       2.9558848970306926e+00, 4.0694279196670138e-02,
       -8.6391239351613147e-01, 2.9735494230008368e+00,
       5.1627069106182248e-02, -7.8652991456658972e-01,
       2.9194782128445445e+00, 1.1596527349969320e-02,
       -7.8710116486278703e-01, 2.8978739404332883e+00,
       1.5772011179708174e-02, -8.6371184851160487e-01,
       2.9750229858403983e+00, 7.3702853664433278e-03,
       -9.6335686191928671e-01, 2.8907797134539766e+00,
       3.5852277084846194e-02, -1.2049070176295908e+00,
       -2.8270385509733553e+00, 7.7692063877907360e-03,
       1.3407976180560619e+00, -2.8096715483726737e+00,
       4.9090192546894527e-02, 1.3456656917271037e+00,
       -2.7511347737393659e+00, -3.6608911337096497e-02,
       1.5173449644015127e+00, 2.6979467807407578e+00,
       -1.1657502932162809e-02, -1.5532569548883852e+00,
       2.6180112542120275e+00, 5.3269467734004809e-02,
       -1.6646129072538494e+00, 2.6294350633921426e+00,
       -3.0225335936836763e-02, -1.6722868793659662e+00,
       2.6195432250521402e+00, -1.3832873348873892e-02,
       -1.6895516352676423e+00, -2.6599712593769875e+00,
       -6.1643998749204350e-02, 1.6108988821389831e+00,
       -2.6110487927241373e+00, -1.0101951702339859e-01,
       1.6108759042594558e+00, -2.6409285865330121e+00,
       -7.8751833583120739e-02, 1.6804052023791001e+00,
       2.5722583358554476e+00, -3.6480477017333264e-02,
       -1.5525806671133915e+00, -2.6798723768074955e+00,
       2.2480282533779181e-02, 1.6382366692432937e+00,
       2.6556832082733326e+00, -1.7689682569386720e-02,
       -1.6721108257781294e+00, -2.6630844734376367e+00,
       1.9129905746927311e-02, 1.5380736906386507e+00,
       2.6343695926506054e+00, -3.0096689998270428e-02,
       -1.6688197453082447e+00, 2.7111038957784657e+00,
       -1.7200093212028804e-02, -1.4555346668083851e+00,
       2.8167338637345725e+00, -6.2244688282566546e-03,
       -1.2773895354028200e+00, 2.9021597758435314e+00,
       3.1471075578801584e-02, -1.0060169150246394e+00,
       3.0145121953005081e+00, -7.5246039869139303e-02,
       -6.4717810786589181e-01, 3.0099591319666876e+00,
       -2.6805996942940235e-02, -4.2199030973465684e-01,
       2.9939083649499518e+00, -7.3614258579005705e-03,
       -1.3492367050077772e-01, 3.0502580119504925e+00,
       4.5617982981314170e-02, -2.2022629882553346e-01,
       3.0529711205876766e+00, 1.5868862702233217e-02,
       -3.8143410780472786e-01, 2.9667876876946697e+00,
       -3.1504772076227060e-02, -8.5928541970194527e-01,
       2.8774079775640375e+00, -1.4633868267465258e-01,
       -1.0346026080655384e+00, -3.1050747607497935e+00,
       6.2661473423159336e-02, 2.5253605258054850e-02,
       -3.0685921054707306e+00, -1.8196065095888350e-02,
       -4.9690930274482570e-02, -3.0326321139520989e+00,
       4.5878338030174048e-02, -3.5479073704158753e-01,
       -3.0193019377554080e+00, 3.3263564854479968e-02,
       -4.7911220308086427e-01, -2.9999957433322781e+00,
       3.7726397309936793e-02, -5.8537969221471575e-01,
       -3.0665129960080422e+00, 5.2151415569700960e-02,
       -2.0132703598453397e-01, -3.0636436455212617e+00,
       1.3475980110914620e-04, -1.1832722474832513e-01,
       -3.0660236324927101e+00, -4.6460950483355581e-04,
       -1.3795468085042542e-01, -3.0570886255869518e+00,
       1.2405332377301292e-02, -1.7551780135995484e-01,
       -3.0337429667081008e+00, 2.8442060889830211e-02,
       -1.4881994754744293e-01, -3.0131105445149435e+00,
       2.9496435879148571e-02, -1.5918659897513596e-01,
