%YAML:1.0
---
summary: "Filter by time and points, rd=20, rs=10, sp=5, sf=4."
init_cam_calib: C99-1010_3p_3
camera_matrix: !!opencv-matrix
   rows: 3
   cols: 3
   dt: d
   data: [ 2.5592144041728352e+03, 0., 1.8784482369955324e+03, 0.,
       2.5589506718005932e+03, 1.0861555572068851e+03, 0., 0., 1. ]
dist_coeff: !!opencv-matrix
   rows: 5
   cols: 1
   dt: d
   data: [ 1.7852941808632446e-02, -4.3166899430563718e-02,
       -2.2949104029530346e-04, -1.1019279600878978e-03,
       3.6457654879762810e-02 ]
rvec: !!opencv-matrix
   rows: 116
   cols: 3
   dt: d
   data: [ -3.0999193211670049e+00, -8.5854974498300388e-03,
       -1.2961420828843672e-03, -3.0795571180508299e+00,
       -1.6872153205646705e-02, 2.1932761900034920e-02,
       -3.0824563626988541e+00, -8.0474950098165070e-03,
       1.4734309217673212e-02, -3.0723989523163633e+00,
       -6.9621836500164368e-03, 2.7393713229448696e-02,
       -3.0999751877936834e+00, 6.5841023818010019e-02,
       -1.2852060773516677e-01, -3.0676947531349872e+00,
       -2.8560985298953005e-02, -5.6070850649390956e-02,
       -3.0531772118396794e+00, -4.8624879779924836e-02,
       -1.8305719797785402e-01, -3.1004228614901885e+00,
       -4.9603047535746354e-02, -1.1547730650439883e-01,
       3.0575990889298938e+00, 1.8512886546609099e-03,
       1.3134919827718294e-01, 3.0263426869527299e+00,
       -2.8911055642875313e-02, 6.9338068266584715e-02,
       3.0320510413216515e+00, -8.9044202892129068e-03,
       9.1882922610070125e-02, 3.0404363334909217e+00,
       -9.1855960195036494e-03, 7.5873864398326982e-02,
       -3.1193381699676332e+00, -6.0935669056570343e-02,
       -3.9431370343998393e-02, -2.9330842163895499e+00,
       -2.3746854684186216e-02, -3.6140411470008973e-02,
       -3.0164979138852606e+00, -3.3097430306105353e-02,
       -3.2516499459039276e-02, -3.0839359374031718e+00,
       -6.6606612965202068e-03, 6.5597908276826170e-02,
       3.1135631239056631e+00, 1.5976812649339013e-02,
       1.2076747123260208e-01, -3.1354524763167522e+00,
       -3.0077251720839922e-02, -2.1058842874254483e-02,
       3.1205919843663632e+00, -3.1287445339294386e-03,
       1.7502032573148146e-01, 3.1100801362303483e+00,
       2.0967535829246955e-02, 1.5444336411703063e-01,
       -3.0616104526393841e+00, 1.1753281974793409e-01,
       -3.6833878074767755e-02, -3.0769138679348425e+00,
       -2.1011737183357707e-03, 1.1961754812744628e-01,
       3.0405560932447040e+00, 3.2791780666014035e-02,
       -6.6034609121632767e-02, 3.1259594627576544e+00,
       5.8092168741170437e-02, -2.8472510944898416e-01,
       -3.0674414802013628e+00, -5.5110893561510353e-02,
       5.3516791483898829e-01, -3.0264883169241479e+00,
       -9.7389251624643999e-02, 7.5616093962434927e-01,
       -2.9930104460318070e+00, -4.4413658051275194e-02,
       8.8419958005586752e-01, -2.9245827748572828e+00,
       -8.5474460749507430e-02, 9.7686330837441449e-01,
       -2.9033516766287693e+00, -7.8452257985702628e-02,
       1.1092395235817776e+00, -2.9604866837071486e+00,
       -8.2399396266554341e-03, 8.9144934551526978e-01,
       -2.9438598001317549e+00, -9.1962552520386487e-02,
       8.6106405981598655e-01, -2.9742293151545462e+00,
       -7.0749897427568875e-02, 7.9871807507976533e-01,
       -2.9698744170383455e+00, -5.8230346563453279e-02,
       7.3268608212882913e-01, -2.9782959798029269e+00,
       -6.0777084220478991e-02, 7.3744063480944977e-01,
       -2.9861379577856941e+00, -5.5659090274180208e-02,
       7.4431335741179994e-01, -2.9737854296596229e+00,
       -3.2014137945890822e-02, 8.5242880078768868e-01,
       -2.9383445911167034e+00, -1.6046755374459395e-01,
       7.9629729272449379e-01, -2.9656994169863515e+00,
       -1.3905101118535632e-01, 7.5169841722833852e-01,
       -2.9872100801036137e+00, -9.4085356647817892e-02,
       8.5965960721986967e-01, 2.8544375128399584e+00,
       -2.4515519555931904e-02, -8.1866097229282209e-01,
       2.9343168417900212e+00, 1.6019936793411821e-02,
       -7.7199061366424104e-01, 2.9455949511349577e+00,
       3.5863674684726431e-03, -8.3337316437226294e-01,
       2.9733436339044039e+00, 4.6139824218799563e-03,
       -7.9537244596937984e-01, 2.9603149502626427e+00,
       -4.2603541405658299e-03, -7.9039900160986565e-01,
       2.9738957719086825e+00, -4.5560304265631077e-03,
       -8.4888923721120346e-01, 2.9756272267331694e+00,
       -2.0111170351098696e-02, -7.9588815346186237e-01,
       2.9571005376282948e+00, 4.0657695203962382e-02,
       -8.6245195378294348e-01, 2.9765616847599001e+00,
       5.1485689435237451e-02, -7.8623535864474314e-01,
       2.9204827066904406e+00, 1.2024076258750196e-02,
       -7.8404939535403839e-01, 2.8982349453406386e+00,
       1.6502447200591821e-02, -8.6148903003323396e-01,
       2.9761219127848664e+00, 8.1064959531769853e-03,
       -9.6084682196225091e-01, 2.8931508128333081e+00,
       3.5367644978752895e-02, -1.2049784296467310e+00,
       -2.8282606828074663e+00, 6.3801797802629477e-03,
       1.3405817255679966e+00, -2.8093958239697399e+00,
       4.8596772723146033e-02, 1.3435201719265017e+00,
       -2.7513043760489380e+00, -3.7304974514910036e-02,
       1.5161550985605987e+00, 2.7000508232309008e+00,
       -1.1121913971631356e-02, -1.5527936855661717e+00,
       2.6215063232991924e+00, 5.0659518952704596e-02,
       -1.6634944430021636e+00, 2.6324858525141721e+00,
       -3.1117467753382328e-02, -1.6709711460397261e+00,
       2.6165907264874444e+00, -9.6919458326306298e-03,
       -1.6964121474700511e+00, -2.6622098725644259e+00,
       -6.4633548266360738e-02, 1.6107091562616478e+00,
       -2.6103334753293703e+00, -1.0064416530729166e-01,
       1.6087576166911808e+00, -2.6407575852585063e+00,
       -7.9448467531012729e-02, 1.6793703358258201e+00,
       2.5751073803210063e+00, -3.6636034528042170e-02,
       -1.5522006200157528e+00, -2.6752035258095517e+00,
       2.9458571729490214e-02, 1.6383497308936490e+00,
       2.6584244716669194e+00, -1.6704799415946266e-02,
       -1.6726108369574315e+00, -2.6632961386665706e+00,
       1.8248470167826603e-02, 1.5361265567517346e+00,
       2.6360352166500074e+00, -2.9548519860028075e-02,
       -1.6680394355417993e+00, 2.7125492279117269e+00,
       -1.6435768346326849e-02, -1.4548593581402458e+00,
       2.8180608817449575e+00, -5.7906575339680497e-03,
       -1.2762820704340738e+00, 2.9061568837554010e+00,
       3.0477721997436737e-02, -1.0068112928157038e+00,
       3.0175822433368165e+00, -7.5674853573162615e-02,
       -6.4516603163038289e-01, 3.0097066780943744e+00,
       -2.6089213374011933e-02, -4.1958825546583206e-01,
       3.0015610607036840e+00, -8.0593081796530974e-03,
       -1.4514873916080881e-01, 3.0471244041423065e+00,
       4.7406875582014660e-02, -2.2158657630547846e-01,
       3.0536746559974830e+00, 1.5810121832685077e-02,
       -3.8198132499425741e-01, 2.9570633098346564e+00,
       -2.9538126819446116e-02, -8.5493003024042524e-01,
       2.8832712811386139e+00, -1.4947051314582160e-01,
       -1.0398075065550814e+00, -3.1087458274246447e+00,
       6.3345890700413132e-02, 2.1426304701059690e-02,
       -3.0717219919634968e+00, -1.8832375059694265e-02,
       -5.1117666071355393e-02, -3.0328976449479166e+00,
       4.6198107116379436e-02, -3.5586001490570002e-01,
       -3.0185100930682895e+00, 3.3738442841598965e-02,
       -4.8007527491403468e-01, -2.9990983349882745e+00,
       3.8128783052332263e-02, -5.8594702631682172e-01,
       -3.0661440792844723e+00, 5.3405161000913325e-02,
       -1.9860853323930300e-01, -3.0622799801403073e+00,
       -1.9025038282991736e-04, -1.1883790486717023e-01,
       -3.0657160111995854e+00, -2.6315662384429682e-04,
       -1.3875444580318666e-01, -3.0559097781918867e+00,
       1.2538613922046478e-02, -1.7623452893599306e-01,
       -3.0340551321793070e+00, 2.8694732199892704e-02,
       -1.5044540833513598e-01, -3.0125881787443030e+00,
       2.9744505157134726e-02, -1.6047088145318036e-01,
