%YAML:1.0
---
summary: "Filter by time, rd=15, rs=5."
init_cam_calib: C99-1010_3p_3
camera_matrix: !!opencv-matrix
   rows: 3
   cols: 3
   dt: d
   data: [ 2.5612648828406323e+03, 0., 1.8763256117375668e+03, 0.,
       2.5598209571086863e+03, 1.0840449629338380e+03, 0., 0., 1. ]
dist_coeff: !!opencv-matrix
   rows: 5
   cols: 1
   dt: d
   data: [ 2.1573772680225877e-02, -5.5508707818150677e-02,
       -4.1451210046958861e-04, -1.4531243395930914e-03,
       4.7497152707740936e-02 ]
std_intrinsics: !!opencv-matrix
   rows: 18
   cols: 1
   dt: d
   data: [ 4.3000858909324247e-01, 4.0557614079238391e-01,
       7.5006320138564553e-01, 4.8007830358642911e-01,
       8.2829571762505199e-04, 3.0966861574977470e-03,
       6.0548439962247451e-05, 9.9981286959486979e-05,
       3.3603560446308464e-03, 0., 0., 0., 0., 0., 0., 0., 0., 0. ]
std_extrinsics: !!opencv-matrix
   rows: 930
   cols: 1
   dt: d
   data: [ 7.4000104656298871e-04, 2.6535553966693847e-04,
       8.2944391326418229e-04, 1.2144696820094272e+00,
       7.9357991372976577e-01, 1.0764287057973090e+00,
       7.4109098409841812e-04, 2.6112811261134284e-04,
       8.2904988885415195e-04, 1.2158155608342029e+00,
       7.9486532984887381e-01, 1.0854846912363210e+00,
       7.4493406832056768e-04, 2.5810255680884986e-04,
       8.2328954523023471e-04, 1.2131345312390767e+00,
       7.9269436663023918e-01, 1.0790027162677305e+00,
       7.4281119285886268e-04, 2.5788268649896431e-04,
       8.1967074037050057e-04, 1.2111322209263715e+00,
       7.9142953283801176e-01, 1.0770772864654530e+00,
       7.3903528577475637e-04, 2.5489124177731625e-04,
       8.1329893632264881e-04, 1.2095457423377838e+00,
       7.9065495325562707e-01, 1.0798201192027623e+00,
       7.3428949004121480e-04, 2.7196797755040425e-04,
       8.1028327576985559e-04, 1.2223140640906400e+00,
       7.9796242594781597e-01, 1.0931866385894238e+00,
       6.8498064271293221e-04, 2.6515187395612701e-04,
       7.6259131079161821e-04, 1.2097162414798104e+00,
       7.9191056379991398e-01, 1.1023148438462373e+00,
       6.7416344375109368e-04, 2.5452893166905230e-04,
       7.4525924263491624e-04, 1.2028742313440488e+00,
       7.8806684611034183e-01, 1.0981185780770206e+00,
       6.9096942517870999e-04, 2.6053718272497759e-04,
       7.5253762158781297e-04, 1.2091873428009832e+00,
       7.9194689338344748e-01, 1.0932804108128360e+00,
       6.8016417918951503e-04, 2.6709667426317278e-04,
       7.5635600063038433e-04, 1.2061756162480410e+00,
       7.8924986159046961e-01, 1.0894576954739914e+00,
       6.6615991924846038e-04, 2.7075701781465350e-04,
       7.5085348035755441e-04, 1.1845781376448909e+00,
       7.7602799690336088e-01, 1.0622812523785778e+00,
       6.1042046433570484e-04, 2.6404969466199815e-04,
       7.2154423312251594e-04, 1.1645055406342224e+00,
       7.6466352630275169e-01, 1.0695873731799093e+00,
       5.7352456508590987e-04, 2.5498985831239659e-04,
       6.9223178801044289e-04, 1.1719736667121914e+00,
       7.6881617393627510e-01, 1.0675004074165670e+00,
       5.7463931946511782e-04, 2.5664112212636642e-04,
       7.0047202020193198e-04, 1.1706243881884684e+00,
       7.6751409894800171e-01, 1.0650975921544457e+00,
       5.7338193476738251e-04, 2.5837802708796569e-04,
       6.9422031591845855e-04, 1.1753511915691177e+00,
       7.7081195338547515e-01, 1.0705495378563079e+00,
       6.0517160779451431e-04, 2.6081232078831634e-04,
       7.2742489000073973e-04, 1.1734315822246713e+00,
       7.7143865853269267e-01, 1.0875648398160449e+00,
       6.8577428424172109e-04, 2.7313983823530787e-04,
       8.1020271217219426e-04, 1.1880812830257239e+00,
       7.8425107262612559e-01, 1.1180379263244913e+00,
       7.5921182502484529e-04, 2.4593867598547345e-04,
       7.7180027171771799e-04, 1.1997583376267784e+00,
       7.8508327802168432e-01, 1.0533551125416969e+00,
       7.8188438131787826e-04, 2.4847176550072244e-04,
       7.8140299748955520e-04, 1.2041511821053685e+00,
       7.8716338052991386e-01, 1.0425054315558075e+00,
       7.8317491797796391e-04, 2.6135931550483039e-04,
       8.0440234012110854e-04, 1.2113541384152624e+00,
       7.9235637401214665e-01, 1.0498427903676837e+00,
       7.7030125773865630e-04, 2.7099981655838299e-04,
       8.3332117125957113e-04, 1.2046416475384347e+00,
       7.9070612876907453e-01, 1.1026386841494675e+00,
       8.3145353387281858e-04, 2.9492275295825676e-04,
       9.2980585340735479e-04, 1.2088630132152842e+00,
       8.0306414574142948e-01, 1.1878289007893477e+00,
       7.3317179808599726e-04, 2.8395008179349113e-04,
       8.3023599601379685e-04, 1.2009777278436193e+00,
       7.8800165054362992e-01, 1.1088827382700417e+00,
       6.7451389825159817e-04, 2.5848561258663504e-04,
       7.8903940341237301e-04, 1.1479910556232211e+00,
       7.5438831114316918e-01, 1.0362300325011602e+00,
       6.3655727224792608e-04, 2.5328028302117490e-04,
       7.3818162790972983e-04, 1.0704806770580777e+00,
       7.0377990690491177e-01, 9.3721823759622647e-01,
       6.3284027384721917e-04, 2.4188334666322471e-04,
       7.1215217209979445e-04, 9.7968122012343251e-01,
       6.4612829461899979e-01, 8.4525216348796772e-01,
       5.5204114469670988e-04, 2.1792738526264091e-04,
       6.5183421838362358e-04, 8.9432607047681423e-01,
       5.8802739873179444e-01, 7.1321825021144170e-01,
       4.8292125121187919e-04, 1.9109241289216221e-04,
       5.9627400923269365e-04, 8.3443107245569204e-01,
       5.4547973571653119e-01, 6.0972865466712545e-01,
       4.6261258536838765e-04, 1.7640075547830690e-04,
       5.9727151573154289e-04, 8.0900228625063753e-01,
       5.2952855561594059e-01, 5.6872222238076220e-01,
       5.6823802835970574e-04, 1.9081108951010846e-04,
       6.4523517229252126e-04, 7.8135253140318706e-01,
       5.1901035526444084e-01, 6.1197401352737701e-01,
       7.0442048135719356e-04, 2.0069606875348301e-04,
       6.7536816268222780e-04, 7.7683796116802006e-01,
       5.2386548823383194e-01, 6.6351324037299197e-01,
       5.1522779638108244e-04, 1.9498682292733188e-04,
       6.8362207147563492e-04, 8.1533370219469059e-01,
       5.4088382417589131e-01, 5.9904489545159489e-01,
       5.0607103230731532e-04, 1.9558970122463774e-04,
       6.5972296278574475e-04, 8.4407947991769616e-01,
       5.5580545756313904e-01, 5.5472321226048904e-01,
       4.8736833956524540e-04, 1.9812205081446137e-04,
       6.5249732317057584e-04, 8.5707874334473944e-01,
       5.6435596459097270e-01, 5.5300085343978400e-01,
       5.1198707348578678e-04, 2.1500384537534014e-04,
       6.8067097926354588e-04, 9.1212306006826771e-01,
       5.9516294668101699e-01, 5.7908744648999200e-01,
       5.2678014130576182e-04, 2.2312681923110004e-04,
       6.9460773978810629e-04, 9.5759533941501540e-01,
       6.2462456864888649e-01, 6.1093972541863328e-01,
       5.5393889459247260e-04, 2.2807700508356904e-04,
       7.1067606772364064e-04, 1.0076958602040187e+00,
       6.5704760714798405e-01, 6.5837396251373481e-01,
       6.2035940643769764e-04, 2.6027204326884828e-04,
       7.6979953315491003e-04, 1.0689779093411771e+00,
       6.9464819431233915e-01, 7.5388753465829006e-01,
       6.5767950375923874e-04, 2.7392651163280363e-04,
       8.0760983209097700e-04, 1.0904275408162267e+00,
       7.0668524288693702e-01, 8.0220952729561978e-01,
       6.5581665634591928e-04, 2.4503520563605051e-04,
       7.9711276190836181e-04, 1.1003739916936364e+00,
       7.1548575815984317e-01, 7.3910172053257173e-01,
       6.6469905125231819e-04, 2.4739020968460865e-04,
       8.1739839217586383e-04, 1.1258346070884346e+00,
       7.3348588451710084e-01, 7.5953265622983646e-01,
       6.7850120875893709e-04, 2.5123208746618365e-04,
       8.3534175306425383e-04, 1.1566627790191228e+00,
       7.5400743650677182e-01, 7.8835195076243758e-01,
       7.1040979526973890e-04, 2.5202980738746393e-04,
       8.6986016758428355e-04, 1.1867901332004458e+00,
