%YAML:1.0
---
summary: "Filter by time and points, rd=20, rs=0, sp=5, sf=2."
init_cam_calib: C99-1010_3p_3
camera_matrix: !!opencv-matrix
   rows: 3
   cols: 3
   dt: d
   data: [ 2.5597690849765754e+03, 0., 1.8752463230340225e+03, 0.,
       2.5571185655919085e+03, 1.0836371392390502e+03, 0., 0., 1. ]
dist_coeff: !!opencv-matrix
   rows: 5
   cols: 1
   dt: d
   data: [ 2.0932646639686268e-02, -6.7552762915614323e-02,
       -9.7000025037782302e-04, -1.8502379812391581e-03,
       7.3669867572762532e-02 ]
rvec: !!opencv-matrix
   rows: 117
   cols: 3
   dt: d
   data: [ -3.1093018241994250e+00, -1.3742516829240750e-02,
       -3.3692636630635334e-02, -3.1027177914839545e+00,
       -3.1106071865584007e-03, 3.9480696001394609e-02,
       -3.0793573261707032e+00, -1.2612965790900795e-02,
       1.7770861201844318e-02, -3.0779274107894179e+00,
       -1.4470754447513245e-03, 1.9003942306616832e-02,
       -3.0967942818716097e+00, 1.0248119363524348e-02,
       -9.6893228633694928e-02, -3.0863510778125613e+00,
       -7.3390736122226439e-03, -6.8316863940465905e-02,
       -3.0448025256958422e+00, -4.8728764063599467e-02,
       -1.0077723741551176e-01, -3.0835308631232587e+00,
       -2.1448916722932053e-02, -1.5966701042474826e-01,
       3.1269001900990823e+00, 3.5986026897140916e-03,
       9.6569627705111738e-02, 3.0339976114749376e+00,
       -1.8618362620899154e-02, 7.3509904273314372e-02,
       3.0511289404734820e+00, -3.4002366481495037e-03,
       8.2570978591082658e-02, 3.0254243030888825e+00,
       -1.2889896136101402e-02, 9.0762743336728874e-02,
       3.0596170795320963e+00, 1.3054638028324536e-02,
       1.0560918069443902e-01, -2.9848647246456563e+00,
       -2.6237369453026377e-02, -2.2652185948256187e-02,
       -2.9522462048908902e+00, -3.3982118164834971e-02,
       -6.8357849500060408e-02, -3.0236063277382654e+00,
       -1.3107371808930597e-02, -2.3680200853598513e-02,
       3.0988717839555648e+00, 3.7700087550554415e-02,
       1.9812632666240962e-02, 3.1275001373787146e+00,
       3.6848459682575642e-02, 9.3329601076228494e-02,
       3.1359420156184084e+00, 1.3461641087365125e-02,
       9.4059480746511465e-02, 3.0868582282294650e+00,
       4.7422871042108496e-02, 1.3364488751834833e-01,
       3.1340079132675522e+00, -8.6707201666731251e-02,
       9.7497173085418803e-02, -3.0703470965618647e+00,
       -3.6911618619757315e-02, 1.8389291812884699e-02,
       3.1046095208862736e+00, 6.7193645446408212e-02,
       -1.0680523883799113e-01, 3.0645472551462838e+00,
       1.1153538425404444e-03, -1.7555628311564825e-01,
       -3.0902108798798871e+00, -3.6944915714275148e-02,
       4.2916327316949293e-01, -3.0761360621611766e+00,
       -4.5116718999544989e-02, 6.0234180958201100e-01,
       -2.9980019839132050e+00, -6.6476383091349303e-02,
       8.5230532935504877e-01, -2.9339200245417278e+00,
       -7.6171781403422179e-02, 8.8983561858707605e-01,
       -2.9114649133503652e+00, -9.8482113851881811e-02,
       1.0586182272196432e+00, -2.9645802071487011e+00,
       -5.6240539691433444e-02, 1.0292932071645096e+00,
       -2.9765540093616361e+00, -7.9230033260731317e-02,
       8.6892190983898299e-01, -2.9653008270925021e+00,
       -8.7746342687799184e-02, 8.4794758946245097e-01,
       -2.9699905518603864e+00, -4.4169665774733413e-02,
       7.4980018780649993e-01, -2.9684835462083949e+00,
       -6.4272945566695883e-02, 7.4329825775776204e-01,
       -2.9839548479933624e+00, -6.0402057999255576e-02,
       7.4088424276195508e-01, -2.9794788132862258e+00,
       -2.2958357961219377e-02, 7.5328892239663681e-01,
       2.9549247601693698e+00, 7.1692739027511831e-02,
       -8.4443090077444505e-01, -2.9733406078436229e+00,
       -1.3350589636029053e-01, 7.2243532285456258e-01,
       -2.9949694230843131e+00, -1.1824785154664808e-01,
       7.8862522743286134e-01, 2.8769887989091592e+00,
       2.5185127992805372e-03, -8.1395042812978002e-01,
       2.8878608740998639e+00, 2.1876391887990961e-02,
       -8.0185598022335280e-01, 2.9495609920749968e+00,
       1.3417412450227279e-02, -8.1377533893641085e-01,
       2.9565107175589169e+00, -4.6860313480761532e-03,
       -7.9308053785348553e-01, 2.9526778886478273e+00,
       2.2495666994434281e-05, -7.9946114492630427e-01,
       2.9496926661739362e+00, 6.4696094056449953e-03,
       -8.0320044010204117e-01, 2.9559582685889891e+00,
       2.1674795112778863e-02, -8.8584845286735980e-01,
       2.9797982451409180e+00, -2.2327104049748855e-02,
       -7.8403575977874906e-01, 2.9642571772591979e+00,
       9.0594402442224428e-02, -8.7004828321136629e-01,
       2.9886568366287429e+00, -2.0309181238024599e-02,
       -7.4366543989685197e-01, 2.8959391660348519e+00,
       7.2284246956131157e-02, -8.5895295254274306e-01,
       2.9784255332472305e+00, 4.2916018455458227e-02,
       -8.6450500902206950e-01, 2.9403551771208081e+00,
       -1.5849603818033648e-02, -1.0855712486011515e+00,
       -2.8442482683776982e+00, -1.7517595520485610e-02,
       1.3121254759685292e+00, -2.8067497151512950e+00,
       2.1047913173276520e-02, 1.3611812263503966e+00,
       -2.8257586785683499e+00, 6.4391625007796605e-02,
       1.3568982695265872e+00, 2.6908235535875473e+00,
       2.7628767764076641e-02, -1.5366029863078912e+00,
       2.6628182371715741e+00, 1.0496509389974122e-02,
       -1.5644223640506763e+00, 2.6159673449503393e+00,
       -1.0020342379184498e-02, -1.6733332192667729e+00,
       2.6341945050201447e+00, -2.0924753952851757e-02,
       -1.6745169110585918e+00, -2.6450500592319273e+00,
       2.4495401182995660e-02, 1.6608465872679175e+00,
       -2.5664513478789339e+00, -1.1595572315547599e-01,
       1.5903775053874454e+00, -2.6063123309992684e+00,
       -1.0322327800134758e-01, 1.6650107279446404e+00,
       2.6363376586600995e+00, 1.3841945393807736e-02,
       -1.6321026174110589e+00, 2.5800255916156813e+00,
       -7.3374973983540107e-02, -1.5899072600329667e+00,
       -2.6499613060365852e+00, -2.7076524227659313e-02,
       1.6225008712890290e+00, -2.6359127818499393e+00,
       2.4055587197361943e-02, 1.6306032547425040e+00,
       -2.6449641830811053e+00, 3.7131238707317119e-02,
       1.5963995302386933e+00, 2.6368713103889907e+00,
       1.2877543823462085e-02, -1.6406725278334182e+00,
       2.7795027552449931e+00, -4.1436302426103647e-02,
       -1.3966229847537115e+00, 2.8727601543019072e+00,
       3.6043445634579799e-02, -1.1901913199799357e+00,
       2.9822080138617277e+00, -8.9229086258689888e-02,
       -8.0102726265460644e-01, 2.9854215783704232e+00,
       -2.9083259316663564e-02, -5.8142691155710224e-01,
       3.0337522519972118e+00, -3.5305547822967381e-02,
       -2.2932261899944378e-01, 2.9891013405884324e+00,
       6.3055428386545681e-02, -2.7257920768595106e-01,
       3.1166733676592724e+00, 7.6205590140677537e-03,
       -2.0142669267333235e-01, 2.9841018110230619e+00,
       5.5999330863425560e-02, -7.0979342922907240e-01,
       2.8732234382850796e+00, -3.7787120913006580e-02,
       -1.1364851749588685e+00, 3.0189643018756480e+00,
       -7.3667149139654928e-02, -6.1148463656070073e-01,
       -3.1034694718788409e+00, 1.3451220311219649e-02,
       -5.6496563378985724e-02, -3.0315619914566412e+00,
       -2.6291074801047368e-02, -1.6133189610676607e-01,
       -3.0262380964179370e+00, 5.0392015525085120e-02,
       -4.0582864744505587e-01, -3.0073454727672924e+00,
       3.2849401416253879e-02, -5.3852841323995548e-01,
       -3.0255007364386852e+00, 4.8350928631640401e-02,
       -4.9193507780024398e-01, -3.0627409390336018e+00,
       3.6734943958183809e-02, -4.8784190428027625e-02,
       -3.0708733479518679e+00, 1.5786083049044949e-03,
       -1.5140628243811385e-01, -3.0606848083301048e+00,
       7.1372905541946113e-03, -1.5699176742487594e-01,
       -3.0387682632787398e+00, 3.5505491771658085e-02,
       -1.5505856151101058e-01, -3.0099733140032723e+00,
       3.2971441422204123e-02, -1.5151485453507912e-01,
