%YAML:1.0
---
summary: "Filter by distance, md=250, ds=0."
init_cam_calib: C99-1010_3p_3
camera_matrix: !!opencv-matrix
   rows: 3
   cols: 3
   dt: d
   data: [ 2.5614206364854872e+03, 0., 1.8729849688220206e+03, 0.,
       2.5602105421415858e+03, 1.0817262321493167e+03, 0., 0., 1. ]
dist_coeff: !!opencv-matrix
   rows: 5
   cols: 1
   dt: d
   data: [ 2.1152795109827139e-02, -5.7609304226163421e-02,
       -2.2282566558776444e-04, -1.8362703358351883e-03,
       5.3287662081940940e-02 ]
rvec: !!opencv-matrix
   rows: 159
   cols: 3
   dt: d
   data: [ -3.1106832162790319e+00, -1.3974240529003427e-02,
       -3.2977968024754320e-02, -3.1088104107153778e+00,
       -8.0409669279084238e-03, -2.9151865052145121e-02,
       -3.0781759410632090e+00, -2.5551194339549495e-03,
       2.0180635888558823e-02, -3.0911130873362889e+00,
       3.2945382262904221e-02, -1.3138936476184029e-01,
       -3.0911453673201925e+00, -3.7863548741343123e-04,
       -7.7979952549285997e-02, -3.0538941871529750e+00,
       -4.2707107264160882e-02, -6.9926191474527791e-02,
       -3.0880998211279418e+00, -3.1373617976296071e-02,
       -1.3867381681609517e-01, -3.1257786897025679e+00,
       -4.0802020169767431e-02, -1.2415575886706623e-01,
       3.0853733796206075e+00, 2.1049505571837687e-03,
       1.2153446121265854e-01, 3.0355762320243844e+00,
       -8.5327227295480326e-03, 7.4932821346173059e-02,
       3.1375048220033834e+00, 4.3261550190278331e-02,
       2.6416071369707739e-02, -3.0955905732061675e+00,
       -5.9002544522604908e-02, -3.8928882162802464e-02,
       -3.0525284471115639e+00, -4.4817661862807875e-02,
       -2.8064200543472799e-02, -3.0029905864252511e+00,
       -2.9233280021776872e-02, -1.3245002329640616e-02,
       -2.9611325990693955e+00, -2.9037311849457254e-02,
       -2.1705715968329702e-02, -2.9814822982024283e+00,
       -3.6508259864869309e-02, -7.8975729690446306e-02,
       -3.0159850620935797e+00, -3.9462577215079522e-02,
       -3.5826413001541109e-02, -3.0658515440913039e+00,
       1.9503434254945465e-03, -2.7923855679933794e-02,
       -3.1347017523819352e+00, 1.1036297759044217e-02,
       -7.6493200670416763e-03, 3.0942469895316842e+00,
       2.0045176544576371e-02, -2.3423935224791477e-02,
       3.1047588161470063e+00, 2.7894606249625174e-02,
       1.0393560066651135e-01, 3.1305996456211873e+00,
       1.4634050674760870e-02, 1.0490505708358358e-01,
       -3.1356933655529424e+00, -3.1740137638031303e-02,
       -2.1282141049488498e-02, 3.1322311912502552e+00,
       1.2752278650146805e-02, 1.0611531221910285e-01,
       3.1057659883724815e+00, 4.5739617156441729e-03,
       1.6356113984963069e-01, 3.0883510609185580e+00,
       4.7604467578817138e-02, 1.4604411478418705e-01,
       3.1070987437316813e+00, 1.0810754217342336e-02,
       1.5799555671728019e-01, -3.1366729143707759e+00,
       9.4649905181224667e-02, -9.9914146309930646e-02,
       -3.0830905314921035e+00, 1.2127502252982995e-01,
       -4.5947306094749202e-02, -3.0777122854787313e+00,
       -1.7237228713677624e-02, 6.8137456597603405e-03,
       -3.0876871759503377e+00, 5.7661468028301320e-03,
       1.4076539389359349e-01, 3.1383054493999656e+00,
       4.0733109432719329e-02, -1.1296852498528663e-01,
       3.0903924826402696e+00, 6.9153893115106807e-02,
       -9.1253971399987491e-02, 3.0392492669037812e+00,
       6.7028206153340875e-02, -4.9442739394415638e-02,
       3.0624999037147567e+00, 7.9861812264913641e-05,
       -1.7541670840389148e-01, 3.1013272409770516e+00,
       6.1628103110695408e-02, -2.5747839457428662e-01,
       -3.0972758192298242e+00, -4.6688615164590969e-02,
       3.8207488323130379e-01, -3.0632833888700901e+00,
       -5.8712003410484125e-02, 5.9294267575945403e-01,
       -3.0063711580507486e+00, -9.0343650292982455e-02,
       7.8190963031412919e-01, -2.9766503927304919e+00,
       -3.4623165622287594e-02, 8.7540884452451151e-01,
       -2.9342668222991413e+00, -7.5189303295880458e-02,
       8.9019974823543568e-01, -2.9316956564394121e+00,
       -9.0325577588387898e-02, 9.8765943381802956e-01,
       -2.9162726564699346e+00, -8.4410232913687336e-02,
       1.1062710569680998e+00, -2.9677343957218634e+00,
       -5.2590376432687909e-03, 9.3664052798900366e-01,
       -2.9548147027561038e+00, -8.3861267352779351e-02,
       8.6023250104741933e-01, -2.9784583448754454e+00,
       -4.6253787459942193e-02, 7.6750727841107835e-01,
       -2.9757383908115216e+00, -3.0582051207826321e-02,
       8.5357476446579950e-01, -2.9906516666168552e+00,
       -3.7679714621206777e-02, 8.8677529110554343e-01,
       2.9952127322915350e+00, 5.8421234794716212e-02,
       -9.3449687754505006e-01, 2.9594183741944708e+00,
       7.2867131424406623e-02, -9.1736333388289415e-01,
       -3.0199862652961325e+00, -1.2001034531243507e-01,
       8.5441505822717745e-01, -2.9729618393293364e+00,
       -1.4102516583305197e-01, 8.6225628678124688e-01,
       -2.9440542908958629e+00, -1.5595285369986001e-01,
       8.0248690590543381e-01, -2.9653914570476565e+00,
       -1.2803712190961467e-01, 7.6367069881692184e-01,
       -3.0041614703406481e+00, -1.2250061498903617e-01,
       7.8292503836470662e-01, 2.9984153627832693e+00,
       8.3314396784393466e-02, -8.6947345900607087e-01,
       2.9375627243077207e+00, 5.0131979998800744e-02,
       -8.5400811289069012e-01, 2.8969709213171488e+00,
       8.9927036086380752e-03, -8.1442010943728671e-01,
       2.8598340616061799e+00, 1.7311151404596461e-02,
       -8.0208287579701421e-01, 2.8880312716144259e+00,
       2.2998109845847377e-02, -8.0575659983841241e-01,
       2.9188935302469199e+00, 1.5640361727876945e-02,
       -7.9027831196150333e-01, 2.9388509092461645e+00,
       8.5330395140975866e-03, -7.7438549252728728e-01,
       2.9549542555862862e+00, 1.7082799042589625e-02,
       -8.1244467662388076e-01, 2.9716859899383539e+00,
       -6.6250949208653967e-03, -8.6135467851488767e-01,
       2.9599653302110154e+00, 1.8430507767303445e-02,
       -8.8150068205601340e-01, 2.9436464822568462e+00,
       7.9831309742945819e-02, -8.8293720644347606e-01,
       2.9779344618740291e+00, 1.4378631374608878e-02,
       -7.6701789468784298e-01, 2.9382277726533061e+00,
       -2.0610350378592053e-02, -7.8802270735405711e-01,
       2.8937679213118912e+00, 6.0092254284999085e-02,
       -8.1052278770618658e-01, 2.8904745393684985e+00,
       1.8126109648236858e-02, -8.8210508158094247e-01,
       2.9245657318475784e+00, 2.1156625306144025e-02,
       -8.5422949690543892e-01, 2.9744238399559491e+00,
       3.5503312094971859e-02, -8.5309236666495969e-01,
       2.9707499539226068e+00, -6.9894963790495144e-03,
       -9.8561228709957283e-01, 2.8734776063735419e+00,
       2.9485327691895019e-02, -1.2662692200803383e+00,
       -2.8110078194876831e+00, 3.9833427911639609e-02,
       1.3255941344074678e+00, -2.8228485912032268e+00,
       6.4706296156784526e-02, 1.3527369646084926e+00,
       2.7248074506526456e+00, 3.9305820875705090e-02,
       -1.5478312623108244e+00, 2.6890366419668630e+00,
       3.1860092455202368e-02, -1.5395755531912227e+00,
       2.6828208812428489e+00, -6.2981568850701197e-03,
       -1.5597399180183777e+00, 2.6091585411134037e+00,
       5.1009991257337531e-02, -1.6761088831869069e+00,
       -2.6620779107624810e+00, 1.8254597583041099e-02,
       1.6698809123054630e+00, -2.6520692112545996e+00,
       -8.2296024018421343e-02, 1.5942236420642895e+00,
       -2.5977727535910953e+00, -9.8133425768012525e-02,
       1.5846015363129924e+00, -2.5949873109305708e+00,
       -1.0291902910091197e-01, 1.6249183775833365e+00,
       -2.6137313137083868e+00, -1.0917385916716163e-01,
       1.6628940928198812e+00, -2.6508437391934501e+00,
       -6.8263932318106679e-02, 1.6746459080030318e+00,
       2.6356832924376508e+00, 1.3302621888109781e-02,
       -1.6313981748846915e+00, 2.5846085021524341e+00,
       -3.1706210888879462e-02, -1.6103086959458666e+00,
