%YAML:1.0
---
summary: "Filter by distance, md=150, ds=10."
init_cam_calib: C99-1010_3p_3
camera_matrix: !!opencv-matrix
   rows: 3
   cols: 3
   dt: d
   data: [ 2.5593036759101647e+03, 0., 1.8771643691858339e+03, 0.,
       2.5583789295015554e+03, 1.0839645046742323e+03, 0., 0., 1. ]
dist_coeff: !!opencv-matrix
   rows: 5
   cols: 1
   dt: d
   data: [ 1.9660108213934147e-02, -5.2425407728672851e-02,
       -4.0577977750233513e-04, -1.3121402865792719e-03,
       4.5490106981707801e-02 ]
std_intrinsics: !!opencv-matrix
   rows: 18
   cols: 1
   dt: d
   data: [ 4.5660765002967280e-01, 4.2762815400335702e-01,
       7.9468338478145029e-01, 5.0114389676565863e-01,
       8.5486677920211692e-04, 3.1437951188748045e-03,
       6.1374226926430133e-05, 1.0558474069157337e-04,
       3.3691203078329915e-03, 0., 0., 0., 0., 0., 0., 0., 0., 0. ]
std_extrinsics: !!opencv-matrix
   rows: 1758
   cols: 1
   dt: d
   data: [ 1.0555212164449184e-03, 3.8925501867511015e-04,
       1.1307062325188230e-03, 1.3029011126656405e+00,
       8.5039920253184476e-01, 1.4202341342213949e+00,
       1.0552682734297689e-03, 3.8802738889538632e-04,
       1.1257819281623217e-03, 1.3007684881111938e+00,
       8.4908927923649569e-01, 1.4169587751338995e+00,
       1.0712030027450370e-03, 3.7438235846823560e-04,
       1.1278703999920937e-03, 1.3035886833742363e+00,
       8.5160680705508274e-01, 1.4306843195139058e+00,
       1.0520343835733808e-03, 3.8205048542763585e-04,
       1.1034792509438064e-03, 1.2983555085835319e+00,
       8.4811021963036393e-01, 1.4241906942727094e+00,
       1.0149041045635950e-03, 3.9831336726720435e-04,
       1.0587867455913512e-03, 1.2991880946431229e+00,
       8.4823482710746112e-01, 1.4371427373926284e+00,
       9.8108877480245675e-04, 3.9398159644751628e-04,
       1.0287700731284942e-03, 1.2975534078733952e+00,
       8.4831834667964401e-01, 1.4560598823585620e+00,
       9.7580318712350736e-04, 3.7682393020095070e-04,
       1.0161158440202397e-03, 1.2971360209595222e+00,
       8.4776163784666692e-01, 1.4588873985041768e+00,
       9.6823564808926933e-04, 3.6766511857286809e-04,
       9.9834688394095342e-04, 1.2941481228810334e+00,
       8.4568557067034011e-01, 1.4516387897504226e+00,
       9.7303873124512756e-04, 3.8678301114951168e-04,
       1.0170765491607557e-03, 1.2927394754778481e+00,
       8.4604812246340422e-01, 1.4439392355751590e+00,
       9.6616929805965770e-04, 3.8256572205095849e-04,
       1.0269409357242273e-03, 1.2852611177607971e+00,
       8.4076638638917567e-01, 1.4294486621603109e+00,
       9.5247326208118381e-04, 3.8653715518336887e-04,
       1.0277762453255017e-03, 1.2755875110792567e+00,
       8.3460490504325568e-01, 1.4065461648855322e+00,
       8.9871333499759389e-04, 3.8111921800536563e-04,
       9.5941202853510709e-04, 1.2530372150672251e+00,
       8.1996411149410420e-01, 1.3760608362795226e+00,
       8.7001358281993651e-04, 3.7990651628949662e-04,
       9.4436176158058354e-04, 1.2507590074683752e+00,
       8.1948369898799944e-01, 1.3828414775474045e+00,
       8.4522006181388511e-04, 3.7708971579605247e-04,
       9.3555223039931462e-04, 1.2533209863001442e+00,
       8.2221513973762728e-01, 1.3998906409839946e+00,
       8.1330061694962928e-04, 3.6889022531776442e-04,
       9.2434016458887948e-04, 1.2597784674234165e+00,
       8.2551231474112496e-01, 1.4175429881458372e+00,
       8.1510014737340420e-04, 3.6919366972360559e-04,
       9.2439428544616729e-04, 1.2532460792310427e+00,
       8.2179270336535881e-01, 1.4043033993169942e+00,
       8.1621592126229986e-04, 3.7151745392693318e-04,
       9.2529263561100597e-04, 1.2577585633109230e+00,
       8.2430177891938217e-01, 1.4115168973540155e+00,
       8.6184924059827083e-04, 3.7711237193980494e-04,
       9.7241898080214757e-04, 1.2588669034883313e+00,
       8.2654073396711958e-01, 1.4402745709753508e+00,
       9.0641514921029791e-04, 3.9160716041010358e-04,
       1.0080942931148158e-03, 1.2635980180990054e+00,
       8.3354255974941616e-01, 1.4611897756425871e+00,
       9.8671800357793714e-04, 3.9621309411213440e-04,
       1.1129131629872813e-03, 1.2764436152361600e+00,
       8.4277115987979556e-01, 1.4836030229277852e+00,
       1.0192624823426339e-03, 3.9997270694884469e-04,
       1.1242668691912254e-03, 1.2815876031146796e+00,
       8.4272496555184384e-01, 1.4746029380135990e+00,
       1.0329964150547456e-03, 3.9189291412599898e-04,
       1.1162503819979891e-03, 1.2872189603677147e+00,
       8.4446711410296915e-01, 1.4569039252019287e+00,
       1.0427342184926433e-03, 3.8356680096373073e-04,
       1.0903997322934192e-03, 1.2848330088369404e+00,
       8.4120989980783967e-01, 1.4283675132536200e+00,
       1.0486881020972474e-03, 3.7418437911310073e-04,
       1.0597018728664678e-03, 1.2870445672941835e+00,
       8.4102205009483699e-01, 1.3947908161546336e+00,
       1.0323112022200555e-03, 3.6617705720093710e-04,
       1.0325121360439079e-03, 1.2791734866630604e+00,
       8.3574650405071593e-01, 1.3875207368445752e+00,
       1.0879768624311357e-03, 3.6338917671642148e-04,
       1.0619800658011899e-03, 1.2912978038115461e+00,
       8.4358245887974437e-01, 1.3933732996193611e+00,
       1.0895211149714221e-03, 3.5607984301128418e-04,
       1.0453247379416126e-03, 1.2869817743346714e+00,
       8.4263652652358823e-01, 1.3861142812461360e+00,
       1.0939980244534318e-03, 3.4906045951453053e-04,
       1.0360526056797355e-03, 1.2858103801401761e+00,
       8.4443196963251632e-01, 1.3842046031961868e+00,
       1.1058551514386073e-03, 3.5829707694303039e-04,
       1.0472150857735432e-03, 1.2858914643294221e+00,
       8.4109655513216364e-01, 1.3659321646198979e+00,
       1.1355862156724370e-03, 3.5739981017675554e-04,
       1.0657526501925180e-03, 1.2948474476406362e+00,
       8.4803060029715960e-01, 1.3720790922011232e+00,
       1.1111612614645955e-03, 3.6145540078731458e-04,
       1.0503105842469018e-03, 1.2863247982951338e+00,
       8.4109398485556741e-01, 1.3568686952660298e+00,
       1.1060109637402225e-03, 3.6922695941862290e-04,
       1.0627515813287738e-03, 1.2886914561499798e+00,
       8.4143581546096646e-01, 1.3607839078576012e+00,
       1.1151703730167873e-03, 3.7619098359019501e-04,
       1.0871650140539025e-03, 1.2942287478577144e+00,
       8.4542246729347326e-01, 1.3733668603028397e+00,
       1.1300116817475922e-03, 3.8561907177239583e-04,
       1.1252214173167305e-03, 1.2994384844510494e+00,
       8.4998546607896652e-01, 1.4348903782507338e+00,
       1.1064297368084486e-03, 3.9277007305947131e-04,
       1.1383245158946181e-03, 1.2933471669633807e+00,
       8.4753568698055293e-01, 1.4611894461897899e+00,
       1.0590377629965337e-03, 3.9638838019171108e-04,
       1.1295846944785074e-03, 1.2895284486424214e+00,
       8.4615071485435811e-01, 1.4783738488408507e+00,
       1.1221576473023534e-03, 3.9360507548293224e-04,
       1.1583772080977503e-03, 1.2982302900170719e+00,
       8.5040406860980677e-01, 1.4667557422321622e+00,
       1.0789581845671984e-03, 3.9426772646663762e-04,
       1.1379940878288484e-03, 1.2894375573477792e+00,
       8.4564414386695874e-01, 1.4622850075294080e+00,
       1.0578779868819991e-03, 4.0555184520321382e-04,
       1.1814665374376087e-03, 1.2799866074738397e+00,
       8.4408565393038693e-01, 1.4834914729779005e+00,
       1.0657323427365418e-03, 4.0901920003067128e-04,
       1.2071321584548049e-03, 1.2811487709404894e+00,
       8.4839327420985333e-01, 1.5012531044248505e+00,
       1.1532981644914670e-03, 4.1743687360787547e-04,
       1.2655302306799965e-03, 1.2863289523951942e+00,
       8.5823011133860860e-01, 1.5819382396765271e+00,
       1.0890534802221014e-03, 4.1937469061176610e-04,
       1.2270037472387803e-03, 1.3030489103691534e+00,
       8.6303453150533060e-01, 1.5182134256346120e+00,
       1.0742915489454145e-03, 4.1879846322494366e-04,
       1.1693559620365769e-03, 1.2987980223582578e+00,
