%YAML:1.0
---
summary: "Filter by distance, md=200, ds=100."
init_cam_calib: C99-1010_3p_3
camera_matrix: !!opencv-matrix
   rows: 3
   cols: 3
   dt: d
   data: [ 2.5629436620029878e+03, 0., 1.8785278155558149e+03, 0.,
       2.5619990533000500e+03, 1.0828828422131228e+03, 0., 0., 1. ]
dist_coeff: !!opencv-matrix
   rows: 5
   cols: 1
   dt: d
   data: [ 1.7369100401938436e-02, -4.0304493626341829e-02,
       -5.7832720067590234e-04, -1.3047824856361064e-03,
       3.0503539808525774e-02 ]
std_intrinsics: !!opencv-matrix
   rows: 18
   cols: 1
   dt: d
   data: [ 5.3328160283369230e-01, 5.0072586268094288e-01,
       9.3405189202540573e-01, 5.8930341777075335e-01,
       1.0057379525463459e-03, 3.6717153523627044e-03,
       7.1886307010596479e-05, 1.2365114092519598e-04,
       3.9112851485240633e-03, 0., 0., 0., 0., 0., 0., 0., 0., 0. ]
std_extrinsics: !!opencv-matrix
   rows: 1266
   cols: 1
   dt: d
   data: [ 1.0594770607407077e-03, 3.8887867223081040e-04,
       1.1613715702474695e-03, 1.5203186207918704e+00,
       9.8437885976760975e-01, 1.4809727891587341e+00,
       1.0703139883974687e-03, 3.8243637048010324e-04,
       1.1607126829898302e-03, 1.5175987413834446e+00,
       9.8290536809623286e-01, 1.4765628042020420e+00,
       1.0706843853542541e-03, 3.7314816936784810e-04,
       1.1454638962307929e-03, 1.5155508858712181e+00,
       9.8198113828629996e-01, 1.4828301055099125e+00,
       1.0522421390471606e-03, 3.8417065074324187e-04,
       1.1329386372330118e-03, 1.5161048691372527e+00,
       9.8235092405368440e-01, 1.4871580868277801e+00,
       1.0193757308574543e-03, 3.9782709662237884e-04,
       1.0789917166494987e-03, 1.5172064625188437e+00,
       9.8254245932868323e-01, 1.5022746128626561e+00,
       9.7440268852450930e-04, 3.7198379123307292e-04,
       1.0409635979361945e-03, 1.5083929484640701e+00,
       9.7890308857546227e-01, 1.5137378919527260e+00,
       9.6870892591811809e-04, 3.8262375484816668e-04,
       1.0543015849736122e-03, 1.4973464989406748e+00,
       9.7177420037094420e-01, 1.4831413655542085e+00,
       9.5696356387852939e-04, 3.9227937287333094e-04,
       1.0419413977531147e-03, 1.4816570278865842e+00,
       9.6210131761032891e-01, 1.4624996052322030e+00,
       8.9579678682224909e-04, 3.8081861797055119e-04,
       9.9762300228072357e-04, 1.4629254192239973e+00,
       9.5042355002225132e-01, 1.4429988805371157e+00,
       8.7528807755524467e-04, 3.8222350717795805e-04,
       1.0076666301764075e-03, 1.4655230417696026e+00,
       9.5434125765011968e-01, 1.4902097284155136e+00,
       8.2386938999924858e-04, 3.7050857409084547e-04,
       9.6679594254925815e-04, 1.4677503745262703e+00,
       9.5420371115736025e-01, 1.4727160633412348e+00,
       8.2119720404257371e-04, 3.7242460413356587e-04,
       9.5482056708436384e-04, 1.4693151760057164e+00,
       9.5534802533668572e-01, 1.4735438512666266e+00,
       9.2639524064952439e-04, 3.9167033240841719e-04,
       1.0590277215492101e-03, 1.4777396398266243e+00,
       9.6594275936743823e-01, 1.5226547385287761e+00,
       1.0017002891192718e-03, 3.9696958102450596e-04,
       1.1377959865847271e-03, 1.4927422343177190e+00,
       9.7537049138255327e-01, 1.5368579633110451e+00,
       1.0249555259009330e-03, 3.9603296242932205e-04,
       1.1593929963636443e-03, 1.4953055598281912e+00,
       9.7482098537910733e-01, 1.5282865300813071e+00,
       1.0484217908620168e-03, 3.8659547379010892e-04,
       1.1353867390623540e-03, 1.4998213963316713e+00,
       9.7514386002514442e-01, 1.5038891195270867e+00,
       1.0527342020336340e-03, 3.7416072120392737e-04,
       1.0921536042912045e-03, 1.5011093944305174e+00,
       9.7363449465281271e-01, 1.4555938724618354e+00,
       1.0680962311585337e-03, 3.6331718182227240e-04,
       1.0778722131931390e-03, 1.4959532167085461e+00,
       9.6978037442976583e-01, 1.4425855656731548e+00,
       1.0935185090716051e-03, 3.5612513329200991e-04,
       1.0771680889274913e-03, 1.5011250807631715e+00,
       9.7421196017961387e-01, 1.4467408440618037e+00,
       1.0976507039229090e-03, 3.4757058716345675e-04,
       1.0612396318801709e-03, 1.4959107609596174e+00,
       9.7297959147501523e-01, 1.4348484528990979e+00,
       1.1096652824687722e-03, 3.5841503465639614e-04,
       1.0781407515825642e-03, 1.5001471832068771e+00,
       9.7272369813331827e-01, 1.4265754715985153e+00,
       1.1096880318032421e-03, 3.6932603333631711e-04,
       1.0928943884046555e-03, 1.5036918826048333e+00,
       9.7382063157842047e-01, 1.4213757861203629e+00,
       1.1289922569753244e-03, 3.7850510428269094e-04,
       1.1273485242945301e-03, 1.5155668148759009e+00,
       9.8231129059415934e-01, 1.4408961331455779e+00,
       1.1300701540925189e-03, 3.8669200624066272e-04,
       1.1570272995402996e-03, 1.5112654463846968e+00,
       9.8155539111188606e-01, 1.4928461390555656e+00,
       1.0629809220488043e-03, 3.9622506247650801e-04,
       1.1613034071133680e-03, 1.5026000856316104e+00,
       9.7880478107442570e-01, 1.5374683963581355e+00,
       1.0617803895850489e-03, 4.0530255250935903e-04,
       1.2122797988397280e-03, 1.4910264813308955e+00,
       9.7534288623985776e-01, 1.5421357031620702e+00,
       1.1322512969596835e-03, 4.1806286633870598e-04,
       1.2983345504831605e-03, 1.5037775692735598e+00,
       9.8986322458443066e-01, 1.5975007330586135e+00,
       1.1756745742540291e-03, 4.2162150461962859e-04,
       1.3152777332086577e-03, 1.5072133699283501e+00,
       9.9740116591001948e-01, 1.6480156825418546e+00,
       1.0928300795271745e-03, 4.1889074651980924e-04,
       1.2546113429167897e-03, 1.5189051192515060e+00,
       9.9624897326958939e-01, 1.5770319778392226e+00,
       1.0479499082426029e-03, 4.1181943083181549e-04,
       1.1523553544438858e-03, 1.5070085515480220e+00,
       9.8169802879407786e-01, 1.5400053914747516e+00,
       9.9926896322724470e-04, 3.8844940746565558e-04,
       1.1330932335553675e-03, 1.4735315564953411e+00,
       9.5912530523039785e-01, 1.4682479887326700e+00,
       9.4274892133800348e-04, 3.6880306639661456e-04,
       1.0701000507749791e-03, 1.4015461005351415e+00,
       9.1276550177369586e-01, 1.3726050377450163e+00,
       9.2370840733497443e-04, 3.6983330445114238e-04,
       1.0417440085655528e-03, 1.3558414785332051e+00,
       8.8449113412109148e-01, 1.3158271856278525e+00,
       8.7197362393349868e-04, 3.5791948778513905e-04,
       9.8328493991082827e-04, 1.2914083579922602e+00,
       8.4098346762280207e-01, 1.2039687965788708e+00,
       8.9125498390474345e-04, 3.5323454135087690e-04,
       9.9673351916952277e-04, 1.2599023312259008e+00,
       8.2369726987967595e-01, 1.1963997927519536e+00,
       8.7751791399567740e-04, 3.4358478773963938e-04,
       9.5131091567343304e-04, 1.1982326635544773e+00,
       7.8120126833638559e-01, 1.1032704263613169e+00,
       8.4306948433474148e-04, 3.2714505962148579e-04,
       9.1445066205030415e-04, 1.1403029356215939e+00,
       7.4140508090620461e-01, 1.0034591394410080e+00,
       7.1872001474855530e-04, 3.0490372134673243e-04,
       8.7810493512739489e-04, 1.0911610605995745e+00,
       7.0897915798695699e-01, 9.0262330803200297e-01,
       7.0349772729726005e-04, 2.9204437895218971e-04,
       8.3319815440419836e-04, 1.0792149499285024e+00,
       7.0028830367556250e-01, 8.7924459356938844e-01,
       7.0516732760175413e-04, 2.8067198193710782e-04,
       8.1272269782594459e-04, 1.0625734943259677e+00,
       6.8749937761673929e-01, 8.4083650429318979e-01,
       6.6446656965028924e-04, 2.6669299112504278e-04,
       8.1249798362358864e-04, 1.0314364988424449e+00,
       6.6724815856693320e-01, 7.8459036211832345e-01,
       6.7466173591188125e-04, 2.6063563744206631e-04,
       8.3623297189096941e-04, 1.0115260836005022e+00,
       6.5448614739036026e-01, 7.4850693328345763e-01,
       7.1460884964435155e-04, 2.6770479827487324e-04,
       8.5594042703267487e-04, 9.9586936269744897e-01,
