%YAML:1.0
---
summary: "Filter by distance, md=200, ds=150."
init_cam_calib: C99-1010_3p_3
camera_matrix: !!opencv-matrix
   rows: 3
   cols: 3
   dt: d
   data: [ 2.5632551357171451e+03, 0., 1.8786992409798490e+03, 0.,
       2.5620951304840828e+03, 1.0827975452451628e+03, 0., 0., 1. ]
dist_coeff: !!opencv-matrix
   rows: 5
   cols: 1
   dt: d
   data: [ 1.7453941897979199e-02, -4.0635804216452132e-02,
       -5.7931912752262030e-04, -1.2886749201244123e-03,
       3.0814333731407736e-02 ]
rvec: !!opencv-matrix
   rows: 210
   cols: 3
   dt: d
   data: [ -3.1106329387809915e+00, -1.3910103283430598e-02,
       -3.5919596890062751e-02, -3.0892454411241870e+00,
       -8.1956753418735151e-03, 4.3842220206459462e-02,
       -3.0984919555907768e+00, -6.1106896512974828e-03,
       -5.9868973646206969e-02, -3.0793931340951826e+00,
       7.4614333748498421e-02, -1.4113445237544156e-01,
       -3.0744860591528420e+00, -2.4677943865922168e-02,
       -7.0043766144248149e-02, -3.1009207403933785e+00,
       -4.9836136757437845e-02, -1.2893944968109639e-01,
       3.1358999514913264e+00, 3.0254723586388761e-02,
       1.2917689107161778e-01, 3.0853288451224521e+00,
       1.9112250125359904e-03, 1.2460014080890371e-01,
       3.0463707191709433e+00, 5.8732910260615671e-03,
       1.1101374255185104e-01, 3.0477104744233086e+00,
       -1.9094231506301296e-02, 8.0404894814900624e-02,
       3.0217305267904311e+00, -2.1433466557470224e-02,
       9.9130193320331780e-02, 3.0400676428532321e+00,
       -1.3191296367522452e-03, 1.1097587767578390e-01,
       3.1137633267451439e+00, 3.8064835778071807e-02,
       2.8870139271042924e-02, -3.1325385000351385e+00,
       -5.8446707313162080e-02, -4.5627895453844020e-02,
       -3.0956432202062425e+00, -5.9043892751854357e-02,
       -4.2024612508636344e-02, -3.0631537486947984e+00,
       -4.5868073501345627e-02, -2.8168254173052003e-02,
       -3.0252272679730701e+00, -3.6626914693472012e-02,
       -5.9475025895972108e-03, -2.9855809413583176e+00,
       -2.6572823551785515e-02, -2.6541141121909625e-02,
       -2.9532242449190127e+00, -3.0649282900221626e-02,
       -3.1353365352662671e-02, -2.9721781874753876e+00,
       -2.5830035103597510e-02, -4.7133681444959649e-02,
       -2.9950643711115488e+00, -3.8310325894130803e-02,
       -7.2331491973354756e-02, -3.0177103370610849e+00,
       -3.3378908110760386e-02, -3.2862452623546624e-02,
       -3.0411572506914619e+00, -4.4465188648049828e-03,
       -2.1913651865054749e-02, -3.1063743340839802e+00,
       5.7564363781775719e-03, -1.5942680066821858e-02,
       -3.1346370089264326e+00, 1.0946664858972343e-02,
       -1.0777062364860493e-02, 3.1246973053432150e+00,
       2.0475177481082907e-02, -3.7568463603429067e-02,
       3.0883770225816165e+00, 3.0152993487465807e-02,
       -1.6794976537460257e-02, 3.1016435232694715e+00,
       3.7890277285336893e-02, 6.5241600661953753e-02,
       3.1118060375332584e+00, 6.2490674504509262e-03,
       1.2292441405973423e-01, -3.1420394050512415e+00,
       -4.4013155511471787e-02, -5.6222203768217356e-02,
       -3.1333284326643200e+00, -2.0126775936973328e-02,
       -4.8372596612654001e-02, 3.1269874110219456e+00,
       9.4228142674675219e-03, 1.1469357008101197e-01,
       3.1088990499122033e+00, -2.6900924416708072e-04,
       1.7322880907554572e-01, 3.0813887832319504e+00,
       1.9837088498357358e-02, 1.4194645106862525e-01,
       3.0864931761831720e+00, 3.6779045898540912e-02,
       1.5188747809705672e-01, 3.1100325778381377e+00,
       3.4753844141622910e-03, 1.5757414181555476e-01,
       -3.1365484048302101e+00, 9.4790307465854956e-02,
       -1.0266437945421002e-01, -3.1051350231635313e+00,
       1.1793986299866108e-01, -6.4651032303491382e-02,
       -3.0570339870218057e+00, 1.2454853079187085e-01,
       -4.0900096714321384e-02, -3.0805070251919422e+00,
       7.2607406073492706e-03, -1.5303109114358950e-02,
       -3.0779849616047423e+00, -1.5622739179751511e-02,
       1.0094423559712244e-01, -3.1093850864939019e+00,
       -3.8249538993455731e-03, 1.3134981713907912e-01,
       3.1216983602699111e+00, 5.6044354682847089e-02,
       -1.0168143701058376e-01, 3.0757562791098376e+00,
       7.1526378063933221e-02, -7.9641317230140743e-02,
       3.0368129760226830e+00, 5.6042370495240308e-02,
       -4.5931785936637708e-02, 3.0576570502416192e+00,
       3.1478116037609796e-04, -1.5067472257778328e-01,
       3.0864446922187545e+00, 2.6964052260289133e-02,
       -2.1717338870668212e-01, 3.1202978179675500e+00,
       5.7940688417358305e-02, -2.6890657188027012e-01,
       -3.0959250733365105e+00, -4.1472619122036418e-02,
       3.9527779859934181e-01, -3.0837065388868385e+00,
       -7.1147135900251277e-02, 5.5360968125938670e-01,
       3.0667909125036714e+00, 9.0977440168221652e-02,
       -6.7236349955998453e-01, -3.0068540299749804e+00,
       -9.0502169344649427e-02, 7.7958578920565769e-01,
       -2.9856635055640841e+00, -5.2657364576152797e-02,
       8.8420449675618085e-01, -2.9660850427511982e+00,
       -5.4657253577112992e-02, 8.8599700877215448e-01,
       -2.9256455264092618e+00, -8.0784672104570895e-02,
       8.9185715621618178e-01, -2.9244993883882628e+00,
       -8.4867391701215364e-02, 9.7841562716915431e-01,
       -2.8994049532725628e+00, -8.1680651004927676e-02,
       1.0985814767465678e+00, -2.9335483150874051e+00,
       -8.6478842484430704e-02, 1.0899779459659893e+00,
       -2.9744549230278312e+00, -6.3051555037789263e-03,
       9.4570134289049357e-01, -2.9569222673026290e+00,
       -1.1297068687309028e-02, 8.9285694055695008e-01,
       -2.9426056677589862e+00, -8.4784005629080963e-02,
       8.5767143124832779e-01, -2.9787167563687018e+00,
       -4.7625627810238477e-02, 7.7308006332784640e-01,
       -2.9687195017012789e+00, -6.3901019630980438e-02,
       7.3386733728868081e-01, -2.9788672389437512e+00,
       -9.6600285778016895e-03, 7.8477079376548031e-01,
       -2.9755385323025387e+00, -3.7636196804649372e-02,
       8.6143764170458392e-01, -2.9910035700904989e+00,
       -3.7939910737486558e-02, 8.8428829653426055e-01,
       2.9963862467999984e+00, 5.8688639376866338e-02,
       -9.3243739110995560e-01, 2.9605600329098340e+00,
       7.3104896835776326e-02, -9.1533589462519649e-01,
       3.0001182336496002e+00, 1.0461119249946359e-01,
       -8.4449403760643604e-01, -2.9910766807081832e+00,
       -1.3078215455168332e-01, 8.5192345728936514e-01,
       -2.9623787281737655e+00, -1.4869578942067660e-01,
       8.3321663812837099e-01, -2.9832658475472620e+00,
       -1.1421007546957535e-01, 7.8659056260025517e-01,
       -3.0096472433399888e+00, -1.1128309783995283e-01,
       7.8149813210789287e-01, 2.9994930257804202e+00,
       8.3568848273799790e-02, -8.6731675867178237e-01,
       2.9713735966432506e+00, 5.6874053101207772e-02,
       -8.6665930270104774e-01, 2.9387475381872425e+00,
       5.0327607887920796e-02, -8.5197074367882131e-01,
       2.9120654852132586e+00, 1.8229910679674426e-02,
       -8.1595560676374113e-01, 2.8682635733279098e+00,
       -6.4309001588891872e-03, -8.1046124356609373e-01,
       2.8595887163110003e+00, -2.4841120021703314e-02,
       -8.0728541580100133e-01, 2.8780900288880726e+00,
       1.5757314968123715e-02, -7.9266859638462217e-01,
       2.9071350106924818e+00, 1.3918659904480189e-02,
       -8.0793210150851968e-01, 2.9218953426695604e+00,
       1.9480482024202404e-02, -7.8604065166268100e-01,
       2.9397188825082656e+00, 8.5009107229711053e-03,
       -7.7167885065219588e-01, 2.9492630655006664e+00,
       1.3115877383171765e-02, -8.1157673051763513e-01,
       2.9760153306818653e+00, -3.5163930384859744e-02,
       -8.4559614457030263e-01, 2.9442813758249740e+00,
       1.5618811019527301e-03, -8.3415642239584642e-01,
       2.9714445257481144e+00, -2.2028506763806504e-03,
       -8.7682758823853468e-01, 2.9614424415739378e+00,
       1.1271745110179364e-02, -8.7808450775070390e-01,
