%YAML:1.0
---
summary: "Filter by time and points, rd=20, rs=10, sp=5, sf=0."
init_cam_calib: C99-1010_3p_3
camera_matrix: !!opencv-matrix
   rows: 3
   cols: 3
   dt: d
   data: [ 2.5673651441129132e+03, 0., 1.8711485583659835e+03, 0.,
       2.5654348646121857e+03, 1.0832769958682563e+03, 0., 0., 1. ]
dist_coeff: !!opencv-matrix
   rows: 5
   cols: 1
   dt: d
   data: [ 3.6617665524499680e-02, -1.2007306554905021e-01,
       -2.2163721306052816e-04, -1.9331630381966515e-03,
       1.2408634181644418e-01 ]
rvec: !!opencv-matrix
   rows: 116
   cols: 3
   dt: d
   data: [ -3.1012032479744143e+00, -8.5937752641760089e-03,
       2.5248573608694647e-03, -3.0790792742090423e+00,
       -1.7177904955423068e-02, 2.5327492486247886e-02,
       -3.0814470408732522e+00, -8.2639410822544588e-03,
       1.9479584220474955e-02, -3.0700857451780443e+00,
       -7.3515552602888079e-03, 3.3755017902500517e-02,
       -3.1006956643434611e+00, 6.5103169213712925e-02,
       -1.2556965982925147e-01, -3.0670858841681867e+00,
       -2.8732993354013889e-02, -5.2954531099483962e-02,
       -3.0545449854994029e+00, -4.8653875984439481e-02,
       -1.8008611198469154e-01, -3.1024915631643224e+00,
       -4.9159333285242732e-02, -1.1352716356643872e-01,
       3.0590445768545882e+00, 3.0419430185671158e-03,
       1.2753956547940221e-01, 3.0205270222655112e+00,
       -2.9027585406374675e-02, 6.7397082533298638e-02,
       3.0324559123655153e+00, -8.0211459319202150e-03,
       8.8785513077338757e-02, 3.0361682674578763e+00,
       -9.2390551631801147e-03, 7.5679012438754592e-02,
       -3.1178343676876690e+00, -6.0590321837378072e-02,
       -3.8972445217451843e-02, -2.9316579420041720e+00,
       -2.3982221337912116e-02, -3.3279570988403145e-02,
       -3.0184894842855012e+00, -3.3263482524536342e-02,
       -3.0202569948625753e-02, -3.0872945949246002e+00,
       -5.3879480488240091e-03, 7.1884768722859801e-02,
       3.1119685035036975e+00, 1.6428747749419881e-02,
       1.1619351310101808e-01, -3.1343727814180338e+00,
       -2.9752853294065993e-02, -1.7250427333821445e-02,
       3.1205517970477423e+00, -2.2930053003729629e-03,
       1.7165178328850561e-01, 3.1095395088402427e+00,
       2.1747100023069465e-02, 1.5584461753422116e-01,
       -3.0589891393698458e+00, 1.1634007609087299e-01,
       -3.2874640216589701e-02, -3.0773366758301570e+00,
       -1.7543386626772944e-03, 1.2576190070378021e-01,
       3.0524138222478152e+00, 3.2964602449440453e-02,
       -7.0709944988197923e-02, 3.1220688132933723e+00,
       5.9177768699186735e-02, -2.9020985947280975e-01,
       -3.0683365169596799e+00, -5.4134662832647021e-02,
       5.4014935531148001e-01, -3.0210332668796922e+00,
       -9.3290764349843486e-02, 7.6162196510231783e-01,
       -2.9911226880391739e+00, -4.4332819009717701e-02,
       8.9207593047147515e-01, -2.9227137272462818e+00,
       -8.4442192746719325e-02, 9.8178640895779912e-01,
       -2.9029892434331468e+00, -7.8273952625343271e-02,
       1.1143440901094679e+00, -2.9596489453206667e+00,
       -7.9835896365151333e-03, 8.9550254760647008e-01,
       -2.9430897480506233e+00, -9.1259605902455396e-02,
       8.6728138565576585e-01, -2.9716939819652426e+00,
       -6.9806998967574113e-02, 8.0585947828369675e-01,
       -2.9685484470840628e+00, -5.7348294127388622e-02,
       7.3871833929282316e-01, -2.9761250741731504e+00,
       -6.0148464854873393e-02, 7.4536619766561285e-01,
       -2.9852030590954572e+00, -5.5097855711689500e-02,
       7.4964814459278672e-01, -2.9741043675258849e+00,
       -3.0726164136131131e-02, 8.5498905674615400e-01,
       -2.9360219977690711e+00, -1.5986018109157585e-01,
       8.0315896596831893e-01, -2.9638164334494452e+00,
       -1.3798906946319914e-01, 7.5735005645368292e-01,
       -2.9881637118429918e+00, -9.2932032897727501e-02,
       8.6551074944192508e-01, 2.8505748697648889e+00,
       -2.3833261781123608e-02, -8.2258930147625509e-01,
       2.9301770029486320e+00, 1.5797824865290005e-02,
       -7.7916001610110364e-01, 2.9432162472589716e+00,
       1.6512959059544351e-03, -8.3701016940391260e-01,
       2.9710290487918387e+00, 4.1902777533110690e-03,
       -8.0018903050839840e-01, 2.9588565184102475e+00,
       -4.6941712676471610e-03, -7.9595574180676953e-01,
       2.9718068855114010e+00, -5.7613999368604906e-03,
       -8.5103989448097794e-01, 2.9756648860892043e+00,
       -2.1268217411798962e-02, -8.0302576277553450e-01,
       2.9553423234781713e+00, 4.0611643954872371e-02,
       -8.6719961642986665e-01, 2.9709017465489937e+00,
       5.2688979001825967e-02, -7.9058126694643582e-01,
       2.9180535577634648e+00, 1.1689628381731213e-02,
       -7.9213142823113858e-01, 2.8958466214036775e+00,
       1.6125631109042859e-02, -8.6869565367735468e-01,
       2.9738033691290919e+00, 6.9959548353915862e-03,
       -9.6859095977776632e-01, 2.8891417956359300e+00,
       3.5601194614103153e-02, -1.2091554389386250e+00,
       -2.8278781940314084e+00, 6.6102211951333291e-03,
       1.3457101918253673e+00, -2.8083201525364734e+00,
       4.8891544728144311e-02, 1.3504394502216543e+00,
       -2.7504116006591275e+00, -3.7396893947015536e-02,
       1.5207185515770862e+00, 2.6961024082579863e+00,
       -1.1941440636146555e-02, -1.5556138635936978e+00,
       2.6174542159649139e+00, 5.5115846704164043e-02,
       -1.6674597472225792e+00, 2.6249227662159953e+00,
       -2.8857168709882957e-02, -1.6779864198278545e+00,
       2.6177026729905530e+00, -1.5231908264419980e-02,
       -1.6910262214228338e+00, -2.6617779191250839e+00,
       -6.4385398544072561e-02, 1.6141197610683486e+00,
       -2.6091758962839329e+00, -9.9634623957323032e-02,
       1.6127394320886628e+00, -2.6392920678256142e+00,
       -7.8848391807055176e-02, 1.6834105512915225e+00,
       2.5707116327779671e+00, -3.5326807350054411e-02,
       -1.5532482380849355e+00, 2.6749110468839437e+00,
       -1.8198347498702323e-02, -1.6369729204969998e+00,
       2.6545979097212147e+00, -1.7604840881228805e-02,
       -1.6752722746721527e+00, -2.6620811380747886e+00,
       1.9426427336731309e-02, 1.5413332558595545e+00,
       2.6327226010301787e+00, -2.9996349012423842e-02,
       -1.6714286162279359e+00, 2.7092968149826038e+00,
       -1.7377910726755798e-02, -1.4584799654674705e+00,
       2.8149694637987919e+00, -6.1113718705593798e-03,
       -1.2806606208020472e+00, 2.9022710679343957e+00,
       2.9864829935037147e-02, -1.0113813450395066e+00,
       3.0141935803543571e+00, -7.5227809450045605e-02,
       -6.5331962146426781e-01, 3.0088169046906743e+00,
       -2.6542075208299043e-02, -4.2487116045507906e-01,
       2.9963936281529890e+00, -5.7196131516363130e-03,
       -1.3212766357320399e-01, 3.0506753324461298e+00,
       4.5411473413831865e-02, -2.2263226092402452e-01,
       3.0548351532333577e+00, 1.6637874773723735e-02,
       -3.9010272023505965e-01, 2.9652574710578632e+00,
       -3.1329345127613657e-02, -8.7629057372447927e-01,
       2.8807817830693474e+00, -1.4456034574597781e-01,
       -1.0355517168868145e+00, -3.0964462512056357e+00,
       6.3413863324206454e-02, 3.0112316409533248e-02,
       -3.0686817213289026e+00, -1.7294542150804126e-02,
       -4.9169640418363698e-02, -3.0308368884187011e+00,
       4.5454559123565226e-02, -3.5260122516534848e-01,
       -3.0201075326752789e+00, 3.2988891916475013e-02,
       -4.7699250875188465e-01, -3.0006433841332094e+00,
       3.7466713186500904e-02, -5.8284329686936154e-01,
       -3.0634586275090063e+00, 5.1242378069089330e-02,
       -1.9763507101217687e-01, -3.0630970164512843e+00,
       -2.1377343006625727e-04, -1.1578176460299956e-01,
       -3.0650998305424739e+00, -5.8988503865850658e-04,
       -1.3544897706493006e-01, -3.0567658719302577e+00,
       1.2070919478015196e-02, -1.7346684965596709e-01,
       -3.0327720544698851e+00, 2.8356791802513871e-02,
       -1.4577121685744199e-01, -3.0129753586565937e+00,
       2.9292881607524478e-02, -1.5625031009240939e-01,
