%YAML:1.0
---
summary: "Filter by time, rd=15, rs=10."
init_cam_calib: C99-1010_3p_3
camera_matrix: !!opencv-matrix
   rows: 3
   cols: 3
   dt: d
   data: [ 2.5574248793709721e+03, 0., 1.8802107021211768e+03, 0.,
       2.5564896612167927e+03, 1.0853823077878210e+03, 0., 0., 1. ]
dist_coeff: !!opencv-matrix
   rows: 5
   cols: 1
   dt: d
   data: [ 1.4034008783734184e-02, -2.8704410855317542e-02,
       -8.4280696738290315e-04, -9.2190054159806221e-04,
       1.9628779190376026e-02 ]
std_intrinsics: !!opencv-matrix
   rows: 18
   cols: 1
   dt: d
   data: [ 4.8923055029093643e-01, 4.6234505425295336e-01,
       8.4903688017364098e-01, 5.4474719963271689e-01,
       9.2427844626343989e-04, 3.4253729801297823e-03,
       6.8559781693436819e-05, 1.1281510629830212e-04,
       3.6790770920006755e-03, 0., 0., 0., 0., 0., 0., 0., 0., 0. ]
std_extrinsics: !!opencv-matrix
   rows: 930
   cols: 1
   dt: d
   data: [ 8.3380481730483921e-04, 3.0426061343784115e-04,
       9.3895112504223540e-04, 1.3758125127841454e+00,
       9.0052294860964488e-01, 1.2221481148346107e+00,
       8.3907590670605193e-04, 2.9869588076339725e-04,
       9.3497337891500589e-04, 1.3717365686725738e+00,
       8.9822812755756976e-01, 1.2186727592103517e+00,
       8.4622177054138306e-04, 2.9206127291770399e-04,
       9.3283949024017872e-04, 1.3720585583758329e+00,
       8.9848617679495024e-01, 1.2223107234702342e+00,
       8.4397656750926937e-04, 2.9318307134715998e-04,
       9.3307134701858991e-04, 1.3733383949227491e+00,
       8.9931616782781776e-01, 1.2255129758634109e+00,
       8.4248929087958591e-04, 2.9195515538243434e-04,
       9.2709611581669876e-04, 1.3714361847318937e+00,
       8.9800651165697609e-01, 1.2240655925804487e+00,
       8.3495749003969046e-04, 2.9670091210044460e-04,
       9.2122346474019651e-04, 1.3706498645672756e+00,
       8.9784489465729633e-01, 1.2242302232121822e+00,
       7.8328131409083736e-04, 3.1002089333881307e-04,
       8.6908808352816568e-04, 1.3712773545976977e+00,
       8.9851950392921198e-01, 1.2456457804630048e+00,
       7.6672367805227131e-04, 2.9154793586614903e-04,
       8.4848725264884844e-04, 1.3631843143874338e+00,
       8.9490775552222734e-01, 1.2468188173364043e+00,
       7.8272710730557728e-04, 2.8972913039075057e-04,
       8.5024340627272595e-04, 1.3674489895660147e+00,
       8.9817257448949983e-01, 1.2462740184938950e+00,
       7.7328053571252024e-04, 3.0526073951868572e-04,
       8.5608302105620517e-04, 1.3689400518904222e+00,
       8.9738462125406837e-01, 1.2377635917999603e+00,
       7.7030051575076341e-04, 2.9920911899659479e-04,
       8.6542101106067506e-04, 1.3520890302861273e+00,
       8.8698276152687527e-01, 1.2139625665053495e+00,
       7.1473917864443891e-04, 2.9884055495276655e-04,
       8.1530839675160558e-04, 1.3237001311918308e+00,
       8.6857244668191125e-01, 1.1837738009946499e+00,
       6.6156539349478821e-04, 2.9025498007437272e-04,
       7.9244271202898479e-04, 1.3270132408982682e+00,
       8.7247452553896843e-01, 1.2090007913410388e+00,
       6.5102456613739797e-04, 2.9039407915704558e-04,
       7.9129529334023461e-04, 1.3232923435826280e+00,
       8.6940332118564212e-01, 1.2067864153470325e+00,
       6.5133745888389376e-04, 2.9240011498458794e-04,
       7.8893568650388081e-04, 1.3283089049105490e+00,
       8.7288413853040459e-01, 1.2123080565331146e+00,
       6.6222124122775658e-04, 2.9030863990855759e-04,
       7.9835799686003546e-04, 1.3338677512842556e+00,
       8.7652543950049822e-01, 1.2212866769029156e+00,
       7.3920324308142187e-04, 3.0770352080842188e-04,
       8.6362259843038498e-04, 1.3344984390279133e+00,
       8.8236393521170797e-01, 1.2494511756472235e+00,
       8.2782465364240302e-04, 2.9020057885601760e-04,
       8.8146359475795889e-04, 1.3573525493949901e+00,
       8.9027461726378221e-01, 1.2051056399251341e+00,
       8.7590857987647085e-04, 2.7061287787341523e-04,
       8.6058338054459654e-04, 1.3532192320912799e+00,
       8.8864815560794663e-01, 1.1776971217549237e+00,
       8.7308849642982233e-04, 2.8939881805036281e-04,
       8.8504823672238251e-04, 1.3608547298778977e+00,
       8.9094904296190147e-01, 1.1760316201255505e+00,
       8.9029130714731570e-04, 2.9820674318532727e-04,
       9.1671806943946293e-04, 1.3730186534435007e+00,
       9.0021677432123071e-01, 1.2009731558040990e+00,
       9.0957172119208573e-04, 3.2637825114281260e-04,
       1.0393353075675862e-03, 1.3517206967230901e+00,
       9.0126926156340514e-01, 1.3425918084537265e+00,
       8.4914216952229236e-04, 3.2745175026309891e-04,
       9.6630087476100410e-04, 1.3696339187479103e+00,
       9.0260607547219951e-01, 1.2739488246112149e+00,
       7.7778127335231134e-04, 3.0175472954118836e-04,
       9.0981628036138486e-04, 1.3230659591783802e+00,
       8.7092903151750745e-01, 1.2064812437866743e+00,
       7.3822935626513206e-04, 2.9098369194889730e-04,
       8.6182414496190649e-04, 1.2388877136401351e+00,
       8.1674015480247175e-01, 1.1077073906724986e+00,
       7.0389153954195170e-04, 2.7681395926694387e-04,
       8.1498953958619269e-04, 1.1382407022666809e+00,
       7.5258653741846737e-01, 9.9318320052108577e-01,
       6.7350169785779040e-04, 2.6028180451162053e-04,
       7.6058232204828451e-04, 1.0420357448452284e+00,
       6.8651075347817969e-01, 8.6009009132515601e-01,
       5.5554646643491497e-04, 2.2061550207999356e-04,
       6.8155396713163812e-04, 9.6507547511510017e-01,
       6.3301277418632484e-01, 7.2308734892009474e-01,
       5.2521016599000963e-04, 2.0279078233292514e-04,
       6.8048997028977577e-04, 9.2452037840397505e-01,
       6.0636117338033879e-01, 6.5793814749552704e-01,
       5.6611753723572280e-04, 2.0958433938629656e-04,
       7.1398659459859020e-04, 8.9799682296539429e-01,
       5.9188191723120853e-01, 6.4615323835792660e-01,
       8.0254757541564528e-04, 2.3116176785041410e-04,
       7.7074407442452152e-04, 8.7583324128393480e-01,
       5.9200273114110669e-01, 7.5963866765294219e-01,
       6.1307762597785469e-04, 2.1889492927638460e-04,
       7.5221178839030142e-04, 9.0337141077617056e-01,
       6.0358239749707032e-01, 6.9060572007420007e-01,
       5.6692905021004617e-04, 2.1312812362989897e-04,
       7.2666903574264570e-04, 9.4955087843433317e-01,
       6.2787283085582879e-01, 6.3983734114456303e-01,
       5.4909274089376555e-04, 2.1998908766132934e-04,
       7.4047042993591067e-04, 9.6638631196934976e-01,
       6.3674342200764855e-01, 6.2287985393126788e-01,
       5.7297942667511553e-04, 2.3831956240594662e-04,
       7.7579971606390422e-04, 1.0179391607895039e+00,
       6.6741870511600865e-01, 6.5048495542011919e-01,
       5.8591839596910445e-04, 2.4740501361596265e-04,
       7.7520940776766188e-04, 1.0643421838354803e+00,
       6.9627038088819626e-01, 6.7703291985514791e-01,
       6.1687585327573308e-04, 2.5422112661568615e-04,
       8.0094252168269250e-04, 1.1243890542720070e+00,
       7.3495048318371148e-01, 7.2967819385908517e-01,
       6.8260743326964781e-04, 2.8612329105151633e-04,
       8.6377320781612008e-04, 1.1903814033275744e+00,
       7.7621884776166716e-01, 8.2704059417609155e-01,
       7.4303127764950886e-04, 3.1133693893162446e-04,
       9.0663102962040614e-04, 1.2328464573343139e+00,
       8.0039928508553815e-01, 9.1995074339456351e-01,
       7.4433424564636331e-04, 2.8559712032248376e-04,
       9.0922945914208568e-04, 1.2445468211644723e+00,
       8.1048145688953566e-01, 8.4655180589707257e-01,
       7.5408626726192792e-04, 2.8196249855877995e-04,
       9.3137606738020150e-04, 1.2631272416672923e+00,
       8.2439520191271698e-01, 8.5740305857849719e-01,
       7.5828504543829574e-04, 2.8218531978678495e-04,
       9.2565169240726997e-04, 1.2963544771944511e+00,
       8.4660605153044122e-01, 8.7377597209144031e-01,
       7.9109301586622021e-04, 2.8558854865225230e-04,
       9.7323330522152817e-04, 1.3301115787495954e+00,
