%YAML:1.0
---
summary: "Filter by distance, md=200, ds=0."
init_cam_calib: C99-1010_3p_3
camera_matrix: !!opencv-matrix
   rows: 3
   cols: 3
   dt: d
   data: [ 2.5632551357171451e+03, 0., 1.8786992409798490e+03, 0.,
       2.5620951304840828e+03, 1.0827975452451628e+03, 0., 0., 1. ]
dist_coeff: !!opencv-matrix
   rows: 5
   cols: 1
   dt: d
   data: [ 1.7453941897979199e-02, -4.0635804216452132e-02,
       -5.7931912752262030e-04, -1.2886749201244123e-03,
       3.0814333731407736e-02 ]
std_intrinsics: !!opencv-matrix
   rows: 18
   cols: 1
   dt: d
   data: [ 5.3647042309333426e-01, 5.0342529997512397e-01,
       9.4018774997459231e-01, 5.9314380253521148e-01,
       1.0132649655480005e-03, 3.6981211909983647e-03,
       7.2357355757291639e-05, 1.2444599917671770e-04,
       3.9393191592491444e-03, 0., 0., 0., 0., 0., 0., 0., 0., 0. ]
std_extrinsics: !!opencv-matrix
   rows: 1260
   cols: 1
   dt: d
   data: [ 1.0643959330332809e-03, 3.9065129327738312e-04,
       1.1670889159393987e-03, 1.5301504057529791e+00,
       9.9068657106146241e-01, 1.4883650271237183e+00,
       1.0801320838821841e-03, 3.7569898906873831e-04,
       1.1649173494268576e-03, 1.5305704497493149e+00,
       9.9170515554937555e-01, 1.4992519098071222e+00,
       1.0526861870248959e-03, 3.8879850564647216e-04,
       1.1341263592756108e-03, 1.5262700492741879e+00,
       9.8880710987591791e-01, 1.4955412792494154e+00,
       1.0241153283077674e-03, 3.9964323052346261e-04,
       1.0843552315717279e-03, 1.5270194324933251e+00,
       9.8883025573910599e-01, 1.5097328474508096e+00,
       9.7892376822524734e-04, 3.7368290692773302e-04,
       1.0461965649230013e-03, 1.5181200507714834e+00,
       9.8516289438505045e-01, 1.5212642307405551e+00,
       9.7319452297103468e-04, 3.8437310613204453e-04,
       1.0595693902149695e-03, 1.5070222983138619e+00,
       9.7799492640698205e-01, 1.4905067455612138e+00,
       9.6142981459045387e-04, 3.9407799418684494e-04,
       1.0471654445452045e-03, 1.4912371836634581e+00,
       9.6826391758372965e-01, 1.4697847377275310e+00,
       9.0001020873210931e-04, 3.8256575964232134e-04,
       1.0026674561882298e-03, 1.4723910151442543e+00,
       9.5651400798244646e-01, 1.4502166804676735e+00,
       8.7941761825257973e-04, 3.8397782928975208e-04,
       1.0127511630743749e-03, 1.4750052526810278e+00,
       9.6045760408139891e-01, 1.4976590936144569e+00,
       8.2778283538633389e-04, 3.7221084902361979e-04,
       9.7173931453993750e-04, 1.4772485043210795e+00,
       9.6031460877623298e-01, 1.4801054482303280e+00,
       8.2509354401221033e-04, 3.7413702112686266e-04,
       9.5969600556670444e-04, 1.4788249962270950e+00,
       9.6147130283862625e-01, 1.4809337278211514e+00,
       9.3074660107501071e-04, 3.9346701223960098e-04,
       1.0643070824463362e-03, 1.4872992500740936e+00,
       9.7212655079870136e-01, 1.5302544346745559e+00,
       1.0063666138217697e-03, 3.9878570501424135e-04,
       1.1434144690306907e-03, 1.5023750619766998e+00,
       9.8160776624414847e-01, 1.5445180969296846e+00,
       1.0296884697413367e-03, 3.9784094908485096e-04,
       1.1651092439090357e-03, 1.5049585733398825e+00,
       9.8105891729757000e-01, 1.5358854601344543e+00,
       1.0532535743986370e-03, 3.8836080551839063e-04,
       1.1409903092970877e-03, 1.5095047834190203e+00,
       9.8138687483755194e-01, 1.5113660318297055e+00,
       1.0575814116213151e-03, 3.7586940453429200e-04,
       1.0975688856383005e-03, 1.5107996530491372e+00,
       9.7986776048927260e-01, 1.4628533953497880e+00,
       1.0730115113234628e-03, 3.6497626859945088e-04,
       1.0832281554900023e-03, 1.5056044161851305e+00,
       9.7598564798959531e-01, 1.4497867681096317e+00,
       1.0985477037493685e-03, 3.5775266448236374e-04,
       1.0825101886240075e-03, 1.5108152330453026e+00,
       9.8043474506976325e-01, 1.4539475827030164e+00,
       1.1026945418068416e-03, 3.4915996984002939e-04,
       1.0665114560217490e-03, 1.5055661553211424e+00,
       9.7918173039371559e-01, 1.4420000949261633e+00,
       1.1147487738491864e-03, 3.6005602089801475e-04,
       1.0834703476220900e-03, 1.5098318764895635e+00,
       9.7893913211812333e-01, 1.4336844905271433e+00,
       1.1147610133615492e-03, 3.7101817475496964e-04,
       1.0982740733924883e-03, 1.5134018051339706e+00,
       9.8005083455549269e-01, 1.4284592648939607e+00,
       1.1341541654945532e-03, 3.8023686748507742e-04,
       1.1328800380229916e-03, 1.5253513597743267e+00,
       9.8859895947368859e-01, 1.4480842040825557e+00,
       1.1352482630588362e-03, 3.8845986217372045e-04,
       1.1627022310111868e-03, 1.5210191269660536e+00,
       9.8783815457907986e-01, 1.5002691507154315e+00,
       1.0678844655092907e-03, 3.9803345583933796e-04,
       1.1670287882233842e-03, 1.5122906839260200e+00,
       9.8506757466971429e-01, 1.5451162168104111e+00,
       1.0666797280722065e-03, 4.0715160200052454e-04,
       1.2182271628703579e-03, 1.5006411670719397e+00,
       9.8157499008642657e-01, 1.5498173176261596e+00,
       1.1374974197936303e-03, 4.1997034744107318e-04,
       1.3046287678051842e-03, 1.5134632961377446e+00,
       9.9616940534281451e-01, 1.6054514154892265e+00,
       1.1811288878265482e-03, 4.2354976450026193e-04,
       1.3216400846158989e-03, 1.5169274826024914e+00,
       1.0037432244661646e+00, 1.6561951464849878e+00,
       1.0978996242270024e-03, 4.2080792096065760e-04,
       1.2606904010369975e-03, 1.5287174801026138e+00,
       1.0026095659258982e+00, 1.5848744875436716e+00,
       1.0528317675363688e-03, 4.1370736208580440e-04,
       1.1580178833860348e-03, 1.5167534760390766e+00,
       9.8798389501874451e-01, 1.5476595578526930e+00,
       1.0038996623594255e-03, 3.9022246336700386e-04,
       1.1387006934576521e-03, 1.4830550940492448e+00,
       9.6526760732690042e-01, 1.4755735224836384e+00,
       9.4713453666330210e-04, 3.7048616134194057e-04,
       1.0754612465020705e-03, 1.4106006345627859e+00,
       9.1861117783662272e-01, 1.3794938740431111e+00,
       9.2802619742624395e-04, 3.7152745294297969e-04,
       1.0469742664569841e-03, 1.3646025674697624e+00,
       8.9015359915034220e-01, 1.3224505167455822e+00,
       8.7606298468919080e-04, 3.5956021146657698e-04,
       9.8827473249834554e-04, 1.2997484547689033e+00,
       8.4636898686161122e-01, 1.2100860814564109e+00,
       8.9544045493511210e-04, 3.5485449721221730e-04,
       1.0017803940301838e-03, 1.2680312118783346e+00,
       8.2896639674962769e-01, 1.2024871772587993e+00,
       8.8165176623948691e-04, 3.4516108238974886e-04,
       9.5618671596337196e-04, 1.2059522547052997e+00,
       7.8620186773590395e-01, 1.1089339631079524e+00,
       8.4704675457163842e-04, 3.2864430059337707e-04,
       9.1920363500382898e-04, 1.1476347660405615e+00,
       7.4615262474773403e-01, 1.0086624554094348e+00,
       7.2212136737918116e-04, 3.0629121358911139e-04,
       8.8273975277290446e-04, 1.0981873067098749e+00,
       7.1352028405317958e-01, 9.0736530867891452e-01,
       7.0683910841322741e-04, 2.9337210969650630e-04,
       8.3764702260141039e-04, 1.0861755494432381e+00,
       7.0477539093198782e-01, 8.8387439115985988e-01,
       7.0850849959435726e-04, 2.8194738183504286e-04,
       8.1707808071038634e-04, 1.0694213953053608e+00,
       6.9190348120856227e-01, 8.4528215785220329e-01,
       6.6761578000841375e-04, 2.6790377843850018e-04,
       8.1686633475697471e-04, 1.0380705206856620e+00,
       6.7152434188666010e-01, 7.8877873914452479e-01,
       6.7785892581009985e-04, 2.6181579154934998e-04,
       8.4069057693012298e-04, 1.0180282314359443e+00,
       6.5867873411442246e-01, 7.5253264008783349e-01,
       7.1798787164954725e-04, 2.6891753172001695e-04,
       8.6050197464550618e-04, 1.0022551409348373e+00,
       6.5104091826720012e-01, 7.5855739827450830e-01,
       7.8812063540892221e-04, 2.7770471994195667e-04,
       8.8354769723201544e-04, 9.9101865705900660e-01,
