%YAML:1.0
---
summary: "Filter by time, rd=20, rs=10."
init_cam_calib: C99-1010_3p_3
camera_matrix: !!opencv-matrix
   rows: 3
   cols: 3
   dt: d
   data: [ 2.5622058720732093e+03, 0., 1.8766563346687728e+03, 0.,
       2.5612354207613630e+03, 1.0839546220435820e+03, 0., 0., 1. ]
dist_coeff: !!opencv-matrix
   rows: 5
   cols: 1
   dt: d
   data: [ 2.1130118810936398e-02, -5.4775893272421904e-02,
       -4.7596564715346061e-04, -1.3184764490768931e-03,
       4.6882333243536745e-02 ]
std_intrinsics: !!opencv-matrix
   rows: 18
   cols: 1
   dt: d
   data: [ 5.0506917080868130e-01, 4.7715052792158258e-01,
       8.7716406932166291e-01, 5.6344393486775579e-01,
       9.7703778835528084e-04, 3.6578978377831773e-03,
       7.1072384879377555e-05, 1.1689274110525868e-04,
       3.9771860389285763e-03, 0., 0., 0., 0., 0., 0., 0., 0., 0. ]
std_extrinsics: !!opencv-matrix
   rows: 696
   cols: 1
   dt: d
   data: [ 7.6343430282025402e-04, 2.6858274083394037e-04,
       8.7840851072914800e-04, 1.4156691307185241e+00,
       9.2435844176008741e-01, 1.1605292534001619e+00,
       7.6549869296006106e-04, 2.6173700219467359e-04,
       8.7126222080641073e-04, 1.4125989317380245e+00,
       9.2241349651288784e-01, 1.1621978159358068e+00,
       7.6146613741117600e-04, 2.6233101895507322e-04,
       8.6759837773664928e-04, 1.4116158204840825e+00,
       9.2173983993772313e-01, 1.1626930281235048e+00,
       7.6121482470377930e-04, 2.5867718802835164e-04,
       8.5954583076409388e-04, 1.4062526213327207e+00,
       9.1857696998796246e-01, 1.1586079030504735e+00,
       7.0941105973255090e-04, 2.7800717792360812e-04,
       8.1664417298424568e-04, 1.4119360289522169e+00,
       9.2255470296284858e-01, 1.1815660098529237e+00,
       6.9297867805206590e-04, 2.5966103258143680e-04,
       7.9672835448732569e-04, 1.4009893913947633e+00,
       9.1781900969413766e-01, 1.1840734695997435e+00,
       7.0911937685203235e-04, 2.7017455962202280e-04,
       8.0424514473602653e-04, 1.4116571607030715e+00,
       9.2273341785392138e-01, 1.1747162846111436e+00,
       6.9779341658271650e-04, 2.6867817871348667e-04,
       8.1352080252089498e-04, 1.3921751998414360e+00,
       9.1083459523295951e-01, 1.1529204729997389e+00,
       6.2876934185400284e-04, 2.6931537547025120e-04,
       7.7187734895266410e-04, 1.3572414608312044e+00,
       8.9066270792643021e-01, 1.1519539276733930e+00,
       5.9181674292539048e-04, 2.6088965976235281e-04,
       7.4835510799268481e-04, 1.3700426497978522e+00,
       8.9809950341711353e-01, 1.1572592285674617e+00,
       5.9285265084156981e-04, 2.6306927299019561e-04,
       7.4784480833328215e-04, 1.3677436175371367e+00,
       8.9632309383308839e-01, 1.1516727852801230e+00,
       6.2335997496018483e-04, 2.6606675202647860e-04,
       7.7745289837571310e-04, 1.3674395536322339e+00,
       8.9853519448708741e-01, 1.1711438546719952e+00,
       7.3902694650948781e-04, 2.7554583961937720e-04,
       8.6953444326254563e-04, 1.3974639093420438e+00,
       9.1767252220517015e-01, 1.1842752639271679e+00,
       7.9186074050293330e-04, 2.4323390455883789e-04,
       8.0643803345921959e-04, 1.3930280647819782e+00,
       9.1118140437737905e-01, 1.1216902110530980e+00,
       8.0214443802903716e-04, 2.6633545423197222e-04,
       8.5035305006148857e-04, 1.4118276014929179e+00,
       9.2301725509006138e-01, 1.1351654718208912e+00,
       7.9505731713868310e-04, 2.7919371301574671e-04,
       9.0787210333262013e-04, 1.4023696425453938e+00,
       9.2283541485376364e-01, 1.1981608811682960e+00,
       7.6699848139186568e-04, 2.9347155412756714e-04,
       8.9918728397613478e-04, 1.4096465264796110e+00,
       9.2614384344149614e-01, 1.2066477882576809e+00,
       6.9273063664404924e-04, 2.6326852211071283e-04,
       8.3926630019563199e-04, 1.3375706090445403e+00,
       8.7865013990676610e-01, 1.1185722940888858e+00,
       6.3488105945782875e-04, 2.5387759349170083e-04,
       7.7020880891129372e-04, 1.2095936231405138e+00,
       7.9432922064994893e-01, 9.6702911595748531e-01,
       6.1147685785626303e-04, 2.3335188315506627e-04,
       7.2528454847269649e-04, 1.0706978565383709e+00,
       7.0438285106929577e-01, 8.2821319573349361e-01,
       4.9960057957167874e-04, 1.9432086687152944e-04,
       6.5326619757722553e-04, 9.7124719361217615e-01,
       6.3523835515520333e-01, 6.7748933853112703e-01,
       4.9005199315942517e-04, 1.8333492870563771e-04,
       6.7785807634085501e-04, 9.3403712931542471e-01,
       6.1243732445124111e-01, 6.2887411375596569e-01,
       7.2521635698530817e-04, 2.0740912451931007e-04,
       7.3672410044226932e-04, 8.9681485496527624e-01,
       6.0491166585656830e-01, 7.3608172294088103e-01,
       5.3111956746099761e-04, 1.9934600301925687e-04,
       7.4272676260916709e-04, 9.4806103549114762e-01,
       6.2930439433065988e-01, 6.6976496148329423e-01,
       5.0307039041440035e-04, 1.9740887216592056e-04,
       7.0589243354960448e-04, 9.8426432735310199e-01,
       6.4737152454753710e-01, 6.1482373900899545e-01,
       5.2645862362570071e-04, 2.1711718395400775e-04,
       7.3757769387054056e-04, 1.0474733085617352e+00,
       6.8476531399042173e-01, 6.3708935076258522e-01,
       5.4849689651014931e-04, 2.3137322997646742e-04,
       7.4729250187290065e-04, 1.1154854718259659e+00,
       7.2708592589106191e-01, 6.7568872016511938e-01,
       5.9833442150124098e-04, 2.4999170349835221e-04,
       7.8448103761913921e-04, 1.1937783014774006e+00,
       7.7686179499919883e-01, 7.5613337363869437e-01,
       6.7685649628977825e-04, 2.8341886260453317e-04,
       8.4530729896778510e-04, 1.2657987313431465e+00,
       8.2058770034370665e-01, 8.7613731291007868e-01,
       6.7645418180821610e-04, 2.5266509943556125e-04,
       8.4530180952980681e-04, 1.2812012741095400e+00,
       8.3275111723988793e-01, 8.1146819878348997e-01,
       6.9066388433761919e-04, 2.5618881440882626e-04,
       8.6934655899462501e-04, 1.3243632314605343e+00,
       8.6215853945495791e-01, 8.4503488092257650e-01,
       7.1795408999042367e-04, 2.5872061350311462e-04,
       9.0591093794921537e-04, 1.3680877703545966e+00,
       8.9129954353144469e-01, 8.9247614049968793e-01,
       7.5859364438297602e-04, 2.6076547283315505e-04,
       9.4377486064493030e-04, 1.4137615395208214e+00,
       9.2083970425789896e-01, 9.4426627134951224e-01,
       7.6820697828273521e-04, 2.6348755037232824e-04,
       9.5387969204269955e-04, 1.4238096220840539e+00,
       9.2729965446137574e-01, 9.5359573638968642e-01,
       7.6885206192391108e-04, 2.6381687807295576e-04,
       9.5447384655393129e-04, 1.4199517241873774e+00,
       9.2471256158659820e-01, 9.4889419181953205e-01,
       7.3844469146282915e-04, 2.6609440553061070e-04,
       9.1364003668268539e-04, 1.3832121172527390e+00,
       9.0001845698410310e-01, 8.9962772349234366e-01,
       7.0033577143099174e-04, 2.6130653521491280e-04,
       8.9471240789224448e-04, 1.3449373079713585e+00,
       8.7600148602886296e-01, 8.7966237829578320e-01,
       6.9337907555299891e-04, 2.6191425492264021e-04,
       8.9779499563266945e-04, 1.3360036732280718e+00,
       8.7164989818912864e-01, 8.8564365264394762e-01,
       7.1057794846208122e-04, 2.8244978086957982e-04,
       8.9843029487107252e-04, 1.3347827679091717e+00,
       8.7048712143470230e-01, 8.7085334415442095e-01,
       6.6353510801436485e-04, 2.9645405203556350e-04,
       9.6044257216254330e-04, 1.3333137629108147e+00,
       8.7410711123619744e-01, 9.2827799909399666e-01,
       5.1293331225575232e-04, 2.5169665246446737e-04,
       9.0819149751946229e-04, 1.3186875338198947e+00,
       8.6204748674278353e-01, 8.5308925650604295e-01,
       5.0773694743142591e-04, 2.5922237412059180e-04,
       8.9683565104095001e-04, 1.3147998437527295e+00,
       8.5824597394826418e-01, 8.3986529955270872e-01,
       5.0998017002716102e-04, 2.6257631193354512e-04,
       9.0675393961771008e-04, 1.3253400524357635e+00,
