%YAML:1.0
---
summary: "Filter by time, rd=10, rs=0."
init_cam_calib: C99-1010_3p_3
camera_matrix: !!opencv-matrix
   rows: 3
   cols: 3
   dt: d
   data: [ 2.5645183164622613e+03, 0., 1.8784597164260965e+03, 0.,
       2.5635411921530945e+03, 1.0891662671870174e+03, 0., 0., 1. ]
dist_coeff: !!opencv-matrix
   rows: 5
   cols: 1
   dt: d
   data: [ 2.2660934667998345e-02, -6.0750128382334921e-02,
       -2.1719471811276056e-04, -1.3936733359378693e-03,
       5.3576010935729439e-02 ]
rvec: !!opencv-matrix
   rows: 263
   cols: 3
   dt: d
   data: [ -3.0535667516686700e+00, 2.6403029135440553e-02,
       -1.6360827978140573e-02, -3.0509888166014134e+00,
       2.7358081409642812e-02, 5.6099940599080647e-02,
       -3.0321660347146060e+00, 4.2978321272205645e-03,
       1.3748719974687912e-02, -3.0240394181031554e+00,
       -6.8606185505159963e-03, -6.5433336756725883e-03,
       -3.0233008882147514e+00, -5.5561313969069706e-03,
       1.6251023213344189e-02, -3.0262368073202026e+00,
       -1.6011165811525780e-03, 2.4853326586515141e-02,
       -3.0309247046742058e+00, 4.3168090046007959e-03,
       2.6066939873629028e-02, -3.0243176674531087e+00,
       8.8374325078340154e-03, 2.7770252751296434e-02,
       -3.0221327872239958e+00, 7.1467621426624340e-03,
       2.8389858276469476e-02, -3.0434689940549684e+00,
       2.6131447241119595e-02, 4.3517807362193850e-02,
       -3.0419319791442461e+00, 3.8826064471857380e-02,
       5.1913947140457189e-02, -3.0423942353995956e+00,
       4.5936121300831946e-02, 3.0121817589154457e-02,
       -3.0481489383575999e+00, 4.4817792531912155e-02,
       3.4771232763835300e-02, -3.0520164076540692e+00,
       3.7471826928530516e-02, 4.9109816828164982e-02,
       -3.0576876935396098e+00, 2.2601122323278613e-02,
       4.7180931719958158e-02, -3.0922589519840460e+00,
       2.6876255770316718e-02, -2.7122057210357067e-02,
       -3.1086813465270198e+00, 2.4178173242804551e-02,
       -1.5804334311378490e-01, -3.1230651806638665e+00,
       2.3491573123733192e-02, -1.0309481300117158e-01,
       -3.0896881104411595e+00, -1.4743553480131745e-02,
       -3.7135360539577458e-02, -3.0767855416449015e+00,
       5.5515436507044382e-03, -3.0975310414315300e-02,
       -3.0651511056874985e+00, 3.8832961244147424e-02,
       -1.1043634342488610e-01, -3.0592663435545839e+00,
       4.1861503121344797e-02, -1.2312494812526877e-01,
       -3.0680553698467996e+00, 4.3945468710479933e-02,
       -9.6193145543842798e-02, -3.0678992989106475e+00,
       1.7504519024049965e-03, -4.8145648211234002e-02,
       -3.0735609084693292e+00, 8.8616452468473286e-03,
       -1.6259650444628758e-02, -3.0824203739870755e+00,
       2.3795509160871618e-02, -1.9052089762625284e-02,
       -3.0937251453803558e+00, 2.0643742071604260e-02,
       -3.2462009924190717e-02, -3.0933088866864216e+00,
       2.4340019824157951e-02, -2.9617088285799349e-02,
       -3.0835025648151770e+00, 2.2426321389505066e-02,
       -3.3072705552421776e-02, -3.0868408015513822e+00,
       5.4399786690627429e-02, -2.0992835430960366e-02,
       -3.0940797703544169e+00, 8.1855586821076312e-02,
       -8.7432240935815142e-02, -3.0805209042366553e+00,
       8.0198762243304481e-02, -1.3259294794535126e-01,
       -3.0785890340285551e+00, 6.9553058798413572e-02,
       -1.3401688233504705e-01, -3.0940814151153875e+00,
       2.2722637477524267e-02, -3.7669362950582354e-02,
       -3.0653675347803091e+00, 2.3077670429424109e-02,
       -3.9236563521328517e-02, -3.0838790677955559e+00,
       7.5639846411895292e-02, -1.5091616807906569e-01,
       -3.0854963314245749e+00, 6.1158569556751613e-02,
       -1.2855830241618199e-01, -3.0843139059802653e+00,
       5.1594948297244260e-03, 4.4427097465109089e-02,
       -3.0727896873256917e+00, -9.6441657055796812e-03,
       6.4643151108848468e-02, -3.1185530328658353e+00,
       4.5382161025294271e-02, -5.3204170871605005e-02,
       3.1038403185732193e+00, -1.0327111570712481e-02,
       2.4106694533232914e-02, 3.0124313327918499e+00,
       -7.0380882789904241e-03, 3.3630750669168728e-02,
       2.9829160666970163e+00, -1.9553526827232794e-02,
       -2.7770269734948935e-02, 2.9309709446448911e+00,
       -2.0507433674100402e-02, -2.0688500302045096e-02,
       2.8930337604863778e+00, -3.7843338011789261e-02,
       4.1382157556031758e-02, 2.9459063220479385e+00,
       -3.0601614442183015e-02, -2.0928953212173838e-02,
       2.9833237190163007e+00, -3.7168431852699142e-02,
       -2.5326644801013733e-02, 2.9795729079844842e+00,
       -4.3803239067291146e-02, -7.6779108333980637e-03,
       2.9762136881081913e+00, -4.8133160100854278e-02,
       -2.6604402577113252e-02, 2.9789783802291789e+00,
       -4.5398187780109261e-02, -2.5231992021647293e-02,
       2.9772463353793008e+00, -3.6483384472325402e-02,
       -2.2431058871415551e-02, 2.9905153267178521e+00,
       -2.5422445697467239e-02, -6.5851982600833095e-04,
       3.0156530114634124e+00, -2.7753928624552761e-02,
       1.3829758939846839e-02, 3.0527268559813332e+00,
       -4.0030107189727257e-02, -3.5813936539348845e-03,
       3.0531572726409815e+00, -3.8238068198562312e-02,
       3.0616109526514085e-03, 3.0523779977951540e+00,
       -3.3069914659749379e-02, 3.0954792667184476e-03,
       3.0474207904612545e+00, -2.7314184447460012e-02,
       1.1107903486818876e-02, 3.0813890263633299e+00,
       -3.8613679481357750e-02, 3.0351564927021454e-02,
       3.1158647852917314e+00, -4.5708531666221054e-02,
       -3.8890472123388795e-02, -3.1106531656284910e+00,
       2.5251835548622023e-02, 3.0854643974920187e-02,
       -3.0596712719368022e+00, -2.5291166154399115e-02,
       -1.6442748731642445e-02, -3.0390921916587588e+00,
       -7.2374952467482521e-03, -3.2524412075953940e-02,
       -2.9988176667635824e+00, 4.0853870701177623e-02,
       5.7100094294541603e-02, -2.9598834168724748e+00,
       7.5810936213873262e-02, 3.4002894712473496e-02,
       -2.9649062251392335e+00, -4.0990368174836827e-03,
       -5.8988075768593023e-03, -3.0174892754610112e+00,
       -3.6458095480782840e-02, -3.0814300826221531e-02,
       -3.0416923965985960e+00, -4.7453793449792850e-02,
       -4.0771643442450899e-02, -3.0451896889899976e+00,
       -6.1158561649920874e-02, -4.0041878514544493e-02,
       -3.0518591660827465e+00, -6.0644999630752851e-02,
       -2.6485475919406320e-02, -3.0420092210309018e+00,
       -6.3480499948737473e-02, -2.9775311503630299e-02,
       -3.0523144619260756e+00, -6.6160870879144337e-02,
       -2.4152144997639301e-02, -3.0674796998757148e+00,
       -7.5157205901819846e-02, 6.3883110374060165e-03,
       -3.0606149137870209e+00, -1.0531950154998911e-01,
       -3.0591717273587105e-02, 3.0671693751279534e+00,
       6.0149563855577279e-02, -2.4179541199253120e-02,
       3.0072965150280715e+00, -4.7716848263107389e-02,
       -8.4596433138748331e-02, 3.0868433933017339e+00,
       -3.4603079361170484e-02, -7.1486554775024289e-02,
       3.1213030379597417e+00, -1.3907261909774168e-02,
       -4.6204351512919302e-02, 3.1394557102304401e+00,
       9.1171830931515638e-03, 5.5682431680278040e-03,
       -3.1072218388259838e+00, 3.1502417717777192e-03,
       -1.4831055897043910e-03, -3.0857508788675667e+00,
       1.0917560262406485e-02, 8.8509868486426387e-03,
       -3.0825705612161549e+00, 2.0858101921407701e-02,
       2.4562088646808880e-02, -3.0641788291073171e+00,
       -1.7241441305582226e-02, 1.0128602796620824e-01,
       -3.0734420331788663e+00, 5.2961308373164949e-02,
       1.7284566912465002e-01, -3.1238147313309792e+00,
       1.2338984015186868e-01, 1.3439131927489001e-01,
       3.1180244430211510e+00, -1.0974341251034886e-01,
       -8.9861385020982398e-02, 3.0878380370097505e+00,
       -1.0617344688125163e-01, -2.2245707137463669e-01,
       3.0946873660834604e+00, -7.9076463731026669e-02,
       -2.2401962261641714e-01, 3.0841761677740935e+00,
       -2.5634104571891025e-02, -1.5693630308430134e-01,
