%YAML:1.0
---
summary: "Filter by time, rd=20, rs=0."
init_cam_calib: C99-1010_3p_3
camera_matrix: !!opencv-matrix
   rows: 3
   cols: 3
   dt: d
   data: [ 2.5680261627607088e+03, 0., 1.8746731623806727e+03, 0.,
       2.5667974115071097e+03, 1.0873806283558588e+03, 0., 0., 1. ]
dist_coeff: !!opencv-matrix
   rows: 5
   cols: 1
   dt: d
   data: [ 2.2352460162914270e-02, -6.0980337241043354e-02,
       -4.5453365707004032e-04, -1.7253461189726505e-03,
       5.1792242583924411e-02 ]
std_intrinsics: !!opencv-matrix
   rows: 18
   cols: 1
   dt: d
   data: [ 4.4718653000107716e-01, 4.2452329861795640e-01,
       7.9941021791448774e-01, 5.0155197762680725e-01,
       8.4791880772096349e-04, 3.0871977138513737e-03,
       6.2262927693787696e-05, 1.0821862283283985e-04,
       3.2608463366816270e-03, 0., 0., 0., 0., 0., 0., 0., 0., 0. ]
std_extrinsics: !!opencv-matrix
   rows: 792
   cols: 1
   dt: d
   data: [ 5.7671880035396771e-04, 2.0830771048037562e-04,
       6.7379247124631301e-04, 1.0637969589541427e+00,
       6.7971658146038505e-01, 8.0692503728192588e-01,
       5.7751370760233522e-04, 2.0192208648662005e-04,
       6.6526635379735456e-04, 1.0722833984362361e+00,
       6.8324940056298178e-01, 7.8989296447804891e-01,
       5.7760521452082192e-04, 1.9978682835147883e-04,
       6.6210920838019193e-04, 1.0692353482201042e+00,
       6.8137552837279569e-01, 7.8625568874184226e-01,
       5.7641162807276251e-04, 2.0009473407637016e-04,
       6.6191460528670801e-04, 1.0686920365259034e+00,
       6.8131408823448192e-01, 7.8711214392443307e-01,
       5.7737805149833601e-04, 1.9889568917972919e-04,
       6.5972772541932024e-04, 1.0684877051529977e+00,
       6.8116451157483604e-01, 7.8801894513035653e-01,
       5.8034874117313649e-04, 2.0220858734986587e-04,
       6.7000979498712968e-04, 1.0687416637835023e+00,
       6.8250964879889997e-01, 7.9838431253917641e-01,
       5.8548829719164163e-04, 2.0539114173730912e-04,
       6.7715893434777750e-04, 1.0658269319991196e+00,
       6.8130471882167676e-01, 8.0967982474324940e-01,
       5.7357429547702087e-04, 2.0237272171220305e-04,
       6.7187944206799572e-04, 1.0517967745535453e+00,
       6.7351107203444138e-01, 7.9885234973576258e-01,
       5.8146076283115968e-04, 2.3438332263855179e-04,
       7.1637509257263478e-04, 1.0697138933416976e+00,
       6.8394273859200216e-01, 8.3741739648670854e-01,
       6.2727303095433114e-04, 2.2929967823016553e-04,
       7.3638301391573029e-04, 1.1392210505509932e+00,
       7.2831580273472984e-01, 8.9866940697649522e-01,
       6.7402367529027546e-04, 2.5061830924921953e-04,
       7.5914056829432420e-04, 1.2166438810308797e+00,
       7.7458023161646739e-01, 9.6681869839180812e-01,
       7.0955205090873644e-04, 2.6109407508146933e-04,
       7.9509525037375981e-04, 1.2737861504401480e+00,
       8.1226411949498767e-01, 1.0555559325655139e+00,
       7.6287524084221628e-04, 2.6410230718406936e-04,
       8.5426879158812604e-04, 1.3302911578005008e+00,
       8.4976137020201326e-01, 1.1381699893877895e+00,
       7.7303362704329761e-04, 2.7476730900327374e-04,
       8.7499317463513384e-04, 1.3520026594640673e+00,
       8.6330670452566827e-01, 1.1665954101564342e+00,
       7.6350896823036631e-04, 2.7022768151183736e-04,
       8.6009733604910661e-04, 1.3410381411654058e+00,
       8.5643655921228823e-01, 1.1547420567819169e+00,
       7.2502848126265111e-04, 2.7145990325248419e-04,
       8.1481490508992268e-04, 1.2897722574027166e+00,
       8.2232662495161057e-01, 1.0716411868244315e+00,
       6.5032470561488128e-04, 2.5287796051557705e-04,
       7.4221972532516247e-04, 1.2004715363931826e+00,
       7.6395564942212291e-01, 9.4811882278811388e-01,
       5.9597226092075641e-04, 2.1674597950147189e-04,
       6.9599286409942384e-04, 1.0813079706945767e+00,
       6.9093974534031399e-01, 8.3171721958295841e-01,
       5.4750138332670365e-04, 2.1823391335321096e-04,
       6.6385447267544465e-04, 1.0271811632186354e+00,
       6.5580668750064097e-01, 7.7043262872857243e-01,
       5.7775052637379538e-04, 2.0861366387149618e-04,
       6.9181081528988493e-04, 1.0499752129085687e+00,
       6.7422211843168545e-01, 8.1583240877220764e-01,
       5.5004412623916752e-04, 2.2084629087928856e-04,
       6.9994338986220205e-04, 1.0580227809399434e+00,
       6.8172890093977312e-01, 8.4873242145291872e-01,
       4.9970637604364830e-04, 2.1724134521147832e-04,
       6.6684368426358392e-04, 1.0611060506414767e+00,
       6.8780783519699595e-01, 8.7028073359738234e-01,
       5.0605030628397775e-04, 2.2742354997066274e-04,
       6.5501967817361672e-04, 1.0725316993919605e+00,
       6.9824291234104485e-01, 9.0491913540974822e-01,
       4.7296099860776275e-04, 2.1483214105189988e-04,
       6.4698185996722593e-04, 1.0662406211719999e+00,
       6.8830629079991956e-01, 8.5837453845211764e-01,
       4.7082926271811704e-04, 2.1429800770637880e-04,
       6.4387899326114658e-04, 1.0651511118178543e+00,
       6.8786487284163944e-01, 8.5742563468896138e-01,
       4.7390152840530631e-04, 2.1501805854782304e-04,
       6.4660457265016855e-04, 1.0669685274079874e+00,
       6.8895007457153223e-01, 8.5764596503335799e-01,
       4.7658776903536322e-04, 2.1669383936782200e-04,
       6.4247862859973307e-04, 1.0725250856071706e+00,
       6.8976653139379618e-01, 8.4801955991368527e-01,
       4.7457248259214413e-04, 2.1182624847578533e-04,
       6.3462648522991745e-04, 1.0695014943542360e+00,
       6.8581754783915683e-01, 8.2447612089937439e-01,
       4.7628084313425446e-04, 2.1309685911013868e-04,
       6.3613252026559252e-04, 1.0699856289104774e+00,
       6.8649286707377244e-01, 8.2609729075090854e-01,
       5.3636388602308529e-04, 2.1446311648829622e-04,
       6.8707027469808244e-04, 1.0617624840629272e+00,
       6.8353151374949861e-01, 8.4482752824915941e-01,
       6.0351123614792136e-04, 2.1430294946375023e-04,
       6.9562296175149140e-04, 1.0926450326952002e+00,
       6.9985397213787082e-01, 8.4763021499797986e-01,
       6.2943563727790462e-04, 2.0647733833042809e-04,
       6.7613635987504625e-04, 1.1145375955148487e+00,
       7.1246691483748448e-01, 8.4666402639905036e-01,
       6.3981949495905608e-04, 2.0664908912233724e-04,
       6.7554200188916179e-04, 1.1061665153693068e+00,
       7.0650464211732955e-01, 8.2818084412611193e-01,
       6.7017693102181778e-04, 2.3047083355672322e-04,
       7.5669143145801307e-04, 1.1159986413308740e+00,
       7.1637324462860374e-01, 8.8966079696404365e-01,
       6.7672637662145060e-04, 2.3468796231398395e-04,
       7.7294595089288953e-04, 1.1262376000982639e+00,
       7.2377146232371015e-01, 9.0388082398236258e-01,
       6.7395469545085472e-04, 2.3439019746876937e-04,
       7.7150938075972136e-04, 1.1257284996447889e+00,
       7.2363653509131098e-01, 9.0554366492314986e-01,
       6.6065545684973004e-04, 2.3196604152537386e-04,
       7.6775867778756468e-04, 1.1224798447963427e+00,
       7.2124191933158777e-01, 9.0694372281319224e-01,
       7.8358817787532232e-04, 2.5283351421148323e-04,
       8.3462105118548566e-04, 1.1118348123357533e+00,
       7.3345794813193166e-01, 1.0333067277420385e+00,
       6.0324160785116320e-04, 2.3223168359014944e-04,
       7.6189742634334267e-04, 1.1096921885563986e+00,
       7.1695065963299087e-01, 9.1558049088401927e-01,
       6.1290574951374714e-04, 2.2637491444258684e-04,
       7.2839791553429604e-04, 1.1129753210448097e+00,
       7.1455845787568173e-01, 8.9394872911616563e-01,
       6.0121938954647467e-04, 2.1672509646497768e-04,
       7.0216666300976617e-04, 1.1004471155690001e+00,
       7.0565284276601137e-01, 8.6568465570883046e-01,
       5.8008110884029429e-04, 2.1947263115858255e-04,
       7.2219009279705470e-04, 1.0226692758264824e+00,
       6.5803682006856512e-01, 8.0497369011587994e-01,
       5.0841433221594258e-04, 2.0499963215773654e-04,
       6.9316892319778002e-04, 9.2610638650046928e-01,
