%YAML:1.0
---
summary: "Filter by time, rd=15, rs=10."
init_cam_calib: C99-1010_3p_3
camera_matrix: !!opencv-matrix
   rows: 3
   cols: 3
   dt: d
   data: [ 2.5620161119341424e+03, 0., 1.8738986107255666e+03, 0.,
       2.5612969009922376e+03, 1.0876558934348641e+03, 0., 0., 1. ]
dist_coeff: !!opencv-matrix
   rows: 5
   cols: 1
   dt: d
   data: [ 2.0440680612857080e-02, -5.4151884807370404e-02,
       -6.8003743279755483e-04, -2.0776534243593758e-03,
       4.5829754347946380e-02 ]
std_intrinsics: !!opencv-matrix
   rows: 18
   cols: 1
   dt: d
   data: [ 3.7943545999351547e-01, 3.5969678670074146e-01,
       6.7771387759242818e-01, 4.2369096636805026e-01,
       7.2428845117568906e-04, 2.6519946234470912e-03,
       5.2575496836918148e-05, 9.1938785978200343e-05,
       2.8172555602841371e-03, 0., 0., 0., 0., 0., 0., 0., 0., 0. ]
std_extrinsics: !!opencv-matrix
   rows: 1050
   cols: 1
   dt: d
   data: [ 5.6766873133442565e-04, 1.9897971623034021e-04,
       6.2874627425086650e-04, 9.0827052852075929e-01,
       5.8158578904006597e-01, 7.3833703748985069e-01,
       5.5607758516679619e-04, 1.9583585402746081e-04,
       6.1065653806335180e-04, 9.1109347374247607e-01,
       5.8108714757320601e-01, 7.1382772585725363e-01,
       5.5626885335668366e-04, 1.9456609059906571e-04,
       6.0997139033206024e-04, 9.1009094986988659e-01,
       5.8073336803116404e-01, 7.1400533917234221e-01,
       5.5370104898032422e-04, 1.9414825654940650e-04,
       6.0811314280727097e-04, 9.0847866903851615e-01,
       5.7998545943540358e-01, 7.1426923184239866e-01,
       5.5661766293436314e-04, 1.9429071121682278e-04,
       6.0901870218401061e-04, 9.0996535928394073e-01,
       5.8077372955196349e-01, 7.1515988044381196e-01,
       5.5330712602916785e-04, 1.9413340252733439e-04,
       6.0569423834393459e-04, 9.0791814599977971e-01,
       5.7969517967051198e-01, 7.1474515229495628e-01,
       5.5884646611205997e-04, 1.9697922061583285e-04,
       6.1745501212840282e-04, 9.0969473658120426e-01,
       5.8163579784536079e-01, 7.2590754901704768e-01,
       5.6559079147773137e-04, 2.0050786798585468e-04,
       6.2367253422288178e-04, 9.0783754530910821e-01,
       5.8078188627335769e-01, 7.3714248959522155e-01,
       5.5628831520511846e-04, 1.9748888583170121e-04,
       6.1819749179650740e-04, 9.0070320841921026e-01,
       5.7700543774707758e-01, 7.3238888255851520e-01,
       5.5821345781923717e-04, 2.0312760156739079e-04,
       6.3151097270706155e-04, 8.9524815717350292e-01,
       5.7419162305536975e-01, 7.3960335111134978e-01,
       5.6063915044615839e-04, 2.2826744689716957e-04,
       6.6352520851306758e-04, 9.1140176210801238e-01,
       5.8288171493508811e-01, 7.6642813345903460e-01,
       5.8818685366138007e-04, 2.2740226121582827e-04,
       6.8382466541516012e-04, 9.5053500654252721e-01,
       6.0920094981074036e-01, 8.1532385862158063e-01,
       6.2709016235152498e-04, 2.2714134158572990e-04,
       6.9085155013539127e-04, 1.0003942613078667e+00,
       6.3919855338975862e-01, 8.4552232566814245e-01,
       6.5533688060939147e-04, 2.4779076911587679e-04,
       7.1068809546156781e-04, 1.0486409948069886e+00,
       6.6880037953493965e-01, 9.1491452871898393e-01,
       6.8627565243219082e-04, 2.5440761631499752e-04,
       7.4524798341965852e-04, 1.0841932078187260e+00,
       6.9237727484315226e-01, 9.7477837065788442e-01,
       7.2684223863810125e-04, 2.5567204728078955e-04,
       7.8894247245969316e-04, 1.1213625983623949e+00,
       7.1739340779363314e-01, 1.0376012203724443e+00,
       7.4746445928736019e-04, 2.6278716655893809e-04,
       8.1606848976124358e-04, 1.1428138668421772e+00,
       7.3092681261661385e-01, 1.0700133888513830e+00,
       7.4748268644644249e-04, 2.6779996949257171e-04,
       8.2284522392789890e-04, 1.1500416950591090e+00,
       7.3532604148437841e-01, 1.0813532705435476e+00,
       7.3914394266903121e-04, 2.6334744202433330e-04,
       8.1032206703309342e-04, 1.1412617558514984e+00,
       7.2998576831382267e-01, 1.0703748625415317e+00,
       7.2405230422503512e-04, 2.5979175689151804e-04,
       7.8497739079708617e-04, 1.1132624003759768e+00,
       7.1143076288895846e-01, 1.0189867542872886e+00,
       6.7029951979688410e-04, 2.6034786576220473e-04,
       7.3242694417411899e-04, 1.0692703203468006e+00,
       6.8130675358554782e-01, 9.4278715680988778e-01,
       6.2247159636316988e-04, 2.3528120991959915e-04,
       6.9354229180190762e-04, 9.9073245373308760e-01,
       6.3285987321845261e-01, 8.5125200293985059e-01,
       5.7455288005749019e-04, 2.1112606897414943e-04,
       6.4365790781360007e-04, 9.2055436630032028e-01,
       5.8882763766661050e-01, 7.5996427396107935e-01,
       5.3498487777341023e-04, 2.2268456432002280e-04,
       6.2679971750847835e-04, 8.7991504216955108e-01,
       5.6185442446606015e-01, 7.1831005437550655e-01,
       5.3516759865863603e-04, 1.9780589529892271e-04,
       6.1752460071371775e-04, 8.7930497455109569e-01,
       5.6518559644179756e-01, 7.2601530175612172e-01,
       5.6254365429639233e-04, 2.0767149417429579e-04,
       6.3738755175188279e-04, 9.0310283400210978e-01,
       5.7934653247698675e-01, 7.5020848811922203e-01,
       5.2906496871275410e-04, 2.1480376614144533e-04,
       6.4640364439580672e-04, 9.0082096241049703e-01,
       5.8095036469008754e-01, 7.7712194752208985e-01,
       4.7920279664398643e-04, 2.0943447387224652e-04,
       6.1762662551176069e-04, 8.9919422484423062e-01,
       5.8246866663988683e-01, 7.8564891330271514e-01,
       4.8956682343192386e-04, 2.1561414428682152e-04,
       6.1182845678759605e-04, 9.0893753369487773e-01,
       5.9212893109567943e-01, 8.2823813427118953e-01,
       4.6251287265646059e-04, 2.1345554918992743e-04,
       5.9865586632910136e-04, 9.1027221761431931e-01,
       5.9172258625093455e-01, 8.0889697175649733e-01,
       4.5257346769401389e-04, 2.0806343184015183e-04,
       5.9372240613802954e-04, 9.0759958417950093e-01,
       5.8640187733571436e-01, 7.8499680636203195e-01,
       4.4793936461915308e-04, 2.0742069792878160e-04,
       5.8805411140615618e-04, 9.0585787010223717e-01,
       5.8549292722649082e-01, 7.8351997037268650e-01,
       4.5130539971620983e-04, 2.0751855661440118e-04,
       5.9135496456000499e-04, 9.0618539595978431e-01,
       5.8563762972726618e-01, 7.8298076163894714e-01,
       4.5466308034843971e-04, 2.0962784107384275e-04,
       5.9417226452120801e-04, 9.0892628465868774e-01,
       5.8703799544712898e-01, 7.8487329264322814e-01,
       4.5603227935447948e-04, 2.0995777062661559e-04,
       5.8862474502842854e-04, 9.1270458961485756e-01,
       5.8764226278053511e-01, 7.7527634971904136e-01,
       4.5360201945477633e-04, 2.0522100704938864e-04,
       5.8029272286869052e-04, 9.0981837921338360e-01,
       5.8418389055606734e-01, 7.5239611935905970e-01,
       4.5285697861050661e-04, 2.0529743890062335e-04,
       5.7907900398678934e-04, 9.0975963534597903e-01,
       5.8427183809144989e-01, 7.5215797389474293e-01,
       4.6628513871638510e-04, 2.1035754961428807e-04,
       5.9710109837253955e-04, 9.1010059749583738e-01,
       5.8538570835907744e-01, 7.7002848663672163e-01,
       5.1541192977270481e-04, 2.0846318662482894e-04,
       6.3243241664661136e-04, 9.0387338558379760e-01,
       5.8232902531084518e-01, 7.7212706084631355e-01,
       5.7520426688270989e-04, 2.0468490773605362e-04,
       6.3785035132210858e-04, 9.2313619825006077e-01,
       5.9253279397636893e-01, 7.7046825487099080e-01,
       6.0353293625751308e-04, 2.1139664433596174e-04,
       6.4958230420301554e-04, 9.4548405080646858e-01,
       6.0535413155661866e-01, 7.8858961570464636e-01,
       6.1135017334717947e-04, 1.9623601209301170e-04,
       6.1256006059289404e-04, 9.4118940825547259e-01,
       6.0168709946906229e-01, 7.5309156089526930e-01,
       6.1776967106748836e-04, 2.0084988488874945e-04,
       6.2568591578187997e-04, 9.4154571319322955e-01,
