%YAML:1.0
---
summary: "Filter by time and points, rd=20, rs=0, sp=5, sf=4."
init_cam_calib: C99-1010_3p_3
camera_matrix: !!opencv-matrix
   rows: 3
   cols: 3
   dt: d
   data: [ 2.5680237161242094e+03, 0., 1.8734350001187281e+03, 0.,
       2.5663842563449989e+03, 1.0854494583332182e+03, 0., 0., 1. ]
dist_coeff: !!opencv-matrix
   rows: 5
   cols: 1
   dt: d
   data: [ 2.2865665149433591e-02, -6.7479841390786541e-02,
       -6.6903403390007447e-04, -1.6318322798829915e-03,
       5.8819489309235508e-02 ]
rvec: !!opencv-matrix
   rows: 132
   cols: 3
   dt: d
   data: [ -3.0586733830955031e+00, 2.6640783841887918e-02,
       -1.8381961625995241e-02, -3.0317927342691324e+00,
       3.7706856572113120e-03, 1.6625094966997486e-02,
       -3.0248715229132257e+00, -5.4693010799250199e-03,
       1.8316892806846341e-02, -3.0315997255891509e+00,
       4.1981908721715052e-03, 2.8279842216261012e-02,
       -3.0233467374389273e+00, 6.9553381412168830e-03,
       3.0372839174175437e-02, -3.0432689670570201e+00,
       3.8725716591470172e-02, 5.3389055056131937e-02,
       -3.0489837370019717e+00, 4.4723902601018453e-02,
       3.6672771915268312e-02, -3.0559256280165172e+00,
       2.2543872449510352e-02, 5.0026974024407742e-02,
       -3.1103646619081537e+00, 2.3869946838197896e-02,
       -1.5707079044228728e-01, -3.0907876745670984e+00,
       -1.4809106525540100e-02, -3.5983872207515914e-02,
       -3.0654079881165455e+00, 3.8198710875477666e-02,
       -1.0890243851032391e-01, -3.0694913271057027e+00,
       4.3453595331857602e-02, -9.4353514523196749e-02,
       -3.0740594174305209e+00, 8.5958062037184563e-03,
       -1.4115406691506233e-02, -3.0952338019536207e+00,
       2.0560268745642873e-02, -3.0688843987003365e-02,
       -3.0843441641501879e+00, 2.2028379325879092e-02,
       -3.1458978105910584e-02, -3.0940613698007189e+00,
       8.1832491257697967e-02, -8.4451008291214297e-02,
       -3.0799207738544236e+00, 6.9694999225429793e-02,
       -1.3228901444002186e-01, -3.0659683407616791e+00,
       2.2403001752361863e-02, -3.6418487462213010e-02,
       -3.0861054603567228e+00, 6.0385456739858838e-02,
       -1.2776135964107652e-01, -3.0730728241617258e+00,
       -9.9660994547827730e-03, 6.7237419753715902e-02,
       3.1048670172316748e+00, -9.4296879835779265e-03,
       2.1246285347387185e-02, 2.9810047325828664e+00,
       -1.9081152830912464e-02, -2.9828345082856894e-02,
       2.8922880133360160e+00, -3.7754418410640908e-02,
       3.8365726318378972e-02, 2.9818471484665130e+00,
       -3.6928718471213907e-02, -2.7486826568194442e-02,
       2.9744646396850465e+00, -4.7727583695213696e-02,
       -2.8133661220911977e-02, 2.9760128058649409e+00,
       -3.6200489951759611e-02, -2.4675856006113182e-02,
       3.0145551198964209e+00, -2.7740537807682597e-02,
       1.1883013817500038e-02, 3.0522250879462485e+00,
       -3.7850239669014567e-02, 6.3193537863513803e-04,
       3.0463797992498534e+00, -2.6853627686681356e-02,
       8.1716409622688731e-03, 3.1147999831909625e+00,
       -4.4606528665482176e-02, -4.1278535420983579e-02,
       -3.0606768608276371e+00, -2.5650368422707692e-02,
       -1.3332756272681288e-02, -3.0044647682221424e+00,
       3.9318053752603006e-02, 5.8347025519974470e-02,
       -2.9650450775967250e+00, -4.2599585423982959e-03,
       -3.3394651397888387e-03, -3.0428455507407750e+00,
       -4.8043052027620853e-02, -3.8722744416863859e-02,
       -3.0523515644510888e+00, -6.0818133460444922e-02,
       -2.3918120475496636e-02, -3.0536593683450408e+00,
       -6.6296379181591619e-02, -2.1857673783979386e-02,
       -3.0653272197262162e+00, -1.0526049496200249e-01,
       -2.9957039600361900e-02, 3.0062029838757605e+00,
       -4.6591869634317960e-02, -8.7654279907256175e-02,
       3.1200060100771521e+00, -1.3726387238300651e-02,
       -4.8563525817457799e-02, -3.1077504974976220e+00,
       2.7930076170474246e-03, 1.7944786184119992e-04,
       -3.0825253993984036e+00, 2.0549416513903695e-02,
       2.6710925897549757e-02, -3.0735787942501438e+00,
       5.3260416608216128e-02, 1.7556076142551261e-01,
       3.1138683016496924e+00, -1.0975261586732779e-01,
       -9.1466364406088074e-02, 3.0964148335113668e+00,
       -7.8701446564269403e-02, -2.2913167407793147e-01,
       3.0692146699308158e+00, 4.5184061699559130e-02,
       -1.5352103504479372e-01, 3.0503916541924334e+00,
       6.0639141444349544e-02, -4.6200470172999625e-01,
       3.0631438081963331e+00, 6.2070176807375907e-02,
       -7.1382124604445696e-01, -2.9530086066961179e+00,
       -4.7576767735622499e-02, 9.2762170185970039e-01,
       -2.8926055963680866e+00, -8.7641779038806267e-02,
       1.0460015451968816e+00, -2.9036534169598518e+00,
       -8.5997050744726536e-02, 1.0596768998999957e+00,
       -2.9520748236334913e+00, -2.7901795848819209e-02,
       9.2602655450732452e-01, -2.9305518598904188e+00,
       -7.2047645804875604e-02, 9.8110148501469974e-01,
       -2.9610832546318675e+00, -4.6573962271774218e-02,
       8.3098159083956036e-01, -2.8969772822947117e+00,
       -6.3351534999361428e-02, 8.6046451318850781e-01,
       -2.9214504275334483e+00, -7.5537256236489936e-02,
       8.1660883172670740e-01, -3.0191192881829170e+00,
       -5.0865053198791629e-02, 7.9190703795754347e-01,
       2.9414016387025965e+00, -3.3200861889188221e-02,
       -8.0073697684033318e-01, 2.9981489874604441e+00,
       -1.7188888307496167e-02, -8.5620747881848158e-01,
       2.9920724324520211e+00, -1.7751304850529701e-02,
       -8.7396682238451417e-01, 3.0015695223907874e+00,
       1.0139820944185171e-03, -8.6072746961357183e-01,
       2.9876009865027910e+00, -9.0088315923201288e-03,
       -8.8707315209558624e-01, -2.9733112123503651e+00,
       -4.1121050838785332e-02, 8.8994126913170279e-01,
       -2.9417257522268190e+00, -7.4027314314968048e-02,
       8.8365411697746132e-01, -2.8940769933985262e+00,
       -1.0639508766456941e-01, 9.6124236091739079e-01,
       -2.8406725926033323e+00, -4.7278440449317352e-02,
       9.5777357690827425e-01, -2.9721498392575243e+00,
       -7.6999247830766823e-02, 8.8792063734680216e-01,
       2.9168396282985101e+00, 1.1021723802373356e-02,
       -9.5268463869898223e-01, -2.9978586372140832e+00,
       -4.5581595558422928e-02, 9.0417131772258408e-01,
       -2.9506731951255243e+00, 2.0068375476080525e-02,
       8.9180416016638742e-01, -2.8980999527788276e+00,
       -4.5744451581917776e-02, 1.0691961104094723e+00,
       2.9252846845029099e+00, 1.2361632044472921e-02,
       -1.1250021517195661e+00, -2.8301609615535424e+00,
       -4.2043480614444857e-02, 1.3526472222160357e+00,
       2.7572706414677310e+00, 1.4976390476459238e-02,
       -1.4826070296193949e+00, 2.7049258867406891e+00,
       5.5183991915602186e-02, -1.5596308120657048e+00,
       2.6875082839822539e+00, 6.6002859241373210e-02,
       -1.5670663582464457e+00, -2.6412782370480952e+00,
       -9.4534994052404175e-02, 1.6292891228012969e+00,
       -2.6209580471673459e+00, 1.3188292163161443e-02,
       1.5977823336608268e+00, -2.6149545678852437e+00,
       -4.9735666991262861e-02, 1.5360582075275677e+00,
       -2.5747239547014473e+00, -7.5811817364320300e-02,
       1.5984516741147334e+00, -2.5911210513626348e+00,
       -8.2506312429947437e-02, 1.7109931454777669e+00,
       2.5160553851887442e+00, -1.8986927285215269e-01,
       -1.6907975115744742e+00, 2.5733938574800859e+00,
       -7.4339628980262945e-02, -1.7159892479692924e+00,
       2.6464017679508198e+00, -5.2268616243360136e-03,
       -1.6352476002029803e+00, -2.6788290551846319e+00,
       -7.2436869717806746e-02, 1.6230892538893229e+00,
       2.7089700032702768e+00, -7.0104907331363278e-02,
       -1.4351773906548322e+00, 2.8094433889285937e+00,
       -7.3115355211195318e-02, -1.2542142428941743e+00,
       2.8563749092717488e+00, -3.6159328112922426e-02,
       -1.1690072063257304e+00, 2.9007892046594739e+00,
       2.9960013064345300e-03, -1.0102380277991401e+00,
