%YAML:1.0
---
summary: "Filter by time, rd=10, rs=0."
init_cam_calib: C99-1010_3p_3
camera_matrix: !!opencv-matrix
   rows: 3
   cols: 3
   dt: d
   data: [ 2.5645183164622613e+03, 0., 1.8784597164260965e+03, 0.,
       2.5635411921530945e+03, 1.0891662671870174e+03, 0., 0., 1. ]
dist_coeff: !!opencv-matrix
   rows: 5
   cols: 1
   dt: d
   data: [ 2.2660934667998345e-02, -6.0750128382334921e-02,
       -2.1719471811276056e-04, -1.3936733359378693e-03,
       5.3576010935729439e-02 ]
std_intrinsics: !!opencv-matrix
   rows: 18
   cols: 1
   dt: d
   data: [ 2.9759447566411146e-01, 2.8255156509105328e-01,
       5.3231326702884929e-01, 3.3421326687770081e-01,
       5.6765554341347917e-04, 2.0705943169679049e-03,
       4.1727640519470466e-05, 7.2405021902174717e-05,
       2.1938714906121451e-03, 0., 0., 0., 0., 0., 0., 0., 0., 0. ]
std_extrinsics: !!opencv-matrix
   rows: 1578
   cols: 1
   dt: d
   data: [ 5.3047872419392447e-04, 1.9606057794234138e-04,
       5.6199146983146396e-04, 7.1737669151913985e-01,
       4.6532365574897483e-01, 6.5744824091325638e-01,
       5.4237716331506083e-04, 1.9228234210895580e-04,
       5.7000398342646214e-04, 7.1961906761976191e-01,
       4.6704326983391059e-01, 6.5949379910267114e-01,
       5.3131611599101746e-04, 1.9008955104404159e-04,
       5.5482554696015317e-04, 7.2282786845972768e-01,
       4.6765426674779875e-01, 6.3814558749573358e-01,
       5.2969188835348864e-04, 1.8987632147852054e-04,
       5.5234041334628473e-04, 7.2173543729118472e-01,
       4.6686190735551536e-01, 6.3523825588827521e-01,
       5.3139443224570215e-04, 1.8802509955779490e-04,
       5.5184138717124511e-04, 7.2077493509489499e-01,
       4.6645122608054324e-01, 6.3469361935214430e-01,
       5.3073490208263379e-04, 1.8782184537590040e-04,
       5.5181988555743678e-04, 7.2057562117790608e-01,
       4.6641223616845306e-01, 6.3537596664603235e-01,
       5.3021080349152281e-04, 1.8831582307301690e-04,
       5.5138544464680933e-04, 7.2037314880847225e-01,
       4.6624636071730846e-01, 6.3547261909140706e-01,
       5.3170521004991501e-04, 1.8777012790240576e-04,
       5.5076720376672406e-04, 7.2066768937465098e-01,
       4.6647112300524163e-01, 6.3575322683938884e-01,
       5.3105744312279002e-04, 1.8718662300298155e-04,
       5.4915915662868335e-04, 7.2023517358324818e-01,
       4.6633800080494248e-01, 6.3621613989013459e-01,
       5.3355789816113047e-04, 1.9085347375587356e-04,
       5.6170871361217159e-04, 7.1843926475821440e-01,
       4.6625694014225832e-01, 6.5250951312281358e-01,
       5.3380673717463715e-04, 1.9037971268229720e-04,
       5.5875807164373979e-04, 7.2059729637017766e-01,
       4.6708056852643637e-01, 6.4655775185957942e-01,
       5.3339054746950171e-04, 1.9211815398299966e-04,
       5.5710968372493612e-04, 7.2196228599691981e-01,
       4.6744756663032100e-01, 6.4427680604056603e-01,
       5.3873299260899076e-04, 1.9339708249308215e-04,
       5.6554494891249650e-04, 7.1878200282715243e-01,
       4.6641802794512854e-01, 6.5913279983390860e-01,
       5.3115982595162579e-04, 1.9081652120773481e-04,
       5.5891270554568650e-04, 7.1360485267403562e-01,
       4.6338986865803750e-01, 6.5390364240291232e-01,
       5.2714397629682582e-04, 1.9037724347886674e-04,
       5.5943965661258094e-04, 7.0941728206899757e-01,
       4.6084326708028822e-01, 6.4934224401080365e-01,
       5.3296784570955606e-04, 2.0228208670775098e-04,
       5.7921821801460978e-04, 7.1256969427604422e-01,
       4.6258540666323666e-01, 6.6319945188060769e-01,
       5.3554827616483986e-04, 2.2058625631606540e-04,
       6.0464252305450603e-04, 7.2320372801511523e-01,
       4.6808973353398242e-01, 6.8812270409491061e-01,
       5.4501146363141644e-04, 2.1958283569382413e-04,
       6.0718437837037483e-04, 7.3913827688472633e-01,
       4.7942024755245966e-01, 7.0700135891778937e-01,
       5.7934841899712035e-04, 2.1581939935373862e-04,
       6.2733381579873834e-04, 7.6820203174220170e-01,
       4.9819425034274423e-01, 7.4261659775096045e-01,
       6.0053665375002941e-04, 2.1955443110619177e-04,
       6.3417400917136326e-04, 7.9220685155623161e-01,
       5.1305795323367853e-01, 7.6193481617677150e-01,
       6.2417678923890258e-04, 2.3617994242187314e-04,
       6.5327485916839259e-04, 8.2047389156111861e-01,
       5.2999933087876039e-01, 8.0304108683099906e-01,
       6.4158038460320117e-04, 2.4272964595723997e-04,
       6.6884233172602415e-04, 8.4102146011969481e-01,
       5.4395954381949863e-01, 8.4634651576246878e-01,
       6.5797033106419105e-04, 2.4605781935726199e-04,
       6.8942792418296697e-04, 8.5857594142733829e-01,
       5.5620747430238582e-01, 8.8647533153371783e-01,
       6.8522658894004554e-04, 2.4508578702156291e-04,
       7.2275024584515888e-04, 8.7940555972487999e-01,
       5.7086180414580856e-01, 9.3010397589584282e-01,
       7.0884336888746226e-04, 2.4886882809991548e-04,
       7.4866384473536380e-04, 8.9638323432511280e-01,
       5.8191769268741456e-01, 9.6274372984689227e-01,
       7.1760993229328513e-04, 2.5414020955222402e-04,
       7.6030164871385055e-04, 9.0485427502167359e-01,
       5.8703599150639896e-01, 9.7790931395113767e-01,
       7.1865138441589023e-04, 2.5898852207399469e-04,
       7.6959533321193708e-04, 9.1104054841871063e-01,
       5.9076845653763321e-01, 9.8916374672390339e-01,
       7.1912256450796770e-04, 2.5873179068760702e-04,
       7.6874553343493190e-04, 9.1069089707864603e-01,
       5.9056678345833447e-01, 9.8881609481727073e-01,
       7.0947825929081976e-04, 2.5468331797670515e-04,
       7.5445916317451770e-04, 9.0361843536978481e-01,
       5.8636421985784193e-01, 9.7841910821192524e-01,
       7.0084924932379731e-04, 2.5190189661508314e-04,
       7.3798290829003193e-04, 8.9018891962749647e-01,
       5.7726268138381853e-01, 9.5059569418128398e-01,
       6.7294292009414274e-04, 2.5593722608689625e-04,
       7.0969521035904029e-04, 8.6936782826901793e-01,
       5.6238334981795179e-01, 9.0081076627528978e-01,
       6.4242265678192195e-04, 2.5186101502515558e-04,
       6.7665924565937872e-04, 8.4708757826490355e-01,
       5.4699366153032980e-01, 8.5514096285197638e-01,
       6.0138040601913432e-04, 2.3831726322018088e-04,
       6.3519185469511678e-04, 8.0966572569823103e-01,
       5.2259783985338537e-01, 7.8596919552993116e-01,
       5.7734822142740819e-04, 2.1750570866264969e-04,
       6.2347977559593288e-04, 7.6634554290407308e-01,
       4.9678264721848175e-01, 7.3846215103974322e-01,
       5.4920948463649591e-04, 2.0406750266388585e-04,
       5.8535326610998956e-04, 7.2942067317846371e-01,
       4.7286570114487825e-01, 6.8129194226049228e-01,
       5.2439660007216904e-04, 2.1506062079682076e-04,
       5.7611199277111393e-04, 7.0589937005204129e-01,
       4.5643103235094612e-01, 6.5474290200041940e-01,
       5.0274047662855769e-04, 2.0541195427249516e-04,
       5.5031138524536398e-04, 6.9357261629125866e-01,
       4.4861825191721899e-01, 6.2591161676735030e-01,
       5.1036991703731413e-04, 1.9093324916282442e-04,
       5.5701987548077518e-04, 6.9693629168881244e-01,
       4.5376167354944291e-01, 6.4899248815219701e-01,
       5.3095022254208370e-04, 1.9602915508633130e-04,
       5.7956207060629831e-04, 7.0858322392300954e-01,
       4.6132919618600637e-01, 6.6585029886037006e-01,
       5.1544815004320415e-04, 2.0673127586010132e-04,
       5.7240193750102803e-04, 7.1409778990457440e-01,
       4.6439840052285558e-01, 6.7665922770342191e-01,
       5.0495487519014763e-04, 2.0729622322173828e-04,
       5.8685090902239542e-04, 7.1426004094128914e-01,
       4.6653811753766911e-01, 6.9911781352448865e-01,
       4.7206871375226532e-04, 2.0636686119754596e-04,
       5.6261532590290994e-04, 7.1377539918153454e-01,
       4.6837239963093824e-01, 7.1086122740586255e-01,
       4.5594527918378500e-04, 2.0265658150807605e-04,
       5.5614708271324511e-04, 7.1682399287625886e-01,
