%YAML:1.0
---
summary: "Filter by time and points, rd=20, rs=0, sp=5, sf=1."
init_cam_calib: C99-1010_3p_3
camera_matrix: !!opencv-matrix
   rows: 3
   cols: 3
   dt: d
   data: [ 2.5684237150508970e+03, 0., 1.8724512531425569e+03, 0.,
       2.5674723406244452e+03, 1.0873805509194269e+03, 0., 0., 1. ]
dist_coeff: !!opencv-matrix
   rows: 5
   cols: 1
   dt: d
   data: [ 2.4503828018245050e-02, -6.9370337540512195e-02,
       -2.3588682748356912e-04, -1.9650533395829707e-03,
       6.0882313703552515e-02 ]
rvec: !!opencv-matrix
   rows: 132
   cols: 3
   dt: d
   data: [ -3.0500214252431599e+00, 2.4731249642267542e-02,
       -8.4163375181214566e-03, -3.0324494278527143e+00,
       4.7635208908961644e-03, 1.5939148704023999e-02,
       -3.0240711926802435e+00, -5.7222546843520624e-03,
       1.9757296307081101e-02, -3.0308509993481327e+00,
       4.0605388232065531e-03, 2.9832877409059964e-02,
       -3.0226138883171196e+00, 7.3102675025536372e-03,
       3.1537704018295469e-02, -3.0419983263785255e+00,
       3.8841408437400339e-02, 5.5288282340628658e-02,
       -3.0482178207480768e+00, 4.4499072776423738e-02,
       3.8458550906636649e-02, -3.0571172147243897e+00,
       2.2258959571665918e-02, 5.1429242582890951e-02,
       -3.1090234756813881e+00, 2.3908763348534375e-02,
       -1.5477680752447509e-01, -3.0895236417433947e+00,
       -1.4637321207078927e-02, -3.4029154015661214e-02,
       -3.0639536294787271e+00, 3.8269096207285039e-02,
       -1.0569814533940831e-01, -3.0678472978504008e+00,
       4.3643845658122973e-02, -9.1877451501205229e-02,
       -3.0734274247562752e+00, 8.3473273355665675e-03,
       -1.3592295569311368e-02, -3.0928600566733047e+00,
       2.0692165802850743e-02, -2.9023244424257411e-02,
       -3.0840245776271291e+00, 2.2028261363210552e-02,
       -2.9520567013276992e-02, -3.0941682201270906e+00,
       8.1617171240188094e-02, -8.4677984082105556e-02,
       -3.0788909986926165e+00, 6.9148060221360066e-02,
       -1.3116542383980428e-01, -3.0644021031294253e+00,
       2.2777371357947458e-02, -3.6837193549662153e-02,
       -3.0833497563356822e+00, 6.0617120761027904e-02,
       -1.2383751447451159e-01, -3.0725751384014055e+00,
       -9.8009709958227879e-03, 6.8673473766119278e-02,
       3.1009487394077255e+00, -1.0432789478010089e-02,
       1.8319126233667229e-02, 2.9828480030617222e+00,
       -1.9382670653656689e-02, -3.1325895542760933e-02,
       2.8917573296646157e+00, -3.8408865257642942e-02,
       3.8849550896094522e-02, 2.9829355217059415e+00,
       -3.6747885931394129e-02, -2.8306788955023199e-02,
       2.9765210095007166e+00, -4.7686034299562190e-02,
       -3.0636006270770004e-02, 2.9774521907997511e+00,
       -3.6026673731990012e-02, -2.5605777471014231e-02,
       3.0155525768996010e+00, -2.6932518159113104e-02,
       9.8226269311220259e-03, 3.0524621911947349e+00,
       -3.7907478570730235e-02, -3.0138930280299790e-04,
       3.0472479082041386e+00, -2.7066850598301589e-02,
       8.2064343027976900e-03, 3.1167325301857143e+00,
       -4.5999979854767392e-02, -4.3160521484261527e-02,
       -3.0580153864716113e+00, -2.5206597466722120e-02,
       -1.3612105444502153e-02, -2.9973811727382738e+00,
       4.2205116500703223e-02, 6.4065186846299513e-02,
       -2.9654590306151167e+00, -3.9436104043068642e-03,
       -2.9258705410101782e-03, -3.0413584076608684e+00,
       -4.7233923712559384e-02, -3.7228645768365390e-02,
       -3.0514430488601079e+00, -6.0691804478989891e-02,
       -2.3830518511611515e-02, -3.0522537640019425e+00,
       -6.6028629952703755e-02, -2.0547085862630404e-02,
       -3.0586234472393334e+00, -1.0602432490480986e-01,
       -2.5049897053026009e-02, 3.0062667934301017e+00,
       -4.8233481935548578e-02, -8.7510125344310560e-02,
       3.1218277941820345e+00, -1.4059437271507689e-02,
       -4.9786562845828497e-02, -3.1079183353910023e+00,
       3.5454578405847061e-03, 1.5064715700598720e-03,
       -3.0812252807577778e+00, 2.0493224540631013e-02,
       2.8174900401586229e-02, -3.0743516094119938e+00,
       5.2284912221810136e-02, 1.7590786422192828e-01,
       3.1201003524879587e+00, -1.0977470287437045e-01,
       -9.5423878379170365e-02, 3.0935198002874675e+00,
       -7.7887563865012097e-02, -2.2682411318033738e-01,
       3.0790441047449377e+00, 4.4126922255988604e-02,
       -1.5392813940188171e-01, 3.0498903592851945e+00,
       6.0674702925888190e-02, -4.6172349111047356e-01,
       3.0600118998498091e+00, 6.5208804290584121e-02,
       -7.0795208516998809e-01, -2.9520976616223731e+00,
       -4.7914761817685718e-02, 9.2843216230604642e-01,
       -2.8909563785774415e+00, -8.8166523759430807e-02,
       1.0473696333960700e+00, -2.9038964379168699e+00,
       -8.5933795718214717e-02, 1.0592868772068553e+00,
       -2.9521890025457345e+00, -2.7426950249467657e-02,
       9.2696432951109287e-01, -2.9284647569769575e+00,
       -7.2053440329384155e-02, 9.8073680346772063e-01,
       -2.9606901504606169e+00, -4.7003084363468853e-02,
       8.3054684672994417e-01, -2.8950324162718264e+00,
       -6.3514478120764967e-02, 8.6158835591321026e-01,
       -2.9232407918903558e+00, -7.6064062590910461e-02,
       8.1175267628557279e-01, -3.0121390639375809e+00,
       -4.8251551418886152e-02, 7.9527702347698459e-01,
       2.9389658816075115e+00, -3.5691896674378124e-02,
       -7.9200751215190968e-01, 2.9981091586693833e+00,
       -1.6540036746121447e-02, -8.5927996642432547e-01,
       2.9928454967308697e+00, -1.7638510358827658e-02,
       -8.7681067999225792e-01, 3.0021344082876067e+00,
       3.3060342597458349e-03, -8.6694340020392369e-01,
       2.9870140957219586e+00, -8.6207446877326638e-03,
       -8.8566891334667808e-01, -2.9729667913864244e+00,
       -4.1277216422941007e-02, 8.8930895047019953e-01,
       -2.9379358929553416e+00, -7.2785565927949256e-02,
       8.8237299239151257e-01, -2.8931194546330343e+00,
       -1.0618369641327581e-01, 9.6057330542389330e-01,
       -2.8408486285986125e+00, -4.7444041628800282e-02,
       9.5504981345985618e-01, -2.9700106016449199e+00,
       -7.6926486508943237e-02, 8.9226401729989546e-01,
       2.9181214444264487e+00, 1.1769055647566357e-02,
       -9.5373049578295488e-01, -2.9966845840627485e+00,
       -4.5795668882124392e-02, 9.0442188799998191e-01,
       -2.9485971335696619e+00, 2.0250165114234102e-02,
       8.9217478664244010e-01, -2.8958579618879172e+00,
       -4.6122256971122329e-02, 1.0698756602106614e+00,
       2.9252410174817465e+00, 1.3391355183709010e-02,
       -1.1272690961738170e+00, -2.8323398273772025e+00,
       -4.4901708608178902e-02, 1.3534931355644555e+00,
       2.7554206923696074e+00, 1.6396953773955929e-02,
       -1.4850680573879080e+00, 2.7056507582304836e+00,
       5.4906608056680919e-02, -1.5619931207584565e+00,
       2.6890395545532551e+00, 6.5535902305197694e-02,
       -1.5674618956495634e+00, -2.6389776839338168e+00,
       -9.3228429557942361e-02, 1.6297551240945145e+00,
       -2.6210856111724095e+00, 1.1866885239658769e-02,
       1.5958548500830458e+00, -2.6147880075053562e+00,
       -5.0293045160575207e-02, 1.5352389877356882e+00,
       -2.5739181108211766e+00, -7.6138053881706649e-02,
       1.5984406503215436e+00, -2.5881808923002274e+00,
       -8.1172363584071677e-02, 1.7097034788546173e+00,
       2.5179723645468317e+00, -1.9054674694105969e-01,
       -1.6908440278498347e+00, 2.5739502695663825e+00,
       -7.3785373757042222e-02, -1.7156226670754819e+00,
       2.6471618629024030e+00, -5.2596128056875587e-03,
       -1.6353239453992898e+00, -2.6783803021013974e+00,
       -7.2410031792600624e-02, 1.6223374081336233e+00,
       2.7089615759341994e+00, -6.9701436457756755e-02,
       -1.4384301914254780e+00, 2.8131885093707387e+00,
       -7.6664105854830675e-02, -1.2592723750122645e+00,
       2.8573841837432101e+00, -3.6194797512685797e-02,
       -1.1710872044311778e+00, 2.9010778384064038e+00,
       4.0598082511801355e-03, -1.0088137402029640e+00,
