%YAML:1.0
---
summary: "Filter by time and points, rd=20, rs=0, sp=5, sf=0."
init_cam_calib: C99-1010_3p_3
camera_matrix: !!opencv-matrix
   rows: 3
   cols: 3
   dt: d
   data: [ 2.5674822648121794e+03, 0., 1.8716711036001500e+03, 0.,
       2.5659161709910313e+03, 1.0877511373742791e+03, 0., 0., 1. ]
dist_coeff: !!opencv-matrix
   rows: 5
   cols: 1
   dt: d
   data: [ 2.2243761738991424e-02, -6.2466349758499781e-02,
       -4.4554619202551361e-04, -2.2061823006800682e-03,
       5.5984945669417828e-02 ]
std_intrinsics: !!opencv-matrix
   rows: 18
   cols: 1
   dt: d
   data: [ 1.0244320720560811e+00, 9.7261005960284241e-01,
       1.8026013580543054e+00, 1.1298230159120719e+00,
       1.8400562973079114e-03, 6.6204441929472871e-03,
       1.3990916665644788e-04, 2.4320196273756308e-04,
       6.9162263739390856e-03, 0., 0., 0., 0., 0., 0., 0., 0., 0. ]
std_extrinsics: !!opencv-matrix
   rows: 792
   cols: 1
   dt: d
   data: [ 1.4297137342391317e-03, 4.6937481171558130e-04,
       1.4882041690293102e-03, 2.4058410083422719e+00,
       1.5338442956586100e+00, 1.8350020440155292e+00,
       1.4827687539779580e-03, 4.5490330171772187e-04,
       1.4714066521563502e-03, 2.4103379120768391e+00,
       1.5387442478583317e+00, 1.8436909121843794e+00,
       1.2831304566154234e-03, 4.2902595826476136e-04,
       1.4593488969552059e-03, 2.4105959899120792e+00,
       1.5360808836265483e+00, 1.7873522076112511e+00,
       1.1626475319179248e-03, 4.2674402125012195e-04,
       1.4537691875025015e-03, 2.4097408482175355e+00,
       1.5319641775366513e+00, 1.6961035523820500e+00,
       1.2171294809043803e-03, 4.5193744329452752e-04,
       1.4812600196474450e-03, 2.4035407765057046e+00,
       1.5280506308241470e+00, 1.7740311007451817e+00,
       1.3993530195154735e-03, 4.6685854729956418e-04,
       1.5579994336933306e-03, 2.4094510384127790e+00,
       1.5337996601647506e+00, 1.8148409534294661e+00,
       1.2013846207294483e-03, 4.7230043004175258e-04,
       1.5410116037279915e-03, 2.3922552503172878e+00,
       1.5344668912671726e+00, 1.8846339493786537e+00,
       1.1210800436973738e-03, 4.3800055741506167e-04,
       1.4272944036611177e-03, 2.3636407066592438e+00,
       1.5197468514026204e+00, 1.7793075169408621e+00,
       1.1612011983762605e-03, 4.7869574447508283e-04,
       1.4566254975258014e-03, 2.4144066353181182e+00,
       1.5401578650081897e+00, 1.8147780766206087e+00,
       1.1687942071097828e-03, 5.5035408614738054e-04,
       1.6212198044449637e-03, 2.5618396137169168e+00,
       1.6330894086599190e+00, 1.9580074709648365e+00,
       1.3706393611391603e-03, 5.3061138103137925e-04,
       1.6395613397694410e-03, 2.7480666571472363e+00,
       1.7445350565554012e+00, 2.0565384058333804e+00,
       1.6421970171904556e-03, 5.6585518637395488e-04,
       1.6758292420621479e-03, 2.8726077294381827e+00,
       1.8247683158719892e+00, 2.3913040332102695e+00,
       1.6182452055591020e-03, 5.4212357483703327e-04,
       1.7840347630922659e-03, 3.0026329996433523e+00,
       1.9110165089768119e+00, 2.3994814524790855e+00,
       1.7644810459615989e-03, 6.4835982520547192e-04,
       2.1835818810913826e-03, 3.0458054197368760e+00,
       1.9421035646443945e+00, 2.5893605560265147e+00,
       1.8498595320728829e-03, 5.8692248835911251e-04,
       2.0200784835668209e-03, 3.0337169910626649e+00,
       1.9287353735558550e+00, 2.5972835608281741e+00,
       1.8603253096330982e-03, 6.3961080580233402e-04,
       1.9938311635077175e-03, 2.9061325284424568e+00,
       1.8459567913554238e+00, 2.4794746670441903e+00,
       1.4754102395415577e-03, 5.3905478079959693e-04,
       1.7185069154632094e-03, 2.7144623227121540e+00,
       1.7220785973414698e+00, 2.2256984123852508e+00,
       1.1564502314100821e-03, 4.7348471563399773e-04,
       1.4962474326457767e-03, 2.4274108668475685e+00,
       1.5590214127764392e+00, 1.8930841576594719e+00,
       1.5427729045163578e-03, 5.1332699723433204e-04,
       1.5934272041085201e-03, 2.3146798476184403e+00,
       1.4770633132221158e+00, 1.8570969714531878e+00,
       1.2089423026263417e-03, 4.6149975747829963e-04,
       1.4914662527369400e-03, 2.3605753019049014e+00,
       1.5102718270735924e+00, 1.7939436528473944e+00,
       1.3363999756130372e-03, 4.6255423530747479e-04,
       1.5082662908597897e-03, 2.3902636914328785e+00,
       1.5377881197107788e+00, 1.9581740517723576e+00,
       1.3244895803117120e-03, 5.4055605260181492e-04,
       1.8533600233790579e-03, 2.3963009609873036e+00,
       1.5465962984789459e+00, 2.0842951130036762e+00,
       1.3411134344154172e-03, 5.0681567704286468e-04,
       1.5376739840160976e-03, 2.4182298155316042e+00,
       1.5754930474841755e+00, 2.2066668226380228e+00,
       1.0669804705598302e-03, 4.8539260630038410e-04,
       1.4905670336287976e-03, 2.4033497742429173e+00,
       1.5486991253806721e+00, 1.8887643582399816e+00,
       1.1516614846801695e-03, 5.3707186295434814e-04,
       1.4203252880389129e-03, 2.3950576888359234e+00,
       1.5444489749512693e+00, 2.1826732192691596e+00,
       1.1548677380748041e-03, 5.0597950694434180e-04,
       1.4523540728631334e-03, 2.4027629414870426e+00,
       1.5447519124737032e+00, 2.0578711846443301e+00,
       1.1130599447917841e-03, 4.5586349242557203e-04,
       1.3651899913915703e-03, 2.4172172795971636e+00,
       1.5615545570335263e+00, 1.9218872349995699e+00,
       1.1877148243127249e-03, 4.6992426740669757e-04,
       1.4914409498715904e-03, 2.4155654254793473e+00,
       1.5486233803854945e+00, 1.8758295799532374e+00,
       1.0198788290387251e-03, 4.9117499192713606e-04,
       1.4255048521810041e-03, 2.4037329519493715e+00,
       1.5441745942503493e+00, 1.8837172997100666e+00,
       1.2177171881765994e-03, 5.0327496247059189e-04,
       1.7156187511499900e-03, 2.3938670704111109e+00,
       1.5379794222415508e+00, 1.9488427065699527e+00,
       1.4138218982633782e-03, 4.5529378759184640e-04,
       1.4033401605364085e-03, 2.4595966920103391e+00,
       1.5789210087537708e+00, 1.9968906062417291e+00,
       1.5036078237128216e-03, 4.6962311861569286e-04,
       1.5446849902040554e-03, 2.5100000878005133e+00,
       1.6025295502829053e+00, 1.9125985882404255e+00,
       1.5245469524799370e-03, 4.9806600245659149e-04,
       1.6519955816244067e-03, 2.4885850493619190e+00,
       1.5828509867291407e+00, 1.9398658130503650e+00,
       1.5994026198552259e-03, 5.0007507378839217e-04,
       1.6758626399841084e-03, 2.5114997594753699e+00,
       1.6063027495823132e+00, 2.0772546806101104e+00,
       1.5824666281302666e-03, 5.5975064585293496e-04,
       1.6768564249819236e-03, 2.5286731202040080e+00,
       1.6225180164453874e+00, 2.0810873519424353e+00,
       1.3852732531887404e-03, 4.9943330193809267e-04,
       1.7077052218647914e-03, 2.5410722865123803e+00,
       1.6356517383031324e+00, 1.9754302862881683e+00,
       1.4298639805500881e-03, 5.1972304835294972e-04,
       1.6915110815332989e-03, 2.5251615889581629e+00,
       1.6263825320976535e+00, 2.0637118213628907e+00,
       2.5054262401455543e-03, 5.4589063533884311e-04,
       1.9785948323465378e-03, 2.5122975300042465e+00,
       1.6694223742200140e+00, 2.5549918146302608e+00,
       1.2651226451974918e-03, 5.3390828733888374e-04,
       1.8605313449422012e-03, 2.5054200520861030e+00,
       1.6135099387870901e+00, 2.0390788820064696e+00,
       1.1511152220873946e-03, 5.3513559461246978e-04,
       1.6862849038842762e-03, 2.5044130124642479e+00,
       1.6053597925970031e+00, 2.0288978426441227e+00,
       1.3845174759732958e-03, 4.8243097363678909e-04,
       1.6574087955009873e-03, 2.4852434042134077e+00,
       1.5942218223708797e+00, 2.0437614304746266e+00,
       1.2169956010777230e-03, 4.6972777339861964e-04,
       1.5671421798527394e-03, 2.3052338009988751e+00,
       1.4786683027760743e+00, 1.7702485613282610e+00,
       1.0296968078049771e-03, 4.6313818173072323e-04,
       1.5577216069335511e-03, 2.0802151424796769e+00,
