%YAML:1.0
---
summary: "Filter by time, rd=15, rs=5."
init_cam_calib: C99-1010_3p_3
camera_matrix: !!opencv-matrix
   rows: 3
   cols: 3
   dt: d
   data: [ 2.5632205004008201e+03, 0., 1.8891606246702777e+03, 0.,
       2.5616079821590752e+03, 1.0905204482688634e+03, 0., 0., 1. ]
dist_coeff: !!opencv-matrix
   rows: 5
   cols: 1
   dt: d
   data: [ 1.8704010549719589e-02, -4.8314329677920397e-02,
       -2.3402611435443228e-04, -2.2089259512690889e-04,
       4.3460327912031790e-02 ]
std_intrinsics: !!opencv-matrix
   rows: 18
   cols: 1
   dt: d
   data: [ 3.6938731023558530e-01, 3.5122148854582508e-01,
       6.6289049602461636e-01, 4.1531304378076322e-01,
       7.1186156081509992e-04, 2.6223836961216922e-03,
       5.2189102159375717e-05, 9.0035963448267483e-05,
       2.8075707185639454e-03, 0., 0., 0., 0., 0., 0., 0., 0., 0. ]
std_extrinsics: !!opencv-matrix
   rows: 1050
   cols: 1
   dt: d
   data: [ 5.5695490757720460e-04, 1.9456026521232986e-04,
       6.1587386194858083e-04, 8.9003227472570001e-01,
       5.7118379545541886e-01, 7.2465115894440146e-01,
       5.4399890325843091e-04, 1.9318104595314752e-04,
       6.0086941551288752e-04, 8.9337588572709536e-01,
       5.7127774634110462e-01, 7.0197006697235009e-01,
       5.4274652655307261e-04, 1.9179224880459084e-04,
       5.9725224151663172e-04, 8.9135950054195223e-01,
       5.6997044796410212e-01, 6.9923349825450909e-01,
       5.4343540391178563e-04, 1.9086526006504748e-04,
       5.9794876539323409e-04, 8.9060701031830858e-01,
       5.6971525961320102e-01, 6.9921875845066606e-01,
       5.4302240682729233e-04, 1.9133605889798828e-04,
       5.9671087308924725e-04, 8.9056879196651395e-01,
       5.6969366036148927e-01, 6.9994085185913446e-01,
       5.4378809365215820e-04, 1.9021875724588739e-04,
       5.9540600108668612e-04, 8.9020914499869719e-01,
       5.6956952632371027e-01, 7.0009757121438843e-01,
       5.4421760875359630e-04, 1.9483114958200574e-04,
       6.0904295961183711e-04, 8.8859090706542698e-01,
       5.7013728509096406e-01, 7.1861797557812901e-01,
       5.4607312225695402e-04, 1.9519545785610522e-04,
       6.0336106618545952e-04, 8.9223593602172213e-01,
       5.7108793276630221e-01, 7.0793043392036270e-01,
       5.4943631416714937e-04, 1.9666636979428812e-04,
       6.1106691501843977e-04, 8.8635847218435804e-01,
       5.6847709630575338e-01, 7.1914115377842425e-01,
       5.3995003642253543e-04, 1.9340415530243527e-04,
       6.0643961810429188e-04, 8.7644909718981279e-01,
       5.6298703640973824e-01, 7.1181687682464123e-01,
       5.5521245378035533e-04, 2.1657852501828345e-04,
       6.4606776024848922e-04, 8.8656611346571401e-01,
       5.6857623157088555e-01, 7.3766496871997289e-01,
       5.5790372744241956e-04, 2.2324913433294043e-04,
       6.5247023778352501e-04, 9.1285119168580020e-01,
       5.8591040270613537e-01, 7.6927797246602092e-01,
       5.9568850772082343e-04, 2.2013449444167996e-04,
       6.6423457095296978e-04, 9.6431147812864881e-01,
       6.1743483381280362e-01, 8.0618322261035580e-01,
       6.3744174532906820e-04, 2.4014774015285729e-04,
       6.9534478869051522e-04, 1.0137436351999061e+00,
       6.4758144269043927e-01, 8.6969592902822468e-01,
       6.5966100234103901e-04, 2.4958306254787714e-04,
       7.1806717145142225e-04, 1.0498774107077364e+00,
       6.7156272535686645e-01, 9.3441019953192750e-01,
       6.9893442691616389e-04, 2.4905706629914094e-04,
       7.6337962213733840e-04, 1.0870269679520603e+00,
       6.9688911185300351e-01, 9.9857233817212454e-01,
       7.2502685100883082e-04, 2.5543253214534015e-04,
       7.9140717128139786e-04, 1.1130726175433918e+00,
       7.1367572838879123e-01, 1.0405683933251255e+00,
       7.3251322366172354e-04, 2.6310530221620933e-04,
       8.0928797594577732e-04, 1.1260800466391310e+00,
       7.2162770915804186e-01, 1.0589471389049776e+00,
       7.2949861456279191e-04, 2.6225167760070164e-04,
       8.0454840958070440e-04, 1.1233042012546335e+00,
       7.1984899484020737e-01, 1.0552223751996042e+00,
       7.1459824072821643e-04, 2.5589208366064983e-04,
       7.7832604350533841e-04, 1.1003545498155181e+00,
       7.0516449815190219e-01, 1.0196518197324922e+00,
       6.6929819211585179e-04, 2.6313340235065554e-04,
       7.3835179758137155e-04, 1.0634963855375639e+00,
       6.7956095050325294e-01, 9.4801036164777863e-01,
       6.1465466919879508e-04, 2.4235712945194348e-04,
       6.7816322894732786e-04, 1.0003321799210334e+00,
       6.3866653040033083e-01, 8.5215579953956533e-01,
       5.7141424834899167e-04, 2.1023519944744749e-04,
       6.3957600118604377e-04, 9.2150760043096136e-01,
       5.9097825831247941e-01, 7.6966877158167935e-01,
       5.3730454634442375e-04, 2.1876185642515333e-04,
       6.2297447776940031e-04, 8.7071911477344821e-01,
       5.5761282519730471e-01, 7.1604304502202398e-01,
       5.1115315034435337e-04, 2.0244385738966045e-04,
       5.9987193099940222e-04, 8.5545481829835923e-01,
       5.4946773998712606e-01, 6.9538333208248437e-01,
       5.4384987070077038e-04, 1.9906045889643242e-04,
       6.2603163539405647e-04, 8.7506983681200579e-01,
       5.6351554204638732e-01, 7.2825047046637481e-01,
       5.3248756945124343e-04, 2.1036532085585586e-04,
       6.4093154875469898e-04, 8.8521998288736348e-01,
       5.7082407841886051e-01, 7.5309652177115827e-01,
       4.8568997543175168e-04, 2.1028646305798693e-04,
       6.0828009534953957e-04, 8.8114554190571082e-01,
       5.7172881455305524e-01, 7.7268216440118220e-01,
       4.8391610884843496e-04, 2.1125898503432928e-04,
       6.0254193259030387e-04, 8.8563515896667866e-01,
       5.7794116949457197e-01, 8.0644307995997289e-01,
       4.7594792407200213e-04, 2.1603232372072607e-04,
       5.9248464226399242e-04, 8.9408444658997166e-01,
       5.8420117534099558e-01, 8.1457266314384869e-01,
       4.4390374952267228e-04, 2.0442250135420677e-04,
       5.8259557975956315e-04, 8.9002592718269702e-01,
       5.7637113157023001e-01, 7.7019886799943793e-01,
       4.4396316121066246e-04, 2.0528460202530102e-04,
       5.8002933778639827e-04, 8.8952104409917643e-01,
       5.7556045612093587e-01, 7.6853628989931544e-01,
       4.4078808530571004e-04, 2.0315537931744616e-04,
       5.7906262930723011e-04, 8.8757733240492664e-01,
       5.7470346203439460e-01, 7.6802794373542060e-01,
       4.4450540686286126e-04, 2.0431955725798599e-04,
       5.8162769219764342e-04, 8.8908531774571276e-01,
       5.7564643278820127e-01, 7.6794934718918928e-01,
       4.4898639288881470e-04, 2.0691658940407369e-04,
       5.8099161755776436e-04, 8.9494668357726581e-01,
       5.7814337709487906e-01, 7.6662492334914800e-01,
       4.4436576157717351e-04, 2.0139938661180106e-04,
       5.6898204696947973e-04, 8.9213947410781469e-01,
       5.7404061447052990e-01, 7.3846499889555117e-01,
       4.4408412195629052e-04, 2.0209715165994555e-04,
       5.6966414988823767e-04, 8.9091609809075500e-01,
       5.7345783392693028e-01, 7.3860305625942380e-01,
       4.4657210799633161e-04, 2.0278969488471250e-04,
       5.6979504919911538e-04, 8.9128691208522215e-01,
       5.7366366735379271e-01, 7.3751803014004169e-01,
       4.8389232416141460e-04, 2.0435841996324419e-04,
       6.0264106033704743e-04, 8.8282878583510305e-01,
       5.6939474266865520e-01, 7.5293054591675657e-01,
       5.4641236418758170e-04, 2.0702825193188450e-04,
       6.3383114686578230e-04, 8.9744708912445825e-01,
       5.7834800984627743e-01, 7.6557369900899208e-01,
       5.8182337440237171e-04, 2.0685611641767858e-04,
       6.3719248980502647e-04, 9.1902994261970583e-01,
       5.8997460605476781e-01, 7.6673742529293998e-01,
       5.9378745597835189e-04, 1.9698443802542047e-04,
       6.1247577961855973e-04, 9.2861301815334163e-01,
       5.9543357818070763e-01, 7.5468064700481641e-01,
       6.1167706871544949e-04, 1.9652685045381215e-04,
       6.1454991085048893e-04, 9.1967170233610718e-01,
