%YAML:1.0
---
summary: "Filter by time, rd=20, rs=10."
init_cam_calib: C99-1010_3p_3
camera_matrix: !!opencv-matrix
   rows: 3
   cols: 3
   dt: d
   data: [ 2.5610356963268341e+03, 0., 1.8826764645684250e+03, 0.,
       2.5603456072256690e+03, 1.0910245699632314e+03, 0., 0., 1. ]
dist_coeff: !!opencv-matrix
   rows: 5
   cols: 1
   dt: d
   data: [ 2.3000033887113712e-02, -6.0885630983606824e-02,
       3.3534830317128795e-05, -9.9849811443292343e-04,
       5.6049769890811084e-02 ]
rvec: !!opencv-matrix
   rows: 131
   cols: 3
   dt: d
   data: [ -3.0506891185126279e+00, 2.7425207142126588e-02,
       5.3794833393562447e-02, -3.0235895439825256e+00,
       -6.7742307141181691e-03, -8.6296712529875755e-03,
       -3.0258598032798099e+00, -1.5294825048463192e-03,
       2.2674567437628752e-02, -3.0239488367208369e+00,
       8.9051718731121936e-03, 2.5582064905815566e-02,
       -3.0431389221241618e+00, 2.6205181125975627e-02,
       4.1237842579194148e-02, -3.0420037128138562e+00,
       4.6006505127078094e-02, 2.7939966909656461e-02,
       -3.0517192824009545e+00, 3.7549059605618995e-02,
       4.6778981011571151e-02, -3.0918168078017523e+00,
       2.6988020748012678e-02, -2.9232849020353273e-02,
       -3.1225228866928112e+00, 2.3639619640020239e-02,
       -1.0509715358351301e-01, -3.0762696513076091e+00,
       5.6499121831765009e-03, -3.2974602458686553e-02,
       -3.0586397468199968e+00, 4.1985222441129136e-02,
       -1.2502319672517673e-01, -3.0673698827045897e+00,
       1.8594122782361595e-03, -5.0151081990772575e-02,
       -3.0819249116215293e+00, 2.3885961621486519e-02,
       -2.1087256703562169e-02, -3.0928071809979496e+00,
       2.4436631088836112e-02, -3.1654771348038672e-02,
       -3.0863282409029158e+00, 5.4488748465715213e-02,
       -2.3009837993746673e-02, -3.0798802802150513e+00,
       8.0323132144244511e-02, -1.3450034731380847e-01,
       -3.0935878037846058e+00, 2.2838532952312016e-02,
       -3.9716415957861205e-02, -3.0832704085035005e+00,
       7.5791927870967390e-02, -1.5282158341903529e-01,
       -3.0840414421557569e+00, 5.2632821087064286e-03,
       4.2005867028376082e-02, -3.1180563810937034e+00,
       4.5531581770281444e-02, -5.5305085172830885e-02,
       3.0128925294430928e+00, -7.2919756300129836e-03,
       3.5772349260721571e-02, 2.9314859516090879e+00,
       -2.0814733993046470e-02, -1.8537579665759328e-02,
       2.9464860116272811e+00, -3.0908224441804397e-02,
       -1.8787659109045979e-02, 2.9801340409233243e+00,
       -4.4122082169082262e-02, -5.5231513858214005e-03,
       2.9795562134473035e+00, -4.5710100205780466e-02,
       -2.3055746472266110e-02, 2.9910593871370579e+00,
       -2.5734407896621538e-02, 1.5054178467500943e-03,
       3.0532996326532622e+00, -4.0334967729525793e-02,
       -1.3978229986668694e-03, 3.0529445573416232e+00,
       -3.3373948620845806e-02, 5.2697241770411248e-03,
       3.0818995893089296e+00, -3.8899297419827061e-02,
       3.2542504158305514e-02, -3.1102956354179243e+00,
       2.5364741749256847e-02, 2.8544247866978116e-02,
       -3.0386565164965820e+00, -7.1578543280372666e-03,
       -3.4573627838195314e-02, -2.9596600896796796e+00,
       7.5797443807762585e-02, 3.1757428333717759e-02,
       -3.0171120605621269e+00, -3.6444030772374139e-02,
       -3.2828076815268788e-02, -3.0448174817909668e+00,
       -6.1151140986425295e-02, -4.2061927294345658e-02,
       -3.0416462099830035e+00, -6.3469566453714724e-02,
       -3.1822392028651579e-02, -3.0671476629187824e+00,
       -7.5144111286396476e-02, 4.2185216860811626e-03,
       3.0675163746159742e+00, 6.0041581702654299e-02,
       -2.1839551571691467e-02, 3.0872972560161798e+00,
       -3.4720335841869308e-02, -6.9132228673187315e-02,
       3.1398503355280272e+00, 9.0054119386688992e-03,
       7.7743190580648099e-03, -3.0853607767168270e+00,
       1.1017598686695711e-02, 6.6602692020365671e-03,
       -3.0638919018674469e+00, -1.7183386160082633e-02,
       9.8903607950398015e-02, -3.1234679367277733e+00,
       1.2343440060931044e-01, 1.3187336635794827e-01,
       3.0884684786395882e+00, -1.0622968833814424e-01,
       -2.1993475347352240e-01, 3.0847341031703426e+00,
       -2.5681115314351927e-02, -1.5463324894477840e-01,
       3.0785130664706410e+00, 1.0220811477151509e-01,
       -2.6612864282061299e-01, 3.0698480312198480e+00,
       5.2624014617254869e-02, -4.9397829702660234e-01,
       -2.9817685370755349e+00, -5.1216433464526416e-02,
       8.7461242140004070e-01, -2.9177630351307742e+00,
       -5.7274960650156241e-02, 9.4516888492501316e-01,
       -2.8647355986681373e+00, -7.4729966317424706e-02,
       1.0882180186219399e+00, -2.9425142903916996e+00,
       2.2524675385494734e-02, 9.3279506627804187e-01,
       -2.9361810559943655e+00, -6.5730751756976916e-02,
       9.9350620791256428e-01, -2.9608660537883038e+00,
       -4.9869646948152609e-02, 8.4082366856091395e-01,
       -2.9196314494425075e+00, -7.4924406748509281e-02,
       9.1409543924492442e-01, -2.9138663073288917e+00,
       -8.7678854599745601e-02, 8.1208970543484227e-01,
       -2.9684259786982983e+00, -6.5758456328115750e-02,
       7.9846425854225378e-01, 2.8843371837476499e+00,
       -3.4721269205943046e-02, -8.1014543291988173e-01,
       -3.0207949209387883e+00, 8.2336250722827801e-03,
       8.1250834499549285e-01, 2.9939717547039781e+00,
       -1.2324713031936108e-02, -8.6667526395623162e-01,
       3.0138680630300612e+00, -5.0156151113003346e-04,
       -8.5782709248384215e-01, 3.0104896097792340e+00,
       -5.9837439720868274e-03, -8.7827035639441597e-01,
       3.0092849844504528e+00, 2.7354278902254840e-02,
       -8.7011427068047853e-01, -2.9540629637587346e+00,
       -6.3216503850103953e-02, 8.7437210241068020e-01,
       -2.9954042963080334e+00, -1.0961459813680416e-01,
       8.8645738501363913e-01, -2.7958398203681560e+00,
       -9.7645296335506865e-02, 9.6731349120014731e-01,
       -2.8854976349731438e+00, -8.4723706152589576e-02,
       8.8099198686067060e-01, 2.9377514510873657e+00,
       5.9350859750853975e-02, -8.9797998870955353e-01,
       -3.0148163056003527e+00, -4.2255501380961485e-02,
       9.1864947232338723e-01, -2.9846094162269101e+00,
       -1.4539297316812258e-02, 8.5843832766145789e-01,
       -2.9512051449181707e+00, -6.2515892955073551e-02,
       1.0006298142605961e+00, 2.9094868785442034e+00,
       1.8102036013432247e-02, -1.1272077895590193e+00,
       -2.8302571750505234e+00, -6.5389950950036149e-02,
       1.2477774201387499e+00, 2.8228604235836090e+00,
       6.7605904312671661e-02, -1.3140629029432613e+00,
       2.7124120800746425e+00, 4.8753248023669350e-02,
       -1.5449589977521161e+00, 2.7050234630306886e+00,
       1.4442604174897546e-02, -1.5638173787649952e+00,
       -2.6428262177519701e+00, -1.0267355051236839e-01,
       1.6130643181538387e+00, -2.6465532884839091e+00,
       -6.1506254607692899e-02, 1.6042232649889994e+00,
       -2.6024424546282585e+00, 2.1350138681049534e-02,
       1.6276663083595941e+00, -2.6093055554925009e+00,
       -8.2224251609137419e-02, 1.5289393032129346e+00,
       -2.5701176333148021e+00, -7.9084209675955114e-02,
       1.6601797566784813e+00, 2.5636006063147119e+00,
       -1.5841898100418386e-02, -1.7115405179448848e+00,
       2.5653426669687360e+00, -1.1702977040142859e-01,
       -1.6869053727012817e+00, 2.6156161412185721e+00,
       -8.9593841744525556e-03, -1.6563495045111751e+00,
       2.6747096092052400e+00, 2.4113964703675956e-02,
       -1.5915195500193480e+00, 2.6279772056326633e+00,
       7.9424520639752250e-02, -1.5990058082706442e+00,
       2.8119432187375977e+00, -6.5672617068416915e-03,
       -1.3061108766440033e+00, 2.7779837831378091e+00,
       -3.7908519825580626e-02, -1.2941078096621781e+00,
       2.9415938038291207e+00, 1.0283706926439797e-02,
       -1.0242955033169530e+00, 2.8619941992224152e+00,
       -1.1978950006206496e-02, -1.0594006850036168e+00,
