%YAML:1.0
---
summary: "Filter by time and points, rd=20, rs=0, sp=5, sf=3."
init_cam_calib: C99-1010_3p_3
camera_matrix: !!opencv-matrix
   rows: 3
   cols: 3
   dt: d
   data: [ 2.5679383238823625e+03, 0., 1.8764603731072309e+03, 0.,
       2.5666311028960640e+03, 1.0890955453168365e+03, 0., 0., 1. ]
dist_coeff: !!opencv-matrix
   rows: 5
   cols: 1
   dt: d
   data: [ 1.7651536313222044e-02, -4.1569520982941879e-02,
       -4.8437987501410870e-04, -1.6708612356805600e-03,
       3.1551697027961283e-02 ]
std_intrinsics: !!opencv-matrix
   rows: 18
   cols: 1
   dt: d
   data: [ 1.0401721735503042e+00, 9.8981798660086162e-01,
       1.7844158051463599e+00, 1.1309526564699126e+00,
       1.9092117503332511e-03, 6.9583392686822084e-03,
       1.3967383850600401e-04, 2.4199452049003233e-04,
       7.3458846062654584e-03, 0., 0., 0., 0., 0., 0., 0., 0., 0. ]
std_extrinsics: !!opencv-matrix
   rows: 792
   cols: 1
   dt: d
   data: [ 1.2235107546809914e-03, 4.4812083385084589e-04,
       1.5077306952642170e-03, 2.3730191012130484e+00,
       1.5294136537671521e+00, 1.7808245969563892e+00,
       1.2283590080168234e-03, 4.4788101217151804e-04,
       1.5461974005550785e-03, 2.3907518422692187e+00,
       1.5425304264594730e+00, 1.8311105892084090e+00,
       1.1574484868173351e-03, 4.4155768939202445e-04,
       1.4765956665392570e-03, 2.3804067543391878e+00,
       1.5377828025162463e+00, 1.7777843015070911e+00,
       1.3427830336373108e-03, 4.4005075361843148e-04,
       1.4547373695095590e-03, 2.3901130894876395e+00,
       1.5324607525310225e+00, 1.7754594345244057e+00,
       1.2397876851014923e-03, 4.1934592371113021e-04,
       1.4322774212375856e-03, 2.3894444416148444e+00,
       1.5401934106150068e+00, 1.8093687856322906e+00,
       1.5275430042128529e-03, 4.5782174799291367e-04,
       1.5946071253275017e-03, 2.3895737779788826e+00,
       1.5416504146499070e+00, 1.9944210068701707e+00,
       1.5647658240678804e-03, 4.7933049821268528e-04,
       1.5489087748524226e-03, 2.3812886656612449e+00,
       1.5306685808155718e+00, 1.8759445773625953e+00,
       1.1551943533212919e-03, 4.6204081603228714e-04,
       1.4760989361826599e-03, 2.3464134296776824e+00,
       1.5135900933203295e+00, 1.7215313941913688e+00,
       1.8633254472790722e-03, 5.2049808431739561e-04,
       1.6014327936300426e-03, 2.3969276826775241e+00,
       1.5470411494755829e+00, 2.1332261506408137e+00,
       1.4714566306157264e-03, 5.3283886876592476e-04,
       1.5748497668798835e-03, 2.5418570980824136e+00,
       1.6415426884401869e+00, 2.0887686336832409e+00,
       1.5938285096759328e-03, 6.0190162353524618e-04,
       1.8062224620735265e-03, 2.7065617369520534e+00,
       1.7435104075217025e+00, 2.2693855190755587e+00,
       1.7057628394368523e-03, 5.9870000105435525e-04,
       1.8249710989007473e-03, 2.8410919447710761e+00,
       1.8281166430540581e+00, 2.4690022776964451e+00,
       1.6200629701998968e-03, 5.9276631679879726e-04,
       1.8196890850375221e-03, 2.9654817770379944e+00,
       1.9143458955818882e+00, 2.4964445332503780e+00,
       1.6161891412340985e-03, 5.8007456961133789e-04,
       1.8297997134768909e-03, 3.0202358660371136e+00,
       1.9446766953323513e+00, 2.5098444282237664e+00,
       1.6494704060543292e-03, 6.0298341343374186e-04,
       1.8611208244665508e-03, 2.9895702247678599e+00,
       1.9272903126871732e+00, 2.6560994464195318e+00,
       1.6305411375660090e-03, 5.7998308128177423e-04,
       1.7280006639469330e-03, 2.8786949226915208e+00,
       1.8548014690903418e+00, 2.4774549376303372e+00,
       1.3960543297860850e-03, 6.1766781859857794e-04,
       1.6404339023083630e-03, 2.6760517216037023e+00,
       1.7222265216414678e+00, 2.2040790932816750e+00,
       1.3548871974304441e-03, 4.8211516551818919e-04,
       1.5816444645170304e-03, 2.4119946374018371e+00,
       1.5595155915753380e+00, 1.9005038508816938e+00,
       1.0549367701484986e-03, 4.5265335912579818e-04,
       1.4581656795093383e-03, 2.3046175338558990e+00,
       1.4807939954588223e+00, 1.6482183668578845e+00,
       1.2860949295500929e-03, 4.6016036293129291e-04,
       1.5268729213489217e-03, 2.3455500480652605e+00,
       1.5201855868932630e+00, 1.9029476138107719e+00,
       1.3614846382852316e-03, 4.9716874535514228e-04,
       1.7758660878085778e-03, 2.3685417755869391e+00,
       1.5425053587981088e+00, 2.0036485924529690e+00,
       1.2591053143580621e-03, 4.9223641888980507e-04,
       1.5115060396080266e-03, 2.3639474303533659e+00,
       1.5499331772940317e+00, 2.1148503272720269e+00,
       1.0439084164382191e-03, 5.2357928578444432e-04,
       1.4966262394385003e-03, 2.3895347427353171e+00,
       1.5736304414737265e+00, 1.9870925859846049e+00,
       1.0577529591018892e-03, 4.5357923848001938e-04,
       1.4199571036102112e-03, 2.3905218715900043e+00,
       1.5524570485949771e+00, 1.8674006682835151e+00,
       1.0813894731708342e-03, 4.5855508059969714e-04,
       1.4062611506568605e-03, 2.3770063017080014e+00,
       1.5549924881186512e+00, 1.9159586224295384e+00,
       1.0193511265724358e-03, 4.6904094507733599e-04,
       1.3817642737545990e-03, 2.3830246109534596e+00,
       1.5504784876225119e+00, 1.8834804287430478e+00,
       1.0573223140524755e-03, 4.7442125926533136e-04,
       1.4285355620438345e-03, 2.3986790496115096e+00,
       1.5522509178670127e+00, 1.8684851819310646e+00,
       1.1495631483157216e-03, 4.9800823764410132e-04,
       1.3783246037586026e-03, 2.3852838353641244e+00,
       1.5395766870540735e+00, 1.9184649630627901e+00,
       1.0914655416102423e-03, 4.8983443189298641e-04,
       1.5237878016191825e-03, 2.3924922182395569e+00,
       1.5466069581226465e+00, 1.8753049177410210e+00,
       1.2638027295478324e-03, 4.7716864137712012e-04,
       1.5693064999508378e-03, 2.3715393711665018e+00,
       1.5441316497431090e+00, 1.9085263727615749e+00,
       1.2556229302925998e-03, 4.7241764098861851e-04,
       1.7677667744141223e-03, 2.4477286917203562e+00,
       1.5830040293829604e+00, 1.9766026476253251e+00,
       1.4108014131225509e-03, 4.4917509825123853e-04,
       1.4559057335820575e-03, 2.4902973406620461e+00,
       1.6020279813973095e+00, 1.9240001185605078e+00,
       1.2654351836143243e-03, 4.2407627538425745e-04,
       1.3766155917903534e-03, 2.4780867840017797e+00,
       1.5929115677394574e+00, 1.7882506659431721e+00,
       1.3802864012211682e-03, 5.5452036420257952e-04,
       1.7663727253614469e-03, 2.4867668374206895e+00,
       1.6160537627499334e+00, 2.0614539427312497e+00,
       1.4644312281632201e-03, 5.0317559453683612e-04,
       1.6829246183137985e-03, 2.5113280235474758e+00,
       1.6294756102859782e+00, 2.0813076114803772e+00,
       1.4913145882073237e-03, 5.3280513612908600e-04,
       1.6533841065246540e-03, 2.5068282925920671e+00,
       1.6282187270025734e+00, 2.0678949678511223e+00,
       1.5318134830981328e-03, 4.7797170849104615e-04,
       1.6198256476593050e-03, 2.5144026268813526e+00,
       1.6292250764189795e+00, 2.0117005248358932e+00,
       1.6386355198459777e-03, 5.4340629725641259e-04,
       1.7472352452780513e-03, 2.4780160657338963e+00,
       1.6510653233693682e+00, 2.3583799270766632e+00,
       1.3862740621524389e-03, 5.1367657998087259e-04,
       1.5528825679533543e-03, 2.4715531857197015e+00,
       1.6134027161765394e+00, 2.1027723027601763e+00,
       1.5042637774266908e-03, 5.2131381459567675e-04,
       1.7170186482178653e-03, 2.4859340394037299e+00,
       1.6068036010760256e+00, 2.1212323093006846e+00,
       1.2944427228018069e-03, 4.8191915941468141e-04,
       1.6914044855615086e-03, 2.4598327880266977e+00,
       1.5887450990633152e+00, 1.9011626621562612e+00,
       1.6082636188502306e-03, 4.7159183767388348e-04,
       1.7295263533101777e-03, 2.2916638927513793e+00,
       1.4901623045656311e+00, 1.9135263658864015e+00,
       1.0774133005094760e-03, 4.5632366177633156e-04,
       1.6187296629744975e-03, 2.0704032331146016e+00,
