%YAML:1.0
---
summary: "Filter by time, rd=20, rs=5."
init_cam_calib: C99-1010_3p_3
camera_matrix: !!opencv-matrix
   rows: 3
   cols: 3
   dt: d
   data: [ 2.5601577422116311e+03, 0., 1.8762722242412885e+03, 0.,
       2.5602839983656399e+03, 1.0888080637124435e+03, 0., 0., 1. ]
dist_coeff: !!opencv-matrix
   rows: 5
   cols: 1
   dt: d
   data: [ 1.7797216469728507e-02, -4.7050217800979004e-02,
       -3.3146212214713538e-04, -1.7742762037098365e-03,
       4.3587651766370430e-02 ]
std_intrinsics: !!opencv-matrix
   rows: 18
   cols: 1
   dt: d
   data: [ 4.7917417784781302e-01, 4.5454993304074981e-01,
       8.5549819471737110e-01, 5.3726245126318595e-01,
       9.0452699605139079e-04, 3.2938663741214715e-03,
       6.6821188574672495e-05, 1.1636895254948350e-04,
       3.4840216426468076e-03, 0., 0., 0., 0., 0., 0., 0., 0., 0. ]
std_extrinsics: !!opencv-matrix
   rows: 792
   cols: 1
   dt: d
   data: [ 6.3182222898178252e-04, 2.1804677158826732e-04,
       7.2931838502577023e-04, 1.1437269003244057e+00,
       7.3168789696530190e-01, 8.6980484986379270e-01,
       6.1725849008476442e-04, 2.1549531018968349e-04,
       7.0978418501803755e-04, 1.1463028278760405e+00,
       7.3019127482994683e-01, 8.4098892530652047e-01,
       6.1615232910356657e-04, 2.1371368075080496e-04,
       7.0808206124325110e-04, 1.1442719540740143e+00,
       7.2945917249646863e-01, 8.4214699862554276e-01,
       6.1626527670663564e-04, 2.1436743746202678e-04,
       7.0799200451179259e-04, 1.1447110078737286e+00,
       7.2975787496157596e-01, 8.4295920315218686e-01,
       6.1421263320237101e-04, 2.1360919260394128e-04,
       7.0477019103530234e-04, 1.1423546518370413e+00,
       7.2852625831261220e-01, 8.4220152271097737e-01,
       6.2015987687826662e-04, 2.1810671920251395e-04,
       7.1887539011773836e-04, 1.1458692116686109e+00,
       7.3159801905723099e-01, 8.5444909208175612e-01,
       6.2344749504663667e-04, 2.2031873828920915e-04,
       7.2422302454564901e-04, 1.1390700016712387e+00,
       7.2822025022807746e-01, 8.6313523469795816e-01,
       6.1953160035992311e-04, 2.2349901846720877e-04,
       7.3316792169407323e-04, 1.1260095874303868e+00,
       7.2161636701168619e-01, 8.6711456016745181e-01,
       6.2152793153194259e-04, 2.4982202065740745e-04,
       7.6104529271461873e-04, 1.1558100875810267e+00,
       7.3889099813053694e-01, 8.9544214626027729e-01,
       6.7491466525280888e-04, 2.4658705098521051e-04,
       7.8076532811757174e-04, 1.2395890831539751e+00,
       7.9124013459422737e-01, 9.6212294163610779e-01,
       7.2584219094922928e-04, 2.7259821267273249e-04,
       8.1542750884026135e-04, 1.3191888850252753e+00,
       8.4033261159519479e-01, 1.0630330963027195e+00,
       7.7583363395398747e-04, 2.7684823222208651e-04,
       8.6813018342452844e-04, 1.3799155045224261e+00,
       8.8097523782511777e-01, 1.1544573911507052e+00,
       8.1911065300550683e-04, 2.8589389413390636e-04,
       9.1814959751374751e-04, 1.4309245602619922e+00,
       9.1411276596475011e-01, 1.2271378373574044e+00,
       8.2625480170023247e-04, 2.9446611713391027e-04,
       9.3488350523590331e-04, 1.4469340424597548e+00,
       9.2404764786243487e-01, 1.2474838587879149e+00,
       8.1414914290104670e-04, 2.8686245035951133e-04,
       9.1431217302148052e-04, 1.4270519292001451e+00,
       9.1163625589680697e-01, 1.2230935129576412e+00,
       7.5692808673757299e-04, 2.9424054378387755e-04,
       8.6017382668610867e-04, 1.3668759440578071e+00,
       8.7082436861016443e-01, 1.1227336138476762e+00,
       6.8981537599697702e-04, 2.5882118690368839e-04,
       7.9795821990330290e-04, 1.2461613913470149e+00,
       7.9536308374047804e-01, 9.9147281938860465e-01,
       6.2060666402367914e-04, 2.3986857407203463e-04,
       7.4026201418130586e-04, 1.1372338623430061e+00,
       7.2592282194088920e-01, 8.6661174579362910e-01,
       5.8098831434841617e-04, 2.2690079990612440e-04,
       7.1355463210353513e-04, 1.0992101725170780e+00,
       7.0404233436605124e-01, 8.3422897657842832e-01,
       6.2429322108791723e-04, 2.2855330125888030e-04,
       7.3923146886360812e-04, 1.1359482443188800e+00,
       7.2821088204902074e-01, 8.7858772956818532e-01,
       5.8866047851707413e-04, 2.3956136878145823e-04,
       7.4395035949138052e-04, 1.1329954027802418e+00,
       7.3326098835635467e-01, 9.2801101922422313e-01,
       5.5010311823694956e-04, 2.3810134950807467e-04,
       7.1380867040464512e-04, 1.1371230633500946e+00,
       7.4003075925362638e-01, 9.5878701890616280e-01,
       5.1647530031845626e-04, 2.3633899503257256e-04,
       6.9644510048932451e-04, 1.1444970640826690e+00,
       7.4324506996042972e-01, 9.4391619642880287e-01,
       5.0548978520245961e-04, 2.3081568638502834e-04,
       6.9057719379605499e-04, 1.1418326456211756e+00,
       7.3727010002056603e-01, 9.1724706651093191e-01,
       5.0281226039551596e-04, 2.2931409597607130e-04,
       6.9011639623248579e-04, 1.1402472366022447e+00,
       7.3658511192650955e-01, 9.1768373347610699e-01,
       5.0815315010158504e-04, 2.3195012093138971e-04,
       6.9344883633062372e-04, 1.1432585658198482e+00,
       7.3787842554524030e-01, 9.1772178834531182e-01,
       5.0744749610185931e-04, 2.2823490647505603e-04,
       6.8027278572571756e-04, 1.1477289266069797e+00,
       7.3668396866162555e-01, 8.8695170434117998e-01,
       5.0678220824832310e-04, 2.2773035048056565e-04,
       6.8183570551511182e-04, 1.1451937294590737e+00,
       7.3485364720131929e-01, 8.8502432507480633e-01,
       5.2097308095248299e-04, 2.3250189044588692e-04,
       6.9832629836710997e-04, 1.1450577064236596e+00,
       7.3569447173451641e-01, 9.0122508431808601e-01,
       5.9420891946384093e-04, 2.3305164301717522e-04,
       7.5179964907017319e-04, 1.1460506908178865e+00,
       7.3799713044542736e-01, 9.1298003123120142e-01,
       6.5945072585051122e-04, 2.3203043746612557e-04,
       7.5152434353383478e-04, 1.1811226212353163e+00,
       7.5596343119223697e-01, 9.1614909901982489e-01,
       6.7723840718039339e-04, 2.1616796010166220e-04,
       7.0997797058399391e-04, 1.1841393492907335e+00,
       7.5607642898493865e-01, 8.8604251652806176e-01,
       6.9528717823557110e-04, 2.2551644672476825e-04,
       7.3800860825755344e-04, 1.1807194758052866e+00,
       7.5552154232635205e-01, 8.9909937291899467e-01,
       7.2168870881089784e-04, 2.5007809870634013e-04,
       8.2153036853619755e-04, 1.2000772314977499e+00,
       7.7046255353547399e-01, 9.5599503284938081e-01,
       7.2061375153813115e-04, 2.5098731279129356e-04,
       8.2302652191362867e-04, 1.2060250316235723e+00,
       7.7497165374034171e-01, 9.6752924236058213e-01,
       7.1848015219751898e-04, 2.5167002295398518e-04,
       8.2674104257461113e-04, 1.2049902091306115e+00,
       7.7529359713737278e-01, 9.7015358619262582e-01,
       7.8909510293216525e-04, 2.7480996981730669e-04,
       8.8149219179530804e-04, 1.2023605120178364e+00,
       7.7731540832265877e-01, 1.0382387090657983e+00,
       7.3089269207611432e-04, 2.6087766599644573e-04,
       8.5885625816854499e-04, 1.1892552743730411e+00,
       7.7620912217079951e-01, 1.0528637376172389e+00,
       6.5309100794212294e-04, 2.5113061410933496e-04,
       8.1440480408310101e-04, 1.1923536652004765e+00,
       7.6940756855239445e-01, 9.7902900939293602e-01,
       6.5375443340074996e-04, 2.4049820753418695e-04,
       7.7540959264378552e-04, 1.1893748001882432e+00,
       7.6361722282070998e-01, 9.5552518626015626e-01,
       6.3751700062844574e-04, 2.2584270540543542e-04,
       7.4348562447262357e-04, 1.1702954028932329e+00,
       7.5102007087294520e-01, 9.1703347966965532e-01,
       5.7708153059403595e-04, 2.3492456522952715e-04,
       7.6309657634924925e-04, 1.0626384902664034e+00,
       6.8588504386782745e-01, 8.3821341388324400e-01,
       6.1059407681263546e-04, 2.2597844161439734e-04,
       7.7044138363145946e-04, 9.6982981355480613e-01,
