%YAML:1.0
---
summary: "Filter by time and points, rd=20, rs=0, sp=5, sf=1."
init_cam_calib: C99-1010_3p_3
camera_matrix: !!opencv-matrix
   rows: 3
   cols: 3
   dt: d
   data: [ 2.5684237150508970e+03, 0., 1.8724512531425569e+03, 0.,
       2.5674723406244452e+03, 1.0873805509194269e+03, 0., 0., 1. ]
dist_coeff: !!opencv-matrix
   rows: 5
   cols: 1
   dt: d
   data: [ 2.4503828018245050e-02, -6.9370337540512195e-02,
       -2.3588682748356912e-04, -1.9650533395829707e-03,
       6.0882313703552515e-02 ]
std_intrinsics: !!opencv-matrix
   rows: 18
   cols: 1
   dt: d
   data: [ 1.0504614481606489e+00, 9.9449336584396830e-01,
       1.8952392286779922e+00, 1.1756185710685869e+00,
       2.0285390973905195e-03, 7.4456965908573066e-03,
       1.4554438714281894e-04, 2.5736695087091188e-04,
       7.8832003583047296e-03, 0., 0., 0., 0., 0., 0., 0., 0., 0. ]
std_extrinsics: !!opencv-matrix
   rows: 792
   cols: 1
   dt: d
   data: [ 1.3312890236428082e-03, 4.7837037494752218e-04,
       1.6189732492435539e-03, 2.5179266984917361e+00,
       1.5975104707420260e+00, 1.9293661557576018e+00,
       1.2699613115059803e-03, 4.5013772557985193e-04,
       1.4726283275916800e-03, 2.5408907980311644e+00,
       1.5987997452125111e+00, 1.8673706990901648e+00,
       1.2982855785144871e-03, 4.8124316679636016e-04,
       1.5301258559579248e-03, 2.5332796159696738e+00,
       1.5886930034500808e+00, 1.7899443676602791e+00,
       1.3075652058785290e-03, 4.6352381184680942e-04,
       1.5689399468498825e-03, 2.5296446464964255e+00,
       1.5940450752681989e+00, 1.8052554525162148e+00,
       1.3736780419014339e-03, 4.6391389854294268e-04,
       1.5295328570039081e-03, 2.5225192526346611e+00,
       1.5978387917356482e+00, 1.8839504919150931e+00,
       1.1815965774914809e-03, 4.6291825968576230e-04,
       1.5142898736669036e-03, 2.5298846970461493e+00,
       1.5981979913783324e+00, 1.7766921070116470e+00,
       1.7842187925813182e-03, 5.1458009652962701e-04,
       1.7824467427561418e-03, 2.5256839834421094e+00,
       1.6014816040464748e+00, 2.1920377780405684e+00,
       1.3899804283153468e-03, 4.6877805241358252e-04,
       1.5982221300992385e-03, 2.4893347725736681e+00,
       1.5821121708396237e+00, 1.9842074445332620e+00,
       1.4184045018622324e-03, 5.4920618191748986e-04,
       1.8848596504545752e-03, 2.5456120742567472e+00,
       1.6016936835986166e+00, 1.9426446537069166e+00,
       1.5683872705862267e-03, 5.2358051471131052e-04,
       1.8048216098657168e-03, 2.7034867455803897e+00,
       1.7121326604988485e+00, 2.2006665690248424e+00,
       1.5686826007518405e-03, 5.6205485363327993e-04,
       1.8073943619739275e-03, 2.8853168270514371e+00,
       1.8150854381725623e+00, 2.3260623589490228e+00,
       2.0769534783489168e-03, 5.6953129890879590e-04,
       1.9542558343704523e-03, 3.0395599605553199e+00,
       1.9146445849140268e+00, 2.5381940624827415e+00,
       1.8384801445693977e-03, 6.5287968664868993e-04,
       2.3065271171002532e-03, 3.1480307254278617e+00,
       1.9883900566750110e+00, 2.9004821483654668e+00,
       2.2834569765607430e-03, 6.3315312549449654e-04,
       2.2700396567490980e-03, 3.2143298123640522e+00,
       2.0257806334146684e+00, 2.9548480470158767e+00,
       1.7339987356688247e-03, 5.9770868738323395e-04,
       1.9695372922801505e-03, 3.1737502351785700e+00,
       2.0088285253661535e+00, 2.7466562922600839e+00,
       1.6706822472920050e-03, 6.2592170688530408e-04,
       1.9591340788300280e-03, 3.0560558046589632e+00,
       1.9235624479393436e+00, 2.4203313867517791e+00,
       1.4836204906165103e-03, 5.5777341465484585e-04,
       1.6273804032362531e-03, 2.8387411983787039e+00,
       1.7884096726412522e+00, 2.1557948592635690e+00,
       1.4603267927412846e-03, 5.1540557867677992e-04,
       1.7478317814299080e-03, 2.5642946785843845e+00,
       1.6129318433177595e+00, 1.9526669887616175e+00,
       1.3360389317435511e-03, 5.1601589922521511e-04,
       1.4919453434521547e-03, 2.4320940495389594e+00,
       1.5317890478813094e+00, 1.8659259095132645e+00,
       1.3147915723074710e-03, 4.9127667362676669e-04,
       1.6471023140900115e-03, 2.4844245604833306e+00,
       1.5768124247145665e+00, 1.8822823333882586e+00,
       1.2539319971505284e-03, 5.3409873454530186e-04,
       1.7533317479384550e-03, 2.5054974054000079e+00,
       1.5910194462439198e+00, 1.9417816697335668e+00,
       1.1475023409399366e-03, 4.8588222693038337e-04,
       1.4253906177705642e-03, 2.5102700478648274e+00,
       1.6074208064832398e+00, 2.0692647843385363e+00,
       1.1879875693614533e-03, 5.0076789143879046e-04,
       1.6416823477856581e-03, 2.5559529710527795e+00,
       1.6419366212210225e+00, 2.0237567944764350e+00,
       1.1891379208506059e-03, 5.2532491553437973e-04,
       1.6491328386521024e-03, 2.5264273855908499e+00,
       1.6112062375210132e+00, 2.0756866379212409e+00,
       1.1292053486726132e-03, 5.0006667443236767e-04,
       1.4694764810248674e-03, 2.5217357525621633e+00,
       1.6080281532177831e+00, 2.0520017932772796e+00,
       1.2273538384223932e-03, 4.8512581532239791e-04,
       1.6057621143787441e-03, 2.5422918618809449e+00,
       1.6218711872328602e+00, 2.0923267311168647e+00,
       1.2006446469879500e-03, 5.4091807474001663e-04,
       1.5638197035935544e-03, 2.5379028636972873e+00,
       1.6120945844175105e+00, 2.1592858408371911e+00,
       9.6965329804322737e-04, 4.6717405268831551e-04,
       1.4298633247557993e-03, 2.5316590006974264e+00,
       1.6042318599064156e+00, 1.8345092495354576e+00,
       1.0847259185712407e-03, 4.8118887039900327e-04,
       1.4837785249230046e-03, 2.5347858284277383e+00,
       1.6108525265339968e+00, 1.9631865817032386e+00,
       1.3246276639879702e-03, 4.9806490875149701e-04,
       1.5230918696135527e-03, 2.5202492258676141e+00,
       1.5943435879953183e+00, 2.0417122024337910e+00,
       1.9760092136070916e-03, 5.6032914128573879e-04,
       1.8653410810037831e-03, 2.5856357038433786e+00,
       1.6339098489718697e+00, 2.3635223063522206e+00,
       1.2589181422550542e-03, 4.6826019467926443e-04,
       1.6147701724004932e-03, 2.6386896020649280e+00,
       1.6661039711365890e+00, 1.9214823045918143e+00,
       1.4901121860666031e-03, 4.9675332728780586e-04,
       1.6462513904131702e-03, 2.6155514241922488e+00,
       1.6507085600391531e+00, 1.9525081490310221e+00,
       1.4334541576400434e-03, 4.8527675873044645e-04,
       1.6935343147876254e-03, 2.6472905052260565e+00,
       1.6804352517590608e+00, 2.0098983161834534e+00,
       1.4502115637490686e-03, 5.1680751592340414e-04,
       1.7449413404393890e-03, 2.6735204789226779e+00,
       1.6979725480097994e+00, 2.0204117202998844e+00,
       1.4538287508243813e-03, 5.3249145081969446e-04,
       1.7022941025142309e-03, 2.6688908960673547e+00,
       1.6959967870530674e+00, 2.0810213041059575e+00,
       1.5068423574997557e-03, 5.6615475252105266e-04,
       1.9702305862328907e-03, 2.6557373783184839e+00,
       1.6871081325884412e+00, 2.0141965733462781e+00,
       2.0296471075614158e-03, 5.7664003491511822e-04,
       1.9754152868792538e-03, 2.6321403903073666e+00,
       1.7173465475889331e+00, 2.2889558183015417e+00,
       1.5460569576880138e-03, 5.3067508656199421e-04,
       1.7999303964622193e-03, 2.6290841385673014e+00,
       1.6800775670094774e+00, 2.1083325153927892e+00,
       1.4384940045541357e-03, 5.1450677059040385e-04,
       1.8036463982810276e-03, 2.6368715550827586e+00,
       1.6753429442055472e+00, 2.0116312124551463e+00,
       1.7096585561091687e-03, 4.8352485864986843e-04,
       1.5699290975907561e-03, 2.6092085565032064e+00,
       1.6553113346331054e+00, 2.0969824444427814e+00,
       1.3870515144568619e-03, 5.0060382385137066e-04,
       1.7373828316761236e-03, 2.4294025005512396e+00,
       1.5431198634281946e+00, 1.8690349544675910e+00,
       1.1534965943558891e-03, 4.8220761965203629e-04,
       1.5749366493294920e-03, 2.1873231644892099e+00,
