%YAML:1.0
---
summary: "Filter by time, rd=15, rs=0."
init_cam_calib: C99-1010_3p_3
camera_matrix: !!opencv-matrix
   rows: 3
   cols: 3
   dt: d
   data: [ 2.5643942735708392e+03, 0., 1.8754192299406348e+03, 0.,
       2.5642368579149029e+03, 1.0888469987177734e+03, 0., 0., 1. ]
dist_coeff: !!opencv-matrix
   rows: 5
   cols: 1
   dt: d
   data: [ 2.2817561601658268e-02, -6.1131239794929959e-02,
       1.1009098242904303e-05, -1.6067643713466426e-03,
       5.5766978249983529e-02 ]
std_intrinsics: !!opencv-matrix
   rows: 18
   cols: 1
   dt: d
   data: [ 3.7787136073810634e-01, 3.5862670012038084e-01,
       6.7527466932142710e-01, 4.2549796371959553e-01,
       7.1529339900985270e-04, 2.5920724610733405e-03,
       5.3135078458956060e-05, 9.2067711193561587e-05,
       2.7335424872911361e-03, 0., 0., 0., 0., 0., 0., 0., 0., 0. ]
std_extrinsics: !!opencv-matrix
   rows: 1056
   cols: 1
   dt: d
   data: [ 5.5741733919136222e-04, 2.0376101248914199e-04,
       6.2235503902171793e-04, 9.0297509292113609e-01,
       5.8188831127654128e-01, 7.3801327641091541e-01,
       5.7134524062306380e-04, 2.0192716100453557e-04,
       6.3523601542386451e-04, 9.0916183285182339e-01,
       5.8602045439020900e-01, 7.4298858836501558e-01,
       5.5658131699389901e-04, 1.9732781731790646e-04,
       6.1187177514473502e-04, 9.0867411128389075e-01,
       5.8375434567052431e-01, 7.1669829918371120e-01,
       5.5710598016642373e-04, 1.9508084728932075e-04,
       6.1022482713348565e-04, 9.0687960434715464e-01,
       5.8307174717281296e-01, 7.1704588655377433e-01,
       5.5710065788967605e-04, 1.9572697963101811e-04,
       6.1096849326470364e-04, 9.0702861045236649e-01,
       5.8320196459099016e-01, 7.1713022878834487e-01,
       5.5838965545259417e-04, 1.9459555048395870e-04,
       6.0908381125295767e-04, 9.0714813014550488e-01,
       5.8329450410521611e-01, 7.1805213937779933e-01,
       5.6058145065910876e-04, 1.9836216367446693e-04,
       6.2183826013350392e-04, 9.0431629923755941e-01,
       5.8307914708300190e-01, 7.3397709215989770e-01,
       5.6081934285111517e-04, 1.9913406890779820e-04,
       6.2006978165992635e-04, 9.0825044303905922e-01,
       5.8473715425904382e-01, 7.2862592126921610e-01,
       5.6589394070838536e-04, 2.0096056294198434e-04,
       6.2573667761657711e-04, 9.0471431231188415e-01,
       5.8325850983845984e-01, 7.4030545929983349e-01,
       5.5502379654654766e-04, 1.9802607013522029e-04,
       6.1892434735167387e-04, 8.9648815899045764e-01,
       5.7858668994084694e-01, 7.3314908671416479e-01,
       5.5983535777382647e-04, 2.1023106845935997e-04,
       6.3972053135810604e-04, 8.9662995844676940e-01,
       5.7882968464949458e-01, 7.4299213432759037e-01,
       5.6172829844616508e-04, 2.2793143718882305e-04,
       6.5954658114990132e-04, 9.1659756781139479e-01,
       5.9043062059063611e-01, 7.6805427364978096e-01,
       6.0766236343223713e-04, 2.2428614633943040e-04,
       6.8681056164810014e-04, 9.6695075995592961e-01,
       6.2332220989340681e-01, 8.2691665152454819e-01,
       6.4595282617705167e-04, 2.3606725640388311e-04,
       7.0558039016367256e-04, 1.0161521152275175e+00,
       6.5305539796882628e-01, 8.6682338306855033e-01,
       6.7189583358885304e-04, 2.5207058803642090e-04,
       7.2690474027520442e-04, 1.0585862396396706e+00,
       6.8011506805969679e-01, 9.3641662009545035e-01,
       7.0380581787492865e-04, 2.5280513333347609e-04,
       7.6275363800061471e-04, 1.0934952132038671e+00,
       7.0436202712240159e-01, 1.0009597441240263e+00,
       7.4129264912175673e-04, 2.5847479037036894e-04,
       8.0727278413229668e-04, 1.1287659468292763e+00,
       7.2749566036145963e-01, 1.0580608794039967e+00,
       7.5082103698075921e-04, 2.6663534464420449e-04,
       8.2278453081164520e-04, 1.1434311349260913e+00,
       7.3655473475429412e-01, 1.0800273051069280e+00,
       7.5183957586720258e-04, 2.6867502861324303e-04,
       8.2742603842065514e-04, 1.1467595891826412e+00,
       7.3866857727658353e-01, 1.0852845320945901e+00,
       7.3916963010228363e-04, 2.6200682099196756e-04,
       8.0624330639557124e-04, 1.1308662763740123e+00,
       7.2867080852348187e-01, 1.0631832393097047e+00,
       7.0414764962495227e-04, 2.6572257919412243e-04,
       7.6782701881553529e-04, 1.0945234673226516e+00,
       7.0370716516475096e-01, 9.9343319757998505e-01,
       6.5502217589200734e-04, 2.5408953672500460e-04,
       7.1334221243399211e-04, 1.0436305814997808e+00,
       6.6961610602501731e-01, 9.0985247336930641e-01,
       6.0559975414913557e-04, 2.2597275662023902e-04,
       6.8306910480594096e-04, 9.6460023472322820e-01,
       6.2159554875155143e-01, 8.2266662591170903e-01,
       5.6098237084591584e-04, 2.1893956145276641e-04,
       6.3996257304404505e-04, 9.0182934466179765e-01,
       5.8012652686224142e-01, 7.4154787227320496e-01,
       5.2887593424156090e-04, 2.1344808998020637e-04,
       6.1160430683264314e-04, 8.7227734466155848e-01,
       5.6128280205018177e-01, 7.0372956684864540e-01,
       5.4552736572839947e-04, 1.9970969888398899e-04,
       6.2600203425240361e-04, 8.8266444165810121e-01,
       5.7092108764618932e-01, 7.2553844601831630e-01,
       5.4200069368092092e-04, 2.1495762840100953e-04,
       6.3386235354976684e-04, 8.9875686030209323e-01,
       5.8114444234044027e-01, 7.5671525719024113e-01,
       5.3152577617355222e-04, 2.1828958447894735e-04,
       6.4425338838784067e-04, 8.9879823122556013e-01,
       5.8640627490111286e-01, 7.9895234312709151e-01,
       4.8115169518764603e-04, 2.1158212143231508e-04,
       6.1605471889034503e-04, 9.0126235171205094e-01,
       5.8894706335323943e-01, 8.0018296754622320e-01,
       4.9785418792220703e-04, 2.1983241811254436e-04,
       6.1375403537784669e-04, 9.0891825852194075e-01,
       5.9644605390876360e-01, 8.3187152562872879e-01,
       4.5590580350672095e-04, 2.1031453306281960e-04,
       6.0263248021049786e-04, 9.0746599010114803e-01,
       5.9265105529717432e-01, 7.9567729673390675e-01,
       4.5411067546498763e-04, 2.0934606415843796e-04,
       5.9300843875282835e-04, 9.0544777935065779e-01,
       5.8920494258241440e-01, 7.8738242230049693e-01,
       4.5235881425914907e-04, 2.0829690001593113e-04,
       5.9218406740339162e-04, 9.0433143900123458e-01,
       5.8868401811361293e-01, 7.8714347635412274e-01,
       4.5473063926013320e-04, 2.0851059853466638e-04,
       5.9439887917325839e-04, 9.0516075288373887e-01,
       5.8927398804849951e-01, 7.8692447895770257e-01,
       4.5942265275948396e-04, 2.1152005824288090e-04,
       5.9849844432855804e-04, 9.0815159682928515e-01,
       5.9037768182522132e-01, 7.8945026928319828e-01,
       4.5569754128704429e-04, 2.0717429402112455e-04,
       5.8169050468355422e-04, 9.0958671996266893e-01,
       5.8862324648486031e-01, 7.5931216792250511e-01,
       4.5584849653538460e-04, 2.0612111005280208e-04,
       5.8102584310424569e-04, 9.0754106164084647e-01,
       5.8692434117402148e-01, 7.5458387767198853e-01,
       4.5536933208740728e-04, 2.0709619864910830e-04,
       5.8316124025837570e-04, 9.0786269143973275e-01,
       5.8747003329642478e-01, 7.5782487696127765e-01,
       4.7505623965357835e-04, 2.0904284789330602e-04,
       5.9611368450135968e-04, 8.9960941511947901e-01,
       5.8260146189478890e-01, 7.6235612842956479e-01,
       5.3677542731178467e-04, 2.1247361725100321e-04,
       6.4942772976829685e-04, 9.0887798307990553e-01,
       5.8976789026863519e-01, 7.8347861722541068e-01,
       5.8400083101870122e-04, 2.0943321146996990e-04,
       6.4517721363090347e-04, 9.2745162755396315e-01,
       5.9896121682910797e-01, 7.7770034423970824e-01,
       6.1637111743103668e-04, 2.1077343021902589e-04,
       6.5513400804964388e-04, 9.4399165127352125e-01,
       6.0934027161171345e-01, 7.9540677248712943e-01,
       6.1103451260029955e-04, 1.9766355032288781e-04,
       6.1141003376547290e-04, 9.3910528207606314e-01,
