%YAML:1.0
---
summary: "Filter by distance, md=150, ds=10."
init_cam_calib: C99-1010_3p_3
camera_matrix: !!opencv-matrix
   rows: 3
   cols: 3
   dt: d
   data: [ 2.5602840748803924e+03, 0., 1.8800276633680071e+03, 0.,
       2.5592431368797093e+03, 1.0882219609030942e+03, 0., 0., 1. ]
dist_coeff: !!opencv-matrix
   rows: 5
   cols: 1
   dt: d
   data: [ 2.0990362844264022e-02, -5.7972395664242005e-02,
       -2.1819269226954109e-04, -1.0736759244878041e-03,
       5.2977214594520150e-02 ]
std_intrinsics: !!opencv-matrix
   rows: 18
   cols: 1
   dt: d
   data: [ 3.7750787428882498e-01, 3.5155785399105910e-01,
       6.8655836612099896e-01, 4.2445135242398829e-01,
       7.1294488368583422e-04, 2.5742353990949665e-03,
       5.2896425846909354e-05, 9.3823158048738593e-05,
       2.7113602679219228e-03, 0., 0., 0., 0., 0., 0., 0., 0., 0. ]
std_extrinsics: !!opencv-matrix
   rows: 1824
   cols: 1
   dt: d
   data: [ 7.1104495052093624e-04, 2.6375150789685760e-04,
       7.4738439980049677e-04, 9.2775368760675592e-01,
       5.9515863236875322e-01, 8.6634641745822771e-01,
       7.1254764006591054e-04, 2.6440170763488265e-04,
       7.5724288428049484e-04, 9.3314723667737198e-01,
       5.9907307611305582e-01, 8.8009457993964002e-01,
       7.1427769358172182e-04, 2.5698698035122832e-04,
       7.4208820682351124e-04, 9.3409158755462851e-01,
       5.9773325418217260e-01, 8.4094738374154432e-01,
       7.0639625294552410e-04, 2.5609286720480501e-04,
       7.4356098248727772e-04, 9.1750240983849130e-01,
       5.8935631056043214e-01, 8.5566470601464528e-01,
       7.1363423337975074e-04, 2.6577219657668126e-04,
       7.6232817562038461e-04, 9.1779051195148365e-01,
       5.8948317852696008e-01, 8.7244816069616526e-01,
       7.2438729161237948e-04, 2.9071689683277829e-04,
       8.0208806906839560e-04, 9.3027649502543808e-01,
       5.9531471753810417e-01, 8.9829093624529766e-01,
       7.3084445083897176e-04, 2.9540047238345936e-04,
       8.0892051373174700e-04, 9.5595449086734907e-01,
       6.1273578665269590e-01, 9.3302597007019894e-01,
       7.6643782886965284e-04, 2.9454080234438368e-04,
       8.3793285151617300e-04, 9.8476903763373658e-01,
       6.3133444140570660e-01, 9.7438584077707868e-01,
       7.8358794350305604e-04, 2.9028711761803626e-04,
       8.4001321241155484e-04, 9.9660366973657522e-01,
       6.3895401969946586e-01, 9.8533600874144156e-01,
       8.2039735991275070e-04, 3.0398543316899741e-04,
       8.5827465344077395e-04, 1.0395870271712297e+00,
       6.6472878729589646e-01, 1.0237362886788341e+00,
       8.3606388566142067e-04, 3.2283127299885869e-04,
       8.7268008404063841e-04, 1.0698163991207512e+00,
       6.8371972534698489e-01, 1.0837435435741789e+00,
       8.8407901763421968e-04, 3.3012955334601069e-04,
       9.2127124090498540e-04, 1.1073656063175505e+00,
       7.0910164499735273e-01, 1.1640419728973523e+00,
       9.3343885970968178e-04, 3.2996997411751966e-04,
       9.7816331634711733e-04, 1.1452162538527726e+00,
       7.3566088350313519e-01, 1.2488426829897656e+00,
       9.5576656082974618e-04, 3.4177094165124480e-04,
       1.0092889994524816e-03, 1.1673255009989489e+00,
       7.4902448565362800e-01, 1.2930149466003302e+00,
       9.1865011412688255e-04, 3.4160007417886987e-04,
       9.6066165996511286e-04, 1.1312807814254133e+00,
       7.2393090892921108e-01, 1.2070455073136721e+00,
       8.6190347295168695e-04, 3.3891789385253929e-04,
       9.0340470838797861e-04, 1.0953831773898615e+00,
       6.9924321468087103e-01, 1.1303656453131157e+00,
       8.2250618100742148e-04, 3.2516999102088703e-04,
       8.5888556710379176e-04, 1.0580966351094476e+00,
       6.7490879701658901e-01, 1.0551576222244625e+00,
       7.8716193451369471e-04, 3.1065007649189186e-04,
       8.3332388381831797e-04, 1.0218312572887607e+00,
       6.5333264024875592e-01, 1.0175211286146011e+00,
       7.7333552114852667e-04, 3.0742621079964415e-04,
       8.4077093217784795e-04, 1.0043060842690075e+00,
       6.4294346937940761e-01, 1.0034681332683382e+00,
       7.5323782524649291e-04, 2.8413770628910208e-04,
       8.0495814749374024e-04, 9.7422582890638254e-01,
       6.2481158742023668e-01, 9.5017912107410540e-01,
       7.3424937447847001e-04, 2.7446476890816975e-04,
       7.7558102992341207e-04, 9.3998447563697662e-01,
       6.0213596320790375e-01, 8.8944902817955140e-01,
       7.0757411347849753e-04, 2.8438429524356191e-04,
       7.6495870880700966e-04, 9.2352112332950276e-01,
       5.9008390117248621e-01, 8.6492408134833432e-01,
       7.0328764750074468e-04, 2.7943963666393325e-04,
       7.7355526290019141e-04, 9.2523757573964904e-01,
       5.9421589387157592e-01, 8.9231866941846916e-01,
       6.9594197008063209e-04, 2.7823002503955715e-04,
       7.9013599259295788e-04, 9.2713883925805007e-01,
       5.9725453962721642e-01, 9.1272892333436162e-01,
       6.8015891548322063e-04, 2.7887340380379483e-04,
       7.7940770739822536e-04, 9.2436524576217260e-01,
       5.9630593201344662e-01, 9.2244781400837528e-01,
       6.7618477854620193e-04, 2.7981744554572105e-04,
       7.8913004562612200e-04, 9.2496924818326665e-01,
       5.9787397322880298e-01, 9.2528389549549961e-01,
       6.6044853552197670e-04, 2.8047104515015729e-04,
       7.6721190535665787e-04, 9.2266287574658068e-01,
       5.9795899993600776e-01, 9.3497983827979736e-01,
       6.1101746117770285e-04, 2.7231467097303398e-04,
       7.3924219812283865e-04, 9.2724345520064877e-01,
       6.0203167490552678e-01, 9.4875528883158899e-01,
       6.3084383491227958e-04, 2.7776177693590836e-04,
       7.3797508317420850e-04, 9.2803148930141277e-01,
       6.0479790925576715e-01, 9.8447342374284996e-01,
       6.3332542555608366e-04, 2.8254626026800821e-04,
       7.3919865941475418e-04, 9.3524254421230535e-01,
       6.1076899941746443e-01, 9.9238825063282776e-01,
       5.9516743962391482e-04, 2.7500303138152526e-04,
       7.3051595950594404e-04, 9.3670092392868798e-01,
       6.0893967394218229e-01, 9.6279133443108378e-01,
       5.6977561273966783e-04, 2.6915203006531058e-04,
       7.0116688213107893e-04, 9.3193422827478678e-01,
       6.0382459355055373e-01, 9.3349434604769599e-01,
       5.7608420383282815e-04, 2.6879349565708257e-04,
       7.1141493443878726e-04, 9.3201991601939060e-01,
       6.0286319738155159e-01, 9.3428371019061773e-01,
       5.8244318496718033e-04, 2.7254410607275279e-04,
       7.0838564217928085e-04, 9.3591108971601300e-01,
       6.0406493312968002e-01, 9.2944757568446135e-01,
       5.8092327183699888e-04, 2.7074461804959437e-04,
       7.0464287331648229e-04, 9.3520826285404379e-01,
       6.0318857398545545e-01, 9.2031412692804837e-01,
       5.7657851479205827e-04, 2.6556921810154020e-04,
       6.9135879812372704e-04, 9.3280727283230369e-01,
       6.0078676550569976e-01, 8.9344413894371444e-01,
       7.0620072034045496e-04, 2.7612390607112988e-04,
       7.7885153525608457e-04, 9.3798068568588422e-01,
       6.0399781460265989e-01, 9.2602151253876286e-01,
       7.2549143101381653e-04, 2.7243365479565085e-04,
       7.8094413547305421e-04, 9.4178482158060040e-01,
       6.0614853161494231e-01, 9.2938066347706472e-01,
       7.3679387424625841e-04, 2.6574616272023992e-04,
       7.7024365628118466e-04, 9.4600364416381777e-01,
       6.0813367123534467e-01, 9.1113730064293774e-01,
       7.8765971402188254e-04, 2.6880135428211329e-04,
       7.8327600078315995e-04, 9.7223463639292740e-01,
       6.2471647038315548e-01, 9.4748300633543414e-01,
       7.7820608387595375e-04, 2.5726453695855260e-04,
       7.4710736670718057e-04, 9.6809221281949542e-01,
       6.2100263610840134e-01, 8.9963879491708976e-01,
       8.2025411246557176e-04, 2.6890069399434119e-04,
       7.9619290640185541e-04, 9.6417288955171587e-01,
       6.1907810810426556e-01, 9.2467242676717187e-01,
       8.1410673526793214e-04, 2.7426263871098975e-04,
       8.0412532456702619e-04, 9.6351208218615847e-01,
