%YAML:1.0
---
summary: "Filter by time and points, rd=20, rs=10, sp=5, sf=1."
init_cam_calib: C99-1010_3p_3
camera_matrix: !!opencv-matrix
   rows: 3
   cols: 3
   dt: d
   data: [ 2.5601747355557627e+03, 0., 1.8793206321549633e+03, 0.,
       2.5598792157788812e+03, 1.0907237855783894e+03, 0., 0., 1. ]
dist_coeff: !!opencv-matrix
   rows: 5
   cols: 1
   dt: d
   data: [ 2.2032694520456114e-02, -5.6811238421557567e-02,
       1.7792990401924638e-04, -1.3855201426382724e-03,
       5.3636445510273453e-02 ]
std_intrinsics: !!opencv-matrix
   rows: 18
   cols: 1
   dt: d
   data: [ 9.5034881029288931e-01, 9.0348705051136635e-01,
       1.6504957481739846e+00, 1.0454893987141372e+00,
       1.7746005734908408e-03, 6.4687419092894051e-03,
       1.3092951534912040e-04, 2.2580157657375708e-04,
       6.8671660199893401e-03, 0., 0., 0., 0., 0., 0., 0., 0., 0. ]
std_extrinsics: !!opencv-matrix
   rows: 786
   cols: 1
   dt: d
   data: [ 1.1606911364181402e-03, 4.2793693984700379e-04,
       1.4032087383296658e-03, 2.2007234943599610e+00,
       1.4176568420867039e+00, 1.6537952510076450e+00,
       1.1018631513760840e-03, 4.1192301703687020e-04,
       1.3839799758190313e-03, 2.2070885232485362e+00,
       1.4230141106708103e+00, 1.6443156752747716e+00,
       1.0903045153727409e-03, 4.0901669866237253e-04,
       1.3329281187602505e-03, 2.2026129643691017e+00,
       1.4185270678390069e+00, 1.6433323599600862e+00,
       1.3255557651772828e-03, 4.1643444535711857e-04,
       1.3484056515334361e-03, 2.2027727310934591e+00,
       1.4175891964478178e+00, 1.6822258220089286e+00,
       1.0705014887691738e-03, 4.1965954719784407e-04,
       1.4173227825442693e-03, 2.2004703412347371e+00,
       1.4125256384935834e+00, 1.6220003769103883e+00,
       1.2387560839013697e-03, 4.1706766728452025e-04,
       1.3659210789082677e-03, 2.2155451368252228e+00,
       1.4233972946079552e+00, 1.6438403004478630e+00,
       1.2640237863539160e-03, 3.7868059480431095e-04,
       1.2671713134786459e-03, 2.1937302201983577e+00,
       1.4139711143971354e+00, 1.6813397170256739e+00,
       1.2720171826401257e-03, 4.4354838654210653e-04,
       1.4580797828439513e-03, 2.1841619698430912e+00,
       1.4099862808007397e+00, 1.7133858937858746e+00,
       1.3455615342364200e-03, 4.7946845566474718e-04,
       1.4999641935656729e-03, 2.2580690930928520e+00,
       1.4598364757641296e+00, 1.8953184179112310e+00,
       1.5267750972534351e-03, 4.9546392664905103e-04,
       1.5722013454787397e-03, 2.4279612690479482e+00,
       1.5590503053046501e+00, 2.0241812066582132e+00,
       1.3349884605984416e-03, 5.4984510362662419e-04,
       1.6640847301998022e-03, 2.5699814816086808e+00,
       1.6588375106162458e+00, 2.1632418070370889e+00,
       1.4347355058173781e-03, 5.2801860715352700e-04,
       1.7881371215140735e-03, 2.6969215438287173e+00,
       1.7345749952562881e+00, 2.3538109171642478e+00,
       1.8777584412402910e-03, 5.7203347114949204e-04,
       1.9290751188882913e-03, 2.7748720002970542e+00,
       1.7891643090049769e+00, 2.5153410437566768e+00,
       1.4201650702999169e-03, 5.6319328819061951e-04,
       1.7598460053457716e-03, 2.7865270086373095e+00,
       1.7984357287032984e+00, 2.3510306261940261e+00,
       1.3715503533698399e-03, 5.3237842627517999e-04,
       1.7434753548345734e-03, 2.7294732627869820e+00,
       1.7528800834265446e+00, 2.2132163403375720e+00,
       1.3315486209594524e-03, 5.2766210409211170e-04,
       1.8079574521671514e-03, 2.5922553460992557e+00,
       1.6714845842413650e+00, 2.0932045365912502e+00,
       1.2486882671844176e-03, 4.6987705377498663e-04,
       1.4000802316542086e-03, 2.3433658385508811e+00,
       1.5143940348338325e+00, 1.8428114051476085e+00,
       1.0781171865513804e-03, 4.8324293784554438e-04,
       1.3837113543092366e-03, 2.1527924127789824e+00,
       1.3830722606132415e+00, 1.6206318396253205e+00,
       1.1318292006216330e-03, 4.0948582717360892e-04,
       1.3335308732560878e-03, 2.1317967865204954e+00,
       1.3798481791046362e+00, 1.6869322345865816e+00,
       1.0830114731006837e-03, 5.0070464997595905e-04,
       1.5483147230216778e-03, 2.1793599226176483e+00,
       1.4078375666274445e+00, 1.8100930627580860e+00,
       1.0583521079271250e-03, 4.5558617118187928e-04,
       1.5378397415975258e-03, 2.1864543650138786e+00,
       1.4240370629614156e+00, 1.8298350242321046e+00,
       1.0055939392327737e-03, 4.5400590175876608e-04,
       1.4085022291391409e-03, 2.2045743712523573e+00,
       1.4456540320630284e+00, 1.8579419490543851e+00,
       1.0605960340210158e-03, 4.6787518866860258e-04,
       1.3441970693804164e-03, 2.2002435347973832e+00,
       1.4366598133842334e+00, 1.8700177771633213e+00,
       8.2135238272912771e-04, 4.4245475441872866e-04,
       1.2359548715771150e-03, 2.1982889686261951e+00,
       1.4357625397663596e+00, 1.6547566090429893e+00,
       1.0606637590532477e-03, 4.5750202195260302e-04,
       1.4187745675143413e-03, 2.2019992695051838e+00,
       1.4311535802039708e+00, 1.8941618905813167e+00,
       1.0084627135389433e-03, 4.4129106767007241e-04,
       1.4169240763913416e-03, 2.2127816394276842e+00,
       1.4386564006036882e+00, 1.8383586494567836e+00,
       1.0241145663325939e-03, 4.3371230727611118e-04,
       1.4369302291754754e-03, 2.2184665344383521e+00,
       1.4363025790596988e+00, 1.8106544544016812e+00,
       9.7725132125732299e-04, 4.2551787615288113e-04,
       1.2844890193937908e-03, 2.2099781164857841e+00,
       1.4276921330490036e+00, 1.6854161989555603e+00,
       9.4460130559545648e-04, 4.1998589444672307e-04,
       1.2852700263365614e-03, 2.1913998962600223e+00,
       1.4154340299690842e+00, 1.6556242121527418e+00,
       1.3904036608059129e-03, 4.5750372032710000e-04,
       1.6470562869488211e-03, 2.2338561212506240e+00,
       1.4424344751457590e+00, 1.7916545844860905e+00,
       1.3839472993552283e-03, 4.3207494861687994e-04,
       1.4092867094771435e-03, 2.2964822539287759e+00,
       1.4804427557462996e+00, 1.8296798480206962e+00,
       1.2824924812179250e-03, 4.0376865963787540e-04,
       1.4103615652747107e-03, 2.2948420654861472e+00,
       1.4755559478232156e+00, 1.7630479636536138e+00,
       1.3234341398879661e-03, 4.3625696060631671e-04,
       1.4122966637906350e-03, 2.2962330467107490e+00,
       1.4825771258605138e+00, 1.7380377458079268e+00,
       1.3577977729543073e-03, 4.8622494523228768e-04,
       1.6766725864229720e-03, 2.3322918567955293e+00,
       1.5025867807906161e+00, 1.8102974419001276e+00,
       1.5165531317996065e-03, 4.8151953251495224e-04,
       1.7035132132317522e-03, 2.3297958816491269e+00,
       1.5039472352596113e+00, 1.8773098535570625e+00,
       1.4931639670068574e-03, 5.1516057606547665e-04,
       1.5653585450344024e-03, 2.3127486750144812e+00,
       1.4969790212274057e+00, 1.9871155913259557e+00,
       1.4228532078416310e-03, 5.1586831284562598e-04,
       1.6280634694031747e-03, 2.2790181884110838e+00,
       1.5054457203612293e+00, 2.0330699280165554e+00,
       1.4775121662722510e-03, 5.0246702647063725e-04,
       1.6139920022364459e-03, 2.2916061836751380e+00,
       1.5025817750377755e+00, 2.1160632533410291e+00,
       1.1334948365537812e-03, 4.8689520065488284e-04,
       1.4294026645585375e-03, 2.2994118718055803e+00,
       1.4916642900407695e+00, 1.8398923143449082e+00,
       1.3811363890449211e-03, 4.8424986675580484e-04,
       1.4676296726287884e-03, 2.2814535907711795e+00,
       1.4804562121864944e+00, 1.9674070893087301e+00,
       1.2108150916724954e-03, 4.3494405065031070e-04,
       1.4749490639123979e-03, 2.2168545246327076e+00,
       1.4344543825418503e+00, 1.7857184998659730e+00,
       1.2102331293732500e-03, 4.2883596786144005e-04,
       1.6615866030552377e-03, 2.0270579227532961e+00,
       1.3244255635418065e+00, 1.6089087339354886e+00,
       1.2318272365074681e-03, 4.4353529994175394e-04,
       1.5438511618045092e-03, 1.8402859432580596e+00,
