%YAML:1.0
---
summary: "Filter by time and points, rd=20, rs=10, sp=5, sf=2."
init_cam_calib: C99-1010_3p_3
camera_matrix: !!opencv-matrix
   rows: 3
   cols: 3
   dt: d
   data: [ 2.5596303912424792e+03, 0., 1.8803030465095064e+03, 0.,
       2.5588233934230861e+03, 1.0893236040906697e+03, 0., 0., 1. ]
dist_coeff: !!opencv-matrix
   rows: 5
   cols: 1
   dt: d
   data: [ 2.3189573292026137e-02, -6.4566545414513704e-02,
       -1.8256261759309216e-04, -1.2066036830693521e-03,
       6.1541371966733274e-02 ]
std_intrinsics: !!opencv-matrix
   rows: 18
   cols: 1
   dt: d
   data: [ 8.5925814597734029e-01, 8.1623343118323943e-01,
       1.5541173187869930e+00, 9.6952440238999849e-01,
       1.6387246896738242e-03, 5.9474420807709193e-03,
       1.2044634494259145e-04, 2.1242665570133884e-04,
       6.2749035996225383e-03, 0., 0., 0., 0., 0., 0., 0., 0., 0. ]
std_extrinsics: !!opencv-matrix
   rows: 786
   cols: 1
   dt: d
   data: [ 1.1033079197688299e-03, 3.7517294289657739e-04,
       1.3235178433379203e-03, 2.0823400330925428e+00,
       1.3224518130619767e+00, 1.5053842898386169e+00,
       1.1262810475131701e-03, 4.0291911418323682e-04,
       1.3190837577161847e-03, 2.0817024585101489e+00,
       1.3129536510073092e+00, 1.5032575185812771e+00,
       9.8990591313308316e-04, 3.8757971122704361e-04,
       1.2845177616524132e-03, 2.0786234046538556e+00,
       1.3124625213555110e+00, 1.4669488214979460e+00,
       1.0872233074881597e-03, 3.7382512267965766e-04,
       1.3000974379514169e-03, 2.0829941453252032e+00,
       1.3210379710711813e+00, 1.4976470859326492e+00,
       1.1268697911072773e-03, 3.7661448584460781e-04,
       1.2795360837279098e-03, 2.0781714116317436e+00,
       1.3157058616869217e+00, 1.5075625372575159e+00,
       1.2524816708564164e-03, 3.9075798625496418e-04,
       1.2708140518086603e-03, 2.0807317782889037e+00,
       1.3225771741185841e+00, 1.6304497860707163e+00,
       1.1645612342069754e-03, 4.0279113573267499e-04,
       1.2970106670527474e-03, 2.0584354982479502e+00,
       1.3033748378525674e+00, 1.5724274868200616e+00,
       1.1128347036371414e-03, 3.9184130550673827e-04,
       1.4603525902789018e-03, 2.0690095184836172e+00,
       1.3131904429943106e+00, 1.5230775160084704e+00,
       1.1207893927769096e-03, 4.5565364667564758e-04,
       1.4828971139135400e-03, 2.1273517302100036e+00,
       1.3537897500199620e+00, 1.6316321717389670e+00,
       1.1675125140186390e-03, 4.4535639310377923e-04,
       1.4395628850562901e-03, 2.2852948029085693e+00,
       1.4483966689707457e+00, 1.7649982433355527e+00,
       1.2413116262941775e-03, 4.6926931785426669e-04,
       1.3632180714301290e-03, 2.4233360793316252e+00,
       1.5341471006013958e+00, 1.8654835641924818e+00,
       1.2713950151389520e-03, 4.9706208394183606e-04,
       1.5443864814215060e-03, 2.5363355822058886e+00,
       1.6033112069557556e+00, 2.0794946494245625e+00,
       1.6162912400047541e-03, 4.8837850295222753e-04,
       1.7722584219567097e-03, 2.6216929000415319e+00,
       1.6599873475256615e+00, 2.1891508418066778e+00,
       1.3703523278770088e-03, 5.0185304272834139e-04,
       1.5909264526787659e-03, 2.6260151379772485e+00,
       1.6675407283062931e+00, 2.2168731285117582e+00,
       1.6458809967580606e-03, 4.8605947387867036e-04,
       1.7168722416303420e-03, 2.5786394418973884e+00,
       1.6342969943478802e+00, 2.0668935420122314e+00,
       1.3437967434607562e-03, 5.2184261242782222e-04,
       1.4465245338812099e-03, 2.4405621418493220e+00,
       1.5428870473690852e+00, 1.9979727977616966e+00,
       1.2307021758279988e-03, 4.6400517178711510e-04,
       1.5488720046448413e-03, 2.2116298329108095e+00,
       1.4035072195861382e+00, 1.8308602323114440e+00,
       1.0276654823123247e-03, 4.2182190789398223e-04,
       1.2621673191239222e-03, 2.0309461330001071e+00,
       1.2858122598040438e+00, 1.5721944091559448e+00,
       1.0417925289067861e-03, 3.8730800456604188e-04,
       1.2720605102770068e-03, 2.0100526489123558e+00,
       1.2794223442552521e+00, 1.5251684874843110e+00,
       1.3082613360533262e-03, 4.0340307071424965e-04,
       1.2826529943403484e-03, 2.0613991948100683e+00,
       1.3198983913537250e+00, 1.6926174823761597e+00,
       1.0714589096080980e-03, 4.2055151333571407e-04,
       1.3359874470079474e-03, 2.0581385786241482e+00,
       1.3229058491993229e+00, 1.6711467058437040e+00,
       1.0638057139892073e-03, 4.2835235466916893e-04,
       1.3262629479576598e-03, 2.0775572463912066e+00,
       1.3430929994188945e+00, 1.7212098602653010e+00,
       8.1740528364518503e-04, 4.2117772489088490e-04,
       1.2341276826037030e-03, 2.0754516734766120e+00,
       1.3354339532002035e+00, 1.6028113280138383e+00,
       1.0614161586540731e-03, 4.4194881005064099e-04,
       1.2969403619958802e-03, 2.0810043252294497e+00,
       1.3289315322084980e+00, 1.8236376116379669e+00,
       8.6676689152307015e-04, 4.2335263083934267e-04,
       1.1738756775886102e-03, 2.0633326938879657e+00,
       1.3247950825001531e+00, 1.7416401683301539e+00,
       8.7481965891675730e-04, 4.2726137136838983e-04,
       1.2420094879901848e-03, 2.0775923059868502e+00,
       1.3292795748363218e+00, 1.6520699628522995e+00,
       8.8335794019309892e-04, 4.2693866964260653e-04,
       1.2292693737668274e-03, 2.0798784539718160e+00,
       1.3203903671881889e+00, 1.5140047425585823e+00,
       9.2663379934992127e-04, 3.9060448198114100e-04,
       1.1749498876038207e-03, 2.0806519683851454e+00,
       1.3277430158663146e+00, 1.6140016870735241e+00,
       1.1381148291429923e-03, 4.0865899251037998e-04,
       1.3514251298669981e-03, 2.0682817548433801e+00,
       1.3196257011582697e+00, 1.6693942754391868e+00,
       1.1683798426371887e-03, 4.0213043363163895e-04,
       1.2776926502647463e-03, 2.0974613088144687e+00,
       1.3375014931036096e+00, 1.6572266269544391e+00,
       1.1734402847435896e-03, 4.3092596418480841e-04,
       1.3144506661196659e-03, 2.1517230844746433e+00,
       1.3732364767088485e+00, 1.7038100431578329e+00,
       1.1958461390873287e-03, 3.9365841765310477e-04,
       1.2904523963061269e-03, 2.1533935265609592e+00,
       1.3643529328293651e+00, 1.5471261895838402e+00,
       1.2449847354738023e-03, 4.3108813409408804e-04,
       1.3810770528587231e-03, 2.1579343471320516e+00,
       1.3717638552116007e+00, 1.6420692062124342e+00,
       1.5320399629437744e-03, 4.6221979096472491e-04,
       1.6984382433584274e-03, 2.1957110546119756e+00,
       1.4036117309229028e+00, 1.8007343738588850e+00,
       1.4958347287060399e-03, 4.6169444105905502e-04,
       1.4212545297099728e-03, 2.1812333610863597e+00,
       1.3964385368162815e+00, 1.9388878912382137e+00,
       1.2311814524986187e-03, 4.7598349487551505e-04,
       1.7482803784087050e-03, 2.1865316265132910e+00,
       1.3943758166129909e+00, 1.7940787619502376e+00,
       1.6713795570942702e-03, 4.9733401693454284e-04,
       1.5566510966213587e-03, 2.1467749552144717e+00,
       1.3920669334427993e+00, 2.3696850445755020e+00,
       1.1045138562180245e-03, 4.8821246099849249e-04,
       1.5226051390685984e-03, 2.1539395673204393e+00,
       1.3863147220239422e+00, 1.7751098510471073e+00,
       1.3155018500696028e-03, 4.4708967871727261e-04,
       1.4644132639024467e-03, 2.1665205251051480e+00,
       1.3867596315803878e+00, 1.7847779932692960e+00,
       1.1994438062252564e-03, 4.2278806351953122e-04,
       1.4535400623323603e-03, 2.1596508821803742e+00,
       1.3736656622631864e+00, 1.6917309583877089e+00,
       1.1230962682668511e-03, 4.1102420199922330e-04,
       1.3332238001472702e-03, 2.0785487006559018e+00,
       1.3374300046619965e+00, 1.6869333400850943e+00,
       9.7097688666951322e-04, 4.0646543223236340e-04,
       1.2842258714125055e-03, 1.8869882056818623e+00,
       1.2117932713104145e+00, 1.4382329456511769e+00,
       1.1258017773241014e-03, 4.0530577472222188e-04,
       1.4577854809699510e-03, 1.7204139919818902e+00,
