%YAML:1.0
---
summary: "Filter by time and points, rd=20, rs=10, sp=5, sf=1."
init_cam_calib: C99-1010_3p_3
camera_matrix: !!opencv-matrix
   rows: 3
   cols: 3
   dt: d
   data: [ 2.5601747355557627e+03, 0., 1.8793206321549633e+03, 0.,
       2.5598792157788812e+03, 1.0907237855783894e+03, 0., 0., 1. ]
dist_coeff: !!opencv-matrix
   rows: 5
   cols: 1
   dt: d
   data: [ 2.2032694520456114e-02, -5.6811238421557567e-02,
       1.7792990401924638e-04, -1.3855201426382724e-03,
       5.3636445510273453e-02 ]
rvec: !!opencv-matrix
   rows: 131
   cols: 3
   dt: d
   data: [ -3.0517074721710244e+00, 2.7351232980120196e-02,
       5.5376681872521177e-02, -3.0236644955446290e+00,
       -6.8911593673857217e-03, -7.0174245273317681e-03,
       -3.0255955250986744e+00, -1.4703510067439278e-03,
       2.4174271559637351e-02, -3.0252436642884031e+00,
       9.0612978935205226e-03, 2.6933400637411970e-02,
       -3.0447052361764584e+00, 2.6276311290984219e-02,
       4.2225041068615805e-02, -3.0420944060738493e+00,
       4.6190064495338502e-02, 2.9790280662087956e-02,
       -3.0506765446712287e+00, 3.7506755971917209e-02,
       4.8152127773038927e-02, -3.0936488058665605e+00,
       2.7390080341509748e-02, -2.9517588463158780e-02,
       -3.1222813317885634e+00, 2.3450456250906995e-02,
       -1.0192585362503652e-01, -3.0769714126786747e+00,
       5.7844078144826576e-03, -3.1442788706725310e-02,
       -3.0588939782799134e+00, 4.2062074948695634e-02,
       -1.2304855616429820e-01, -3.0674549803465201e+00,
       1.6425627017136607e-03, -4.7405556224668806e-02,
       -3.0816044215819107e+00, 2.3863702497363089e-02,
       -1.8607074314622996e-02, -3.0928800959218448e+00,
       2.4584535244612540e-02, -2.9650132744699440e-02,
       -3.0867362651285206e+00, 5.4472872279480972e-02,
       -2.1284373680262300e-02, -3.0783224635549966e+00,
       8.0899543095855717e-02, -1.3340400610104639e-01,
       -3.0943742813922377e+00, 2.3131202914841338e-02,
       -3.8979276563896721e-02, -3.0837373483381643e+00,
       7.5535485588211521e-02, -1.5191982063253820e-01,
       -3.0842326270942557e+00, 5.1909115052609818e-03,
       4.3228172288928599e-02, -3.1183146566493494e+00,
       4.5625164204696436e-02, -5.2174983454498169e-02,
       3.0130378108214884e+00, -7.2663847389705600e-03,
       3.4434136492292371e-02, 2.9316239049285366e+00,
       -2.0724283049247672e-02, -1.9563515451662763e-02,
       2.9462814870566238e+00, -3.0815886883815636e-02,
       -1.9467411870845081e-02, 2.9804662678218552e+00,
       -4.3972348896544236e-02, -7.3924657749240849e-03,
       2.9795520079777518e+00, -4.5469911289775455e-02,
       -2.4309651086926325e-02, 2.9910145059128719e+00,
       -2.5583899242997067e-02, -8.4180895523430324e-05,
       3.0527200037309723e+00, -4.0178942744561477e-02,
       -2.7716810397382411e-03, 3.0529519139782062e+00,
       -3.3116335133924535e-02, 3.4739369151066605e-03,
       3.0801032214121093e+00, -3.9180360186585078e-02,
       2.9937597316403223e-02, -3.1086542218336111e+00,
       2.5139961789698476e-02, 3.2637678152287977e-02,
       -3.0399686208636703e+00, -7.2733676083325217e-03,
       -3.2597904956767454e-02, -2.9615309127124814e+00,
       7.5895000343290955e-02, 3.2752836913789767e-02,
       -3.0175982193523860e+00, -3.5816090626420632e-02,
       -3.1268521890992940e-02, -3.0430368277025792e+00,
       -6.1322742376846602e-02, -3.7771793325887662e-02,
       -3.0417210733278259e+00, -6.3470515476233336e-02,
       -2.9514961230871238e-02, -3.0657805069255382e+00,
       -7.4826348795766925e-02, 5.2950381297116062e-03,
       3.0607419355099665e+00, 6.2724463469189043e-02,
       -2.1984389934042173e-02, 3.0867185598843725e+00,
       -3.5046812575771434e-02, -7.0647265389609401e-02,
       3.1384108211774402e+00, 9.0969293352199040e-03,
       6.7355900093631401e-03, -3.0864919679055198e+00,
       1.1115944323714049e-02, 8.0822609960711118e-03,
       -3.0684675901061618e+00, -1.7402263876519570e-02,
       9.9385343900770987e-02, -3.1232025006063302e+00,
       1.2404039512272144e-01, 1.3078401449907345e-01,
       3.0891241101722815e+00, -1.0639881672207629e-01,
       -2.1837304485004658e-01, 3.0818295946754333e+00,
       -2.6003892962798741e-02, -1.5699111508729319e-01,
       3.0782561814510183e+00, 1.0208911300352695e-01,
       -2.6622389568390964e-01, 3.0686435389054445e+00,
       5.2836868633250024e-02, -4.9572850576602462e-01,
       -2.9816864938799683e+00, -5.1400113771331801e-02,
       8.7589434777066544e-01, -2.9169890846254587e+00,
       -5.7752825071236129e-02, 9.4753119998287272e-01,
       -2.8628746150424718e+00, -7.4552812487622244e-02,
       1.0906276087832467e+00, -2.9416688640717523e+00,
       2.2960643850317191e-02, 9.3383574977419914e-01,
       -2.9363143233249556e+00, -6.5920462487987760e-02,
       9.9489217076274339e-01, -2.9605711585570171e+00,
       -4.9767703496065831e-02, 8.4133245335647844e-01,
       -2.9192797463729212e+00, -7.4734446839652788e-02,
       9.1529790472721007e-01, -2.9143588613319857e+00,
       -8.7530499908780160e-02, 8.1416829382076672e-01,
       -2.9694775265210582e+00, -6.6022744319016280e-02,
       7.9961580870401905e-01, 2.8833233672860747e+00,
       -3.4610286341975140e-02, -8.1117605684872851e-01,
       -3.0191373257744250e+00, 7.6783922323708075e-03,
       8.1456042668130479e-01, 2.9926811579171391e+00,
       -1.2299126041741357e-02, -8.6812890351641636e-01,
       3.0144427179761837e+00, 7.7226842437561711e-04,
       -8.6275018854167485e-01, 3.0112371720892832e+00,
       -5.0458154669457385e-03, -8.8218519415824037e-01,
       3.0085188180108497e+00, 2.7186801190557722e-02,
       -8.7112619694193494e-01, -2.9534134695306982e+00,
       -6.3176725248786120e-02, 8.7598826119008155e-01,
       -2.9972376635713807e+00, -1.0935141059481819e-01,
       8.8378522988542052e-01, -2.7953436630928272e+00,
       -9.7286751439904604e-02, 9.6893863343223119e-01,
       -2.8852246061219828e+00, -8.4592750468988287e-02,
       8.8241155907953950e-01, 2.9379251592306663e+00,
       5.9234564244038487e-02, -9.0005356671085124e-01,
       -3.0152437269106409e+00, -4.1990579846299232e-02,
       9.1744650894237512e-01, -2.9842400189627387e+00,
       -1.4506013098777758e-02, 8.5987611453456525e-01,
       -2.9504438830673929e+00, -6.1869551844816330e-02,
       1.0024871805012094e+00, 2.9081704193854301e+00,
       1.8691075139835509e-02, -1.1267792696906291e+00,
       -2.8302194836634986e+00, -6.5471845006378315e-02,
       1.2488627591441848e+00, 2.8219360710466721e+00,
       6.7830008958812429e-02, -1.3161373721382397e+00,
       2.7112799069607876e+00, 4.8824344313764825e-02,
       -1.5470655067284338e+00, 2.7031005360489111e+00,
       1.4778323837807389e-02, -1.5658581212802298e+00,
       -2.6413198764530206e+00, -1.0142521700208278e-01,
       1.6158492588329330e+00, -2.6425402182797302e+00,
       -6.0323571625351576e-02, 1.6063260090990641e+00,
       -2.6017144327601422e+00, 2.1876229017229153e-02,
       1.6287594752601771e+00, -2.6091420393335838e+00,
       -8.2279138923983142e-02, 1.5300645685661043e+00,
       -2.5692861710621737e+00, -7.9048385494158269e-02,
       1.6619666631599170e+00, 2.5624353785886580e+00,
       -1.5390665847905964e-02, -1.7125775678681916e+00,
       2.5649945331054664e+00, -1.1697694985651551e-01,
       -1.6880026673131994e+00, 2.6155967472752124e+00,
       -9.5517526110400625e-03, -1.6580309376961921e+00,
       2.6735996838897504e+00, 2.4207840670446512e-02,
       -1.5926377978060042e+00, 2.6274557820090205e+00,
       7.9250636301621449e-02, -1.5998294285913981e+00,
       2.8098425267732128e+00, -6.1858132771243340e-03,
       -1.3079014431367479e+00, 2.7776097726875832e+00,
       -3.8005174785948920e-02, -1.2956186849201117e+00,
       2.9411880507900072e+00, 1.0529461799428621e-02,
       -1.0270953416218240e+00, 2.8618985432712707e+00,
       -1.2273573022899118e-02, -1.0589026443570035e+00,
