%YAML:1.0
---
summary: "Filter by distance, md=250, ds=0."
init_cam_calib: C99-1010_3p_3
camera_matrix: !!opencv-matrix
   rows: 3
   cols: 3
   dt: d
   data: [ 2.5629009390101855e+03, 0., 1.8746670847116550e+03, 0.,
       2.5616199481804019e+03, 1.0847062027009913e+03, 0., 0., 1. ]
dist_coeff: !!opencv-matrix
   rows: 5
   cols: 1
   dt: d
   data: [ 2.3551353413893021e-02, -6.7038934457272784e-02,
       -3.1415970601319089e-04, -1.5318511810435088e-03,
       6.1998034472894807e-02 ]
rvec: !!opencv-matrix
   rows: 175
   cols: 3
   dt: d
   data: [ -3.0548370238296001e+00, 2.6229816334556771e-02,
       -1.5092185365000956e-02, -3.0697444885444667e+00,
       3.5019131696935366e-02, 2.3700408549352958e-02,
       -3.0265776269798588e+00, -6.7858988745504688e-03,
       1.6614227211059516e-02, -3.0625312645789959e+00,
       2.5368752247796125e-02, 3.9919703111564481e-02,
       -3.0960251958345038e+00, 2.8747356678057608e-02,
       -5.0369101056575008e-02, -3.0977927567624111e+00,
       -1.0155149404852192e-02, -4.7550480561537753e-02,
       -3.0774375845070665e+00, 2.5189301055419454e-02,
       -9.2888001931741196e-02, -3.0681527873360039e+00,
       3.1788865920682162e-02, -7.5653062392080223e-02,
       -3.0848634094091283e+00, 2.4442235640859254e-02,
       -2.4002113709088682e-02, -3.1009292876373653e+00,
       8.0290092824211970e-02, -9.2856044252133799e-02,
       -3.0745540356258534e+00, 7.5127808654230063e-02,
       -1.3334955445735941e-01, -3.0812949976732584e+00,
       4.4274766041677294e-02, -8.7649602379701957e-02,
       -3.0600281926317288e+00, 2.3518897526875623e-02,
       -8.0056640140495437e-03, -3.0833425786096238e+00,
       6.3087495816697176e-02, -1.3472438818915733e-01,
       -3.1301392941928774e+00, 4.1669588842240271e-02,
       -4.4353114706349381e-02, 3.1025505606694281e+00,
       -1.0057486601732163e-02, 2.2610263723018612e-02,
       3.0380438582373634e+00, -5.6175848374032276e-03,
       4.7593282908644487e-02, 2.9563353255836859e+00,
       -1.6115611156944210e-02, -1.4683751511818518e-02,
       2.9057976353804555e+00, -4.4693153980917756e-02,
       3.4555928223176845e-02, 2.9331754056230381e+00,
       -3.9601479045947824e-02, -1.4810697835135722e-03,
       2.9758691573378080e+00, -2.4815267914002900e-02,
       -2.8604899542211824e-02, 3.0143773714815927e+00,
       -2.7362909315226207e-02, 1.2281731492977769e-02,
       3.0515032454443687e+00, -3.9645792226495655e-02,
       -5.1062248883080238e-03, -3.0983879165780110e+00,
       1.9530959861694213e-02, 3.5501729449285459e-02,
       -3.0502708177824456e+00, -1.8444059719272144e-02,
       1.4720740609658873e-02, -2.9999550594935220e+00,
       4.0769149218525279e-02, 5.8428804498690201e-02,
       -3.0062566425823949e+00, -3.5871225248753864e-02,
       -1.1004776962736164e-02, -3.0430183962176938e+00,
       -4.7598355394518302e-02, -3.9425264659279917e-02,
       -3.0955693683347660e+00, -1.1098486080183659e-01,
       -3.1394327857282349e-02, 3.1130519530107992e+00,
       1.0224006491005466e-01, 5.9762898730851041e-02,
       3.0657718552829736e+00, 6.0262923196372782e-02,
       -2.5597542309656208e-02, 3.0020496001619374e+00,
       -8.8143502405203453e-03, -8.4722002663608340e-02,
       3.0347117537303911e+00, -4.4810286805197191e-02,
       -8.8597114590865625e-02, 3.0781969152965427e+00,
       -3.9517843381000478e-02, -7.9676118897373735e-02,
       3.1184316888748365e+00, -1.6774304983258371e-02,
       -6.5555325131753675e-02, -3.1322697848232433e+00,
       -4.8937161218553637e-03, -9.4944097527232141e-03,
       -3.0970149309488142e+00, 7.3015494774386477e-03,
       4.7991330199030390e-03, -3.0656350197208764e+00,
       -2.4196188955465835e-02, 8.8626417649361425e-02,
       -3.0827802090524505e+00, 6.2926565131257106e-02,
       1.7470648645309453e-01, -3.1287797565721194e+00,
       8.7524442587294873e-02, 1.5570707020658039e-01,
       3.1257588790717876e+00, -1.0974600194431525e-01,
       -7.4548314466864066e-02, 3.0891523663646838e+00,
       -8.9002064513295231e-02, -1.2847659092260089e-01,
       3.1060306908404884e+00, -1.2994787950660122e-01,
       -2.3248109086582455e-01, 3.0794270905573025e+00,
       -5.2630487253525239e-02, -2.1524350092945466e-01,
       3.0715907369665234e+00, -1.8486667051732235e-02,
       -1.5531692036183659e-01, 3.0938680258655444e+00,
       9.7771402632125803e-02, -1.8829837760350715e-01,
       3.0723779329923566e+00, 7.1525267674854329e-02,
       -3.4849840376930397e-01, 3.0679341273670162e+00,
       4.7229744284157056e-02, -5.0991273580439556e-01,
       3.0573021636092594e+00, 6.4846687027019165e-02,
       -5.6100561827574025e-01, -3.0470169136994976e+00,
       -6.2305158063039136e-02, 7.4281216711032938e-01,
       -2.9792782875676314e+00, -4.0558299006885845e-02,
       8.5259602852761118e-01, -2.9546355168501921e+00,
       -5.4565671511395068e-02, 9.2224391287458896e-01,
       -2.8998107462146314e+00, -7.1679163592477710e-02,
       1.0105678447049371e+00, -2.9399937631197357e+00,
       -5.1656659719559350e-02, 9.9400639133968560e-01,
       -2.9369124811256198e+00, 2.3410585645477353e-02,
       9.1714412345634611e-01, -2.9345234397805560e+00,
       -5.1741007969020210e-02, 9.0752005114166534e-01,
       -2.8970771140830824e+00, -8.4753361334969829e-02,
       8.8849380983610726e-01, -2.9288039361208584e+00,
       -8.5189821022904913e-02, 8.1959283730535015e-01,
       -2.9816219423243076e+00, -1.0905993864086136e-01,
       8.2137476085158745e-01, -3.0368755121779545e+00,
       -3.3021773307476340e-02, 7.6558931561368571e-01,
       3.0227854188235010e+00, -2.2017944018690457e-02,
       -7.7164051743051953e-01, 2.9485958806602461e+00,
       -2.8119694637225398e-02, -8.2527658785549163e-01,
       2.9011428324915438e+00, -4.5208144619534360e-02,
       -8.2050201767179431e-01, 2.9054063076434358e+00,
       -3.3904037919961508e-02, -7.9822280312083271e-01,
       2.9528147484448155e+00, -2.4157704834813897e-02,
       -7.8620588822528148e-01, 2.9875916465995118e+00,
       -2.3503852345184661e-02, -8.0699147691027862e-01,
       3.0164742948253567e+00, -1.7137687460101077e-02,
       -8.0806790407393614e-01, -3.0212604879863454e+00,
       9.0601269646166487e-03, 8.1741088765468073e-01,
       2.9945539261250347e+00, -1.0351854816633980e-02,
       -8.8983536660221330e-01, 2.9874063083709714e+00,
       1.1394096484419655e-02, -8.7145280810631698e-01,
       -2.9832776975768014e+00, -3.1747933259187559e-02,
       8.8204506340312161e-01, -2.9493872347828507e+00,
       -8.7894363080235224e-02, 8.4393726037878036e-01,
       -2.9742893482671642e+00, -7.7656925893385881e-02,
       8.7470508369297129e-01, -2.9010089379576978e+00,
       -1.0768800185748136e-01, 9.5273617294915480e-01,
       -2.8638561154530850e+00, -8.4249386435049409e-02,
       9.5233171119765525e-01, -2.8084540786757164e+00,
       -8.1734499053803492e-02, 9.6832088023189389e-01,
       -2.8421740524334305e+00, -4.7234396988791699e-02,
       9.5579029088448519e-01, -2.8933395005434530e+00,
       -6.1714695344172697e-02, 8.9052188116125830e-01,
       -2.9341624004130193e+00, -5.2140394034948155e-02,
       9.0640957750127027e-01, -2.9843152035649867e+00,
       -8.3558921557056118e-02, 8.9137524575560290e-01,
       2.9985539198259126e+00, 9.0252437050029791e-02,
       -8.8186588488664142e-01, 2.9664386045487654e+00,
       8.4019979007599305e-02, -8.8153817864236361e-01,
       2.9121311818159352e+00, 5.8872804189306474e-02,
       -8.9764374500927724e-01, 2.9138743737090467e+00,
       -7.0664524650148183e-03, -9.4106333456285873e-01,
       2.9429995456117104e+00, 2.5986435534707569e-02,
       -9.2191657234474922e-01, -3.0150379623617858e+00,
       -4.1253896681061678e-02, 9.2376288171009280e-01,
       -2.9879801583494250e+00, -2.2793663800991727e-02,
       8.7689298719114939e-01, -2.9408249615880777e+00,
       -4.0414367024671716e-02, 9.9399234604312703e-01,
