%YAML:1.0
---
summary: "Filter by distance, md=100, ds=0."
init_cam_calib: C99-1010_3p_3
camera_matrix: !!opencv-matrix
   rows: 3
   cols: 3
   dt: d
   data: [ 2.5619390760952328e+03, 0., 1.8808799796626054e+03, 0.,
       2.5618573955773168e+03, 1.0870082155207897e+03, 0., 0., 1. ]
dist_coeff: !!opencv-matrix
   rows: 5
   cols: 1
   dt: d
   data: [ 2.1510609955568426e-02, -5.8741674895947504e-02,
       -2.2567231273935392e-04, -9.2518295508375642e-04,
       5.3927154532103325e-02 ]
std_intrinsics: !!opencv-matrix
   rows: 18
   cols: 1
   dt: d
   data: [ 2.9310776633591029e-01, 2.7299445092909541e-01,
       5.3489771576473299e-01, 3.2944837041532010e-01,
       5.5255276244297084e-04, 1.9954685535165679e-03,
       4.1118251657203297e-05, 7.3139503128863298e-05,
       2.1016811512051229e-03, 0., 0., 0., 0., 0., 0., 0., 0., 0. ]
std_extrinsics: !!opencv-matrix
   rows: 2868
   cols: 1
   dt: d
   data: [ 6.8643646993885911e-04, 2.5658136680524696e-04,
       6.9249822620242262e-04, 7.3331936924785901e-01,
       4.7680629351975184e-01, 7.9432358024639760e-01,
       6.8762449819535288e-04, 2.4879113116979193e-04,
       6.8359305756020207e-04, 7.3854881682128781e-01,
       4.7911032847099538e-01, 7.6636659945003827e-01,
       6.9038921163701089e-04, 2.4977281968499256e-04,
       6.9210071135842363e-04, 7.3444790227590462e-01,
       4.7779316864125021e-01, 7.8666255130710583e-01,
       6.8187451364881441e-04, 2.4909530107461805e-04,
       6.8850170057797725e-04, 7.2540665426119810e-01,
       4.7192320351218103e-01, 7.8349805091245406e-01,
       6.9003113378940232e-04, 2.5680472544039256e-04,
       7.0608893221063064e-04, 7.2575172216666695e-01,
       4.7213185901390647e-01, 8.0176556455260106e-01,
       6.8779086005648813e-04, 2.6205073347208927e-04,
       7.1205948461939932e-04, 7.2729218877243129e-01,
       4.7259366602625452e-01, 8.0259350841914223e-01,
       6.9280317846445662e-04, 2.8573135174499571e-04,
       7.4551642811419210e-04, 7.3783065439131923e-01,
       4.7697025772752910e-01, 8.2844983407156092e-01,
       7.0194635853328970e-04, 2.8829782760147034e-04,
       7.6511083476344603e-04, 7.5246671507892859e-01,
       4.8775402019322217e-01, 8.5931770194363444e-01,
       7.2896110127476839e-04, 2.8756593826407341e-04,
       7.7950640536206457e-04, 7.7047931807685333e-01,
       5.0040384913558777e-01, 8.9712171369953231e-01,
       7.4032140017888065e-04, 2.8541370458140856e-04,
       7.8311549336464192e-04, 7.8151379182324754e-01,
       5.0711678326304899e-01, 8.9946921618174436e-01,
       7.5754503323673301e-04, 2.8241431690111238e-04,
       7.8654631052538812e-04, 7.8777886021243859e-01,
       5.1154720632647166e-01, 9.1031857603858357e-01,
       7.7061877070030320e-04, 2.8305371927278333e-04,
       7.8025228122284205e-04, 8.0265753948399321e-01,
       5.2032544119661273e-01, 9.0759918092587955e-01,
       7.9828963199160021e-04, 3.0052423702321761e-04,
       8.1030604227927416e-04, 8.2659937174994147e-01,
       5.3494797396149196e-01, 9.5600606527864151e-01,
       8.0794824124138826e-04, 3.1360683878749239e-04,
       8.2011206929158680e-04, 8.4365307147242330e-01,
       5.4599693322237175e-01, 9.9765383608970837e-01,
       8.3531935017973997e-04, 3.2054187987200390e-04,
       8.4661646158892844e-04, 8.6474224374526021e-01,
       5.6082727440722824e-01, 1.0550363406886141e+00,
       8.6334045043727958e-04, 3.2053502919782416e-04,
       8.8012520726827605e-04, 8.8241993729146184e-01,
       5.7439495238863014e-01, 1.1076509695987788e+00,
       8.9845404482878589e-04, 3.2061431177836998e-04,
       9.2192160052105023e-04, 9.0207829169410658e-01,
       5.8804365880944609e-01, 1.1605220908402307e+00,
       9.2560479156469466e-04, 3.2980774506368582e-04,
       9.5232685284448674e-04, 9.1972723565329872e-01,
       5.9906886364406686e-01, 1.2024327090000340e+00,
       9.3267289407406831e-04, 3.3682481582517830e-04,
       9.6890958318537976e-04, 9.2761868990602048e-01,
       6.0336547641657767e-01, 1.2201924235419630e+00,
       9.0596962718827165e-04, 3.3009786724647944e-04,
       9.2824258971051362e-04, 9.0670208060289847e-01,
       5.8936827064314568e-01, 1.1705647714395591e+00,
       8.7427393654097689e-04, 3.3524782517424832e-04,
       8.9592248423150825e-04, 8.8816228838802636e-01,
       5.7529170933384188e-01, 1.1101069553108771e+00,
       8.3681500529804247e-04, 3.3195341190883442e-04,
       8.5836160858299962e-04, 8.6948392798278540e-01,
       5.6207944733677051e-01, 1.0600382814673437e+00,
       8.2699322786810496e-04, 3.2590831023944023e-04,
       8.4092762068244868e-04, 8.5962074855203519e-01,
       5.5569738949967695e-01, 1.0331526846931314e+00,
       7.9547964835707384e-04, 3.1648110860598057e-04,
       8.0636475870706967e-04, 8.3668586648792043e-01,
       5.4033574348330182e-01, 9.7697047497593315e-01,
       7.6970849410395927e-04, 3.0423101775674347e-04,
       7.8545831732223007e-04, 8.1312225649747583e-01,
       5.2598240506782379e-01, 9.4246549051082196e-01,
       7.6624642718567512e-04, 2.9806017656037814e-04,
       7.9375669079653007e-04, 7.9948133696767076e-01,
       5.1773164257346926e-01, 9.2978955316717882e-01,
       7.3836624734883874e-04, 2.9543989948290400e-04,
       7.8078891831921389e-04, 7.8922399540202448e-01,
       5.1207326651128093e-01, 9.2276202377012639e-01,
       7.4845248725227524e-04, 2.8473119676646438e-04,
       7.7722779991430842e-04, 7.8337223071771922e-01,
       5.0831807282226260e-01, 9.0000816449162357e-01,
       7.2775751614787010e-04, 2.7643864158340191e-04,
       7.5079561431881680e-04, 7.7000915570088491e-01,
       5.0028633910431464e-01, 8.7614985176436644e-01,
       7.1908507335601316e-04, 2.6816671667734547e-04,
       7.3023608663431213e-04, 7.5778073244431410e-01,
       4.9261808210301983e-01, 8.4826173614124134e-01,
       7.0339874445505006e-04, 2.6810057867635321e-04,
       7.1716009132660752e-04, 7.3937564218939589e-01,
       4.7944957024745694e-01, 8.1173247377712809e-01,
       6.8306660392084234e-04, 2.7668159611382028e-04,
       7.0988779844023133e-04, 7.3128800763644652e-01,
       4.7244588117575514e-01, 7.9370430858179231e-01,
       6.5991596155206818e-04, 2.8172885168467951e-04,
       6.9788487785173300e-04, 7.1650595701848763e-01,
       4.6206362055263434e-01, 7.7486790159621843e-01,
       6.6979289132295002e-04, 2.5042669351036376e-04,
       6.9214756152951467e-04, 7.1484553290324027e-01,
       4.6552249575952237e-01, 7.8138926152685817e-01,
       6.9198373926946614e-04, 2.5961506426745918e-04,
       7.1155823801811026e-04, 7.3048053922662670e-01,
       4.7534759692011797e-01, 8.1620419873555006e-01,
       6.7886141507158800e-04, 2.7177778855015173e-04,
       7.1833730449276097e-04, 7.3185608651456302e-01,
       4.7569253342337781e-01, 8.2116705040456339e-01,
       6.5617925826424821e-04, 2.7041852656804744e-04,
       7.1291834070689921e-04, 7.2757014449475510e-01,
       4.7420352400296956e-01, 8.2904912097581041e-01,
       6.5513422990460743e-04, 2.6882986261170933e-04,
       7.1596088729583573e-04, 7.2934745072737817e-01,
       4.7576225935767663e-01, 8.3680210201058436e-01,
       6.5298359446168343e-04, 2.7078169912109819e-04,
       7.2483213464116455e-04, 7.3124587177376477e-01,
       4.7766124117906600e-01, 8.5135792785871500e-01,
       6.5229592356565755e-04, 2.7189902441704036e-04,
       7.3421685629604546e-04, 7.3241579947009428e-01,
       4.7919468995496650e-01, 8.5307987797475082e-01,
       6.3672567068521124e-04, 2.7236452634407719e-04,
       7.1281136888757407e-04, 7.3065239702303997e-01,
       4.7961427177325588e-01, 8.6282112291360757e-01,
       5.8766151138877785e-04, 2.6338240890145652e-04,
       6.8154726206929098e-04, 7.3179887392857312e-01,
       4.8057667686496236e-01, 8.7033914424600112e-01,
       5.9533192428230645e-04, 2.6641932395631712e-04,
       6.8868608418293307e-04, 7.3563261013643877e-01,
