%YAML:1.0
---
summary: "Filter by time and points, rd=20, rs=10, sp=5, sf=4."
init_cam_calib: C99-1010_3p_3
camera_matrix: !!opencv-matrix
   rows: 3
   cols: 3
   dt: d
   data: [ 2.5610937119218470e+03, 0., 1.8806664040530666e+03, 0.,
       2.5605874443958105e+03, 1.0927675580336409e+03, 0., 0., 1. ]
dist_coeff: !!opencv-matrix
   rows: 5
   cols: 1
   dt: d
   data: [ 2.3247595227820252e-02, -6.4858157979945028e-02,
       1.8204716622544171e-04, -1.1764626481595888e-03,
       6.0404238768225697e-02 ]
std_intrinsics: !!opencv-matrix
   rows: 18
   cols: 1
   dt: d
   data: [ 8.5560856514390460e-01, 8.1171908833649165e-01,
       1.5317924238951794e+00, 9.6213998786295252e-01,
       1.6526110710838426e-03, 6.0785566446969587e-03,
       1.2079379839342291e-04, 2.0905229518548577e-04,
       6.5114052404702943e-03, 0., 0., 0., 0., 0., 0., 0., 0., 0. ]
std_extrinsics: !!opencv-matrix
   rows: 786
   cols: 1
   dt: d
   data: [ 1.2040237186121217e-03, 3.6368861147251393e-04,
       1.2982861237521165e-03, 2.0528177385212718e+00,
       1.3136954992584828e+00, 1.6146918107857324e+00,
       1.0813244641311700e-03, 3.4873733852988084e-04,
       1.1943611272298769e-03, 2.0615599249080057e+00,
       1.3121313686471507e+00, 1.4876224671104390e+00,
       1.2016538818086396e-03, 4.0190670658981443e-04,
       1.4041209118136034e-03, 2.0510577290582326e+00,
       1.3052210903671686e+00, 1.5567816643972328e+00,
       1.0266502940242672e-03, 3.8042783329823285e-04,
       1.2506150588949530e-03, 2.0458923544104142e+00,
       1.3098840491644193e+00, 1.5498958955798787e+00,
       1.2157506322179783e-03, 3.7966069202094124e-04,
       1.3275938642470736e-03, 2.0496444559845308e+00,
       1.3111156877765728e+00, 1.5218753122807194e+00,
       1.0698801458574397e-03, 3.9561128363188645e-04,
       1.3453490610697407e-03, 2.0520680173849040e+00,
       1.3078792820765834e+00, 1.4967853777929818e+00,
       1.0489762780269423e-03, 3.9918159335772832e-04,
       1.2836159411073944e-03, 2.0210215289080145e+00,
       1.2984313140963646e+00, 1.5050944358311733e+00,
       1.0840729135088041e-03, 4.1577208298425626e-04,
       1.2827016530228602e-03, 2.0203091310323011e+00,
       1.2928705938496468e+00, 1.5585308362689432e+00,
       1.0418428332557668e-03, 4.1614519624199833e-04,
       1.3582207747924815e-03, 2.1031824012758449e+00,
       1.3440723151036049e+00, 1.6297182656732598e+00,
       1.3169790377547607e-03, 4.3417070128601260e-04,
       1.4278318948247996e-03, 2.2604740579915523e+00,
       1.4391271640050820e+00, 1.6721062921488397e+00,
       1.4377129302778245e-03, 5.0187664490843401e-04,
       1.5131863363561429e-03, 2.3926493922142540e+00,
       1.5225475611952435e+00, 1.9618857599649382e+00,
       1.4778224511749107e-03, 5.1148149537955958e-04,
       1.5547515255491615e-03, 2.5023542085566484e+00,
       1.6038699394053331e+00, 2.0789846962192828e+00,
       1.4208457249596726e-03, 5.1721935354852549e-04,
       1.6378231099540951e-03, 2.5744345535903261e+00,
       1.6427864980073352e+00, 2.1703642153433567e+00,
       1.4110109831286625e-03, 5.3311762633278007e-04,
       1.5861401442347825e-03, 2.5909841598532082e+00,
       1.6549387618293940e+00, 2.1296447724614471e+00,
       1.5581120575960225e-03, 5.3925128320096781e-04,
       1.5834717431295309e-03, 2.5349666225093568e+00,
       1.6189728513749913e+00, 2.2655061054043979e+00,
       1.4114608461680120e-03, 5.1160102077765172e-04,
       1.5084642435290571e-03, 2.4140096391138210e+00,
       1.5365515455852345e+00, 2.0095285984561153e+00,
       1.1052100620805266e-03, 4.5382477934585979e-04,
       1.4489474840359466e-03, 2.1747949409891438e+00,
       1.3871425626426286e+00, 1.6752534686968239e+00,
       1.2352269326808456e-03, 4.3242237872658873e-04,
       1.3576975510568574e-03, 2.0054805729982466e+00,
       1.2774273295026572e+00, 1.5698070097333452e+00,
       1.1861107242660694e-03, 3.9106048350553226e-04,
       1.2961077469215256e-03, 1.9817335272010845e+00,
       1.2751561263230096e+00, 1.5661565680176501e+00,
       1.0805218404887728e-03, 4.1366059921250697e-04,
       1.2921062695523749e-03, 2.0310580240339102e+00,
       1.3026032820215225e+00, 1.5517292216007439e+00,
       9.7358085103831679e-04, 4.2545902746431922e-04,
       1.2945110054876179e-03, 2.0253020660906804e+00,
       1.3099572798452932e+00, 1.6607428460941465e+00,
       1.0320946819003616e-03, 4.3355124798588412e-04,
       1.3164074701101309e-03, 2.0474355140510196e+00,
       1.3316482436935062e+00, 1.7747334929947984e+00,
       9.3804506460615938e-04, 3.9246082284771821e-04,
       1.2034483190050021e-03, 2.0562299905090953e+00,
       1.3321494710229582e+00, 1.6371888341218774e+00,
       1.0902892622449809e-03, 3.9823604748219829e-04,
       1.2280534943314217e-03, 2.0519308937920715e+00,
       1.3250388062398750e+00, 1.6927939316090144e+00,
       9.2792462679513381e-04, 3.9073534018715299e-04,
       1.2170772221803711e-03, 2.0410642032436099e+00,
       1.3216697585903723e+00, 1.5808687880589836e+00,
       1.1355316722645684e-03, 4.0610549743837925e-04,
       1.3333054458292701e-03, 2.0619590670638996e+00,
       1.3329975606831506e+00, 1.6918360071413960e+00,
       8.4446329130067731e-04, 4.4220564324173921e-04,
       1.2542004173679286e-03, 2.0522769941016432e+00,
       1.3110389273378185e+00, 1.6756344841783006e+00,
       9.0675129552076727e-04, 4.2391667550749601e-04,
       1.3518097633193724e-03, 2.0525708327240282e+00,
       1.3148669746057866e+00, 1.6614447872627893e+00,
       9.6536178875704360e-04, 3.9792569001506140e-04,
       1.2067719982045159e-03, 2.0323384641348552e+00,
       1.3107307824989241e+00, 1.6100859520106396e+00,
       1.0272409101078010e-03, 4.0185002087391049e-04,
       1.3088264469313441e-03, 2.0617252407241318e+00,
       1.3281809608523509e+00, 1.5965815849971667e+00,
       1.0766361773252462e-03, 4.0219127920309108e-04,
       1.3365761742140209e-03, 2.1290690604500160e+00,
       1.3630157250067418e+00, 1.6216669452977381e+00,
       1.2366338666750247e-03, 4.1161152982788088e-04,
       1.3297940822693118e-03, 2.1144475936890710e+00,
       1.3562402287453028e+00, 1.6509043101970158e+00,
       1.4836039606616600e-03, 4.5682000496207744e-04,
       1.5793032492935313e-03, 2.1321076838076403e+00,
       1.3657034846923346e+00, 1.7257066522990188e+00,
       1.3292013051768982e-03, 4.4067226635958822e-04,
       1.3510784293908622e-03, 2.1526204167301377e+00,
       1.3894911156744338e+00, 1.7921387124914883e+00,
       1.2499903966182811e-03, 4.2182612789964545e-04,
       1.3256350929836196e-03, 2.1612041372463091e+00,
       1.3895481245458758e+00, 1.6144134079290653e+00,
       1.2895739900442885e-03, 4.1374894972537844e-04,
       1.3732728627351516e-03, 2.1494189069541996e+00,
       1.3856638593922652e+00, 1.7074852507879965e+00,
       1.8159273904677434e-03, 4.5607852902243036e-04,
       1.7799811192163119e-03, 2.1314454704614945e+00,
       1.3978861650891987e+00, 1.8604860050608805e+00,
       1.1636802337432566e-03, 4.3081053123007512e-04,
       1.4135627656209982e-03, 2.1279256492542538e+00,
       1.3844652062985332e+00, 1.8040674970685273e+00,
       1.3234819097904789e-03, 4.5707138822407076e-04,
       1.5181620407781283e-03, 2.1370471606915209e+00,
       1.3756027384655714e+00, 1.8924237202228646e+00,
       9.9628162984216249e-04, 4.1766097081260151e-04,
       1.3352708591611753e-03, 2.1270582053706750e+00,
       1.3648886284203159e+00, 1.5859867812654407e+00,
       1.1605044359079676e-03, 4.0870404337998257e-04,
       1.3649673239474562e-03, 2.0577643182777825e+00,
       1.3169750665495583e+00, 1.5829080207338453e+00,
       1.1499880879081857e-03, 3.9280578138621043e-04,
       1.4565409353264013e-03, 1.8746380735390999e+00,
       1.2100284816462774e+00, 1.4454222909702867e+00,
       1.0043482035326482e-03, 4.1451589743084129e-04,
       1.4110519545867731e-03, 1.6874961868752660e+00,
