%YAML:1.0
---
summary: "Filter by distance, md=150."
init_cam_calib: C99-1010_3p_3
camera_matrix: !!opencv-matrix
   rows: 3
   cols: 3
   dt: d
   data: [ 2.5588523400228405e+03, 0., 1.8799158069227685e+03, 0.,
       2.5583999157119856e+03, 1.0878392185088046e+03, 0., 0., 1. ]
dist_coeff: !!opencv-matrix
   rows: 5
   cols: 1
   dt: d
   data: [ 2.0952714705573184e-02, -5.8661253735819478e-02,
       -3.0480829635362214e-04, -1.0589776276115582e-03,
       5.3885162407392537e-02 ]
std_intrinsics: !!opencv-matrix
   rows: 18
   cols: 1
   dt: d
   data: [ 3.7607976100024565e-01, 3.5010971228826565e-01,
       6.8395554566581063e-01, 4.2274483230613757e-01,
       7.0965287428712595e-04, 2.5582702541920585e-03,
       5.2664734447209344e-05, 9.3479835880680567e-05,
       2.6913989778067455e-03, 0., 0., 0., 0., 0., 0., 0., 0., 0. ]
std_extrinsics: !!opencv-matrix
   rows: 1818
   cols: 1
   dt: d
   data: [ 7.0676339700553826e-04, 2.6222964908164005e-04,
       7.4337986869134679e-04, 9.2419607855660402e-01,
       5.9254959891889336e-01, 8.6168880063999898e-01,
       7.0814280840891287e-04, 2.5205202999851984e-04,
       7.3047479676710829e-04, 9.2890516589111438e-01,
       5.9415754164209889e-01, 8.3047379473178695e-01,
       7.1577112318968949e-04, 2.5649782101537630e-04,
       7.4746333541867739e-04, 9.2526333939024530e-01,
       5.9390864852495806e-01, 8.6561882781809585e-01,
       7.1244776203948496e-04, 2.6062453960173779e-04,
       7.5675991662165648e-04, 9.1416643392607033e-01,
       5.8724567742148248e-01, 8.6930115827057575e-01,
       7.0866448496806280e-04, 2.6921694843628358e-04,
       7.6456789994021779e-04, 9.1682041610734111e-01,
       5.8814323845524696e-01, 8.6914079394298238e-01,
       7.1309209716088580e-04, 2.9412540407434279e-04,
       7.9791296209832008e-04, 9.4049828540112201e-01,
       6.0180259577735540e-01, 9.0992663389156503e-01,
       7.6192468088636973e-04, 2.9334434437306719e-04,
       8.3933876843463246e-04, 9.7605157535979359e-01,
       6.2595110563183975e-01, 9.7380718247516285e-01,
       7.7232505766269507e-04, 2.8865959429299093e-04,
       8.3160782725014582e-04, 9.8961605372492745e-01,
       6.3410610134015721e-01, 9.7502759795735117e-01,
       8.1055565877756659e-04, 2.9431123371217408e-04,
       8.4521235571410923e-04, 1.0253226349216216e+00,
       6.5565159155976549e-01, 9.9978293120198003e-01,
       8.3019926354602745e-04, 3.2038004435185812e-04,
       8.6773670877535614e-04, 1.0630979318467992e+00,
       6.7872826438324385e-01, 1.0703233883778311e+00,
       8.7872718505971109e-04, 3.2822699957631965e-04,
       9.1616229983313509e-04, 1.1031221374300624e+00,
       7.0598467065740000e-01, 1.1575668661646894e+00,
       9.2778294153520661e-04, 3.2806784150363145e-04,
       9.7268459489664586e-04, 1.1408267376714791e+00,
       7.3242159583474820e-01, 1.2418454839530766e+00,
       9.4996500514523481e-04, 3.3980167391963319e-04,
       1.0036097331945679e-03, 1.1628504567932572e+00,
       7.4573100128718428e-01, 1.2857458120047911e+00,
       9.1307459081036910e-04, 3.3963185489642239e-04,
       9.5529053894515751e-04, 1.1269462436451332e+00,
       7.2075520461834131e-01, 1.2003073709586523e+00,
       8.5667048065395134e-04, 3.3696700773851006e-04,
       8.9841218216625475e-04, 1.0911794001044344e+00,
       6.9617271955998239e-01, 1.1241106799359488e+00,
       8.1752450268384065e-04, 3.2329744070085304e-04,
       8.5418449245892370e-04, 1.0540377696445229e+00,
       6.7194686644260759e-01, 1.0493665795129843e+00,
       7.8240384500586322e-04, 3.0886211253499410e-04,
       8.2878875068882469e-04, 1.0179106654512415e+00,
       6.5046495833881357e-01, 1.0119404530443334e+00,
       7.6866821378434637e-04, 3.0565672414617967e-04,
       8.3619641698395636e-04, 1.0004447935842988e+00,
       6.4012094374610218e-01, 9.9796443737552121e-01,
       7.4869682428354645e-04, 2.8250096852383246e-04,
       8.0059577495376520e-04, 9.7048712734620080e-01,
       6.2207183913167763e-01, 9.4499998440482824e-01,
       7.2982391060561044e-04, 2.7288155530998831e-04,
       7.7140908900395376e-04, 9.3637333475767748e-01,
       5.9949383879286622e-01, 8.8465447064656388e-01,
       7.0330745483559651e-04, 2.8274703157853722e-04,
       7.6088638360833412e-04, 9.1995851776951632e-01,
       5.8749046752541967e-01, 8.6029689003738596e-01,
       6.9907490141768610e-04, 2.7783047801251104e-04,
       7.6941488842830646e-04, 9.2167712557156900e-01,
       5.9161005470147199e-01, 8.8748003565128641e-01,
       6.9174921991924858e-04, 2.7657819097812923e-04,
       7.8572912196433076e-04, 9.2356290993835710e-01,
       5.9463545437874188e-01, 9.0775568944057916e-01,
       6.7606748101829825e-04, 2.7721881750049593e-04,
       7.7506711457585298e-04, 9.2079190501175612e-01,
       5.9368690873454477e-01, 9.1741277438605728e-01,
       6.7212333897197533e-04, 2.7815819832087283e-04,
       7.8472260943021177e-04, 9.2138873657554821e-01,
       5.9524485105989344e-01, 9.2022919948009152e-01,
       6.5648139075929698e-04, 2.7881178218755470e-04,
       7.6294100196595490e-04, 9.1908462036785743e-01,
       5.9532424530266326e-01, 9.2985679348889883e-01,
       6.0733614700267857e-04, 2.7071459046260277e-04,
       7.3512790190679049e-04, 9.2363700397579962e-01,
       5.9938073122200752e-01, 9.4353871130404077e-01,
       6.2702529238251004e-04, 2.7612992743715465e-04,
       7.3385601869715229e-04, 9.2440812648733695e-01,
       6.0212439959112318e-01, 9.7901301209181890e-01,
       6.2949245780330313e-04, 2.8088957878649376e-04,
       7.3507307509492771e-04, 9.3158893337852500e-01,
       6.0805936623274537e-01, 9.8689084177919817e-01,
       5.9158605768272335e-04, 2.7339375818853987e-04,
       7.2646321221972985e-04, 9.3305547510943121e-01,
       6.0625245483388168e-01, 9.5749272150187392e-01,
       5.6635595088849744e-04, 2.6757992918816120e-04,
       6.9731588996853691e-04, 9.2832332189340483e-01,
       6.0117090954355057e-01, 9.2836256672802453e-01,
       5.7261792063164273e-04, 2.6722096288556233e-04,
       7.0749553492179061e-04, 9.2840515020942116e-01,
       6.0021373949828272e-01, 9.2915504037959185e-01,
       5.7893788457777904e-04, 2.7094829881251333e-04,
       7.0450221353695816e-04, 9.3229084189283518e-01,
       6.0140919495207190e-01, 9.2434945771339583e-01,
       5.7742189099747117e-04, 2.6915977487575611e-04,
       7.0078928764965816e-04, 9.3159349454502460e-01,
       6.0053613542238771e-01, 9.1527488680637437e-01,
       5.7310224765462481e-04, 2.6401581083790196e-04,
       6.8759884047181626e-04, 9.2921510200265156e-01,
       5.9815031386932993e-01, 8.8856717440537647e-01,
       7.0195765623780315e-04, 2.7453874003066062e-04,
       7.7464513954549573e-04, 9.3436960239676992e-01,
       6.0135555358266302e-01, 9.2096830968952559e-01,
       7.2113239679095316e-04, 2.7086699814670291e-04,
       7.7671144573252839e-04, 9.3816024696172295e-01,
       6.0349543894011148e-01, 9.2431613527895062e-01,
       7.3237207447193157e-04, 2.6421603862772955e-04,
       7.6606509056563281e-04, 9.4237650835019016e-01,
       6.0547772230625618e-01, 9.0618927349331746e-01,
       7.8293720686127620e-04, 2.6725194193121898e-04,
       7.7899514065963107e-04, 9.6851182077549913e-01,
       6.2198945131543171e-01, 9.4233144064845475e-01,
       7.7354254201172196e-04, 2.5578102996693899e-04,
       7.4303394539943217e-04, 9.6440339039407974e-01,
       6.1830063091624488e-01, 8.9479730902866561e-01,
       8.1541456084260379e-04, 2.6734533866472603e-04,
       7.9184651705140811e-04, 9.6049001127372291e-01,
       6.1637617675460832e-01, 9.1964120136972660e-01,
       8.0931593839545998e-04, 2.7267743145332931e-04,
       7.9974271035622511e-04, 9.5983122474772709e-01,
       6.1589973411091392e-01, 9.2574287340072625e-01,
       8.1617097359416174e-04, 2.8107082864337914e-04,
       8.3330112845337462e-04, 9.6526971984409493e-01,
