%YAML:1.0
---
summary: "Filter by distance, md=200, ds=0."
init_cam_calib: C99-1010_3p_3
camera_matrix: !!opencv-matrix
   rows: 3
   cols: 3
   dt: d
   data: [ 2.5637530943792112e+03, 0., 1.8748038083504262e+03, 0.,
       2.5640334693626828e+03, 1.0881812954947479e+03, 0., 0., 1. ]
dist_coeff: !!opencv-matrix
   rows: 5
   cols: 1
   dt: d
   data: [ 2.2926979259649038e-02, -6.2300553515400516e-02,
       2.1243742727413987e-04, -1.6953536827054886e-03,
       5.7052523597284181e-02 ]
rvec: !!opencv-matrix
   rows: 222
   cols: 3
   dt: d
   data: [ -3.0536905257759468e+00, 2.6338067230405660e-02,
       -1.4513885936505587e-02, -3.0686303009532514e+00,
       3.5117047503202499e-02, 2.4229986564545124e-02,
       -3.0321404105817065e+00, 4.2335375204412221e-03,
       1.5607722798374548e-02, -3.0576701981361833e+00,
       2.3152795469837950e-02, 5.3518227997095456e-02,
       -3.0847387710246377e+00, 2.9756675338261859e-02,
       -3.9845450471710318e-03, -3.1146212366383681e+00,
       2.3234580030184533e-02, -1.3891983156599860e-01,
       -3.1040732383676795e+00, -5.7693559850202896e-03,
       -4.7578110991187868e-02, -3.0720008402738133e+00,
       -2.5621983926830834e-03, -2.7994706409840513e-02,
       -3.0656719695170698e+00, 4.5353356555521016e-02,
       -1.2612308312975112e-01, -3.0591926220046228e+00,
       2.2736475312059239e-02, -6.6760246673572832e-02,
       -3.0717405546283851e+00, 9.6628088709089927e-03,
       -1.3940358409184854e-02, -3.0871851359246478e+00,
       7.4984964697333151e-02, -6.2214111353044291e-02,
       -3.0734701935993090e+00, 7.5212038660739527e-02,
       -1.3269198961861933e-01, -3.0815518989413846e+00,
       5.6484512103585384e-02, -1.1651310150233288e-01,
       -3.1113003858540047e+00, 4.3030644473612260e-02,
       -8.0054526740788681e-02, -3.0835969371411505e+00,
       2.0410222344217875e-02, -3.0829371170379923e-02,
       -3.0802048322043651e+00, 4.7459809615934809e-02,
       -1.2536831714880028e-01, -3.1163472553262306e+00,
       4.0598852368177091e-02, -7.2889086588208044e-02,
       3.1269384141079200e+00, -1.3997454018278562e-02,
       9.0474262176225805e-03, 3.0831099929261385e+00,
       -2.2923911420504378e-03, 2.6519252220387545e-02,
       3.0285850366916893e+00, 1.1483689921571633e-02,
       4.2478608853678733e-02, 2.9573992915042253e+00,
       -1.6333002354421196e-02, -1.5052522815197587e-02,
       2.9173922026578518e+00, -4.6287297229758925e-02,
       2.5975695853589435e-02, 2.9342516505982323e+00,
       -3.9815288801865731e-02, -1.8631702232066883e-03,
       2.9709281543625918e+00, -2.6216792168932197e-02,
       -2.9976352736678036e-02, 3.0050046573799372e+00,
       -2.0352959484215807e-02, 1.1991655478545445e-02,
       3.0353467954400219e+00, -3.3504942217573573e-02,
       3.7025492039672574e-03, -3.1293234536318670e+00,
       3.2700348941778888e-02, 3.6763187951048173e-02,
       -3.0931207888643595e+00, 1.8728269541068081e-02,
       2.7138235470129484e-02, -3.0561918026084407e+00,
       -6.0738504988018934e-03, 2.5089300317969625e-02,
       -2.9986710091754172e+00, 4.0885279373395922e-02,
       5.9039298586347287e-02, -2.9602481581005757e+00,
       5.0439163227178369e-02, 4.7666498391400025e-02,
       -2.9778524235837400e+00, -1.0219832969983869e-02,
       -3.0362483736721328e-03, -3.0063548031489935e+00,
       -2.4082711237726272e-02, -1.4857351650485013e-02,
       -3.0298688509545446e+00, -4.5002249574448781e-02,
       -3.5077415358348796e-02, -3.0597150646305731e+00,
       -6.4685741991329204e-02, -2.1324190810295251e-02,
       -3.1253309842850632e+00, -1.0680021609957922e-01,
       -5.2056185609416272e-02, 3.1143334779657366e+00,
       1.0203173928063604e-01, 5.9282058729049583e-02,
       3.0816643032581186e+00, 7.6379944643300557e-02,
       -6.5842986460493890e-03, 3.0316082987422717e+00,
       4.2480299505084147e-02, -4.1609940075819141e-02,
       3.0489753058513904e+00, -4.4530550614739907e-02,
       -8.9519271585822055e-02, 3.0848805587264212e+00,
       -3.6732647717880977e-02, -7.9393170543441846e-02,
       3.1115337651987782e+00, -2.3852552576816316e-02,
       -6.4404558047063881e-02, 3.1402700097031579e+00,
       8.3544839871340926e-03, 1.1722103916268231e-02,
       -3.1111596773691468e+00, 2.7571762037591745e-03,
       -1.8851946914914747e-03, -3.0826253277455806e+00,
       1.0503840441662434e-02, 1.2241330633857126e-02,
       -3.0622048191630715e+00, -1.2317265060260886e-02,
       1.2030086530339505e-01, -3.0797184789093017e+00,
       5.6926714458011965e-02, 1.7587915457358130e-01,
       -3.1242824367571029e+00, 8.1611121830052868e-02,
       1.3058465259109447e-01, 3.1447083943166008e+00,
       -1.1359114738029538e-01, -8.3697424818848079e-02,
       3.1097201739837517e+00, -9.0049184348989147e-02,
       -1.1926322309681067e-01, 3.0837375551508863e+00,
       -1.0277214519849141e-01, -2.1676594424162884e-01,
       3.1110711385035033e+00, -1.2373508819023604e-01,
       -2.3583550182947560e-01, 3.0834485475468010e+00,
       -5.4258995651392743e-02, -2.2275702370719880e-01,
       3.0851806239680934e+00, -3.1042878996931807e-02,
       -1.5275046225488287e-01, 3.0722719878011366e+00,
       4.5052635486544299e-02, -1.5422260317362479e-01,
       3.0863367173500298e+00, 1.1363215868961478e-01,
       -2.7100713563241496e-01, 3.0719018651153647e+00,
       7.0756958574937578e-02, -3.8045472552088799e-01,
       3.0688340456883378e+00, 4.7669996549154436e-02,
       -5.1037925006585860e-01, 3.0593294372141044e+00,
       5.7029487242486639e-02, -5.2565840422945465e-01,
       3.0580553982519367e+00, 6.7953482581871005e-02,
       -6.7133624053575369e-01, -3.0091813529592155e+00,
       -3.7465742008105672e-02, 8.0463518463700501e-01,
       -2.9546347343709978e+00, -3.9840745351471807e-02,
       8.8953245386291713e-01, -2.9362617857172393e+00,
       -5.5630921089176139e-02, 9.1869930912930664e-01,
       -2.8992917942810701e+00, -7.2341028906706920e-02,
       1.0100003418829893e+00, -2.9180246852242941e+00,
       -8.5853660693634037e-02, 1.0501192329696698e+00,
       -2.9421204278835007e+00, 2.3006607553848531e-02,
       9.3735586920893954e-01, -2.9665947746055910e+00,
       -3.7320587494073423e-02, 8.1343172031641764e-01,
       -2.8911703261062147e+00, -6.1104222591837613e-02,
       8.5788508422403986e-01, -2.9161822058576741e+00,
       -8.6637234006553709e-02, 8.2029349675671992e-01,
       -2.9388224210256197e+00, -4.2578121621908896e-02,
       8.3345337140119724e-01, -2.9907130673445401e+00,
       -8.0678699494777226e-02, 7.8309997446789659e-01,
       -3.0166621888679406e+00, -4.8196314134160867e-02,
       7.8938477246106953e-01, 3.0331173184495213e+00,
       -5.6362911174669111e-03, -7.7701089649553579e-01,
       2.9706040610753472e+00, -2.3703502713440835e-02,
       -8.2222354671610054e-01, 2.9264262226963043e+00,
       -4.6311068470390779e-02, -8.2365295807861072e-01,
       2.8821641511140808e+00, -3.4911591221600383e-02,
       -8.1377852480458723e-01, 2.8732101109284680e+00,
       -3.5307533664924458e-02, -8.0063854204336971e-01,
       2.9062016969019759e+00, -3.3250152222758629e-02,
       -7.9810667401899404e-01, 2.9343867490796463e+00,
       -3.7978250929469819e-02, -8.0298379572824230e-01,
       2.9794010859691626e+00, -2.3031289313192125e-02,
       -7.9758570969084353e-01, 3.0047718312587808e+00,
       -1.4873215431412665e-02, -8.0555248772854060e-01,
       -3.0292246993540317e+00, 1.4172034022431721e-02,
       8.1306730984041875e-01, 3.0083073261256317e+00,
       -1.0341256697648573e-02, -8.6823134049800677e-01,
       3.0048167172607791e+00, 4.2050638856967488e-03,
       -8.8223301282971178e-01, 2.9870172725937385e+00,
       -8.4738109139180472e-03, -8.9060043273651335e-01,
       -2.9694169034977205e+00, -4.2322266548800155e-02,
       8.8388751736363613e-01, -2.9827516565579351e+00,
       -8.2223924683141714e-02, 8.6799563890811227e-01,
