%YAML:1.0
---
summary: "Filter by distance, md=200, ds=0."
init_cam_calib: C99-1010_3p_3
camera_matrix: !!opencv-matrix
   rows: 3
   cols: 3
   dt: d
   data: [ 2.5614594788054351e+03, 0., 1.8748935431940147e+03, 0.,
       2.5623573946053830e+03, 1.0875482441516249e+03, 0., 0., 1. ]
dist_coeff: !!opencv-matrix
   rows: 5
   cols: 1
   dt: d
   data: [ 2.2468202627074656e-02, -6.1897323422254201e-02,
       8.4262331312621368e-05, -1.6924079978567993e-03,
       5.7086638694148872e-02 ]
std_intrinsics: !!opencv-matrix
   rows: 18
   cols: 1
   dt: d
   data: [ 4.3897287933441564e-01, 4.0848295842303656e-01,
       8.0482412607449894e-01, 4.9538971366941836e-01,
       8.2065073451509927e-04, 2.9423712863005983e-03,
       6.1430090600511888e-05, 1.1034239020285024e-04,
       3.0745948561116771e-03, 0., 0., 0., 0., 0., 0., 0., 0., 0. ]
std_extrinsics: !!opencv-matrix
   rows: 1314
   cols: 1
   dt: d
   data: [ 7.1311261003599851e-04, 2.6211158390320713e-04,
       7.8068514964526226e-04, 1.0797634111086312e+00,
       6.8305511937321739e-01, 9.0983177732696818e-01,
       7.1662876863592094e-04, 2.6242075177723912e-04,
       7.9410200152616817e-04, 1.0676553176136305e+00,
       6.7683324646523446e-01, 9.1604450572857055e-01,
       7.1910648680560284e-04, 2.9182350884053283e-04,
       8.3257807097196273e-04, 1.0817151770209683e+00,
       6.8356987463683250e-01, 9.4220954074860641e-01,
       7.6762636002420510e-04, 2.9320379104366169e-04,
       8.7353961954631150e-04, 1.1399877088895771e+00,
       7.2188809879202531e-01, 1.0214231597399643e+00,
       7.8462839631519702e-04, 2.8848440368696855e-04,
       8.6917490334110310e-04, 1.1598885245550763e+00,
       7.3362128231710766e-01, 1.0283585139024483e+00,
       8.2981418567865215e-04, 3.1175658388692910e-04,
       8.9682607850733603e-04, 1.2276945851746770e+00,
       7.7384423640682665e-01, 1.0952240114089431e+00,
       8.8395353188108587e-04, 3.2786170085323909e-04,
       9.4659024910110625e-04, 1.2890820169173227e+00,
       8.1385151722379034e-01, 1.2074508944021591e+00,
       9.4594665895388497e-04, 3.3218367042204454e-04,
       1.0185377011083273e-03, 1.3461069387555669e+00,
       8.5182887493509696e-01, 1.3140332307633682e+00,
       9.1056699397800171e-04, 3.4072598694620982e-04,
       9.7835012591839291e-04, 1.3128569525852394e+00,
       8.2835390743022275e-01, 1.2427621724420361e+00,
       8.5492827369412739e-04, 3.3244765714280408e-04,
       9.1953824370446993e-04, 1.2650211144971513e+00,
       7.9664079961618706e-01, 1.1568343672015031e+00,
       7.9697872135159960e-04, 3.1048136664713858e-04,
       8.6734464449685989e-04, 1.1970137004801364e+00,
       7.5440250079109805e-01, 1.0624542833126704e+00,
       7.6533098592272784e-04, 3.0168288443016366e-04,
       8.6478179127184873e-04, 1.1617662224419127e+00,
       7.3459205545046824e-01, 1.0402659862466404e+00,
       7.5471436167235837e-04, 2.8234968460561752e-04,
       8.3588343023177712e-04, 1.1338963716654853e+00,
       7.1732642134281521e-01, 9.9326351125137924e-01,
       7.0941012428737938e-04, 2.8248309828434641e-04,
       7.9808602233689214e-04, 1.0737816229663326e+00,
       6.7742866415849856e-01, 9.0762836016880066e-01,
       6.9906349954040187e-04, 2.8008086451556747e-04,
       8.0712553627629638e-04, 1.0774320443350518e+00,
       6.8314174647313186e-01, 9.3827177230774894e-01,
       6.8731236085279787e-04, 2.7638142570573295e-04,
       8.1893892722835157e-04, 1.0741510030567480e+00,
       6.8382992743450088e-01, 9.6289438565044416e-01,
       6.7806935455199139e-04, 2.7837556620027566e-04,
       8.2121629881442074e-04, 1.0755924765875522e+00,
       6.8610802863759401e-01, 9.6724161523232266e-01,
       6.6629704310141701e-04, 2.8118998759859177e-04,
       8.0484059259806841e-04, 1.0776425711410369e+00,
       6.8927564800812768e-01, 9.8729267457096370e-01,
       6.3003853358047058e-04, 2.7636836264962082e-04,
       7.7165579363658527e-04, 1.0787492862096042e+00,
       6.9298871003848095e-01, 1.0191301341844987e+00,
       6.3581467363779806e-04, 2.8194230197061413e-04,
       7.7027353114831731e-04, 1.0871583750571787e+00,
       6.9985839297847185e-01, 1.0337030211653109e+00,
       5.7490221256749092e-04, 2.7017827299985085e-04,
       7.4467113908837366e-04, 1.0832780079126616e+00,
       6.9408456524307571e-01, 9.8380501687007271e-01,
       5.7708576269368660e-04, 2.6774756201971309e-04,
       7.4277066200583483e-04, 1.0833712210329092e+00,
       6.9201946049383256e-01, 9.7703869977397195e-01,
       5.8553136444256372e-04, 2.7105107292871381e-04,
       7.4165356183169802e-04, 1.0883289292213747e+00,
       6.9288797973678817e-01, 9.6450411919672152e-01,
       5.8084380980943646e-04, 2.6737405890545367e-04,
       7.3251726308350173e-04, 1.0878084013923319e+00,
       6.9134289867917675e-01, 9.4468686297473903e-01,
       7.1200797441382650e-04, 2.7530704400813841e-04,
       8.1792923441223768e-04, 1.0920912228083428e+00,
       6.9425631893714956e-01, 9.6710180239025589e-01,
       7.2740506176310232e-04, 2.7097033985154430e-04,
       8.1342070653296985e-04, 1.0957423877150263e+00,
       6.9603995793998430e-01, 9.7230420714403609e-01,
       7.4359904573248882e-04, 2.6472679582059319e-04,
       8.0376600165070391e-04, 1.1032925457638434e+00,
       6.9967919191299921e-01, 9.5651694544336552e-01,
       7.7983746556021128e-04, 2.5949723435137828e-04,
       7.8612708194755049e-04, 1.1312513485059521e+00,
       7.1562819141723921e-01, 9.5347310892640280e-01,
       7.8326325495513749e-04, 2.5287954395105414e-04,
       7.7036530724387939e-04, 1.1233988659350989e+00,
       7.1070223772478436e-01, 9.3673826156279139e-01,
       8.0698134847024898e-04, 2.6418286193006260e-04,
       8.0601098285166335e-04, 1.1192793711846709e+00,
       7.0853913077539998e-01, 9.4944047962266620e-01,
       8.1465905935085867e-04, 2.7308795464809515e-04,
       8.3261355815997761e-04, 1.1211915926616844e+00,
       7.1038149724057154e-01, 9.7324433859984316e-01,
       8.3573064851011586e-04, 2.8589486891085746e-04,
       8.8580208890222129e-04, 1.1317968650642023e+00,
       7.1775596811716380e-01, 1.0093803930851437e+00,
       8.3181346734710875e-04, 2.9492380568329633e-04,
       9.1272928713069415e-04, 1.1423071781626364e+00,
       7.2640428773056753e-01, 1.0350455510120744e+00,
       8.6368154018918585e-04, 3.0750739694265561e-04,
       9.5625908674953745e-04, 1.1326128484099762e+00,
       7.2319475408626377e-01, 1.0923106676246093e+00,
       8.8466928338250207e-04, 3.2088131179121266e-04,
       9.4582155995651259e-04, 1.1349676120106786e+00,
       7.2704148792574552e-01, 1.1205461998478830e+00,
       9.2266591368956436e-04, 3.1498077738331378e-04,
       9.7311571475975256e-04, 1.1310595638046763e+00,
       7.3007269708318490e-01, 1.1704647582539971e+00,
       9.9282879693212323e-04, 3.1634555547454022e-04,
       9.9916938376557840e-04, 1.1320247298418586e+00,
       7.3963961056528604e-01, 1.2100567936913613e+00,
       8.6543900682563399e-04, 3.0673843431046414e-04,
       9.4706834641805680e-04, 1.1298120757674683e+00,
       7.3058068887336003e-01, 1.1551767725696436e+00,
       8.1399143741974194e-04, 2.9981710022191661e-04,
       9.2986599145911163e-04, 1.1290358605967958e+00,
       7.2549942147995883e-01, 1.1076649693427556e+00,
       7.4239563731123197e-04, 2.9184844676257587e-04,
       8.9595430520469379e-04, 1.1280989663573826e+00,
       7.2124606433725558e-01, 1.0509712840663046e+00,
       7.6223275342903048e-04, 2.9568338801340416e-04,
       8.8859015521927003e-04, 1.1328781444427560e+00,
       7.2098232459474010e-01, 1.0444451701747097e+00,
       7.5729150072236775e-04, 2.8535868243079421e-04,
       8.5272669928289769e-04, 1.1294588241143932e+00,
       7.1718897072996912e-01, 1.0191131669018347e+00,
       7.5692817518071252e-04, 2.7656555657331710e-04,
       8.2993016712339877e-04, 1.1255395898569753e+00,
