%YAML:1.0
---
summary: "Filter by time, rd=10, rs=5."
init_cam_calib: C99-1010_3p_3
camera_matrix: !!opencv-matrix
   rows: 3
   cols: 3
   dt: d
   data: [ 2.5618338654951935e+03, 0., 1.8805867063081066e+03, 0.,
       2.5611956615981007e+03, 1.0888301886452671e+03, 0., 0., 1. ]
dist_coeff: !!opencv-matrix
   rows: 5
   cols: 1
   dt: d
   data: [ 1.8635507880431928e-02, -4.8330941567445863e-02,
       -3.9402369737013670e-04, -1.1970768255747436e-03,
       4.3097364368372811e-02 ]
std_intrinsics: !!opencv-matrix
   rows: 18
   cols: 1
   dt: d
   data: [ 3.1628378598436652e-01, 3.0023048231607552e-01,
       5.6642701366674497e-01, 3.5504395294228935e-01,
       6.0432973315767272e-04, 2.2135965441245679e-03,
       4.4345242878412460e-05, 7.6954210613812993e-05,
       2.3576359427585898e-03, 0., 0., 0., 0., 0., 0., 0., 0., 0. ]
std_extrinsics: !!opencv-matrix
   rows: 1578
   cols: 1
   dt: d
   data: [ 5.7616762143327175e-04, 2.0311992389185013e-04,
       6.0407723977154329e-04, 7.6651123962046597e-01,
       4.9668785119234704e-01, 7.0089857318397586e-01,
       5.7610641296536454e-04, 2.0605077976448304e-04,
       6.1006728988988364e-04, 7.6857284534230363e-01,
       4.9763609187495728e-01, 7.0111914027253286e-01,
       5.6254373466876103e-04, 2.0070518891886606e-04,
       5.8599527546689980e-04, 7.6778873170906958e-01,
       4.9574710069639411e-01, 6.7239014793032148e-01,
       5.6127332784144859e-04, 2.0008610031884655e-04,
       5.8447641422221144e-04, 7.6737274551031265e-01,
       4.9569331202136596e-01, 6.7339759421501733e-01,
       5.6143727898756669e-04, 1.9902706537156784e-04,
       5.8396403523981537e-04, 7.6637848275417597e-01,
       4.9519343354917966e-01, 6.7327206727120603e-01,
       5.5999786522954254e-04, 1.9893124951507953e-04,
       5.8301851447853674e-04, 7.6554369583863169e-01,
       4.9469824921885847e-01, 6.7283078621668013e-01,
       5.6155310244379000e-04, 1.9965776662430183e-04,
       5.8379671884684168e-04, 7.6666064047696914e-01,
       4.9532002148573984e-01, 6.7402263850806543e-01,
       5.6275241530722743e-04, 1.9853510015445483e-04,
       5.8277835613419640e-04, 7.6660079351460231e-01,
       4.9543287344287451e-01, 6.7423082674975787e-01,
       5.5956926214214512e-04, 1.9891872105471327e-04,
       5.8036600617349847e-04, 7.6505889660548720e-01,
       4.9443427602956952e-01, 6.7331879961594399e-01,
       5.6269654438942331e-04, 2.0335130705266294e-04,
       5.9642870592870100e-04, 7.6516652754724712e-01,
       4.9575011598362584e-01, 6.9442701356069925e-01,
       5.6523874789204064e-04, 2.0321322778882648e-04,
       5.9406159502577377e-04, 7.6764998169546073e-01,
       4.9650372870725440e-01, 6.8548423192286023e-01,
       5.7220080939427234e-04, 2.0554530338857434e-04,
       5.9911593347841306e-04, 7.6526130181783270e-01,
       4.9554396828089403e-01, 6.9775494527671089e-01,
       5.6829098973926304e-04, 2.0525947890063002e-04,
       5.9877401089765696e-04, 7.6327690436782636e-01,
       4.9429168979196597e-01, 6.9556931493518193e-01,
       5.5921736281418330e-04, 2.0198608388635077e-04,
       5.9225554522416549e-04, 7.5781634432062062e-01,
       4.9126840781881509e-01, 6.9107968533176267e-01,
       5.6462794305088939e-04, 2.0809439285600711e-04,
       6.0692502693567008e-04, 7.5487106115487523e-01,
       4.8966884007401773e-01, 7.0161162589657056e-01,
       5.7465756731856117e-04, 2.2590505824715557e-04,
       6.3681941101618913e-04, 7.6445827474881711e-01,
       4.9427317515045571e-01, 7.1647189040119574e-01,
       5.6658267775771436e-04, 2.3261228702902453e-04,
       6.3540895845746114e-04, 7.7565446365046486e-01,
       5.0122410263892181e-01, 7.2832491051280701e-01,
       5.9590449925354429e-04, 2.3301479770444178e-04,
       6.6344971103071790e-04, 8.0145918382310544e-01,
       5.1939702557343925e-01, 7.7889787140501143e-01,
       6.1724726770238448e-04, 2.2969679833361836e-04,
       6.5807333361611673e-04, 8.3015740015286565e-01,
       5.3653392653134602e-01, 7.8525130017307976e-01,
       6.5309540801118541e-04, 2.4102541421448158e-04,
       6.8647365869757646e-04, 8.5881557390671559e-01,
       5.5427903381633359e-01, 8.2572466235258568e-01,
       6.6512324577431376e-04, 2.5419556905288552e-04,
       6.9423242353597607e-04, 8.8382255644755214e-01,
       5.7064317402776277e-01, 8.7797781967114918e-01,
       6.8450943614986408e-04, 2.6033368863808299e-04,
       7.1742257531402689e-04, 9.0395069847538467e-01,
       5.8397749958934997e-01, 9.1877905165370510e-01,
       7.1241443096051855e-04, 2.5814875869353799e-04,
       7.4692376836058699e-04, 9.2404815960855669e-01,
       5.9860354196660714e-01, 9.6238043478265989e-01,
       7.3889637740459071e-04, 2.6219240607522451e-04,
       7.7741137740634694e-04, 9.4472049831275939e-01,
       6.1217920126228675e-01, 1.0032199367592505e+00,
       7.5339225650641038e-04, 2.6662673632688028e-04,
       7.9670162530364873e-04, 9.5814115926300736e-01,
       6.2081008617124955e-01, 1.0289973127869680e+00,
       7.6076330439841882e-04, 2.7229454644142549e-04,
       8.1026464551983495e-04, 9.6619078554319560e-01,
       6.2550053372091563e-01, 1.0423185445495016e+00,
       7.6023787117966875e-04, 2.7467053155535108e-04,
       8.1339553969913680e-04, 9.6889735540295918e-01,
       6.2712472543730147e-01, 1.0476990306714380e+00,
       7.5813805984678378e-04, 2.7374990246627722e-04,
       8.1089119272949610e-04, 9.6698279309273494e-01,
       6.2592935390258986e-01, 1.0441724398671881e+00,
       7.4874623315568747e-04, 2.6754634734668301e-04,
       7.9264042608231033e-04, 9.5552805726235279e-01,
       6.1885939525862188e-01, 1.0252880043790551e+00,
       7.3612433931036431e-04, 2.6648852209627279e-04,
       7.7325112262232839e-04, 9.3790876010474300e-01,
       6.0662104319573507e-01, 9.8396528158642882e-01,
       6.9476302989498790e-04, 2.7452851370903751e-04,
       7.3957045839056828e-04, 9.1592662702654482e-01,
       5.9048585668564380e-01, 9.3227140465019576e-01,
       6.6236153977522764e-04, 2.5956181630415898e-04,
       6.9473473291701833e-04, 8.8245765280966748e-01,
       5.6859046536625202e-01, 8.6952972814846041e-01,
       6.3127486249787762e-04, 2.4129660703030539e-04,
       6.7499099035487990e-04, 8.3524723378037802e-01,
       5.3971736778204871e-01, 8.1432368616562334e-01,
       5.9152345455847392e-04, 2.1936149587382421e-04,
       6.3021100411164753e-04, 7.9349791920494073e-01,
       5.1381685029020341e-01, 7.4849919470374304e-01,
       5.6569876297294058e-04, 2.2353641630331613e-04,
       6.1451618658281133e-04, 7.6309674944709083e-01,
       4.9258173825101514e-01, 7.0108220076866590e-01,
       5.4075727791984838e-04, 2.2832292615921888e-04,
       6.0091583349830048e-04, 7.4307586610875986e-01,
       4.7925617673499016e-01, 6.7972508020043665e-01,
       5.2782959683501864e-04, 2.1112151193942649e-04,
       5.8523203305010170e-04, 7.3681743477270256e-01,
       4.7752805721292374e-01, 6.7276727127412750e-01,
       5.4927589138280448e-04, 2.0353481440095681e-04,
       5.9970691084770995e-04, 7.4626939107580625e-01,
       4.8467918707069008e-01, 6.8323272591416850e-01,
       5.6924985068399739e-04, 2.1267021637479851e-04,
       6.1353878727496837e-04, 7.6143253440450420e-01,
       4.9393072737193100e-01, 7.1271082054166035e-01,
       5.4983032808830377e-04, 2.1934796194344233e-04,
       6.2978972178829077e-04, 7.6266666808142503e-01,
       4.9621413409230375e-01, 7.3252939562323438e-01,
       5.3538148662745245e-04, 2.2222781298124008e-04,
       6.1954672056787144e-04, 7.6054865383026027e-01,
       4.9829059526142666e-01, 7.6072398366362426e-01,
       4.8299254262456861e-04, 2.1363553088532615e-04,
       5.9238356941901404e-04, 7.5884696437739629e-01,
       4.9685024068086325e-01, 7.4846600796777207e-01,
       4.9817297720599197e-04, 2.1936607772435218e-04,
       5.9141230519561903e-04, 7.6374095154910004e-01,
