%YAML:1.0
---
summary: "Filter by time, rd=20, rs=0."
init_cam_calib: C99-1010_3p_3
camera_matrix: !!opencv-matrix
   rows: 3
   cols: 3
   dt: d
   data: [ 2.5680261627607088e+03, 0., 1.8746731623806727e+03, 0.,
       2.5667974115071097e+03, 1.0873806283558588e+03, 0., 0., 1. ]
dist_coeff: !!opencv-matrix
   rows: 5
   cols: 1
   dt: d
   data: [ 2.2352460162914270e-02, -6.0980337241043354e-02,
       -4.5453365707004032e-04, -1.7253461189726505e-03,
       5.1792242583924411e-02 ]
rvec: !!opencv-matrix
   rows: 132
   cols: 3
   dt: d
   data: [ -3.0540176208084375e+00, 2.6297855031106154e-02,
       -1.4496084734701719e-02, -3.0325738881638795e+00,
       4.2188425735333358e-03, 1.5631586144759263e-02,
       -3.0236869281730949e+00, -5.6304172094747956e-03,
       1.8148755554278983e-02, -3.0312987918147263e+00,
       4.2460973784465665e-03, 2.7991643686923307e-02,
       -3.0224885894736309e+00, 7.0782528816414258e-03,
       3.0335405076089436e-02, -3.0422566282329546e+00,
       3.8763619905431534e-02, 5.3923642559945813e-02,
       -3.0484875849598074e+00, 4.4739485579093977e-02,
       3.6764580242477730e-02, -3.0579771605921877e+00,
       2.2524156682506066e-02, 4.9253570173333920e-02,
       -3.1092285217983440e+00, 2.4016744863701867e-02,
       -1.5633407556410692e-01, -3.0901529631061786e+00,
       -1.4859902010615513e-02, -3.5325615120539472e-02,
       -3.0657386280541084e+00, 3.8716831268676824e-02,
       -1.0877695930022757e-01, -3.0686346032434142e+00,
       4.3826333489314181e-02, -9.4500307556309851e-02,
       -3.0740335316116623e+00, 8.7694398972600791e-03,
       -1.4463688521287082e-02, -3.0942093252859766e+00,
       2.0546588128600232e-02, -3.0668596723320236e-02,
       -3.0839998345536368e+00, 2.2325978659646310e-02,
       -3.1288534389805535e-02, -3.0946378138745265e+00,
       8.1752384948811860e-02, -8.5732688528268916e-02,
       -3.0792259866190679e+00, 6.9422168093045383e-02,
       -1.3237955912974420e-01, -3.0658181161748104e+00,
       2.2966316388650786e-02, -3.7421824304572811e-02,
       -3.0860842268894833e+00, 6.1009816185420340e-02,
       -1.2688615135538972e-01, -3.0730597041276200e+00,
       -9.7171643878630459e-03, 6.6765013020890024e-02,
       3.1034296364931349e+00, -1.0157178694093258e-02,
       2.2156477249478553e-02, 2.9823964327942725e+00,
       -1.9308931840221377e-02, -2.9727211764257157e-02,
       2.8926013016065872e+00, -3.7535890767144579e-02,
       3.9550915529757896e-02, 2.9827713019675666e+00,
       -3.6886595398272833e-02, -2.7266815486695010e-02,
       2.9756545230701219e+00, -4.7847856195434108e-02,
       -2.8532733460784963e-02, 2.9766994621402287e+00,
       -3.6203888528478237e-02, -2.4354240306172562e-02,
       3.0151242226373030e+00, -2.7463832357617814e-02,
       1.1929469887331894e-02, 3.0526043666193270e+00,
       -3.7959410834042945e-02, 1.1445289067189145e-03,
       3.0468779901627960e+00, -2.7038427642428371e-02,
       9.2078062863391354e-03, 3.1154177783246442e+00,
       -4.5541784347343045e-02, -4.0959598341569807e-02,
       -3.0600626758816132e+00, -2.5383958521391567e-02,
       -1.4570882446315832e-02, -2.9990425799985165e+00,
       4.0848216444033726e-02, 5.9125585911203128e-02,
       -2.9652451986119335e+00, -4.1076036221313677e-03,
       -4.0863091346108457e-03, -3.0420547432444658e+00,
       -4.7479522192296335e-02, -3.8988647067111873e-02,
       -3.0522020844599091e+00, -6.0662315518175261e-02,
       -2.4669943071300864e-02, -3.0526545072075781e+00,
       -6.6180623008838188e-02, -2.2323887536807491e-02,
       -3.0609510171739398e+00, -1.0536633863514847e-01,
       -2.8739702429045166e-02, 3.0067969834083921e+00,
       -4.7572824512237592e-02, -8.6709752926213662e-02,
       3.1208745551097277e+00, -1.3809940014542639e-02,
       -4.8247474470378297e-02, -3.1076074986164484e+00,
       3.0457551824090955e-03, 4.4162939645964693e-04,
       -3.0829322487700841e+00, 2.0767768984439137e-02,
       2.6537417657209017e-02, -3.0737336351919029e+00,
       5.2946130935673436e-02, 1.7506451504918821e-01,
       3.1175633858363039e+00, -1.0963084429632640e-01,
       -9.2037703505174429e-02, 3.0941345526456838e+00,
       -7.9042762734427799e-02, -2.2629108902626074e-01,
       3.0718251377459516e+00, 4.4944951600940863e-02,
       -1.5475698318466924e-01, 3.0501907055067199e+00,
       6.0949695060421430e-02, -4.6200522344991440e-01,
       3.0617834286648122e+00, 6.3572281646825352e-02,
       -7.0801373474385476e-01, -2.9522219096402207e+00,
       -4.7986104344160882e-02, 9.2742570760060805e-01,
       -2.8918342928362435e+00, -8.7976174721048739e-02,
       1.0456595896659140e+00, -2.9040734437707747e+00,
       -8.6131812030341634e-02, 1.0583938221013840e+00,
       -2.9518138432037477e+00, -2.7621996915699644e-02,
       9.2508941397434952e-01, -2.9305053416436437e+00,
       -7.1931295393492314e-02, 9.7936135069646402e-01,
       -2.9608078571347960e+00, -4.6916234154698193e-02,
       8.2983246206307570e-01, -2.8959625004452314e+00,
       -6.3496950279490275e-02, 8.5955485191194214e-01,
       -2.9220594144423928e+00, -7.5802151948896376e-02,
       8.1240313420177823e-01, -3.0161733200708980e+00,
       -4.7889501298265587e-02, 7.9082562951193269e-01,
       2.9388418334207742e+00, -3.4299997354432767e-02,
       -7.9698045207419288e-01, 2.9988500302586778e+00,
       -1.6824223169850019e-02, -8.5753426308815550e-01,
       2.9932112856364759e+00, -1.7296191975434024e-02,
       -8.7527178254960036e-01, 3.0024363440356931e+00,
       1.7796375734744536e-03, -8.6070344096653573e-01,
       2.9879244267224596e+00, -8.3408364987424891e-03,
       -8.8600337798126139e-01, -2.9728933634706616e+00,
       -4.1406916163165580e-02, 8.8871582042255215e-01,
       -2.9402228470395033e+00, -7.4149722700795381e-02,
       8.8095495149600667e-01, -2.8940163974192954e+00,
       -1.0667863760099169e-01, 9.5972341192499799e-01,
       -2.8408054495103632e+00, -4.7598874999985871e-02,
       9.5671672944902653e-01, -2.9730991963709230e+00,
       -7.7589023191769954e-02, 8.8767909379655863e-01,
       2.9184909066362494e+00, 1.1259008446991851e-02,
       -9.5347948804085880e-01, -2.9969169606427557e+00,
       -4.5921199036066833e-02, 9.0350492989250519e-01,
       -2.9494663877316700e+00, 1.9992541256692288e-02,
       8.9116918798769229e-01, -2.8969280230023520e+00,
       -4.6041175404457298e-02, 1.0682640621620032e+00,
       2.9260107126481181e+00, 1.2923582988520704e-02,
       -1.1263394861582399e+00, -2.8319446829442598e+00,
       -4.3992190712822808e-02, 1.3515186566242181e+00,
       2.7573215697403031e+00, 1.5708846219832061e-02,
       -1.4826468531739529e+00, 2.7058488517809431e+00,
       5.5300894497571522e-02, -1.5602583500182097e+00,
       2.6890522984981726e+00, 6.6133040558350495e-02,
       -1.5662845367353331e+00, -2.6400921008464584e+00,
       -9.4213535455789685e-02, 1.6278639408658440e+00,
       -2.6203030238223857e+00, 1.2572132604380826e-02,
       1.5964590304338073e+00, -2.6147952090724447e+00,
       -5.0154829380293697e-02, 1.5343402928164940e+00,
       -2.5745764929909036e+00, -7.6271176377182032e-02,
       1.5974442484997502e+00, -2.5906373786283790e+00,
       -8.2473555142777363e-02, 1.7084563539682454e+00,
       2.5177222108569501e+00, -1.9028099983455177e-01,
       -1.6906434278428450e+00, 2.5746736689390470e+00,
       -7.3910477602066482e-02, -1.7152630165311455e+00,
       2.6477692782388491e+00, -5.1696076017167612e-03,
       -1.6345054127187428e+00, -2.6790129044112239e+00,
       -7.2746381764333873e-02, 1.6215046810499052e+00,
       2.7102813252962266e+00, -7.0108572215135320e-02,
       -1.4359877045809950e+00, 2.8114299785031363e+00,
       -7.4238253450676764e-02, -1.2559427866926542e+00,
       2.8576367250524859e+00, -3.5710310579986193e-02,
       -1.1696553008293580e+00, 2.9020993515373745e+00,
       3.1362428088673121e-03, -1.0102298770778995e+00,
