%YAML:1.0
---
summary: "Filter by distance, md=200, ds=150."
init_cam_calib: C99-1010_3p_3
camera_matrix: !!opencv-matrix
   rows: 3
   cols: 3
   dt: d
   data: [ 2.5621916780732322e+03, 0., 1.8748997247780828e+03, 0.,
       2.5630763639160450e+03, 1.0877398985975799e+03, 0., 0., 1. ]
dist_coeff: !!opencv-matrix
   rows: 5
   cols: 1
   dt: d
   data: [ 2.2835016533623097e-02, -6.2786257164732420e-02,
       1.0700371339954940e-04, -1.6591628117166276e-03,
       5.7734235299635631e-02 ]
rvec: !!opencv-matrix
   rows: 221
   cols: 3
   dt: d
   data: [ -3.0540307240709215e+00, 2.6300586849944844e-02,
       -1.4521675800479772e-02, -3.0247477728338263e+00,
       -3.4136592966541148e-03, 1.6269347103015336e-02,
       -3.0587000489166569e+00, 4.4159169944758762e-02,
       3.0942954532515960e-02, -3.0850958409670333e+00,
       2.9719301200181639e-02, -3.9973533451760739e-03,
       -3.1149880572235631e+00, 2.3226590838188694e-02,
       -1.3896484200671577e-01, -3.1044380355509595e+00,
       -5.7940571111909887e-03, -4.7591042608707647e-02,
       -3.0723435737557803e+00, -2.5932428027158360e-03,
       -2.7980243536597497e-02, -3.0660410272135872e+00,
       4.5343952491201510e-02, -1.2615110794031928e-01,
       -3.0595668349095400e+00, 2.2716085158388823e-02,
       -6.6771437572851006e-02, -3.0721212969270293e+00,
       9.6355694279765085e-03, -1.3951190835922491e-02,
       -3.0875710385329036e+00, 7.4967053281505186e-02,
       -6.2251604624585725e-02, -3.0738506325650166e+00,
       7.5207428759167833e-02, -1.3274052763482719e-01,
       -3.0819200136832032e+00, 5.6473077492419935e-02,
       -1.1654874596838430e-01, -3.1116761840217739e+00,
       4.3010050824612032e-02, -8.0085971108766016e-02,
       -3.0839603629126775e+00, 2.0379706811516640e-02,
       -3.0841091386350068e-02, -3.0805670061482222e+00,
       4.7452633358844115e-02, -1.2542790314098504e-01,
       -3.1167171300386118e+00, 4.0571085720398650e-02,
       -7.2901018940999041e-02, 3.1265634234854072e+00,
       -1.3951908228850509e-02, 9.0483419945394470e-03,
       3.0827367466689135e+00, -2.2561556363953294e-03,
       2.6527915514211818e-02, 3.0281932171676709e+00,
       1.1511752124256768e-02, 4.2495475294561602e-02,
       2.9569933704792719e+00, -1.6281336481012255e-02,
       -1.5020808458400637e-02, 2.9169772310358368e+00,
       -4.6244695543492781e-02, 2.6029512818403214e-02,
       2.9338657365002407e+00, -3.9765281429626223e-02,
       -1.8266732832949730e-03, 2.9705389771309978e+00,
       -2.6165037209244051e-02, -2.9941787479228443e-02,
       3.0046182235271619e+00, -2.0316496494725170e-02,
       1.2023926407937122e-02, 3.0349659463424055e+00,
       -3.3463222338948460e-02, 3.7295128848120127e-03,
       -3.1297009664686222e+00, 3.2648807062236114e-02,
       3.6775131295759760e-02, -3.0934899599897796e+00,
       1.8677656161311812e-02, 2.7159297422983113e-02,
       -3.0565370437760495e+00, -6.1232621182138762e-03,
       2.5132203836931565e-02, -2.9989881632186699e+00,
       4.0825785918324621e-02, 5.9102328828657312e-02,
       -2.9605519866416237e+00, 5.0380255918101219e-02,
       4.7728156375617413e-02, -2.9781332878810338e+00,
       -1.0265145427198148e-02, -2.9485782861715061e-03,
       -3.0066456652998861e+00, -2.4123300049647831e-02,
       -1.4776708644651380e-02, -3.0301636413970203e+00,
       -4.5034253575939695e-02, -3.5013969957840348e-02,
       -3.0600108489798785e+00, -6.4720554950092879e-02,
       -2.1245177483823065e-02, -3.1256680824504630e+00,
       -1.0683412620863152e-01, -5.1997726861092233e-02,
       3.1139698715863844e+00, 1.0204209261763297e-01,
       5.9228040833889849e-02, 3.0812787076007453e+00,
       7.6413313848705783e-02, -6.6187692888324996e-03,
       3.0312070427915687e+00, 4.2529638776783098e-02,
       -4.1621554094415550e-02, 3.0485659099300606e+00,
       -4.4448303365585633e-02, -8.9494078810816849e-02,
       3.0844878571687508e+00, -3.6658974239180443e-02,
       -7.9377512729593980e-02, 3.1111616661171260e+00,
       -2.3788484122801094e-02, -6.4408490825428530e-02,
       3.1398985356886930e+00, 8.3919289921016247e-03,
       1.1707907807328739e-02, -3.1115267583601995e+00,
       2.7142705060619306e-03, -1.8609988672088379e-03,
       -3.0829854089987592e+00, 1.0457038990843917e-02,
       1.2273100298262190e-02, -3.0625715569264247e+00,
       -1.2380686486215891e-02, 1.2033387680787846e-01,
       -3.0801259869971758e+00, 5.6863166669219943e-02,
       1.7585216183073896e-01, -3.1246906209810659e+00,
       8.1549538936784099e-02, 1.3053641585602102e-01,
       3.1443416439511411e+00, -1.1351757145979036e-01,
       -8.3582625359319859e-02, 3.1093378032872430e+00,
       -8.9982177784823925e-02, -1.1909952542606259e-01,
       3.0833395210896022e+00, -1.0269668169445809e-01,
       -2.1651429784291543e-01, 3.1107055018741412e+00,
       -1.2366769469187755e-01, -2.3553009870032723e-01,
       3.0831015548213259e+00, -5.4222230361668851e-02,
       -2.2244544990106113e-01, 3.0848728522062676e+00,
       -3.1038813659062671e-02, -1.5243842809938210e-01,
       3.0719666242372732e+00, 4.5012146567265508e-02,
       -1.5386935985316111e-01, 3.0860590080802290e+00,
       1.1358628594835560e-01, -2.7060612289934682e-01,
       3.0716442666541570e+00, 7.0724397059211255e-02,
       -3.7999666726280878e-01, 3.0686186447721755e+00,
       4.7649148119570273e-02, -5.0988482850731542e-01,
       3.0591169054763947e+00, 5.6988278912407257e-02,
       -5.2510702741296755e-01, 3.0578589453312164e+00,
       6.7932665620256460e-02, -6.7077484752922900e-01,
       -3.0096098203238717e+00, -3.7474958812087643e-02,
       8.0421149489966715e-01, -2.9550647306393909e+00,
       -3.9854275259623824e-02, 8.8912016232490498e-01,
       -2.9366817662718265e+00, -5.5648708059772373e-02,
       9.1829774002508247e-01, -2.8997045611026877e+00,
       -7.2362499704859390e-02, 1.0096391317335942e+00,
       -2.9184291787403240e+00, -8.5875833425301418e-02,
       1.0497730090729178e+00, -2.9425346555574952e+00,
       2.2979130935975468e-02, 9.3698007036811248e-01,
       -2.9670145251552382e+00, -3.7347236696502452e-02,
       8.1303934790327004e-01, -2.8915615513679085e+00,
       -6.1142594928844246e-02, 8.5752192960870888e-01,
       -2.9165810181717964e+00, -8.6672874563151800e-02,
       8.1991958936590248e-01, -2.9392164276381880e+00,
       -4.2610309355746681e-02, 8.3308338244075542e-01,
       -2.9911273016903692e+00, -8.0701514229382709e-02,
       7.8268844703087082e-01, -3.0170895584869935e+00,
       -4.8216163746248923e-02, 7.8896720290528144e-01,
       3.0329361147267595e+00, -5.6223650675355074e-03,
       -7.7642988754478492e-01, 2.9704229673581799e+00,
       -2.3687019169293843e-02, -8.2168932555696406e-01,
       2.9262436438870578e+00, -4.6296084555859575e-02,
       -8.2314258478961877e-01, 2.8819650165259700e+00,
       -3.4900901578580355e-02, -8.1330250358561340e-01,
       2.8729997698765195e+00, -3.5293473620847733e-02,
       -8.0018038668821478e-01, 2.9059980618691998e+00,
       -3.3235182739111122e-02, -7.9762683329787021e-01,
       2.9341946088971325e+00, -3.7961727489577338e-02,
       -8.0247528393171319e-01, 2.9792074324029754e+00,
       -2.3011504194763818e-02, -7.9706744862533230e-01,
       3.0045883957666937e+00, -1.4855072171673820e-02,
       -8.0502081673797210e-01, -3.0296519864121683e+00,
       1.4157569605557776e-02, 8.1267424146060885e-01,
       3.0081598391520621e+00, -1.0331173020781336e-02,
       -8.6768830247542039e-01, 3.0046674587227464e+00,
       4.2226489755463874e-03, -8.8167688196466421e-01,
       2.9868669634207206e+00, -8.4490288563364626e-03,
       -8.9005560041058585e-01, -2.9698292936764839e+00,
       -4.2356183943292332e-02, 8.8352407914560316e-01,
       -2.9831720373657546e+00, -8.2255675979332588e-02,
       8.6761717855616871e-01, -2.9202064275338278e+00,
       -9.9533255522949851e-02, 9.3434458329723524e-01,
