%YAML:1.0
---
summary: "Filter by time and points, rd=20, rs=0, sp=5, sf=3."
init_cam_calib: C99-1010_3p_3
camera_matrix: !!opencv-matrix
   rows: 3
   cols: 3
   dt: d
   data: [ 2.5679383238823625e+03, 0., 1.8764603731072309e+03, 0.,
       2.5666311028960640e+03, 1.0890955453168365e+03, 0., 0., 1. ]
dist_coeff: !!opencv-matrix
   rows: 5
   cols: 1
   dt: d
   data: [ 1.7651536313222044e-02, -4.1569520982941879e-02,
       -4.8437987501410870e-04, -1.6708612356805600e-03,
       3.1551697027961283e-02 ]
rvec: !!opencv-matrix
   rows: 132
   cols: 3
   dt: d
   data: [ -3.0579131084511255e+00, 2.5879543491061242e-02,
       -1.4341106379083944e-02, -3.0317149700138364e+00,
       3.7985606621196780e-03, 1.5106451042692343e-02,
       -3.0234895245613163e+00, -5.6542276504549837e-03,
       1.7902660042298259e-02, -3.0314895405156941e+00,
       4.3515618835209789e-03, 2.6846422662046083e-02,
       -3.0217505493093793e+00, 7.0252050957998425e-03,
       2.9993927784136270e-02, -3.0414961657457957e+00,
       3.8945812130161697e-02, 5.3693919827209793e-02,
       -3.0484677297175100e+00, 4.4823348382252673e-02,
       3.5818944592504370e-02, -3.0565859619054825e+00,
       2.2677885684660021e-02, 4.8180845213564617e-02,
       -3.1082992947205059e+00, 2.4278928571752550e-02,
       -1.5677545407576604e-01, -3.0902453975175206e+00,
       -1.5096690575765508e-02, -3.5326588518012680e-02,
       -3.0674970671045334e+00, 3.9210783939325367e-02,
       -1.1045585077987495e-01, -3.0679943160869092e+00,
       4.3974680670639053e-02, -9.6207398373142100e-02,
       -3.0745541839645667e+00, 9.1450854515563156e-03,
       -1.5294448646873198e-02, -3.0935954223599067e+00,
       2.0582074032038444e-02, -3.1524116399265334e-02,
       -3.0840020010468732e+00, 2.2371232830842219e-02,
       -3.2549951209294548e-02, -3.0928515362807998e+00,
       8.1994064865530708e-02, -8.5142973091270377e-02,
       -3.0769296694038153e+00, 6.9158477309878216e-02,
       -1.3158371255935897e-01, -3.0650434021230759e+00,
       2.3229053464702745e-02, -3.7948071943575017e-02,
       -3.0870189654748472e+00, 6.1940053250157834e-02,
       -1.2726353107108676e-01, -3.0721354751858612e+00,
       -9.3653667986089064e-03, 6.6041705614625301e-02,
       3.1029752698625073e+00, -1.0886027043795501e-02,
       2.3469587782979522e-02, 2.9838749305350691e+00,
       -1.9641469402408067e-02, -2.9452465737362446e-02,
       2.8941615466705364e+00, -3.7584541967950406e-02,
       4.0175451803685390e-02, 2.9832056242543250e+00,
       -3.7100383719429808e-02, -2.6629529286283603e-02,
       2.9759354495652888e+00, -4.7944991312640087e-02,
       -2.7591985289999416e-02, 2.9772921881841183e+00,
       -3.6404274636066970e-02, -2.3786212666082187e-02,
       3.0145529234327766e+00, -2.8039705467129260e-02,
       1.3336062961323999e-02, 3.0532992063135476e+00,
       -3.8118649348790071e-02, 2.2655067925337466e-03,
       3.0469231044628282e+00, -2.7287003340402786e-02,
       1.0454387104994791e-02, 3.1139401826629567e+00,
       -4.5547353357060401e-02, -3.9953319210354027e-02,
       -3.0596541464248070e+00, -2.5664861707026233e-02,
       -1.5593886513818321e-02, -2.9986171865971349e+00,
       4.2299187100115189e-02, 5.9439283310557506e-02,
       -2.9655841682515849e+00, -4.0519185169352436e-03,
       -5.7042681504924659e-03, -3.0425879612483007e+00,
       -4.7369923786613116e-02, -4.2227639039690339e-02,
       -3.0522109422734398e+00, -6.0535851162982907e-02,
       -2.5546101875617636e-02, -3.0521488310822287e+00,
       -6.6193702457068737e-02, -2.3446835829418141e-02,
       -3.0633327798586576e+00, -1.0631674595410030e-01,
       -3.0863174022026575e-02, 3.0066276344061169e+00,
       -4.7194090578235148e-02, -8.6535194905412435e-02,
       3.1213850734974269e+00, -1.4000072201888224e-02,
       -4.6808387044838230e-02, -3.1068456998198171e+00,
       3.0094430439116457e-03, -2.3924724707794404e-04,
       -3.0826593360960088e+00, 2.1089731792391715e-02,
       2.5701932038091159e-02, -3.0759710858039764e+00,
       5.3327560692819902e-02, 1.7257697057516180e-01,
       3.1170613073884437e+00, -1.0946034299860100e-01,
       -9.1095403550584236e-02, 3.0939683388489549e+00,
       -7.9234151858504534e-02, -2.2446633217333065e-01,
       3.0784834853706760e+00, 4.4202609312257474e-02,
       -1.5436214103352763e-01, 3.0506578837368616e+00,
       6.1319626815109107e-02, -4.6160942029079222e-01,
       3.0600563631955571e+00, 6.3500790379498767e-02,
       -6.9976032612807748e-01, -2.9520175506681183e+00,
       -4.8065492941687112e-02, 9.2628022233420448e-01,
       -2.8918366121502439e+00, -8.8028373207656510e-02,
       1.0439850853133610e+00, -2.9046556047751682e+00,
       -8.6592987185428724e-02, 1.0569976822491420e+00,
       -2.9514336461417678e+00, -2.7904801796430369e-02,
       9.2327932071661112e-01, -2.9311716387273066e+00,
       -7.1735627227337367e-02, 9.7675725059097829e-01,
       -2.9608677170450517e+00, -4.7088930672723170e-02,
       8.2872659315812891e-01, -2.8970652328722877e+00,
       -6.3676168356630342e-02, 8.5693689029926734e-01,
       -2.9234895877099087e+00, -7.5520937822974463e-02,
       8.1090080316732405e-01, -3.0154949854376900e+00,
       -4.9149755380279582e-02, 7.9114393577546116e-01,
       2.9406221312745444e+00, -3.5663883464670448e-02,
       -7.9284741734889508e-01, 2.9997403113285879e+00,
       -1.6438506944204977e-02, -8.5792258243886732e-01,
       2.9939512773318389e+00, -1.7215040257862083e-02,
       -8.7358022759670106e-01, 3.0027883636555517e+00,
       2.1156759199450303e-03, -8.5983696308449142e-01,
       2.9891371157963498e+00, -7.6541341999081854e-03,
       -8.8689860250942143e-01, -2.9721904303953788e+00,
       -4.1789257396330846e-02, 8.8808031002085586e-01,
       -2.9358303453361971e+00, -7.5387830850264320e-02,
       8.8517908801811329e-01, -2.8936456554888683e+00,
       -1.0715485910620774e-01, 9.5963820532995858e-01,
       -2.8391889705792952e+00, -4.8239018007443825e-02,
       9.5851281909252084e-01, -2.9754790289871047e+00,
       -7.9248690346017531e-02, 8.8802779822286881e-01,
       2.9206819276930824e+00, 1.1092097654593468e-02,
       -9.5250990235490274e-01, -2.9965588477564316e+00,
       -4.6357781740154230e-02, 9.0225785019759064e-01,
       -2.9493502391200255e+00, 1.9581803829567611e-02,
       8.9123064709872868e-01, -2.8963055770679285e+00,
       -4.6416599530728429e-02, 1.0671141715111703e+00,
       2.9272189720823096e+00, 1.2555416310054135e-02,
       -1.1236586548811527e+00, -2.8325699353634741e+00,
       -4.4810693216706082e-02, 1.3497040813383603e+00,
       2.7594334981529847e+00, 1.5238032887456270e-02,
       -1.4807734271682644e+00, 2.7065153370233839e+00,
       5.5959189045043198e-02, -1.5594575101543386e+00,
       2.6901591045141426e+00, 6.6797845958925794e-02,
       -1.5650433162410495e+00, -2.6398402704161898e+00,
       -9.5449750896588498e-02, 1.6277502781210222e+00,
       -2.6205867648606804e+00, 1.1835705390508299e-02,
       1.5967622899358866e+00, -2.6146929586431558e+00,
       -5.0536354022543084e-02, 1.5327912420993564e+00,
       -2.5746648721227743e+00, -7.6730961850498422e-02,
       1.5962416326522613e+00, -2.5906539987535284e+00,
       -8.2152883899308693e-02, 1.7067049942878678e+00,
       2.5171740341160223e+00, -1.9035799482902074e-01,
       -1.6917562567506803e+00, 2.5765855932411483e+00,
       -7.4081495544800230e-02, -1.7147495939179278e+00,
       2.6487935357350376e+00, -4.9395952169287386e-03,
       -1.6338866193651429e+00, -2.6790967747141856e+00,
       -7.3165428749515954e-02, 1.6200074554902890e+00,
       2.7108847795163649e+00, -6.9568130985376050e-02,
       -1.4365992722110461e+00, 2.8094527449473805e+00,
       -7.1508783542636817e-02, -1.2541163915887077e+00,
       2.8597100857409896e+00, -3.5305815265965775e-02,
       -1.1693268820711928e+00, 2.9031581765492542e+00,
       3.1034453691135338e-03, -1.0082853085830525e+00,
