%YAML:1.0
---
summary: "Filter by time, rd=20, rs=5."
init_cam_calib: C99-1010_3p_3
camera_matrix: !!opencv-matrix
   rows: 3
   cols: 3
   dt: d
   data: [ 2.5601577422116311e+03, 0., 1.8762722242412885e+03, 0.,
       2.5602839983656399e+03, 1.0888080637124435e+03, 0., 0., 1. ]
dist_coeff: !!opencv-matrix
   rows: 5
   cols: 1
   dt: d
   data: [ 1.7797216469728507e-02, -4.7050217800979004e-02,
       -3.3146212214713538e-04, -1.7742762037098365e-03,
       4.3587651766370430e-02 ]
rvec: !!opencv-matrix
   rows: 132
   cols: 3
   dt: d
   data: [ -3.0472543383477992e+00, 4.0231942369783488e-02,
       7.1787431291436138e-02, -3.0228406607799796e+00,
       -7.2421291079094183e-03, 1.2876527533506907e-03,
       -3.0256383260021602e+00, 6.2903305635432646e-04,
       2.5172409584101420e-02, -3.0286723722780984e+00,
       1.0468519489200148e-02, 2.6556813414668586e-02,
       -3.0292620392728313e+00, 1.5925473008094118e-02,
       3.1107694721622458e-02, -3.0439341564612219e+00,
       3.6012556999057102e-02, 3.9380667280310373e-02,
       -3.0520027031553920e+00, 4.2917925429022903e-02,
       3.1588468486195398e-02, -3.0732432425770302e+00,
       2.8630603148448557e-02, 1.6302119679694655e-02,
       -3.1103953707368865e+00, 2.2387799459219440e-02,
       -1.4313914963040114e-01, -3.0814842576387749e+00,
       -8.6057024309194111e-03, -4.2845918071363689e-02,
       -3.0586694135211085e+00, 4.8835012012735025e-02,
       -1.2356433836783506e-01, -3.0616985584755048e+00,
       2.0961669950306197e-02, -6.3127753627982980e-02,
       -3.0746584800968257e+00, 1.5923593502406519e-02,
       -2.4332744297798258e-02, -3.0920599596746947e+00,
       2.3105643588017748e-02, -3.5391097894722945e-02,
       -3.0832537521840031e+00, 3.2456457228474032e-02,
       -1.9982952336839766e-02, -3.1011154980340465e+00,
       8.4697635597738546e-02, -1.2388882580437809e-01,
       -3.0804179457705079e+00, 4.4502835148164860e-02,
       -8.7264552675586790e-02, -3.0770381437150518e+00,
       4.5137214112820789e-02, -1.1080495027447383e-01,
       -3.1020241792845633e+00, 3.5833110864104935e-02,
       -6.1359697720822247e-02, -3.0826452728783607e+00,
       9.4634220147494369e-03, -1.6459466340992220e-02,
       3.0392672146683410e+00, 4.6914870707860778e-03,
       2.5494218040200158e-02, 2.9420335715289747e+00,
       -1.5977815974495581e-02, -1.5897496790193803e-02,
       2.9200646893728561e+00, -3.6375625119932649e-02,
       1.5992148873578698e-03, 2.9765951949706864e+00,
       -4.3700074821003611e-02, -1.6278533624931188e-02,
       2.9757831173848523e+00, -5.0956323262859961e-02,
       -3.4759784488999898e-02, 2.9822103640197497e+00,
       -2.8714049452737492e-02, -8.4571421260309990e-03,
       3.0378297113499526e+00, -3.5505849544918255e-02,
       4.2470502833696858e-03, 3.0495260915552151e+00,
       -3.6255249722049389e-02, 1.7484947305227111e-03,
       3.0539898768863534e+00, -2.1218137217907256e-02,
       1.7432018804601612e-02, 3.1304189607539175e+00,
       -5.2326277980788191e-02, -4.1191352073794943e-02,
       -3.0487546021058392e+00, -2.2269706633041186e-02,
       -3.1527878592925294e-02, -2.9581934907386844e+00,
       5.0845842695769604e-02, 3.7811376952594518e-02,
       -2.9784139644865251e+00, -1.0232588329958665e-02,
       -3.2385546981396358e-03, -3.0464975130595295e+00,
       -5.7104241040075020e-02, -5.1132593495804943e-02,
       -3.0537502479432805e+00, -6.9749097000627633e-02,
       -3.3625952601519495e-02, -3.0591116353827768e+00,
       -6.4746851951991771e-02, -1.1937910475827334e-02,
       3.1458508712563686e+00, 1.0473882201356595e-01,
       2.8970955667965030e-02, 3.0564726579271113e+00,
       -4.1117056953418794e-02, -9.3140135637342664e-02,
       3.1231840604899475e+00, 9.3467069480867755e-03,
       -9.5480573575608286e-03, -3.0991642444155998e+00,
       7.0862510574542046e-03, 2.0107779629984219e-03,
       -3.0729244544442746e+00, -2.6599142519554493e-03,
       6.7306157184688506e-02, -3.1251346770239534e+00,
       8.1474949633474375e-02, 1.3000335393650400e-01,
       3.0897269044132476e+00, -8.8956267775692571e-02,
       -1.2832522695226925e-01, 3.0795332154830977e+00,
       -4.3987210431412425e-02, -2.1122728571311233e-01,
       3.0948383940574677e+00, 9.7894996184781785e-02,
       -1.8864803484485013e-01, 3.0665005433608465e+00,
       5.6830755133991329e-02, -5.1702938552862321e-01,
       -3.0064994572038231e+00, -4.3153584857981667e-02,
       8.2697967912627168e-01, -2.9395373051321734e+00,
       -5.9113041476196726e-02, 9.2666079584817418e-01,
       -2.8669965480947899e+00, -8.2265012846970867e-02,
       1.0700374109389925e+00, -2.9396271467190571e+00,
       -5.2573481080073384e-02, 9.9222752642089695e-01,
       -2.9366849216380722e+00, -4.7571643511334173e-02,
       9.6015719664468457e-01, -2.9454113224670464e+00,
       -7.4318692871431627e-02, 9.1718695584316745e-01,
       -2.9335336820361815e+00, -6.7811068698048274e-02,
       8.4358744341790226e-01, -2.9010307093873617e+00,
       -7.5830306282668625e-02, 8.5708056501217822e-01,
       -2.9309194777542156e+00, -4.5205407480368456e-02,
       8.2509858132137193e-01, 3.0061784724001623e+00,
       -3.5941862727703701e-02, -7.9965230970622247e-01,
       3.0052509808866437e+00, -1.4731667119585677e-02,
       -8.0460324277465767e-01, 3.0001124424609995e+00,
       -2.4081643729443079e-02, -8.6387092630104012e-01,
       3.0061962283121488e+00, -6.8257655982372125e-03,
       -8.6315247457456179e-01, 2.9976077913984769e+00,
       -9.8334502158121308e-03, -8.3405767289750599e-01,
       2.9919137296104301e+00, 3.5812547124091936e-03,
       -8.7627011214985018e-01, -2.9679845237019489e+00,
       -4.2205407795788588e-02, 8.8205569624050173e-01,
       -3.0004133240488149e+00, -8.1125609606686896e-02,
       8.5610572536691176e-01, -2.8418629210911321e+00,
       -7.7063422771497123e-02, 9.5855858673535765e-01,
       -2.8849126114750039e+00, -7.0063530515054623e-02,
       9.0806932393598294e-01, 2.9867301720837451e+00,
       8.8536337180475710e-02, -8.9508434573630669e-01,
       2.9226560290677974e+00, -5.0176119027300061e-03,
       -9.2274861778976547e-01, -2.9933274828569298e+00,
       -2.8158020428458254e-02, 8.8436441858325798e-01,
       -2.9594635642643943e+00, -1.0911010690459935e-02,
       9.4338558897967728e-01, -2.9241967073300406e+00,
       -3.3738727906309607e-02, 1.1328480722759222e+00,
       -2.8851045560652313e+00, -5.7386334605616283e-02,
       1.1858708885079459e+00, 2.8101279016805036e+00,
       7.8682048346948988e-02, -1.3004123010616508e+00,
       2.7177407030661600e+00, 4.1779852971001716e-02,
       -1.5343338742775832e+00, 2.7043325895277874e+00,
       3.8808188286360276e-02, -1.5561422447086235e+00,
       2.7084179325754882e+00, 6.6064688856417392e-02,
       -1.5860945161323126e+00, -2.6494093862908108e+00,
       -9.2629748751131391e-02, 1.6024980037110206e+00,
       -2.6119610741763015e+00, 2.6110652252572381e-02,
       1.6056471454865999e+00, -2.6103849026205612e+00,
       -7.1262606655811273e-02, 1.5288939832117781e+00,
       -2.5706368199350749e+00, -7.8588842750628524e-02,
       1.6387107455494427e+00, 2.6277150248465575e+00,
       7.9716201849655596e-02, -1.7183499137428164e+00,
       2.4929039277221090e+00, -1.5933210711884679e-01,
       -1.6733349892454976e+00, 2.5829424342355023e+00,
       -4.7175060243368788e-02, -1.7033273826033002e+00,
       2.6502504509782656e+00, -7.5098120745241206e-03,
       -1.6272142514398620e+00, 2.6784179325401327e+00,
       1.1006056709340206e-01, -1.6437083377288191e+00,
       2.7774846651071567e+00, -3.8066742801275720e-02,
       -1.3877194449354111e+00, 2.7827150671870435e+00,
       -5.4157285423723979e-02, -1.2906917054252782e+00,
       2.9072874194363036e+00, -4.5450371122354042e-03,
       -1.1146342536436231e+00, 2.8840343669202717e+00,
       5.8356242262778552e-03, -1.0846941368081449e+00,
