%YAML:1.0
---
summary: "Filter by distance, md=250, ds=0."
init_cam_calib: C99-1010_3p_3
camera_matrix: !!opencv-matrix
   rows: 3
   cols: 3
   dt: d
   data: [ 2.5619545429756522e+03, 0., 1.8746012743219069e+03, 0.,
       2.5611847921229523e+03, 1.0844214044625023e+03, 0., 0., 1. ]
dist_coeff: !!opencv-matrix
   rows: 5
   cols: 1
   dt: d
   data: [ 2.3598102699086097e-02, -6.8002630529503089e-02,
       -3.9622712044383879e-04, -1.4987965222322823e-03,
       6.3139826211871031e-02 ]
std_intrinsics: !!opencv-matrix
   rows: 18
   cols: 1
   dt: d
   data: [ 5.2267354617753958e-01, 4.8525716574691663e-01,
       9.4780413120225515e-01, 5.8063046935553686e-01,
       9.8032889622925979e-04, 3.5729284677267483e-03,
       7.1764610659712561e-05, 1.2951105687066797e-04,
       3.7951873879878174e-03, 0., 0., 0., 0., 0., 0., 0., 0., 0. ]
std_extrinsics: !!opencv-matrix
   rows: 1038
   cols: 1
   dt: d
   data: [ 7.4996117070029705e-04, 2.7388405488542651e-04,
       8.4999923365886162e-04, 1.2658961166794445e+00,
       7.9343401791398771e-01, 1.0007245463965535e+00,
       7.5032883907913558e-04, 2.7814699352640346e-04,
       8.6663145019597358e-04, 1.2522249253429105e+00,
       7.8653253898141162e-01, 1.0052943705226649e+00,
       7.6558779302494484e-04, 3.0779481919818982e-04,
       9.2158031412789738e-04, 1.2948628812371825e+00,
       8.1256493224839044e-01, 1.0665460485741722e+00,
       8.0636939147799588e-04, 3.0240691628174841e-04,
       9.2876314916246882e-04, 1.3495224549512255e+00,
       8.4594691130194644e-01, 1.1126028598064222e+00,
       8.7094276904517052e-04, 3.2567923358607154e-04,
       9.6616709668104358e-04, 1.4394220694110529e+00,
       8.9920978491792758e-01, 1.1966096166400846e+00,
       9.3555196275332331e-04, 3.4166496711667086e-04,
       1.0280837964229076e-03, 1.5248777073003990e+00,
       9.5470009648673271e-01, 1.3400987674866944e+00,
       1.0011262185844413e-03, 3.5461319386163675e-04,
       1.1040176240012885e-03, 1.5938966835715080e+00,
       9.9872794165934342e-01, 1.4493687761168019e+00,
       9.3880208435137070e-04, 3.5791450618293414e-04,
       1.0393680158415071e-03, 1.5290494821488720e+00,
       9.5582002583116821e-01, 1.3338394842761581e+00,
       8.9717641164755737e-04, 3.4722220846479556e-04,
       9.8922555648000340e-04, 1.4829462984353956e+00,
       9.2555644922308855e-01, 1.2613926440787413e+00,
       8.4012221289714284e-04, 3.1761510655031457e-04,
       9.4742371961237313e-04, 1.3846812444202001e+00,
       8.6654117840107348e-01, 1.1563951938442740e+00,
       7.8803038289312303e-04, 2.8333842996131124e-04,
       8.8495942756310433e-04, 1.3035253711079962e+00,
       8.1691837512142096e-01, 1.0474572103395337e+00,
       7.4024468687929675e-04, 2.9604578564249116e-04,
       8.6151634081147474e-04, 1.2507680694067551e+00,
       7.8206585411813268e-01, 9.8574217728309832e-01,
       7.1852363234208429e-04, 2.8919591341564001e-04,
       8.7431308950109018e-04, 1.2545002286021636e+00,
       7.9029244459784997e-01, 1.0334611834674554e+00,
       7.1479670751170294e-04, 2.8987607749159994e-04,
       8.8374155993559513e-04, 1.2593265543746595e+00,
       7.9536694206851477e-01, 1.0577940350013859e+00,
       6.9792735278315175e-04, 2.9204945893993381e-04,
       8.6808065214402262e-04, 1.2572505416362416e+00,
       7.9675579894739523e-01, 1.0692393033905019e+00,
       6.6456483165726311e-04, 2.8969973326149881e-04,
       8.3939292070828078e-04, 1.2640532153243496e+00,
       8.0490401248161536e-01, 1.1138747812569858e+00,
       6.6505298539449057e-04, 2.9610381183784400e-04,
       8.3150919937006887e-04, 1.2737064924547659e+00,
       8.1292729354734861e-01, 1.1287133046961966e+00,
       6.0750087784609548e-04, 2.8354475608349707e-04,
       8.1200439238554491e-04, 1.2697862128960207e+00,
       8.0649045979904366e-01, 1.0782736284881260e+00,
       6.1278477715499932e-04, 2.8139359362921637e-04,
       8.1420901396234916e-04, 1.2711140779553347e+00,
       8.0469155596403574e-01, 1.0722801803818256e+00,
       6.1707241318812453e-04, 2.8351592801139871e-04,
       8.0673162440218012e-04, 1.2760391215042080e+00,
       8.0471844537172432e-01, 1.0558773750417323e+00,
       6.1356677252256075e-04, 2.7706540218230325e-04,
       7.9626246574280072e-04, 1.2741233819293012e+00,
       8.0154914719860126e-01, 1.0275978440360491e+00,
       7.6494659358860521e-04, 2.8343050027143776e-04,
       8.8544225536316330e-04, 1.2841234000091957e+00,
       8.0873807333749048e-01, 1.0650070440142618e+00,
       7.8658758370871835e-04, 2.7665702654263802e-04,
       8.7438852923064458e-04, 1.2951285616868622e+00,
       8.1379399402192887e-01, 1.0491145548323018e+00,
       8.1902398360829789e-04, 2.7138759393610873e-04,
       8.5355770203445847e-04, 1.3262892942211686e+00,
       8.3148866430676061e-01, 1.0490262724675039e+00,
       8.6842564131336801e-04, 2.8872482286456416e-04,
       9.2396310046272058e-04, 1.3187400796175826e+00,
       8.2856119705645548e-01, 1.0746285628444570e+00,
       8.7386177808855027e-04, 3.0275228859353892e-04,
       9.6402662021960548e-04, 1.3284566416618331e+00,
       8.3580389874037264e-01, 1.1096183829770112e+00,
       8.6602875722379704e-04, 3.1309554328957440e-04,
       1.0036025785144305e-03, 1.3346436358551488e+00,
       8.4237277029819624e-01, 1.1459181922176416e+00,
       9.2802094230175138e-04, 3.3517940867606647e-04,
       1.0162083293381457e-03, 1.3293609956518497e+00,
       8.4371115051546397e-01, 1.2172940056585477e+00,
       1.0154007648398864e-03, 3.2928238555421689e-04,
       1.0654321948093323e-03, 1.3181988559718385e+00,
       8.4672710182657651e-01, 1.2918968525394452e+00,
       9.9410053204991599e-04, 3.2980425318155271e-04,
       1.0623056084996469e-03, 1.3224889393852113e+00,
       8.5761850367759507e-01, 1.3019827600536285e+00,
       9.1799174468249714e-04, 3.2234121449244526e-04,
       1.0303743058200402e-03, 1.3258805481343015e+00,
       8.5100644284828364e-01, 1.2629026357425879e+00,
       8.5412972246106994e-04, 3.1551008801224974e-04,
       1.0017833127644845e-03, 1.3209374787931969e+00,
       8.4171713991783992e-01, 1.2127737506181868e+00,
       7.8748105201315087e-04, 3.0551833796906643e-04,
       9.7279942544287157e-04, 1.3242080142324464e+00,
       8.3889751564346626e-01, 1.1468974047383851e+00,
       7.9713965779353122e-04, 3.0463156628038411e-04,
       9.4941878410653409e-04, 1.3273831151069986e+00,
       8.3660671740758030e-01, 1.1247473656501359e+00,
       7.9479448771384656e-04, 2.9362682104074696e-04,
       9.1291394823329896e-04, 1.3218524715452735e+00,
       8.3166841790923407e-01, 1.1080951260955763e+00,
       7.6567628099524288e-04, 2.7708668400674172e-04,
       8.8002092305550250e-04, 1.2894894855893384e+00,
       8.1117978673587232e-01, 1.0414972360418671e+00,
       7.4502751428179791e-04, 2.8758970389632294e-04,
       9.0696659280465860e-04, 1.2060891276251093e+00,
       7.6091651151088802e-01, 9.8002083957137942e-01,
       7.1604252550207270e-04, 2.9337649827704168e-04,
       9.2582722081352182e-04, 1.1776569803987245e+00,
       7.4536469250485249e-01, 9.6801988030582564e-01,
       6.5401016815117192e-04, 2.6698424775161388e-04,
       8.6984159492215559e-04, 1.1167388529030384e+00,
       7.0686015385997469e-01, 8.8278838480645649e-01,
       7.4360965956538441e-04, 2.7721755747322981e-04,
       9.1103891355719016e-04, 1.0798885020735560e+00,
       6.8640116326677980e-01, 8.8702198281872713e-01,
       6.7949716704022067e-04, 2.7134723072942945e-04,
       9.2685189284917536e-04, 1.0383503996895895e+00,
       6.5739309465000528e-01, 7.9211504059596383e-01,
       7.0952899028208492e-04, 2.5974281238073222e-04,
       8.9342853722469511e-04, 1.0061345278961762e+00,
       6.3831292840588705e-01, 7.6720323450928785e-01,
       7.3590183643415118e-04, 2.4200519466395132e-04,
       8.2229269861987264e-04, 9.8695342283673493e-01,
