%YAML:1.0
---
summary: "Filter by distance, md=200, ds=50."
init_cam_calib: C99-1010_3p_3
camera_matrix: !!opencv-matrix
   rows: 3
   cols: 3
   dt: d
   data: [ 2.5637530943792112e+03, 0., 1.8748038083504262e+03, 0.,
       2.5640334693626828e+03, 1.0881812954947479e+03, 0., 0., 1. ]
dist_coeff: !!opencv-matrix
   rows: 5
   cols: 1
   dt: d
   data: [ 2.2926979259649038e-02, -6.2300553515400516e-02,
       2.1243742727413987e-04, -1.6953536827054886e-03,
       5.7052523597284181e-02 ]
std_intrinsics: !!opencv-matrix
   rows: 18
   cols: 1
   dt: d
   data: [ 4.3785503609313081e-01, 4.0850181317728651e-01,
       8.0071370487294224e-01, 4.9310355909356046e-01,
       8.1956959649914925e-04, 2.9437777525953409e-03,
       6.1121111777828719e-05, 1.0972497074278400e-04,
       3.0802228748806502e-03, 0., 0., 0., 0., 0., 0., 0., 0., 0. ]
std_extrinsics: !!opencv-matrix
   rows: 1332
   cols: 1
   dt: d
   data: [ 7.1753331555782793e-04, 2.6379080142452849e-04,
       7.8283803681079085e-04, 1.0746037562501012e+00,
       6.8058750757493647e-01, 9.1328564895339470e-01,
       7.1912212573752715e-04, 2.6444818483314171e-04,
       7.9266646118188384e-04, 1.0808741860646836e+00,
       6.8512974234053914e-01, 9.2742724245713815e-01,
       7.1865081239188763e-04, 2.5575984160625077e-04,
       7.7279794888758448e-04, 1.0829984831804433e+00,
       6.8408180056342405e-01, 8.8816040597619439e-01,
       7.1163883687570784e-04, 2.5593294445800773e-04,
       7.7877259077650709e-04, 1.0634697182585833e+00,
       6.7489151712152906e-01, 9.0666168345724718e-01,
       7.1792234476367764e-04, 2.6786250256781392e-04,
       7.9901600817730318e-04, 1.0631557979354009e+00,
       6.7446467745126082e-01, 9.1848613093205100e-01,
       7.2342807194211332e-04, 2.9582422518934138e-04,
       8.3643465344864713e-04, 1.0925848513558443e+00,
       6.9149918061919080e-01, 9.6057666138606790e-01,
       7.7200693323808533e-04, 2.9339128470918775e-04,
       8.6953288478557695e-04, 1.1448522886143910e+00,
       7.2497194288024513e-01, 1.0210703738504834e+00,
       8.0282370186942308e-04, 2.9092499762792691e-04,
       8.6479525266459890e-04, 1.1773127288624545e+00,
       7.4405595043045258e-01, 1.0324899251399056e+00,
       8.4180695662009451e-04, 3.2264397513292396e-04,
       9.0317575743470197e-04, 1.2390623183140448e+00,
       7.8193750211077984e-01, 1.1324244706423898e+00,
       9.0711454657674793e-04, 3.2705287693187676e-04,
       9.6654811178460600e-04, 1.2980399565866771e+00,
       8.2198605965580940e-01, 1.2441592591212998e+00,
       9.6313993962749236e-04, 3.3576762794399281e-04,
       1.0332388131964953e-03, 1.3473757036867766e+00,
       8.5373417399745510e-01, 1.3316717985108550e+00,
       9.2402341495256965e-04, 3.4138235254830852e-04,
       9.8879225234553233e-04, 1.3107024201469508e+00,
       8.2827350891273277e-01, 1.2564154460585584e+00,
       8.6041457659710014e-04, 3.3457266491671722e-04,
       9.2306343853190264e-04, 1.2589854818610213e+00,
       7.9379938872330358e-01, 1.1618497766309506e+00,
       8.0201835322838008e-04, 3.1246557830382269e-04,
       8.7034300726951278e-04, 1.1912906344890981e+00,
       7.5169737091817967e-01, 1.0668763807313670e+00,
       7.7012474795527385e-04, 3.0360671671216601e-04,
       8.6769365227769670e-04, 1.1562316014780165e+00,
       7.3196281158177312e-01, 1.0446247716522841e+00,
       7.5944313631014031e-04, 2.8415453859719430e-04,
       8.3856462174637647e-04, 1.1284857817346219e+00,
       7.1474705512796965e-01, 9.9732057144120823e-01,
       7.1380402809378724e-04, 2.8428572947959707e-04,
       8.0028682537681181e-04, 1.0687140939097970e+00,
       6.7500090504852173e-01, 9.1086429554962434e-01,
       7.0334298199526302e-04, 2.8186056235445075e-04,
       8.0942336728574856e-04, 1.0723216792658645e+00,
       6.8069616289475732e-01, 9.4195887911709431e-01,
       6.9152532532406599e-04, 2.7820219586164273e-04,
       8.2159687341583777e-04, 1.0691122911741915e+00,
       6.8140446717923209e-01, 9.6675635748044686e-01,
       6.8221226581527948e-04, 2.8020575354436537e-04,
       8.2398194752688226e-04, 1.0705618352852673e+00,
       6.8371546615715639e-01, 9.7109068208622196e-01,
       6.7034668627066816e-04, 2.8302077622947781e-04,
       8.0752895450425782e-04, 1.0726235866627183e+00,
       6.8691521983697834e-01, 9.9126380901493882e-01,
       6.3381667578103187e-04, 2.7810565764461878e-04,
       7.7411234721541601e-04, 1.0737824294339322e+00,
       6.9063758461280012e-01, 1.0233166514258520e+00,
       6.3963485780122874e-04, 2.8369630192262812e-04,
       7.7277622988258376e-04, 1.0821452826490325e+00,
       6.9754501463088325e-01, 1.0379611281496275e+00,
       5.7822378623703337e-04, 2.7183856147925940e-04,
       7.4682493508335948e-04, 1.0782287509448887e+00,
       6.9168720167917241e-01, 9.8770595864489463e-01,
       5.8042358090181151e-04, 2.6940565937334137e-04,
       7.4484104775272646e-04, 1.0783143700994793e+00,
       6.8958123322471865e-01, 9.8091313606853048e-01,
       5.8891918836639012e-04, 2.7274374597950770e-04,
       7.4361313734376186e-04, 1.0831836337223646e+00,
       6.9042000627715827e-01, 9.6836505281661012e-01,
       5.8419640893773344e-04, 2.6904134939306144e-04,
       7.3430228704769653e-04, 1.0826390023998935e+00,
       6.8886144490055312e-01, 9.4841685390903852e-01,
       7.1641377545399838e-04, 2.7704904357583871e-04,
       8.2039383639426948e-04, 1.0869361256266670e+00,
       6.9176176717592908e-01, 9.7099897635801435e-01,
       7.3191761802047432e-04, 2.7268986549524102e-04,
       8.1588852744341497e-04, 1.0905683943687705e+00,
       6.9353034853005646e-01, 9.7626179368451504e-01,
       7.4823557395196352e-04, 2.6641122724552853e-04,
       8.0621947987593874e-04, 1.0980413539267662e+00,
       6.9713872006260491e-01, 9.6037311413583859e-01,
       7.8476114319366420e-04, 2.6114694520404705e-04,
       7.8857891965401110e-04, 1.1258319145768767e+00,
       7.1299555232030520e-01, 9.5723016021042828e-01,
       7.8822078060232666e-04, 2.5448605174159587e-04,
       7.7271313055512548e-04, 1.1180078656863226e+00,
       7.0810071947383957e-01, 9.4036066625936576e-01,
       8.1203453721924099e-04, 2.6585715460170631e-04,
       8.0867361657649731e-04, 1.1139146740510113e+00,
       7.0595412423471260e-01, 9.5327440534428720e-01,
       8.1973095279256399e-04, 2.7481963976585416e-04,
       8.3548293560146492e-04, 1.1158374031884866e+00,
       7.0780499112882655e-01, 9.7726873437301809e-01,
       8.4092594594657288e-04, 2.8770959055470521e-04,
       8.8913033695391878e-04, 1.1264335408172115e+00,
       7.1519150515837038e-01, 1.0136232043038467e+00,
       8.3696646854101563e-04, 2.9678607805309442e-04,
       9.1627494149071191e-04, 1.1369096336675573e+00,
       7.2383809793201837e-01, 1.0394700604687572e+00,
       8.6911050968949155e-04, 3.0945144088818938e-04,
       9.6006938253394996e-04, 1.1273480452966795e+00,
       7.2071970109066230e-01, 1.0972027876065067e+00,
       8.9027934212387730e-04, 3.2304134621190776e-04,
       9.4984664720368774e-04, 1.1297130326353253e+00,
       7.2461236988149191e-01, 1.1256105736617139e+00,
       9.2864017496535882e-04, 3.1709310766572996e-04,
       9.7749301754789268e-04, 1.1259384671109209e+00,
       7.2773080573221238e-01, 1.1758914905998830e+00,
       9.9938661619431660e-04, 3.1845341055715523e-04,
       1.0039291152062672e-03, 1.1270301384011083e+00,
       7.3746912486231220e-01, 1.2156597194770982e+00,
       8.7108658340060037e-04, 3.0876381340013212e-04,
       9.5132529112196805e-04, 1.1247702793151926e+00,
       7.2823871618160563e-01, 1.1603143481185298e+00,
       8.1923180223919968e-04, 3.0180066815675591e-04,
       9.3386192842452684e-04, 1.1239138024834023e+00,
       7.2307110031483757e-01, 1.1124700883024359e+00,
       7.4705241739670119e-04, 2.9377729828767462e-04,
       8.9953011259032492e-04, 1.1228867705339496e+00,
