%YAML:1.0
---
summary: "Filter by time, rd=15, rs=0."
init_cam_calib: C99-1010_3p_3
camera_matrix: !!opencv-matrix
   rows: 3
   cols: 3
   dt: d
   data: [ 2.5643942735708392e+03, 0., 1.8754192299406348e+03, 0.,
       2.5642368579149029e+03, 1.0888469987177734e+03, 0., 0., 1. ]
dist_coeff: !!opencv-matrix
   rows: 5
   cols: 1
   dt: d
   data: [ 2.2817561601658268e-02, -6.1131239794929959e-02,
       1.1009098242904303e-05, -1.6067643713466426e-03,
       5.5766978249983529e-02 ]
rvec: !!opencv-matrix
   rows: 176
   cols: 3
   dt: d
   data: [ -3.0537030538808634e+00, 2.6339822261403502e-02,
       -1.5116522403506171e-02, -3.0526474560302352e+00,
       1.5423484198049245e-02, 3.6605532877226669e-02,
       -3.0241142987727803e+00, -6.9236046617701386e-03,
       -5.3036803061203078e-03, -3.0252591438177010e+00,
       5.9673706716904102e-04, 2.4902267530878291e-02,
       -3.0309921214319631e+00, 4.2588374142794169e-03,
       2.7281403484707076e-02, -3.0211844529823964e+00,
       7.6909692222945974e-03, 2.9192757548868659e-02,
       -3.0435787994797421e+00, 2.6078784443619735e-02,
       4.4683695395420081e-02, -3.0434935312271909e+00,
       3.5991091996564979e-02, 3.9150807084121907e-02,
       -3.0482636048652707e+00, 4.4762089183653653e-02,
       3.5963177842231325e-02, -3.0558648183319259e+00,
       2.8047578174458569e-02, 5.0584245809465619e-02,
       -3.0923445124732991e+00, 2.6817619504333551e-02,
       -2.5806146731567708e-02, -3.1100058602439367e+00,
       2.2266995904630191e-02, -1.4336856641963286e-01,
       -3.0897733850934279e+00, -1.4803472142387185e-02,
       -3.5732805107931982e-02, -3.0733969665037342e+00,
       1.7181288965132806e-02, -6.2579009004794572e-02,
       -3.0594694185055462e+00, 4.1790398808167255e-02,
       -1.2171550245265148e-01, -3.0613587117845809e+00,
       2.0870638332783312e-02, -6.3380828608566836e-02,
       -3.0736805265605995e+00, 8.8120452747820297e-03,
       -1.4791051724720812e-02, -3.0868371531983305e+00,
       2.4149449738703765e-02, -2.7264366531918192e-02,
       -3.0934632912250852e+00, 2.4284539562876958e-02,
       -2.8127211419394487e-02, -3.0828293820304524e+00,
       3.2385190681812295e-02, -2.0211587671591508e-02,
       -3.0942874576593131e+00, 8.1786207606119640e-02,
       -8.5969955227886877e-02, -3.0695092078731641e+00,
       7.0367299932977689e-02, -1.3914205422614892e-01,
       -3.0941851392623660e+00, 2.2655745888777924e-02,
       -3.6269397871449782e-02, -3.0766746956580429e+00,
       4.5017595594945128e-02, -1.1104234005963444e-01,
       -3.0856872168599216e+00, 6.1070395433287537e-02,
       -1.2723193712468189e-01, -3.0662710860003575e+00,
       -1.0443131353880288e-02, 6.7911241851067006e-02,
       -3.1186667932045191e+00, 4.5309051016610216e-02,
       -5.1836252676934327e-02, 3.0399382475007970e+00,
       4.6695064623695666e-03, 2.5673570622280730e-02,
       2.9828883392728098e+00, -1.9444916105900645e-02,
       -2.9139704374088526e-02, 2.9176782500966034e+00,
       -4.6309939497094006e-02, 2.6478634689037529e-02,
       2.9458650034210829e+00, -3.0452774959983355e-02,
       -2.2335710203656073e-02, 2.9772077457647375e+00,
       -4.3732015822356543e-02, -1.6230161564834051e-02,
       2.9761284479836809e+00, -4.7970103144522401e-02,
       -2.7988454353689633e-02, 2.9760141084094260e+00,
       -4.2412046157570694e-02, -2.8931883524459242e-02,
       2.9904288502417580e+00, -2.5258957198999402e-02,
       -2.0560867790628289e-03, 3.0383094570412665e+00,
       -3.5475941506514119e-02, 4.3557650956194847e-03,
       3.0530378001007992e+00, -3.8051471672294557e-02,
       1.6782149957983675e-03, 3.0504935502633157e+00,
       -2.8355152115077737e-02, 3.8611720334819914e-03,
       3.0812788676993774e+00, -3.8457331235817571e-02,
       2.8982372314686550e-02, 3.1311075152599210e+00,
       -5.2384836298822339e-02, -4.0981563411273056e-02,
       -3.0597048029191387e+00, -2.5323554801364244e-02,
       -1.5118138265422553e-02, -3.0293054040149938e+00,
       3.8295485777496197e-03, 1.0391316609901977e-03,
       -2.9599788834147378e+00, 7.5801617816423666e-02,
       3.5117790572787771e-02, -2.9779437680362517e+00,
       -1.0258819924480245e-02, -3.7058371303028319e-03,
       -3.0416156443044780e+00, -4.7409522029023633e-02,
       -3.9415256001980620e-02, -3.0547766770526597e+00,
       -5.8669133424174576e-02, -4.2651428953879862e-02,
       -3.0418999176159334e+00, -6.3424183124599451e-02,
       -2.8409054849381186e-02, -3.0584659281860618e+00,
       -6.4741372126576172e-02, -1.2392488888166978e-02,
       -3.0605107559652565e+00, -1.0526774573181177e-01,
       -2.9222767470086321e-02, 3.0034063282045609e+00,
       -8.9745753147539974e-03, -8.4408419759124359e-02,
       3.0868398553734933e+00, -3.4611234865286805e-02,
       -7.2766999688329448e-02, 3.1239192853239097e+00,
       9.3146827002725668e-03, -9.2829320481209628e-03,
       -3.1072464855940445e+00, 3.1152623503643314e-03,
       -9.1177001676939903e-05, -3.0828577349065598e+00,
       2.1814244639847036e-02, 1.3809671857824071e-02,
       -3.0641434956010083e+00, -1.7276935379265675e-02,
       1.0255761590001533e-01, -3.1243225266742960e+00,
       8.1563260906910046e-02, 1.2989264551570645e-01,
       3.1179484148140020e+00, -1.0968305756352825e-01,
       -9.0963407466081544e-02, 3.1071262001535485e+00,
       -1.2991784589664224e-01, -2.3242184010965136e-01,
       3.0839736641139814e+00, -2.5557892280050020e-02,
       -1.5787434128465230e-01, 3.0949073434674652e+00,
       9.7992818322209505e-02, -1.8867906283395280e-01,
       3.0507599985054257e+00, 6.1139676894068670e-02,
       -4.6064625386733726e-01, 3.0583705732511803e+00,
       6.5407267585688197e-02, -5.6124588587373025e-01,
       -2.9813151560966840e+00, -5.0889331408693367e-02,
       8.7869297285011505e-01, -2.9392223440788556e+00,
       -5.8999108056254398e-02, 9.2753794092753516e-01,
       -2.8922629282593939e+00, -8.8302549371401862e-02,
       1.0439634560706252e+00, -2.8842664128465931e+00,
       -9.2215558987190374e-02, 1.0797876853680970e+00,
       -2.9419636483926537e+00, 2.2895221740864936e-02,
       9.3697447598765138e-01, -2.9362996710422014e+00,
       -4.7415195360589142e-02, 9.6100697486906894e-01,
       -2.9309383710897801e+00, -7.2223735944255796e-02,
       9.7769991746519591e-01, -2.9648479393655132e+00,
       -3.8145738158886180e-02, 8.1910051447580479e-01,
       -2.9191050605685449e+00, -7.4518569836919304e-02,
       9.1816542334620344e-01, -2.9007482123986206e+00,
       -7.5692517813587545e-02, 8.5781827831553936e-01,
       -2.9223800302290539e+00, -7.6161669204528507e-02,
       8.1076587558211177e-01, -2.9366140370376814e+00,
       -9.0491469796180349e-02, 8.1102385153654444e-01,
       2.8826321118526144e+00, -3.4894415749245823e-02,
       -8.1378234203100763e-01, 3.0050987541909038e+00,
       -1.4802943836516201e-02, -8.0536228428080070e-01,
       2.9995489634935817e+00, -1.6612083697842089e-02,
       -8.5611149064128433e-01, 2.9931781724797308e+00,
       -1.2001120732930774e-02, -8.7485979569697747e-01,
       3.0118514691330724e+00, -5.6430891984823276e-04,
       -8.6165412709245126e-01, 2.9974237464500630e+00,
       -9.9188542371975493e-03, -8.3501151480953451e-01,
       2.9884790340243712e+00, -8.1026396519651746e-03,
       -8.8436782370608324e-01, -2.9945967084736860e+00,
       -3.3436896845800618e-02, 8.7766711833120337e-01,
       -2.9535843777547162e+00, -6.2867643208665738e-02,
       8.7850620132151902e-01, -3.0001894657289485e+00,
       -8.1044735447526189e-02, 8.5673413852733837e-01,
       -2.8946267933547323e+00, -1.0702955095353731e-01,
       9.5796820665352045e-01, -2.7672635362955949e+00,
       -5.8413869214129562e-02, 9.7891200846113269e-01,
       -2.8849579558770602e+00, -8.4217512255721286e-02,
       8.8497255636376104e-01, 2.9865496835468619e+00,
       8.8476254958496259e-02, -8.9565572412889649e-01,
