%YAML:1.0
---
summary: "Filter by distance, md=250, ds=125."
init_cam_calib: C99-1010_3p_3
camera_matrix: !!opencv-matrix
   rows: 3
   cols: 3
   dt: d
   data: [ 2.5620698580806634e+03, 0., 1.8740255011623817e+03, 0.,
       2.5610191759854551e+03, 1.0844133585411678e+03, 0., 0., 1. ]
dist_coeff: !!opencv-matrix
   rows: 5
   cols: 1
   dt: d
   data: [ 2.3242596977618400e-02, -6.6314319013098713e-02,
       -3.6031570337294457e-04, -1.6137665275613711e-03,
       6.1312294052817802e-02 ]
std_intrinsics: !!opencv-matrix
   rows: 18
   cols: 1
   dt: d
   data: [ 5.1948894639038767e-01, 4.8298120413722401e-01,
       9.4034437038042251e-01, 5.7628118545003193e-01,
       9.7346271999063214e-04, 3.5426018078916761e-03,
       7.1147436085350219e-05, 1.2840379585286641e-04,
       3.7564322355825479e-03, 0., 0., 0., 0., 0., 0., 0., 0., 0. ]
std_extrinsics: !!opencv-matrix
   rows: 1044
   cols: 1
   dt: d
   data: [ 7.4861965119655410e-04, 2.7345768883401214e-04,
       8.4659678417276071e-04, 1.2560641997662856e+00,
       7.8779608384331923e-01, 9.9733091371930371e-01,
       7.4964593546339019e-04, 2.6511016365998811e-04,
       8.3570661576442336e-04, 1.2660561777413932e+00,
       7.9189437661891493e-01, 9.7291814879792249e-01,
       7.4266543934212159e-04, 2.6789016833553817e-04,
       8.4340459047799632e-04, 1.2388071544595201e+00,
       7.7869082006744894e-01, 9.9100589781312898e-01,
       7.6172539857095368e-04, 3.0129680770969069e-04,
       9.0102413173929932e-04, 1.2567491884752604e+00,
       7.8823054235443957e-01, 1.0281155930534580e+00,
       8.0499342657881605e-04, 3.0194253303089549e-04,
       9.2540535586810085e-04, 1.3390537753094103e+00,
       8.3996055441919559e-01, 1.1089855680521530e+00,
       8.6953265083098037e-04, 3.2517130609932527e-04,
       9.6286995221786824e-04, 1.4282624914464026e+00,
       8.9284729366542093e-01, 1.1927430126764964e+00,
       9.3408393154120154e-04, 3.4113125232498182e-04,
       1.0248170292240487e-03, 1.5130529228253089e+00,
       9.4795915735702396e-01, 1.3360737501734534e+00,
       9.9958385923262414e-04, 3.5407167985887587e-04,
       1.1007813889825524e-03, 1.5815346366039418e+00,
       9.9167907284274170e-01, 1.4452189790106094e+00,
       9.3733572147093429e-04, 3.5735836892250203e-04,
       1.0361165226446028e-03, 1.5172017745276778e+00,
       9.4907440664789877e-01, 1.3297533901146636e+00,
       8.9576198455102764e-04, 3.4667263772975346e-04,
       9.8591496410697661e-04, 1.4714732332105402e+00,
       9.1901588780111565e-01, 1.2573372274969223e+00,
       8.3873496997220211e-04, 3.1711952779712261e-04,
       9.4406256065478244e-04, 1.3739572564111993e+00,
       8.6041344639387585e-01, 1.1526254813607049e+00,
       7.8665699430878705e-04, 2.8290167196513155e-04,
       8.8159594967362879e-04, 1.2934050970370592e+00,
       8.1111992733801896e-01, 1.0439772664656741e+00,
       7.3896212302358016e-04, 2.9557751615610976e-04,
       8.5797668948510138e-04, 1.2411148617005676e+00,
       7.7653132381188095e-01, 9.8211015492770692e-01,
       7.1719096067517486e-04, 2.8874639929770687e-04,
       8.7087748602642315e-04, 1.2447716928151102e+00,
       7.8470549659737787e-01, 1.0300763384262706e+00,
       7.1340353207081768e-04, 2.8944291049511572e-04,
       8.8044013714112161e-04, 1.2495757443962172e+00,
       7.8977044588233958e-01, 1.0543325608313314e+00,
       6.9654553031134466e-04, 2.9160111431549278e-04,
       8.6484551626746914e-04, 1.2475270111279766e+00,
       7.9119039150011150e-01, 1.0657165820118437e+00,
       6.6320602306766286e-04, 2.8921969392609834e-04,
       8.3623104883020355e-04, 1.2542952761014632e+00,
       7.9930040187449736e-01, 1.1102953576550691e+00,
       6.6369270551977391e-04, 2.9559749313139990e-04,
       8.2838051142321452e-04, 1.2638747316204775e+00,
       8.0731555190293769e-01, 1.1250409541625317e+00,
       6.0618608413145450e-04, 2.8305464198480291e-04,
       8.0882668600953706e-04, 1.2599630616707693e+00,
       8.0085344135235492e-01, 1.0747205921498446e+00,
       6.1146235967442415e-04, 2.8091546647655244e-04,
       8.1098039112488453e-04, 1.2612748443941977e+00,
       7.9902859509462909e-01, 1.0687716322232637e+00,
       6.1574112643457163e-04, 2.8303391606552040e-04,
       8.0342063493342290e-04, 1.2661397590832757e+00,
       7.9903046087077945e-01, 1.0524124636361833e+00,
       6.1223879763574703e-04, 2.7659477215041735e-04,
       7.9289851762426300e-04, 1.2642245826372132e+00,
       7.9586272430362093e-01, 1.0241979873397804e+00,
       7.6356730909379509e-04, 2.8300240188943224e-04,
       8.8210592420416090e-04, 1.2741663338738840e+00,
       8.0300741821696908e-01, 1.0615997373538015e+00,
       7.8518945481733759e-04, 2.7623644221781729e-04,
       8.7109412757390900e-04, 1.2850669710858085e+00,
       8.0801299115000091e-01, 1.0457302210001660e+00,
       8.1758995621105648e-04, 2.7097228110849186e-04,
       8.5037477024268722e-04, 1.3159772239353755e+00,
       8.2556197274650234e-01, 1.0456326723761100e+00,
       8.6694467231291077e-04, 2.8828792644705452e-04,
       9.2077348560917348e-04, 1.3085051184147669e+00,
       8.2269451256509152e-01, 1.0711999697048926e+00,
       8.7237806682670621e-04, 3.0230181252973533e-04,
       9.6081331449089397e-04, 1.3181615924971777e+00,
       8.2991630946996864e-01, 1.1060993663143097e+00,
       8.6453929655477856e-04, 3.1264095018523891e-04,
       1.0003452750021807e-03, 1.3243135594943354e+00,
       8.3647218408255264e-01, 1.1423366692125103e+00,
       9.2641322132587165e-04, 3.3468719121651405e-04,
       1.0130336566178840e-03, 1.3191090679831776e+00,
       8.3786979200824230e-01, 1.2136030255399755e+00,
       1.0137133632659358e-03, 3.2881685196846356e-04,
       1.0623124131518226e-03, 1.3081101882205706e+00,
       8.4097464487672291e-01, 1.2881255476904834e+00,
       9.9247056923621097e-04, 3.2935311043289921e-04,
       1.0592596348907367e-03, 1.3124173800375063e+00,
       8.5188618298682450e-01, 1.2980922364327854e+00,
       9.1643022841017617e-04, 3.2189544668668855e-04,
       1.0272825780618473e-03, 1.3157374424464081e+00,
       8.4520152116093261e-01, 1.2591052166529222e+00,
       8.5262132712796363e-04, 3.1507090598617495e-04,
       9.9863610083277357e-04, 1.3107942702082960e+00,
       8.3589153877095412e-01, 1.2090677554678559e+00,
       7.8602570794389674e-04, 3.0508930735278936e-04,
       9.6959852427012082e-04, 1.3139848243753773e+00,
       8.3302791078099847e-01, 1.1432881184945405e+00,
       7.9573936889123565e-04, 3.0417669516300314e-04,
       9.4608026192897631e-04, 1.3170965902147105e+00,
       8.3071440249155015e-01, 1.1211967167653853e+00,
       7.9339068610289557e-04, 2.9318363021484296e-04,
       9.0959206182737837e-04, 1.3115985989890948e+00,
       8.2578140803546574e-01, 1.1046094767348369e+00,
       7.6428243793248533e-04, 2.7667395074377024e-04,
       8.7673599963850935e-04, 1.2794842591760580e+00,
       8.0541213450539317e-01, 1.0381140981014709e+00,
       7.4366890714817858e-04, 2.8718091131046795e-04,
       9.0366593531098730e-04, 1.1967759777735416e+00,
       7.5552584176531823e-01, 9.7669459822712734e-01,
       7.1472517451457807e-04, 2.9295829765656645e-04,
       9.2246344719982512e-04, 1.1685798019833213e+00,
       7.4011200703783442e-01, 9.6469950012549210e-01,
       6.5272942169528373e-04, 2.6660600666507937e-04,
       8.6645617456171788e-04, 1.1081246706693157e+00,
       7.0189543945568145e-01, 8.7959336455271753e-01,
       7.4227007424659548e-04, 2.7684205375679667e-04,
       9.0770457657816191e-04, 1.0716248194857947e+00,
       6.8163573783396114e-01, 8.8385684750066762e-01,
       6.7826433864153109e-04, 2.7099823988219684e-04,
       9.2344363626775737e-04, 1.0304132451394685e+00,
       6.5281456771381374e-01, 7.8904839991508058e-01,
       7.0826302336902242e-04, 2.5939693712655779e-04,
       8.8982444807919310e-04, 9.9852956220408884e-01,
