%YAML:1.0
---
summary: "Filter by time and points, rd=20, rs=10, sp=5, sf=2."
init_cam_calib: C99-1010_3p_3
camera_matrix: !!opencv-matrix
   rows: 3
   cols: 3
   dt: d
   data: [ 2.5596303912424792e+03, 0., 1.8803030465095064e+03, 0.,
       2.5588233934230861e+03, 1.0893236040906697e+03, 0., 0., 1. ]
dist_coeff: !!opencv-matrix
   rows: 5
   cols: 1
   dt: d
   data: [ 2.3189573292026137e-02, -6.4566545414513704e-02,
       -1.8256261759309216e-04, -1.2066036830693521e-03,
       6.1541371966733274e-02 ]
rvec: !!opencv-matrix
   rows: 131
   cols: 3
   dt: d
   data: [ -3.0519339326483981e+00, 2.7440226386156192e-02,
       5.3998358587754966e-02, -3.0239947351137850e+00,
       -6.7592679913302776e-03, -6.2706269724577997e-03,
       -3.0258927556458253e+00, -1.8203863331426350e-03,
       2.4083948807455707e-02, -3.0240219027247597e+00,
       8.8721185277408528e-03, 2.6783828468208877e-02,
       -3.0452004306408340e+00, 2.6315680372983864e-02,
       4.2859053078137845e-02, -3.0433943713231044e+00,
       4.5924114151260680e-02, 2.8521518498652736e-02,
       -3.0521756841534415e+00, 3.7713293171237415e-02,
       4.7641404277412570e-02, -3.0891839676854409e+00,
       2.5880963146009340e-02, -2.6776618372654742e-02,
       -3.1234885605285143e+00, 2.3687417738569694e-02,
       -1.0587324996040125e-01, -3.0769165777685621e+00,
       5.6023053418838746e-03, -3.1778767061727657e-02,
       -3.0596329513375240e+00, 4.1817100698217161e-02,
       -1.2419659052891570e-01, -3.0692378996409322e+00,
       2.0628934282336140e-03, -4.9744421199184950e-02,
       -3.0822116361725733e+00, 2.3624521304924588e-02,
       -1.9615186971110560e-02, -3.0934283348126677e+00,
       2.4147512589971522e-02, -3.0053137732682717e-02,
       -3.0864961905480759e+00, 5.4470928002971347e-02,
       -2.2440989068135398e-02, -3.0825997901323468e+00,
       8.0157748921848279e-02, -1.3404892217537068e-01,
       -3.0934736678915185e+00, 2.2866950718040072e-02,
       -3.7856014359473056e-02, -3.0841210752250428e+00,
       7.5944994004979921e-02, -1.5129695407081623e-01,
       -3.0849594445421391e+00, 5.0452814289339972e-03,
       4.4276141721611817e-02, -3.1173374278264649e+00,
       4.4976174521144260e-02, -5.5552076988654671e-02,
       3.0103784122556729e+00, -6.7167211733795426e-03,
       3.4926712944373668e-02, 2.9315007922999197e+00,
       -2.0545039179815323e-02, -2.0245897697539244e-02,
       2.9466925867102018e+00, -3.0677494068763120e-02,
       -2.0475002160098187e-02, 2.9795523225115099e+00,
       -4.3704395385876532e-02, -6.6503633899285697e-03,
       2.9793016200508031e+00, -4.5443668769452647e-02,
       -2.4518030239745262e-02, 2.9903579729994112e+00,
       -2.5474229770292296e-02, 2.1761224161403090e-04,
       3.0526901000750555e+00, -4.0309170715086363e-02,
       -2.2240906182014230e-03, 3.0524190389308647e+00,
       -3.3047282003768323e-02, 4.0241200670291096e-03,
       3.0787638525425733e+00, -3.8456042631090856e-02,
       3.5078298698346042e-02, -3.1115539757515678e+00,
       2.5142104855366564e-02, 2.9571026780896213e-02,
       -3.0410122435534164e+00, -7.2309214149817481e-03,
       -3.4007325742831392e-02, -2.9606154499269031e+00,
       7.5754725967264777e-02, 3.4040509028336746e-02,
       -3.0191030030013506e+00, -3.6517354073259414e-02,
       -3.2195143237483903e-02, -3.0456011563293792e+00,
       -6.1024096839834563e-02, -4.0412108779281669e-02,
       -3.0423893380782001e+00, -6.3332002166932161e-02,
       -3.0832541930069662e-02, -3.0691331690985360e+00,
       -7.5199192381823710e-02, 6.3459653775192471e-03,
       3.0707520942384563e+00, 5.9370564375052330e-02,
       -1.4875267890457362e-02, 3.0869836666932180e+00,
       -3.3887746475744919e-02, -7.1307068940512794e-02,
       3.1373931678607248e+00, 8.6245139116339613e-03,
       6.2447065153743483e-03, -3.0861012870603899e+00,
       1.0997080724499723e-02, 7.6519163825800778e-03,
       -3.0624080070140076e+00, -1.8773913095398460e-02,
       9.9720403012589220e-02, -3.1261520143375985e+00,
       1.2344236474627056e-01, 1.3201572005928464e-01,
       3.0860813341924813e+00, -1.0605788590052882e-01,
       -2.2117772285371673e-01, 3.0865131787541835e+00,
       -2.5335240555316177e-02, -1.5725988243810907e-01,
       3.0778014754014382e+00, 1.0186049715971124e-01,
       -2.6798008993981670e-01, 3.0697772471445415e+00,
       5.2481222638466336e-02, -4.9430659232336738e-01,
       -2.9817604373999935e+00, -5.1034219210139939e-02,
       8.7539161976381763e-01, -2.9182779362079332e+00,
       -5.6754426008781902e-02, 9.4546148448711642e-01,
       -2.8649703986039947e+00, -7.4895625584070452e-02,
       1.0893894109835447e+00, -2.9425995607986470e+00,
       2.3430563815467431e-02, 9.3441659143620459e-01,
       -2.9370822150822415e+00, -6.5366343570571056e-02,
       9.9405354154362513e-01, -2.9588211265085262e+00,
       -5.0454272666614980e-02, 8.4508141485118393e-01,
       -2.9201398220385282e+00, -7.5240789211461323e-02,
       9.1539144864364785e-01, -2.9130607674169298e+00,
       -8.7411938420228957e-02, 8.1455980126759830e-01,
       -2.9700748900887075e+00, -6.5522152850121626e-02,
       7.9817982560209910e-01, 2.8842161769039198e+00,
       -3.5165515624092633e-02, -8.1144288929529229e-01,
       -3.0215333924071048e+00, 8.3170783326271275e-03,
       8.1374541828700031e-01, 2.9925813170025841e+00,
       -1.2557644913540335e-02, -8.6614952559322633e-01,
       3.0124382974944575e+00, -9.0973465055898964e-04,
       -8.5825527153103787e-01, 3.0100110200297334e+00,
       -7.0056449812043930e-03, -8.7794286794226173e-01,
       3.0083333490639066e+00, 2.7223118345106174e-02,
       -8.7049130935360164e-01, -2.9541139790766100e+00,
       -6.2857837420982263e-02, 8.7588672717529570e-01,
       -2.9954665175722295e+00, -1.0963547566187624e-01,
       8.8730925532004901e-01, -2.7955237747473243e+00,
       -9.7385952746352991e-02, 9.6887992528311906e-01,
       -2.8857142416847887e+00, -8.4360810134560260e-02,
       8.8217232194456907e-01, 2.9366262524005440e+00,
       5.9141759055973186e-02, -9.0052161405664832e-01,
       -3.0146903037929866e+00, -4.2930131197019855e-02,
       9.1759431043336148e-01, -2.9835792061284172e+00,
       -1.4425357131643874e-02, 8.6083018756031293e-01,
       -2.9514158119677023e+00, -6.2607605171016212e-02,
       1.0021122870235437e+00, 2.9085045819827005e+00,
       1.8107427435998580e-02, -1.1272319250825720e+00,
       -2.8299376951217021e+00, -6.4964884170595621e-02,
       1.2492217238914316e+00, 2.8219269624144236e+00,
       6.7163452283617864e-02, -1.3156437191718202e+00,
       2.7122783441126139e+00, 4.7551024271530795e-02,
       -1.5456417519232000e+00, 2.7040575270621914e+00,
       1.4230125214328711e-02, -1.5643840508130802e+00,
       -2.6438242820794660e+00, -1.0220822407360319e-01,
       1.6138263668320625e+00, -2.6438054461447851e+00,
       -6.0185582800109293e-02, 1.6051239269602333e+00,
       -2.6025066823448122e+00, 2.1854147510239008e-02,
       1.6290920858332427e+00, -2.6090753492949479e+00,
       -8.2103829566271311e-02, 1.5304897147966685e+00,
       -2.5688544278094718e+00, -7.8771078148762275e-02,
       1.6622890255333447e+00, 2.5620363511207573e+00,
       -1.5932690023072626e-02, -1.7122653907954515e+00,
       2.5637566245676195e+00, -1.1651922080364439e-01,
       -1.6871572541784612e+00, 2.6130671272518584e+00,
       -8.5243642206592647e-03, -1.6579378861146272e+00,
       2.6730201870723724e+00, 2.3645366496067653e-02,
       -1.5931730046465642e+00, 2.6259927030411125e+00,
       7.8853918234950790e-02, -1.5996957062983892e+00,
       2.8127215184108985e+00, -7.3904815556774693e-03,
       -1.3066165986181535e+00, 2.7775620658842142e+00,
       -3.8898284653162973e-02, -1.2960954394349022e+00,
       2.9398632095071018e+00, 1.0039799105792637e-02,
       -1.0240861248564208e+00, 2.8613731914432412e+00,
       -1.2139055867960748e-02, -1.0596986473379317e+00,
