%YAML:1.0
---
summary: "Filter by distance, md=200, ds=100."
init_cam_calib: C99-1010_3p_3
camera_matrix: !!opencv-matrix
   rows: 3
   cols: 3
   dt: d
   data: [ 2.5625787110863143e+03, 0., 1.8748377024303190e+03, 0.,
       2.5632042606895552e+03, 1.0878022011420007e+03, 0., 0., 1. ]
dist_coeff: !!opencv-matrix
   rows: 5
   cols: 1
   dt: d
   data: [ 2.2804797178456994e-02, -6.2607316052523801e-02,
       1.3188499843290257e-04, -1.6843845035493445e-03,
       5.7563902712919189e-02 ]
std_intrinsics: !!opencv-matrix
   rows: 18
   cols: 1
   dt: d
   data: [ 4.3599033609478899e-01, 4.0649645082623281e-01,
       7.9781370033679411e-01, 4.9128406400070257e-01,
       8.1545505117952414e-04, 2.9260004673612762e-03,
       6.0896126677118618e-05, 1.0931436695372049e-04,
       3.0587465352663987e-03, 0., 0., 0., 0., 0., 0., 0., 0., 0. ]
std_extrinsics: !!opencv-matrix
   rows: 1326
   cols: 1
   dt: d
   data: [ 7.1245193442800265e-04, 2.6193701015801224e-04,
       7.7811797655637043e-04, 1.0706024756576324e+00,
       6.7783311819250203e-01, 9.0752112060397383e-01,
       7.1354686401566177e-04, 2.5396060789182256e-04,
       7.6813245834118449e-04, 1.0789806243742566e+00,
       6.8132266715993151e-01, 8.8260329773476909e-01,
       7.0658255866675129e-04, 2.5413662975431632e-04,
       7.7405727633649295e-04, 1.0595029770810815e+00,
       6.7216440395427213e-01, 9.0094624711829974e-01,
       7.1284066297497685e-04, 2.6598247636449408e-04,
       7.9417275261582947e-04, 1.0591862851399103e+00,
       6.7173394874641812e-01, 9.1267376833766933e-01,
       7.1831584684606687e-04, 2.9375307016915061e-04,
       8.3133877825012780e-04, 1.0884931638361737e+00,
       6.8868928000386298e-01, 9.5449952005862715e-01,
       7.6652419683900374e-04, 2.9133390481292035e-04,
       8.6413150030357772e-04, 1.1405866371340583e+00,
       7.2203390784604393e-01, 1.0145077265347102e+00,
       7.9711252195356934e-04, 2.8888162171174394e-04,
       8.5939858352111070e-04, 1.1729460498197513e+00,
       7.4104979295140561e-01, 1.0258405367464449e+00,
       8.3579692716776810e-04, 3.2038075540264180e-04,
       8.9748577105401529e-04, 1.2344536156585755e+00,
       7.7876041146172958e-01, 1.1250794867978491e+00,
       9.0061930374917953e-04, 3.2475587441007996e-04,
       9.6033603738328093e-04, 1.2932134252824086e+00,
       8.1863464009368903e-01, 1.2359594437210668e+00,
       9.5622210378854553e-04, 3.3340895524350381e-04,
       1.0264891081117528e-03, 1.3423635890336412e+00,
       8.5025577499571114e-01, 1.3228210868424055e+00,
       9.1739193133826111e-04, 3.3898662649257304e-04,
       9.8239444465360380e-04, 1.3058309933621417e+00,
       8.2491067453951195e-01, 1.2481306092673485e+00,
       8.5425443006075040e-04, 3.3222687148633191e-04,
       9.1720903018077226e-04, 1.2542980466376141e+00,
       7.9057467565215278e-01, 1.1543005944522993e+00,
       7.9630410861362229e-04, 3.1027442507137857e-04,
       8.6492328785367793e-04, 1.1868584834586109e+00,
       7.4864922732947092e-01, 1.0600040915978284e+00,
       7.6465417026506867e-04, 3.0147903091923338e-04,
       8.6231408692683312e-04, 1.1519215015147257e+00,
       7.2899313042287806e-01, 1.0378870436090490e+00,
       7.5404938421003165e-04, 2.8216044634041027e-04,
       8.3340150701417381e-04, 1.1242819724451980e+00,
       7.1185074668840853e-01, 9.9092765619893231e-01,
       7.0874706960084215e-04, 2.8229261456315814e-04,
       7.9547343636890313e-04, 1.0647131166259558e+00,
       6.7226176396715009e-01, 9.0517373411651447e-01,
       6.9838468258902277e-04, 2.7988658553365110e-04,
       8.0453239682859922e-04, 1.0683154188358095e+00,
       6.7793509328885115e-01, 9.3596623801044632e-01,
       6.8664627073564100e-04, 2.7621326164747580e-04,
       8.1646077534021149e-04, 1.0650974362678116e+00,
       6.7863305626956039e-01, 9.6058423540887639e-01,
       6.7740535655606122e-04, 2.7820457334532369e-04,
       8.1880563361767409e-04, 1.0665366782218095e+00,
       6.8092307845689470e-01, 9.6489541008277768e-01,
       6.6562553898474929e-04, 2.8100592276561508e-04,
       8.0246283136958937e-04, 1.0685813135341358e+00,
       6.8409610402362131e-01, 9.8492086077808705e-01,
       6.2936011559023924e-04, 2.7614688629457333e-04,
       7.6928885511113080e-04, 1.0697137953931963e+00,
       6.8779562635449110e-01, 1.0167364504454912e+00,
       6.3513489514908418e-04, 2.8170479413156793e-04,
       7.6794916380830576e-04, 1.0780459598108807e+00,
       6.9465579538999433e-01, 1.0312773625926843e+00,
       5.7419971169195250e-04, 2.6993739768775771e-04,
       7.4224314957423447e-04, 1.0741648535367514e+00,
       6.8885490272393435e-01, 9.8140009702357445e-01,
       5.7638044231620833e-04, 2.6751709396404303e-04,
       7.4028862806398599e-04, 1.0742524276257697e+00,
       6.8677128955304656e-01, 9.7465402601744722e-01,
       5.8481619423445365e-04, 2.7082741734335910e-04,
       7.3910251564567866e-04, 1.0791247992815283e+00,
       6.8761408877202779e-01, 9.6217204596739059e-01,
       5.8012622236929771e-04, 2.6715203726524850e-04,
       7.2989117373498081e-04, 1.0785916485131517e+00,
       6.8606755230654071e-01, 9.4236976582262966e-01,
       7.1134565595514724e-04, 2.7511168144287275e-04,
       8.1538423858938604e-04, 1.0828690732875985e+00,
       6.8896045417118368e-01, 9.6479584946440899e-01,
       7.2673777652983553e-04, 2.7077985955434173e-04,
       8.1089916095555088e-04, 1.0864878403407365e+00,
       6.9072285066423600e-01, 9.7001618961400904e-01,
       7.4293695823542203e-04, 2.6454227172253091e-04,
       8.0128607887983681e-04, 1.0939489894989323e+00,
       6.9432316213720946e-01, 9.5424195047583737e-01,
       7.7918590082599849e-04, 2.5931419116962095e-04,
       7.8373077309557536e-04, 1.1216548682187149e+00,
       7.1012992710733336e-01, 9.5115471658608131e-01,
       7.8261461526391908e-04, 2.5269877641652025e-04,
       7.6797289361493933e-04, 1.1138617139487681e+00,
       7.0524931534189672e-01, 9.3441904152071076e-01,
       8.0630398534451623e-04, 2.6399041227181150e-04,
       8.0367402592503977e-04, 1.1097805356019625e+00,
       7.0310919287050000e-01, 9.4718743767146985e-01,
       8.1396181615960104e-04, 2.7289078330639660e-04,
       8.3028628464284875e-04, 1.1116887594885019e+00,
       7.0494782068893624e-01, 9.7099524856936470e-01,
       8.3501720009036601e-04, 2.8569050910941880e-04,
       8.8352227718648674e-04, 1.1222304227256648e+00,
       7.1229178477059141e-01, 1.0070916015523044e+00,
       8.3109656087248726e-04, 2.9470843572023254e-04,
       9.1046351169477295e-04, 1.1326634305638041e+00,
       7.2089644248061968e-01, 1.0327457087360379e+00,
       8.6297579037429356e-04, 3.0728551029860494e-04,
       9.5395205075476204e-04, 1.1231043207360552e+00,
       7.1776433667925743e-01, 1.0900253833619136e+00,
       8.8396856741115447e-04, 3.2071495630102453e-04,
       9.4364355464184946e-04, 1.1254522016383919e+00,
       7.2162397681470247e-01, 1.1182297534877510e+00,
       9.2200704806585769e-04, 3.1481247773288790e-04,
       9.7102526326701174e-04, 1.1216530859770204e+00,
       7.2470131162611828e-01, 1.1681373475069390e+00,
       9.9219891747750013e-04, 3.1616878880540888e-04,
       9.9719198985319217e-04, 1.1226991758859084e+00,
       7.3434182726382324e-01, 1.2076436757239200e+00,
       8.6482885226612843e-04, 3.0655402181997194e-04,
       9.4500790711449386e-04, 1.1204681337848823e+00,
       7.2520703278228349e-01, 1.1527368354259113e+00,
       8.1337270633518764e-04, 2.9963925978815196e-04,
       9.2771981296514347e-04, 1.1196420715062732e+00,
       7.2009032729561484e-01, 1.1052472886740528e+00,
       7.4175507477071564e-04, 2.9167469891334990e-04,
       8.9370326533225056e-04, 1.1186509250682224e+00,
       7.1581094598356920e-01, 1.0485588540529835e+00,
       7.6156488304008566e-04, 2.9551726200663923e-04,
       8.8626948352766362e-04, 1.1233255638068600e+00,
