%YAML:1.0
---
summary: "Filter by time and points, rd=20, rs=10, sp=5, sf=3."
init_cam_calib: C99-1010_3p_3
camera_matrix: !!opencv-matrix
   rows: 3
   cols: 3
   dt: d
   data: [ 2.5610108196142633e+03, 0., 1.8858462030417609e+03, 0.,
       2.5598446798495484e+03, 1.0909652448966135e+03, 0., 0., 1. ]
dist_coeff: !!opencv-matrix
   rows: 5
   cols: 1
   dt: d
   data: [ 2.1315472498633713e-02, -5.4546416977075948e-02,
       -2.1872660551798648e-04, -5.0560812886358370e-04,
       4.7783443494358271e-02 ]
rvec: !!opencv-matrix
   rows: 131
   cols: 3
   dt: d
   data: [ -3.0491145775948900e+00, 2.7789393091032837e-02,
       5.2337064148119290e-02, -3.0237362175478237e+00,
       -6.8952445909014519e-03, -1.0120215264568523e-02,
       -3.0267688614860853e+00, -1.4129856944189280e-03,
       2.0559144440855898e-02, -3.0246288473857130e+00,
       8.8283469951315682e-03, 2.3542544562101385e-02,
       -3.0429123056953999e+00, 2.6374082640452028e-02,
       3.8871533051952595e-02, -3.0420610878863128e+00,
       4.5645075951705721e-02, 2.7103860180280902e-02,
       -3.0530929697001303e+00, 3.7307416558170631e-02,
       4.4353916609716965e-02, -3.0921000087641612e+00,
       2.7622366172656537e-02, -2.9882566438942920e-02,
       -3.1227713972685498e+00, 2.3470357188851779e-02,
       -1.0676836595567184e-01, -3.0760278250941697e+00,
       5.5667969238383649e-03, -3.4970892478927297e-02,
       -3.0591871647612354e+00, 4.2332673226600843e-02,
       -1.2683850090786061e-01, -3.0669423666147595e+00,
       1.8391071666416659e-03, -5.2872100570032082e-02,
       -3.0824212000665221e+00, 2.3838078488801626e-02,
       -2.3823631853721272e-02, -3.0931597563976285e+00,
       2.4451187130622786e-02, -3.3151047499088343e-02,
       -3.0865254217093545e+00, 5.4465308479917596e-02,
       -2.4766233592833736e-02, -3.0794996333942204e+00,
       8.0474812956669542e-02, -1.3534951271230275e-01,
       -3.0952580750195011e+00, 2.2806555664946184e-02,
       -3.9819179672821003e-02, -3.0829666241652092e+00,
       7.5909916862247753e-02, -1.5475349190324411e-01,
       -3.0841260951875986e+00, 5.6959667707837261e-03,
       3.8940549269199806e-02, -3.1182105381800977e+00,
       4.5463325799878114e-02, -5.7248742690584102e-02,
       3.0141932863083545e+00, -7.2880805354634840e-03,
       3.7529508497740630e-02, 2.9323483646932194e+00,
       -2.0752986525582731e-02, -1.6903469868302358e-02,
       2.9461753165540903e+00, -3.1055338224003654e-02,
       -1.7479384239526097e-02, 2.9796591946057833e+00,
       -4.4294522933359351e-02, -3.3268891476005667e-03,
       2.9788745237116609e+00, -4.6075983619054642e-02,
       -2.1245006072965970e-02, 2.9910921439932343e+00,
       -2.5757229357756033e-02, 3.3011771642726946e-03,
       3.0534366535417417e+00, -4.0505034347082407e-02,
       4.8430658343672444e-04, 3.0527459860189734e+00,
       -3.3552275029645577e-02, 7.3174443859089075e-03,
       3.0804147475367301e+00, -4.0174128229339398e-02,
       3.5602220130800936e-02, -3.1111677137395084e+00,
       2.5776255209352960e-02, 2.5752059130564133e-02,
       -3.0380967909925882e+00, -7.0937641364008487e-03,
       -3.6991204356673767e-02, -2.9582003297340513e+00,
       7.5303957878509575e-02, 2.9744040042710331e-02,
       -3.0150147506731151e+00, -3.6637390365082324e-02,
       -3.3660946334871399e-02, -3.0430023951175738e+00,
       -6.1000382681503248e-02, -4.5688020176277301e-02,
       -3.0416929867505345e+00, -6.3628353903714449e-02,
       -3.4074749829926802e-02, -3.0680068999414809e+00,
       -7.4678118785368369e-02, 3.1697574835276576e-03,
       3.0765761858523724e+00, 6.0375302157529648e-02,
       -1.9516152496159209e-02, 3.0881360879038069e+00,
       -3.4460911006673152e-02, -6.7980164504509402e-02,
       3.1386908202987831e+00, 9.1955899171958528e-03,
       1.0074829297358420e-02, -3.0852404603037926e+00,
       1.0929239356670995e-02, 4.3877075567254906e-03,
       -3.0656700282296616e+00, -1.7085586968613169e-02,
       9.5575227085795994e-02, -3.1233440787904296e+00,
       1.2295157417075400e-01, 1.3065559873007282e-01,
       3.0917028922523144e+00, -1.0704888497878877e-01,
       -2.1714005759254618e-01, 3.0824823399374757e+00,
       -2.5152578538540242e-02, -1.5039138665166754e-01,
       3.0787102817879406e+00, 1.0265682453244557e-01,
       -2.6408559772653273e-01, 3.0712892960854759e+00,
       5.2126912119964106e-02, -4.9364514675984894e-01,
       -2.9828387187907679e+00, -5.1234328685663258e-02,
       8.7302600021208565e-01, -2.9186932465163578e+00,
       -5.7242184728946752e-02, 9.4313428590975590e-01,
       -2.8646269945924288e+00, -7.4900583329803719e-02,
       1.0871154521816553e+00, -2.9432423261713629e+00,
       2.2178488020895792e-02, 9.3163980128246382e-01,
       -2.9362748473842384e+00, -6.6013932941862252e-02,
       9.9258260396878573e-01, -2.9628575942142881e+00,
       -5.1273229997303278e-02, 8.3921661521270841e-01,
       -2.9183572359326888e+00, -7.4694873494094122e-02,
       9.1428849147457869e-01, -2.9152568805548178e+00,
       -8.8272664757191352e-02, 8.0983857906505108e-01,
       -2.9694510142304948e+00, -6.6296393159517242e-02,
       7.9732044042056283e-01, 2.8850715510630240e+00,
       -3.4994549757308160e-02, -8.0882655721092622e-01,
       -3.0211278510305744e+00, 8.2011136256791937e-03,
       8.1143342420588493e-01, 2.9957841155059515e+00,
       -1.2888187231505083e-02, -8.6548261285858474e-01,
       3.0140418390066488e+00, -9.8073932780470461e-04,
       -8.5384557248696713e-01, 3.0110945807567790e+00,
       -5.4399440323158830e-03, -8.7981260755615709e-01,
       3.0099617376584518e+00, 2.7305719650519710e-02,
       -8.6896480755552818e-01, -2.9547074906277926e+00,
       -6.3296204557815441e-02, 8.7262434854974735e-01,
       -2.9984047166561920e+00, -1.1063909285382913e-01,
       8.8127919295302792e-01, -2.7949885044086407e+00,
       -9.6989484307681131e-02, 9.6511753349269647e-01,
       -2.8863042371407999e+00, -8.4810481874549259e-02,
       8.7878248058193886e-01, 2.9368680742202349e+00,
       5.9310489678195216e-02, -8.9709944706283240e-01,
       -3.0133888087759342e+00, -4.1781722062086316e-02,
       9.2117143351212905e-01, -2.9854310039989014e+00,
       -1.4539240797447298e-02, 8.5622343999714701e-01,
       -2.9518511992961227e+00, -6.2528296658314136e-02,
       9.9806418756959947e-01, 2.9105321078580579e+00,
       1.8194784317837213e-02, -1.1279056056695147e+00,
       -2.8298360717914108e+00, -6.4564515568020925e-02,
       1.2456104672649373e+00, 2.8233998092672774e+00,
       6.7296991793954500e-02, -1.3124306446253549e+00,
       2.7130615022107958e+00, 4.8696849766989340e-02,
       -1.5439475870524499e+00, 2.7059798267897861e+00,
       1.4118769890917196e-02, -1.5624193171873388e+00,
       -2.6442815273098588e+00, -1.0306527952930422e-01,
       1.6114050619684266e+00, -2.6445825747523615e+00,
       -5.9934705152878923e-02, 1.6027461035851420e+00,
       -2.6032023557248780e+00, 2.1080791750188996e-02,
       1.6274404015954755e+00, -2.6104862697115494e+00,
       -8.1864323760903440e-02, 1.5284275584411851e+00,
       -2.5705273195092921e+00, -7.9075979753155695e-02,
       1.6585446566183071e+00, 2.5635856315389516e+00,
       -1.5892788961359684e-02, -1.7119486485227924e+00,
       2.5682527014352790e+00, -1.2019033955453745e-01,
       -1.6855821744572876e+00, 2.6165605863757619e+00,
       -9.1290886272503789e-03, -1.6545763160485574e+00,
       2.6762360850305784e+00, 2.3593742674035877e-02,
       -1.5898885995373804e+00, 2.6247952151019693e+00,
       8.2869200936828660e-02, -1.5974678866478946e+00,
       2.8113267648184923e+00, -5.9495885295745522e-03,
       -1.3045600757346110e+00, 2.7759726726111675e+00,
       -3.5694579650525256e-02, -1.2916132167923697e+00,
       2.9422597935764063e+00, 1.0423000974938201e-02,
       -1.0227367038294028e+00, 2.8624250046782236e+00,
       -1.1796903662321957e-02, -1.0594002939896092e+00,
