%YAML:1.0
---
summary: "Filter by distance, md=200, ds=150."
init_cam_calib: C99-1010_3p_3
camera_matrix: !!opencv-matrix
   rows: 3
   cols: 3
   dt: d
   data: [ 2.5621916780732322e+03, 0., 1.8748997247780828e+03, 0.,
       2.5630763639160450e+03, 1.0877398985975799e+03, 0., 0., 1. ]
dist_coeff: !!opencv-matrix
   rows: 5
   cols: 1
   dt: d
   data: [ 2.2835016533623097e-02, -6.2786257164732420e-02,
       1.0700371339954940e-04, -1.6591628117166276e-03,
       5.7734235299635631e-02 ]
std_intrinsics: !!opencv-matrix
   rows: 18
   cols: 1
   dt: d
   data: [ 4.3563039728518160e-01, 4.0624244768021212e-01,
       7.9739135237399794e-01, 4.9098313903210833e-01,
       8.1576155726045449e-04, 2.9290287142370586e-03,
       6.0871851486241217e-05, 1.0924379160802862e-04,
       3.0641227519033016e-03, 0., 0., 0., 0., 0., 0., 0., 0., 0. ]
std_extrinsics: !!opencv-matrix
   rows: 1326
   cols: 1
   dt: d
   data: [ 7.1196994303904563e-04, 2.6179983910970609e-04,
       7.7767924207841502e-04, 1.0700622248705960e+00,
       6.7737918143117548e-01, 9.0691580355348322e-01,
       7.1340319337724828e-04, 2.5166101934118797e-04,
       7.6433088864768291e-04, 1.0757611067902624e+00,
       6.7923356307398641e-01, 8.7738678131063230e-01,
       7.1483152843062985e-04, 2.5902425233359359e-04,
       7.7928068698100434e-04, 1.0688043633592255e+00,
       6.7690740303862429e-01, 9.0655272656142938e-01,
       7.1236084220720154e-04, 2.6584175650590995e-04,
       7.9372582852609550e-04, 1.0586507589915068e+00,
       6.7128417551482022e-01, 9.1206978959559559e-01,
       7.1783030657617984e-04, 2.9360041737217494e-04,
       8.3087359309487040e-04, 1.0879362498703773e+00,
       6.8822495532093153e-01, 9.5384486290857529e-01,
       7.6600612311381413e-04, 2.9118107485896278e-04,
       8.6364751405840895e-04, 1.1400087273969222e+00,
       7.2154922587027581e-01, 1.0138347793627240e+00,
       7.9658541112026602e-04, 2.8872889739711195e-04,
       8.5892000549312635e-04, 1.1723581550787034e+00,
       7.4055569237155883e-01, 1.0251672929943758e+00,
       8.3522686590223978e-04, 3.2021644079397626e-04,
       8.9697845744472900e-04, 1.2338280090442244e+00,
       7.7823573189781414e-01, 1.1243304528059441e+00,
       9.0000538701337691e-04, 3.2458747873852147e-04,
       9.5979014585911751e-04, 1.2925597513490010e+00,
       8.1808169416071452e-01, 1.2351577953225561e+00,
       9.5557013765769849e-04, 3.3323406398646669e-04,
       1.0259026183425902e-03, 1.3416866035230450e+00,
       8.4968200527099180e-01, 1.3219754696189789e+00,
       9.1676585639476440e-04, 3.3881073479402862e-04,
       9.8183303456955240e-04, 1.3051711407036701e+00,
       8.2435576309986791e-01, 1.2473227501894533e+00,
       8.5366710370586021e-04, 3.3205706721304982e-04,
       9.1668673740706379e-04, 1.2536611703385034e+00,
       7.9004181395651318e-01, 1.1535320985564945e+00,
       7.9576177428326237e-04, 3.1011481725544713e-04,
       8.6443493324236866e-04, 1.1862566987182777e+00,
       7.4814589238760831e-01, 1.0592945044757165e+00,
       7.6413143136706103e-04, 3.0132272441435980e-04,
       8.6182850382883697e-04, 1.1513360810933397e+00,
       7.2850244007650111e-01, 1.0371971103553188e+00,
       7.5353688845220229e-04, 2.8201297599304023e-04,
       8.3293288655246055e-04, 1.1237133846886593e+00,
       7.1137284016245927e-01, 9.9027379044383368e-01,
       7.0826122536067594e-04, 2.8214744480557882e-04,
       7.9502536642379342e-04, 1.0641682281444664e+00,
       6.7180835381163906e-01, 9.0454523233063477e-01,
       6.9791498000045633e-04, 2.7973978245902182e-04,
       8.0408466425435979e-04, 1.0677728349107631e+00,
       6.7748004762117453e-01, 9.3534212751383572e-01,
       6.8619199334583837e-04, 2.7605031642319381e-04,
       8.1595008015112214e-04, 1.0645568034377189e+00,
       6.7817790446928938e-01, 9.5995587916089520e-01,
       6.7696012286502208e-04, 2.7804144334646027e-04,
       8.1829763711982863e-04, 1.0659933458846282e+00,
       6.8046652707746158e-01, 9.6425914293344606e-01,
       6.6518146847041918e-04, 2.8084233058111538e-04,
       8.0196432540706681e-04, 1.0680330121082207e+00,
       6.8363604192705851e-01, 9.8426586075804245e-01,
       6.2893344143209588e-04, 2.7598829392767122e-04,
       7.6880852494365327e-04, 1.0691631605495058e+00,
       6.8733171230356427e-01, 1.0160676339797288e+00,
       6.3469998200890460e-04, 2.8154362607266098e-04,
       7.6746898340419032e-04, 1.0774855277976911e+00,
       6.9418518437663734e-01, 1.0305859423274708e+00,
       5.7381519725868755e-04, 2.6978477268196839e-04,
       7.4178656874714565e-04, 1.0736152725841470e+00,
       6.8839146533114648e-01, 9.8075097392059707e-01,
       5.7599133868432492e-04, 2.6736567584267245e-04,
       7.3982822841370060e-04, 1.0737045557121427e+00,
       6.8630938021742005e-01, 9.7401208827951102e-01,
       5.8441573580686912e-04, 2.7067467769710827e-04,
       7.3864025263438741e-04, 1.0785730873205797e+00,
       6.8715010138274935e-01, 9.6152556990163518e-01,
       5.7972604385284586e-04, 2.6700192779048712e-04,
       7.2943189720045684e-04, 1.0780422925787427e+00,
       6.8560523912851712e-01, 9.4173492641094847e-01,
       7.1086977228642647e-04, 2.7496514150311658e-04,
       8.1492774937785004e-04, 1.0823255683985351e+00,
       6.8850143686654075e-01, 9.6417254085594373e-01,
       7.2625316885636005e-04, 2.7063489968491127e-04,
       8.1044452258946336e-04, 1.0859425408022765e+00,
       6.9026174076179436e-01, 9.6939036507864562e-01,
       7.4245018452200561e-04, 2.6439943735141882e-04,
       8.0083962155520078e-04, 1.0934034707619793e+00,
       6.9386140494678816e-01, 9.5362505024841937e-01,
       7.7869314014958823e-04, 2.5917297417345681e-04,
       7.8329689449206760e-04, 1.1211064843916589e+00,
       7.0966345922314400e-01, 9.5054980523937471e-01,
       7.8212689050808010e-04, 2.5256079170128345e-04,
       7.6754937162507974e-04, 1.1133174590733321e+00,
       7.0478611820068193e-01, 9.3382104965333612e-01,
       8.0581240815747433e-04, 2.6384312937416610e-04,
       8.0323372361904553e-04, 1.1092328524636748e+00,
       7.0264487128379838e-01, 9.4657549316865541e-01,
       8.1346693791458714e-04, 2.7273821299160132e-04,
       8.2983216339867672e-04, 1.1111371924806330e+00,
       7.0448102757362507e-01, 9.7036884901433917e-01,
       8.3451411075918672e-04, 2.8553016823384985e-04,
       8.8303865676583068e-04, 1.1216688906127650e+00,
       7.1181833052921462e-01, 1.0064388942537317e+00,
       8.3060178333240354e-04, 2.9454261648564369e-04,
       9.0996695177996952e-04, 1.1320983383032768e+00,
       7.2041909544092120e-01, 1.0320800608081606e+00,
       8.6243949015065032e-04, 3.0711327575509695e-04,
       9.5342719299353529e-04, 1.1225343841549151e+00,
       7.1728514699615775e-01, 1.0893169252174542e+00,
       8.8341099702188915e-04, 3.2052308496092189e-04,
       9.4306850536689420e-04, 1.1248776647791066e+00,
       7.2114200430816555e-01, 1.1175014141169040e+00,
       9.2141181837786972e-04, 3.1462194680627131e-04,
       9.7041866444215756e-04, 1.1210781228390918e+00,
       7.2421777458179637e-01, 1.1673884469330189e+00,
       9.9154982140168190e-04, 3.1597515864182317e-04,
       9.9655753345749966e-04, 1.1221208032822703e+00,
       7.3385459636264816e-01, 1.2068765339759211e+00,
       8.6425378364463849e-04, 3.0636439484091896e-04,
       9.4440256378471065e-04, 1.1198972873751412e+00,
       7.2472386835023295e-01, 1.1520100573758241e+00,
       8.1283938817888865e-04, 2.9945557057079342e-04,
       9.2713115768936546e-04, 1.1190750570987411e+00,
       7.1961028941823324e-01, 1.1045489477536694e+00,
       7.4128047211344846e-04, 2.9149883143287882e-04,
       8.9314753735423344e-04, 1.1180903204788826e+00,
       7.1533561731025375e-01, 1.0478948145501981e+00,
       7.6107274401196413e-04, 2.9534136797434665e-04,
       8.8572095068540572e-04, 1.1227579655864746e+00,
