%YAML:1.0
---
summary: "Filter by time, rd=20, rs=15."
init_cam_calib: C99-1010_3p_3
camera_matrix: !!opencv-matrix
   rows: 3
   cols: 3
   dt: d
   data: [ 2.5635093569142746e+03, 0., 1.8849460025144122e+03, 0.,
       2.5620863785630654e+03, 1.0889410643979036e+03, 0., 0., 1. ]
dist_coeff: !!opencv-matrix
   rows: 5
   cols: 1
   dt: d
   data: [ 1.9423509860104608e-02, -4.9314855093575534e-02,
       -4.4691757357770862e-04, -6.1693832682965647e-04,
       4.2180396890474481e-02 ]
rvec: !!opencv-matrix
   rows: 131
   cols: 3
   dt: d
   data: [ -3.0530213985548831e+00, 1.5487740906032652e-02,
       3.1723231860783761e-02, -3.0214243278393593e+00,
       -6.6610525524159704e-03, -7.0486922433134506e-04,
       -3.0294470428839877e+00, 2.5284467632079926e-03,
       2.3978689092622168e-02, -3.0215669462484902e+00,
       7.7438337257575533e-03, 2.4393589358946241e-02,
       -3.0515773934059318e+00, 3.2517661580819743e-02,
       4.2381310748299462e-02, -3.0415774675287963e+00,
       4.8145958328763207e-02, 1.9243538522484473e-02,
       -3.0562050697892484e+00, 2.8112712676409104e-02,
       4.5770760149403220e-02, -3.0926460233794497e+00,
       3.0220847959001158e-02, -1.0898035217569442e-01,
       -3.1188751758033417e+00, 1.2006167764097131e-02,
       -6.6032532871885666e-02, -3.0735539802070928e+00,
       1.7275623547412109e-02, -6.7583556406414363e-02,
       -3.0676325798349739e+00, 4.2063628276858479e-02,
       -1.2367595415003466e-01, -3.0681246548867667e+00,
       1.4501907723923749e-02, -3.8742264157906416e-02,
       -3.0869215664599143e+00, 2.4240137690144846e-02,
       -3.2329731747554831e-02, -3.0909975757194355e+00,
       2.5104808386001057e-02, -3.7825388916495568e-02,
       -3.0858524724259682e+00, 6.7415693282199263e-02,
       -3.3181403103697556e-02, -3.0693413408035028e+00,
       7.0514034081768234e-02, -1.4406647308688167e-01,
       -3.0697504841144441e+00, 2.6034931560557341e-02,
       -2.7165019541694087e-02, -3.0888319965324711e+00,
       7.0278513589258948e-02, -1.8188274558035580e-01,
       -3.0667445568597009e+00, -1.0416889012581037e-02,
       6.3039085788637400e-02, 3.1434081562548193e+00,
       -2.6744861985010047e-02, 1.9063917029188988e-02,
       3.0112656699822136e+00, -2.2631145140204128e-02,
       -1.6882247735710194e-02, 2.9176179646283269e+00,
       -4.6775758500943530e-02, 3.1345141329945481e-02,
       2.9769707609822111e+00, -2.5492829894691704e-02,
       -2.3402559201789481e-02, 2.9730837130540713e+00,
       -5.3676279605287265e-02, -1.9339853905694291e-02,
       2.9759330472619738e+00, -4.2882914816872071e-02,
       -2.3936669582651029e-02, 2.9931520516599117e+00,
       -1.9912033317301348e-02, 1.0468745453015692e-02,
       3.0590945513952938e+00, -4.1146288841878605e-02,
       6.2901849805988156e-03, 3.0503676021692119e+00,
       -2.8853394984361666e-02, 8.9371729795639874e-03,
       3.0948864373345950e+00, -5.1144329475286139e-02,
       4.0420059038132981e-03, -3.0636646261710347e+00,
       -1.2737986979051387e-03, 3.2374680114452083e-02,
       -3.0297617169522346e+00, 3.7618254017670171e-03,
       -3.8893893198003429e-03, -2.9652556511399975e+00,
       4.8484182422300570e-02, 2.4797049551403123e-02,
       -3.0373589721421554e+00, -4.6222496939708133e-02,
       -5.2532741101699684e-02, -3.0553464028122139e+00,
       -5.8901117065768095e-02, -4.7611806470973690e-02,
       -3.0488873676077581e+00, -6.6796937743458934e-02,
       -3.3537417782432091e-02, -3.0369739780638705e+00,
       -8.4162996093926648e-02, -6.3466103154504157e-03,
       3.0032000902562821e+00, -8.9293603766913542e-03,
       -7.9678825848718618e-02, 3.1041734455945762e+00,
       -2.3467182009335546e-02, -5.5736339916652486e-02,
       -3.1279653304979065e+00, -2.6930162444797042e-03,
       -1.4980085246603835e-02, -3.0832331851984263e+00,
       2.1851954808683030e-02, 8.7737177109448432e-03,
       -3.0582810631398010e+00, 1.9748081526320484e-02,
       1.6451226103718686e-01, 3.1517279547411623e+00,
       -1.2018403901970490e-01, -9.7115513117578350e-02,
       3.1072985398802149e+00, -1.3002660847760703e-01,
       -2.2783960738719017e-01, 3.0726802147347487e+00,
       -1.8618039601042958e-02, -1.5106048761227628e-01,
       3.0705261088574516e+00, 7.0477536259554774e-02,
       -3.5817597427453668e-01, 3.0591568172765498e+00,
       6.5192123605836649e-02, -5.5654666895738936e-01,
       -2.9539477857258878e+00, -4.4966354757332669e-02,
       9.0986952410615174e-01, -2.9108336869186147e+00,
       -5.6855241066003363e-02, 9.8137091558827005e-01,
       -2.8857050121107410e+00, -9.2218288906091420e-02,
       1.0752426965463815e+00, -2.9349586881748579e+00,
       1.6945171932304656e-02, 9.1718760900324559e-01,
       -2.9321042605955765e+00, -7.2026986436953072e-02,
       9.9840178499280818e-01, -2.9660040548706745e+00,
       -3.8172110336673781e-02, 8.1444405589042423e-01,
       -2.8974789372502716e+00, -8.5581784867379954e-02,
       8.8330796153924540e-01, -2.9154576172690496e+00,
       -7.6619715900555441e-02, 8.1420502349657220e-01,
       -2.9378337659182114e+00, -9.0691094200234731e-02,
       8.0665871925463140e-01, 2.8731349382334179e+00,
       -5.0909726792634079e-02, -8.0303994056329275e-01,
       -3.0239483440800763e+00, 4.1877678091171051e-03,
       8.2345347263825386e-01, 2.9948655720270998e+00,
       -1.2352339664290682e-02, -8.7012562695369722e-01,
       3.0100055521428826e+00, 2.5517825417241693e-03,
       -8.5367749546416671e-01, 3.0052223214329232e+00,
       3.2804832220588807e-03, -8.8063653248499041e-01,
       -2.9957354045852491e+00, -3.3410723117780830e-02,
       8.7304124095806579e-01, -2.9635873070622907e+00,
       -8.4667124521715237e-02, 8.4700445550676329e-01,
       -2.9285781671283670e+00, -1.0189143548666203e-01,
       9.1326908755518121e-01, -2.7683078276363151e+00,
       -5.8722994635770388e-02, 9.7490950839057655e-01,
       -2.8996874356397599e+00, -5.0005985497009554e-02,
       8.9987481923596357e-01, 2.8930010167221969e+00,
       5.2635892999218344e-02, -9.2563219789127427e-01,
       -2.9906374116091183e+00, -5.2767285342949770e-02,
       9.0004477175451036e-01, -2.9732281621064813e+00,
       -3.8013583088585077e-03, 8.4362203000693925e-01,
       -2.9450506153905764e+00, -7.4018611834714268e-02,
       9.9067332919317486e-01, 2.9291221892311712e+00,
       -9.7272824558821292e-03, -1.1052390169830890e+00,
       -2.8125663789498483e+00, -4.1346921631101818e-02,
       1.2875204881246973e+00, 2.8066624455478428e+00,
       3.3893856935394116e-02, -1.3809001935785727e+00,
       2.7273849304056252e+00, 4.9601588474733262e-02,
       -1.5574943145224529e+00, 2.6900246985523286e+00,
       4.1832679492612490e-02, -1.5545795385025878e+00,
       -2.6157327032742046e+00, -1.1911634737271307e-01,
       1.6239913660040621e+00, -2.6530993899879824e+00,
       -4.6850690489555778e-02, 1.5816899035366634e+00,
       -2.6183252399043675e+00, -1.5289264458971143e-02,
       1.5522490083790637e+00, -2.5896125083763408e+00,
       -8.0594240949438081e-02, 1.5505446336181181e+00,
       -2.5679080719301872e+00, -7.0795898910548147e-02,
       1.6765277706360686e+00, 2.5556461269061543e+00,
       -1.4763248786901406e-01, -1.7173418648557381e+00,
       2.5785359375477808e+00, -8.9128478562800137e-02,
       -1.6984635452748158e+00, 2.6422412134583091e+00,
       -2.9331506677305373e-03, -1.6450250637276027e+00,
       2.6950683327538241e+00, 5.5361463044520588e-02,
       -1.6030133642259554e+00, 2.6464952179001879e+00,
       5.9549552883124491e-03, -1.5321937573712048e+00,
       2.8021839814117322e+00, -3.8144607339566400e-02,
       -1.2561674121785982e+00, 2.7899962645642011e+00,
       -3.0809553387828315e-02, -1.2212108848080458e+00,
       2.9203919521721802e+00, -1.1482236725037008e-02,
       -9.8555691399845624e-01, 2.9005422463450401e+00,
       -2.0566891863256297e-02, -9.7089495336421350e-01,
