%YAML:1.0
---
summary: "Filter by time, rd=20, rs=10."
init_cam_calib: C99-1010_3p_3
camera_matrix: !!opencv-matrix
   rows: 3
   cols: 3
   dt: d
   data: [ 2.5610356963268341e+03, 0., 1.8826764645684250e+03, 0.,
       2.5603456072256690e+03, 1.0910245699632314e+03, 0., 0., 1. ]
dist_coeff: !!opencv-matrix
   rows: 5
   cols: 1
   dt: d
   data: [ 2.3000033887113712e-02, -6.0885630983606824e-02,
       3.3534830317128795e-05, -9.9849811443292343e-04,
       5.6049769890811084e-02 ]
std_intrinsics: !!opencv-matrix
   rows: 18
   cols: 1
   dt: d
   data: [ 3.9149981853021493e-01, 3.7180061489367450e-01,
       7.0058095743842219e-01, 4.4024709564989722e-01,
       7.5170570414201149e-04, 2.7484836648048634e-03,
       5.5301522813543873e-05, 9.5750325639646849e-05,
       2.9229168084443529e-03, 0., 0., 0., 0., 0., 0., 0., 0., 0. ]
std_extrinsics: !!opencv-matrix
   rows: 786
   cols: 1
   dt: d
   data: [ 5.1632192615743788e-04, 1.7964743341498046e-04,
       5.9850629501699386e-04, 9.3609547779526159e-01,
       5.9925130814510630e-01, 7.1105763854669635e-01,
       5.0472482799071875e-04, 1.7749410801482386e-04,
       5.8238467403536889e-04, 9.3937289998818130e-01,
       5.9879303163897446e-01, 6.9013346140531773e-01,
       5.0565070219763626e-04, 1.7555110284118018e-04,
       5.8194794310959148e-04, 9.3791493561563710e-01,
       5.9834907722969299e-01, 6.9053255123468560e-01,
       5.0653102095387270e-04, 1.7548793845717815e-04,
       5.8101405516953390e-04, 9.3804238935071915e-01,
       5.9840640303784920e-01, 6.9095910575607700e-01,
       5.0834097010090827e-04, 1.7835261673424018e-04,
       5.9149331943956867e-04, 9.3470085945631154e-01,
       5.9807972154496669e-01, 7.0508057732290219e-01,
       5.0806014886749348e-04, 1.7946635338912713e-04,
       5.8698500579231546e-04, 9.3958047529428901e-01,
       5.9986914814159142e-01, 6.9831963197864200e-01,
       5.0621909723602449e-04, 1.7832967712518480e-04,
       5.8959038259192057e-04, 9.2834025013013866e-01,
       5.9451331144568365e-01, 7.0556166069151793e-01,
       5.0760504142601112e-04, 1.8906264394572981e-04,
       6.0725186890243866e-04, 9.2657867757333756e-01,
       5.9389806352439656e-01, 7.1175545203544699e-01,
       5.1877156151136584e-04, 2.0530693828517193e-04,
       6.3108430063021567e-04, 9.6094100796328985e-01,
       6.1556612696113022e-01, 7.5305192567084867e-01,
       5.6960920020939117e-04, 2.0510415153297243e-04,
       6.5183726005225019e-04, 1.0311490496744216e+00,
       6.5875951085061601e-01, 8.0892421422627725e-01,
       6.0764072422128765e-04, 2.2676466495772548e-04,
       6.8080500598003660e-04, 1.0941959739781724e+00,
       6.9763813245439921e-01, 8.8855171359841723e-01,
       6.4770486301588123e-04, 2.2889254066800179e-04,
       7.2799741835583671e-04, 1.1447367243973618e+00,
       7.3172285976143325e-01, 9.6712845202266862e-01,
       6.7736638084326490e-04, 2.3722290807268179e-04,
       7.6073613282505686e-04, 1.1778261389848492e+00,
       7.5296108479048263e-01, 1.0126124663059068e+00,
       6.7873700822045871e-04, 2.4150430715548038e-04,
       7.6814013469289697e-04, 1.1854009365844302e+00,
       7.5772089768112694e-01, 1.0228582301453251e+00,
       6.6193105722446859e-04, 2.3512465547861244e-04,
       7.4137907185769375e-04, 1.1587859132880267e+00,
       7.4070740519837830e-01, 9.8681738527686969e-01,
       6.0839137267728791e-04, 2.3521915696912181e-04,
       6.8770998526975554e-04, 1.1018114736878961e+00,
       7.0209415548124166e-01, 8.9730149973443318e-01,
       5.4835511101041054e-04, 2.0320214583954276e-04,
       6.4402881104038106e-04, 9.9696933075409333e-01,
       6.3777120960604683e-01, 7.8467883514520920e-01,
       5.0009520213464159e-04, 2.0103988504534728e-04,
       6.0575849570731176e-04, 9.1605062016215766e-01,
       5.8561287613838886e-01, 7.0378539476036994e-01,
       4.8741776717647656e-04, 1.7864630490319809e-04,
       5.8971380755103631e-04, 9.0615780922163447e-01,
       5.8240369445115292e-01, 6.9893011680906303e-01,
       4.9198838923979497e-04, 1.9340043243032943e-04,
       6.0290228251983391e-04, 9.2888463678821453e-01,
       5.9627676150484610e-01, 7.2387432260706375e-01,
       4.5306253493994787e-04, 1.9411960867891817e-04,
       5.9163523933188056e-04, 9.2734288335637494e-01,
       6.0044966422038737e-01, 7.5573676996345218e-01,
       4.4778384883960434e-04, 1.9573110310881935e-04,
       5.8257835693516029e-04, 9.3619191038824090e-01,
       6.0960212994822494e-01, 7.9109914224145206e-01,
       4.1623826438553873e-04, 1.9026114961907733e-04,
       5.7383083058465585e-04, 9.3741715347603149e-01,
       6.0776895301837897e-01, 7.5999846552337369e-01,
       4.1551407173168832e-04, 1.9006830839809991e-04,
       5.6695740967242639e-04, 9.3645884447077732e-01,
       6.0475548798391643e-01, 7.5288716037344672e-01,
       4.1398530985998946e-04, 1.8850282190258506e-04,
       5.6641679926380502e-04, 9.3386373227963571e-01,
       6.0350986548006658e-01, 7.5130373035644304e-01,
       4.1954488761029673e-04, 1.9129783439968617e-04,
       5.7141869888311671e-04, 9.3845576032600775e-01,
       6.0565767158560979e-01, 7.5408084353972138e-01,
       4.1612156523953116e-04, 1.8630449369223294e-04,
       5.5884211415925956e-04, 9.3966472599463358e-01,
       6.0309086270070156e-01, 7.2582592712491434e-01,
       4.1565135194577879e-04, 1.8640854238470160e-04,
       5.5743797034567548e-04, 9.3808903901473228e-01,
       6.0212784782621542e-01, 7.2359173928954612e-01,
       4.3352339284686236e-04, 1.8880375836395378e-04,
       5.7134163144195488e-04, 9.2997351269480433e-01,
       5.9766046337379208e-01, 7.2954399954279492e-01,
       5.0847768062787201e-04, 1.9061829333001461e-04,
       6.1519786651134689e-04, 9.4472164840741690e-01,
       6.0768896605069056e-01, 7.5012371590278049e-01,
       5.4845043460393392e-04, 1.9098476417475101e-04,
       6.1584316165787722e-04, 9.7452459322818685e-01,
       6.2380146142195125e-01, 7.5619150625102227e-01,
       5.5321997092590736e-04, 1.7786080208603318e-04,
       5.8048807353677854e-04, 9.7074699294261280e-01,
       6.2024173092624624e-01, 7.2997302670526676e-01,
       5.8302613952189658e-04, 1.9599266533674301e-04,
       6.4396724771179363e-04, 9.7412794996499141e-01,
       6.2500619747465502e-01, 7.6360624159902157e-01,
       5.9789321081925653e-04, 2.0598936050193560e-04,
       6.8008290145359042e-04, 9.8817038616981112e-01,
       6.3502433531541469e-01, 7.8932046736118855e-01,
       5.9426766727642248e-04, 2.0437911714866582e-04,
       6.7275398398785637e-04, 9.8722286750628208e-01,
       6.3462732683938705e-01, 7.9145954332689206e-01,
       5.8286190496621888e-04, 2.0602348295611624e-04,
       6.8165288682060299e-04, 9.8413301967666045e-01,
       6.3443480797357354e-01, 7.9859279207709277e-01,
       6.8176857544373403e-04, 2.2027972435413072e-04,
       7.3210802996284533e-04, 9.7003768806554480e-01,
       6.3551704577721801e-01, 8.9802921489997456e-01,
       5.7662537652015185e-04, 2.0967468732625082e-04,
       6.9131039430177753e-04, 9.7370345923154111e-01,
       6.3304635873890702e-01, 8.4341430002082907e-01,
       5.4154510619040862e-04, 2.0702229372096575e-04,
       6.6854590048056706e-04, 9.7893077999583056e-01,
       6.3093817800737784e-01, 8.0267276923516551e-01,
       5.3488526622179865e-04, 1.9380912391174789e-04,
       6.2499934694278320e-04, 9.7294776172425446e-01,
       6.2450558422191116e-01, 7.7303324590195666e-01,
       5.1118760489811020e-04, 1.8739096193457589e-04,
       6.1625492054673140e-04, 9.4157808464411097e-01,
       6.0477861568185221e-01, 7.3134571911572488e-01,
       4.7393813609253381e-04, 1.8767325304997972e-04,
       6.2071900232632744e-04, 8.5502641948042535e-01,
       5.5234412423159940e-01, 6.6341618225695775e-01,
       4.9074465984330282e-04, 1.8928184250343154e-04,
       6.6036768646821867e-04, 7.7753892514175360e-01,
