%YAML:1.0
---
summary: "Filter by time, rd=15, rs=5."
init_cam_calib: C99-1010_3p_3
camera_matrix: !!opencv-matrix
   rows: 3
   cols: 3
   dt: d
   data: [ 2.5632205004008201e+03, 0., 1.8891606246702777e+03, 0.,
       2.5616079821590752e+03, 1.0905204482688634e+03, 0., 0., 1. ]
dist_coeff: !!opencv-matrix
   rows: 5
   cols: 1
   dt: d
   data: [ 1.8704010549719589e-02, -4.8314329677920397e-02,
       -2.3402611435443228e-04, -2.2089259512690889e-04,
       4.3460327912031790e-02 ]
rvec: !!opencv-matrix
   rows: 175
   cols: 3
   dt: d
   data: [ -3.0466634248837883e+00, 4.0382262123814787e-02,
       6.4707654290739339e-02, -3.0320797348458721e+00,
       4.4031414512718178e-03, 8.1247419809236821e-03,
       -3.0208831061123451e+00, -6.5688365600569606e-03,
       -2.6986279271887250e-03, -3.0261935176283097e+00,
       -1.5120384122866396e-03, 1.9219110534304570e-02,
       -3.0281506745990083e+00, 1.0590023183793398e-02,
       1.9452032638907935e-02, -3.0220925585126546e+00,
       7.2316184128503489e-03, 2.2753253078446882e-02,
       -3.0510756015926255e+00, 3.2625505044129886e-02,
       4.0328931819822021e-02, -3.0423021219313338e+00,
       4.6048058300174714e-02, 2.4474583407852905e-02,
       -3.0513291932735558e+00, 4.3075643097119115e-02,
       2.4473933960645979e-02, -3.0576737132534415e+00,
       2.2712119315550609e-02, 4.1450496678902021e-02,
       -3.0920020648195718e+00, 3.0325752884605567e-02,
       -1.1094364043301561e-01, -3.1225866074956055e+00,
       2.3691676412649573e-02, -1.0869762354622171e-01,
       -3.0807162820814642e+00, -8.4760159974139396e-03,
       -5.0130248329867691e-02, -3.0646100769229307e+00,
       3.8970194680379322e-02, -1.1592554342196577e-01,
       -3.0669144862902327e+00, 4.2163483629970279e-02,
       -1.2563925538437892e-01, -3.0675019081044677e+00,
       1.8826008124185542e-03, -5.3711842419977500e-02,
       -3.0737504184518052e+00, 1.6025810914711242e-02,
       -3.1602865762711617e-02, -3.0933287668166680e+00,
       2.0781309881142816e-02, -3.8049348788587928e-02,
       -3.0903641111927760e+00, 2.5201360835968089e-02,
       -3.9818500810326181e-02, -3.0864400881056233e+00,
       5.4531169725740285e-02, -2.6544438349095627e-02,
       -3.0998376456180048e+00, 8.4816125434882803e-02,
       -1.3095173894658305e-01, -3.0779231412543884e+00,
       6.9732162094339398e-02, -1.3950017751344287e-01,
       -3.0691500053247296e+00, 2.6150415019294597e-02,
       -2.9144881328661831e-02, -3.0832310917847270e+00,
       7.5840898433587697e-02, -1.5636640739115065e-01,
       -3.1010566397154711e+00, 3.6064573179240771e-02,
       -6.8595835197731159e-02, -3.0728589759548584e+00,
       -9.5587744523561950e-03, 5.8846741984417313e-02,
       3.1439453735472802e+00, -2.6916314789477730e-02,
       2.1131253234380875e-02, 3.0126642120967881e+00,
       -7.5064855217386577e-03, 3.9250480104097867e-02,
       2.9432161301763196e+00, -1.6777227651108544e-02,
       -8.9195012957442692e-03, 2.8933928798472199e+00,
       -3.8535794554138442e-02, 4.6792771288470765e-02,
       2.9775765264147451e+00, -2.5825094832783498e-02,
       -2.1379969180447558e-02, 2.9799919862917710e+00,
       -4.4469688477876926e-02, -2.0627787637950584e-03,
       2.9769753572927380e+00, -5.1838681617300063e-02,
       -2.7707279163219030e-02, 2.9776795693942368e+00,
       -3.7129145096581169e-02, -1.6811390229097792e-02,
       2.9937362147761015e+00, -2.0238813534915485e-02,
       1.2489488815470150e-02, 3.0531254629598288e+00,
       -4.0676918988112355e-02, 2.1697638151554621e-03,
       3.0504954902828270e+00, -3.7056340867966282e-02,
       8.9915215094439303e-03, 3.0477725164831102e+00,
       -2.7941699702812458e-02, 1.6830714721675192e-02,
       3.0954762892900436e+00, -5.1410196845683508e-02,
       6.1128548047144869e-03, -3.1105628426260785e+00,
       2.5413839374858738e-02, 2.5030312748683694e-02,
       -3.0480881665290251e+00, -2.2236331511695625e-02,
       -3.8828879201326306e-02, -2.9989574583022431e+00,
       4.0797113912330665e-02, 5.1458614284783308e-02,
       -2.9648021479220019e+00, 4.8505529678102947e-02,
       2.2813348604022527e-02, -3.0174606635588135e+00,
       -3.6613957229821859e-02, -3.6289895949973533e-02,
       -3.0459499614360261e+00, -5.7352859637314436e-02,
       -5.8442564945052518e-02, -3.0518764803952863e+00,
       -6.0825812968671199e-02, -3.2023361102833485e-02,
       -3.0483931728618812e+00, -6.6779991377543216e-02,
       -3.5493469267467506e-02, -3.0675954152590124e+00,
       -7.5336123023246881e-02, 7.3440114678642869e-04,
       3.1463848149513822e+00, 1.0483440684149291e-01,
       3.6501623460130715e-02, 3.0078224444276658e+00,
       -4.7900708096337410e-02, -7.9003717059209694e-02,
       3.1047386217396431e+00, -2.3612500862412546e-02,
       -5.3673249412489549e-02, 3.1395639027219180e+00,
       8.9963442589203295e-03, 1.1346611135936076e-02,
       -3.0983726953823321e+00, 7.2404739239626398e-03,
       -5.3957939690790057e-03, -3.0824884578393474e+00,
       2.0977693523817308e-02, 1.8813749210644430e-02,
       -3.0578736937245830e+00, 1.9834078780527457e-02,
       1.6238578558390704e-01, -3.1237738545218257e+00,
       1.2350481910586046e-01, 1.2854781581735852e-01,
       3.0910546058147141e+00, -8.9351859688570873e-02,
       -1.2164723473832696e-01, 3.0954426877812451e+00,
       -7.9256560044027050e-02, -2.1841333817818701e-01,
       3.0733268240705596e+00, -1.8663733888517289e-02,
       -1.4918429726742169e-01, 3.0784281777464910e+00,
       1.0200538542278720e-01, -2.6286503782651344e-01,
       3.0678890476322969e+00, 5.6772681736183842e-02,
       -5.1104192882610266e-01, 3.0644981831254574e+00,
       6.3987915557325331e-02, -7.0000812730571482e-01,
       -2.9541595934230194e+00, -4.5207950352152068e-02,
       9.0763086106327018e-01, -2.9186887797096759e+00,
       -5.7161111627407682e-02, 9.4262640198149705e-01,
       -2.8684043772996257e+00, -8.2373968324639654e-02,
       1.0641323694318601e+00, -2.9063546578545472e+00,
       -8.6684955189679447e-02, 1.0498232395505576e+00,
       -2.9352211296321831e+00, 1.6723786161913466e-02,
       9.1489306154874162e-01, -2.9371414602707717e+00,
       -6.5585759635717999e-02, 9.9084949198779626e-01,
       -2.9465415476058836e+00, -7.4367827063197750e-02,
       9.1116231199094733e-01, -2.9623848527636336e+00,
       -4.7468307272966165e-02, 8.2144608356247040e-01,
       -2.8977386118415582e+00, -8.5833564379630592e-02,
       8.8106184984512026e-01, -2.9147904043973769e+00,
       -8.7700642784623556e-02, 8.0948033760009053e-01,
       -2.9320712324364164e+00, -4.5644166639296317e-02,
       8.1918771648081590e-01, -3.0176751906497099e+00,
       -4.8590470026963796e-02, 7.8260730839206016e-01,
       2.8741632676479498e+00, -5.0786551338948667e-02,
       -8.0114686595821405e-01, -3.0216995926302976e+00,
       8.5046729133152268e-03, 8.0954099410738101e-01,
       3.0027387593918036e+00, -2.4486915648215941e-02,
       -8.5808841178012774e-01, 2.9968503188539390e+00,
       -1.7443265914354310e-02, -8.6705165157420461e-01,
       3.0111693572599507e+00, 2.5596420441341026e-03,
       -8.5161281713280368e-01, 3.0112937211087174e+00,
       -6.3263668344592976e-03, -8.7536033976178995e-01,
       2.9943692497549299e+00, 3.4893991533946908e-03,
       -8.7054059153558006e-01, -2.9747707224464852e+00,
       -4.1908542598268782e-02, 8.8013508060340939e-01,
       -2.9637532648114866e+00, -8.4864773951751696e-02,
       8.4478936903081114e-01, -2.9963245638762301e+00,
       -1.0951479422511118e-01, 8.8380754810158413e-01,
       -2.8429754179862003e+00, -7.7389194388744711e-02,
       9.5281099026481297e-01, -2.8428907270647472e+00,
       -4.8528486517663866e-02, 9.4848007040286797e-01,
       -2.8999612967354600e+00, -5.0317745650541611e-02,
       8.9766090349533001e-01, 2.9386310756931104e+00,
       5.9184832130201599e-02, -8.9557078518335953e-01,
