%YAML:1.0
---
summary: "Filter by time, rd=15, rs=10."
init_cam_calib: C99-1010_3p_3
camera_matrix: !!opencv-matrix
   rows: 3
   cols: 3
   dt: d
   data: [ 2.5620161119341424e+03, 0., 1.8738986107255666e+03, 0.,
       2.5612969009922376e+03, 1.0876558934348641e+03, 0., 0., 1. ]
dist_coeff: !!opencv-matrix
   rows: 5
   cols: 1
   dt: d
   data: [ 2.0440680612857080e-02, -5.4151884807370404e-02,
       -6.8003743279755483e-04, -2.0776534243593758e-03,
       4.5829754347946380e-02 ]
rvec: !!opencv-matrix
   rows: 175
   cols: 3
   dt: d
   data: [ -3.0516773048915229e+00, 2.7276117528753922e-02,
       5.9025225997597019e-02, -3.0230909356803579e+00,
       -7.2698399724775448e-03, 2.6412340580667919e-03,
       -3.0239517504601845e+00, -5.6001201217225714e-03,
       1.9138461547162932e-02, -3.0296334651754866e+00,
       2.4742936319167310e-03, 3.0507577369058989e-02,
       -3.0249676674902770e+00, 8.7863877694339121e-03,
       3.0664568728998469e-02, -3.0294393257712344e+00,
       1.5900201354841718e-02, 3.2554476727513375e-02,
       -3.0426096810153642e+00, 3.8751697699724433e-02,
       5.4819649191941253e-02, -3.0418898170118558e+00,
       4.8058133338465911e-02, 2.5763517817231379e-02,
       -3.0527165057675565e+00, 3.7375052375168430e-02,
       5.2069042548183619e-02, -3.0734115637793522e+00,
       2.8570385870118439e-02, 1.7739014631849712e-02,
       -3.1095934719411793e+00, 2.4147029896416310e-02,
       -1.5526525692698193e-01, -3.1195039873487396e+00,
       1.1870643814833982e-02, -5.9580912920691335e-02,
       -3.0775907014553918e+00, 5.5107462526054665e-03,
       -2.8198487439185869e-02, -3.0590337180793803e+00,
       4.8784224114525959e-02, -1.2246725470289072e-01,
       -3.0689163839267861e+00, 4.3927125160287135e-02,
       -9.3464219177893493e-02, -3.0686926914221835e+00,
       1.4440938563041681e-02, -3.2388709964234715e-02,
       -3.0832482546421764e+00, 2.3760463339620976e-02,
       -1.6309628002649259e-02, -3.0923267923576869e+00,
       2.3048252863220643e-02, -3.4331525275860843e-02,
       -3.0843360473096046e+00, 2.2387002636255142e-02,
       -3.0325834673652508e-02, -3.0865034747417259e+00,
       6.7350921006296083e-02, -2.6903920101798085e-02,
       -3.0814227915563737e+00, 8.0201578429658610e-02,
       -1.2993735650375671e-01, -3.0807297965688143e+00,
       4.4446077884354278e-02, -8.6127019202269894e-02,
       -3.0661724661615879e+00, 2.3028664598457239e-02,
       -3.6419045378327242e-02, -3.0897136341921771e+00,
       7.0154185805482869e-02, -1.7563424834818472e-01,
       -3.0850556432473906e+00, 5.0197284330387752e-03,
       4.7486691601712913e-02, -3.0828716490193888e+00,
       9.3952635474900768e-03, -1.5148456775754705e-02,
       3.1029063454096710e+00, -1.0123611811065417e-02,
       2.1218048284496006e-02, 3.0104262807706705e+00,
       -2.2066476681311044e-02, -2.3295934196834990e-02,
       2.9299086596633042e+00, -2.0063753623267455e-02,
       -2.3317925478147265e-02, 2.9197489536636771e+00,
       -3.6147544456859006e-02, 4.4357781767692493e-04,
       2.9823001281062971e+00, -3.6756111739102544e-02,
       -2.8022860838051101e-02, 2.9722049369598671e+00,
       -5.2917403685432206e-02, -2.5621944266974468e-02,
       2.9779473649082457e+00, -4.4978544694471365e-02,
       -2.7915293011839717e-02, 2.9819097391900700e+00,
       -2.8502610180685603e-02, -9.6880854136821362e-03,
       3.0147477456643625e+00, -2.7398379182153983e-02,
       1.1102159469973470e-02, 3.0584445096080892e+00,
       -4.0486620717457289e-02, -2.2142098906472683e-04,
       3.0514979370646040e+00, -3.2727514629549107e-02,
       2.9738458935658067e-04, 3.0537237680019960e+00,
       -2.1026502639084038e-02, 1.6130352005455942e-02,
       3.1148632333467368e+00, -4.5442902921069783e-02,
       -4.1822864088061046e-02, -3.0639377427064947e+00,
       -1.3350330506607013e-03, 3.9052496261283924e-02,
       -3.0398878408919896e+00, -7.2665746602971169e-03,
       -2.9645355035323472e-02, -2.9582961661719334e+00,
       5.0867360519595027e-02, 3.9263261579411068e-02,
       -2.9655773607741942e+00, -4.0543382291333323e-03,
       -2.9725712990867205e-03, -3.0377495963850687e+00,
       -4.6012923518546925e-02, -4.6084670660158714e-02,
       -3.0460296064285965e+00, -6.1108954392366584e-02,
       -3.7144769527469493e-02, -3.0541088803607499e+00,
       -6.9792808396382466e-02, -3.2543391102174760e-02,
       -3.0531640183983471e+00, -6.6137256455858176e-02,
       -2.1209424840714107e-02, -3.0371689063614036e+00,
       -8.3917440981770466e-02, 1.9347891799067070e-04,
       3.0661550592797462e+00, 6.0363607695063749e-02,
       -2.7238524550369375e-02, 3.0561384466256265e+00,
       -4.0982521862044041e-02, -9.4592923570121709e-02,
       3.1202307388065722e+00, -1.3716756864572265e-02,
       -4.9133150642069814e-02, -3.1284936514040371e+00,
       -2.8163659259110006e-03, -8.3534475377249340e-03,
       -3.0866061809819194e+00, 1.0813094975074738e-02,
       1.1774591598823799e-02, -3.0730206192676985e+00,
       -2.7201706430459221e-03, 6.8827831442958676e-02,
       -3.0743857500071337e+00, 5.2818410596749313e-02,
       1.7574643769268994e-01, 3.1507908550256243e+00,
       -1.1996787174607203e-01, -1.0370339366866183e-01,
       3.0866213629714303e+00, -1.0593852158878343e-01,
       -2.2499100502740169e-01, 3.0792170076257208e+00,
       -4.3977731063703653e-02, -2.1307832221455555e-01,
       3.0717547394688847e+00, 4.4925842943937463e-02,
       -1.5552640429852571e-01, 3.0697303986174820e+00,
       7.0555322608573653e-02, -3.6429402891879231e-01,
       3.0679491407527828e+00, 5.2284192216742846e-02,
       -4.9863619587536684e-01, -3.0060408274324479e+00,
       -4.2905069815367285e-02, 8.2906010894234616e-01,
       -2.9523066040239279e+00, -4.8152135542809220e-02,
       9.2691016502988743e-01, -2.9091634656307224e+00,
       -5.6698081349079381e-02, 9.8712128149452660e-01,
       -2.8636876737519588e+00, -7.4203570233396368e-02,
       1.0934904802963181e+00, -2.9388942007429808e+00,
       -5.2332399574985151e-02, 9.9430770580019434e-01,
       -2.9519542254169764e+00, -2.7829831110740753e-02,
       9.2461433181992392e-01, -2.9304895199628906e+00,
       -7.1961632202439826e-02, 1.0041162550663874e+00,
       -2.9602913511089994e+00, -4.9439868248133845e-02,
       8.4609798917910761e-01, -2.9329169845423952e+00,
       -6.7550906653897444e-02, 8.4561591399177360e-01,
       -2.8960709652037568e+00, -6.3693702004845712e-02,
       8.5912770053983967e-01, -2.9139453212668065e+00,
       -7.6193642083961927e-02, 8.1992549083149147e-01,
       -2.9677510914826932e+00, -6.5077510187341356e-02,
       8.0372805671938763e-01, 3.0056885187813349e+00,
       -3.6258174788578956e-02, -8.0156569023553503e-01,
       2.9389469764081086e+00, -3.4174496370649905e-02,
       -7.9678305154698381e-01, -3.0227697641550164e+00,
       3.9687953379491554e-03, 8.2950512810447219e-01,
       2.9913926996448019e+00, -1.2328709048886671e-02,
       -8.7147264857146001e-01, 3.0053880985385333e+00,
       -6.8918654181481329e-03, -8.6508041752323883e-01,
       3.0026307049025180e+00, 2.0217026412118790e-03,
       -8.6027105769290246e-01, 3.0030866190749674e+00,
       3.5264119399990644e-03, -8.8640617334363880e-01,
       3.0070856047573011e+00, 2.6971955890817648e-02,
       -8.7513409924373520e-01, -2.9673220236720077e+00,
       -4.1976690187703752e-02, 8.8410887198793819e-01,
       -2.9403672969475054e+00, -7.4340829368277642e-02,
       8.8045728627098629e-01, -2.9268688291278857e+00,
       -1.0158086598280403e-01, 9.1906786858970979e-01,
       -2.7949701111295027e+00, -9.6994978454380459e-02,
       9.7246150992411184e-01, -2.8841570705176203e+00,
       -6.9747869725976269e-02, 9.1018222331906984e-01,
       -2.9731765779354076e+00, -7.7731136465635634e-02,
       8.8733440028249744e-01, 2.8910663102450540e+00,
       5.2620977340869485e-02, -9.3124879129752602e-01,
