%YAML:1.0
---
summary: "Filter by distance, md=200, ds=100."
init_cam_calib: C99-1010_3p_3
camera_matrix: !!opencv-matrix
   rows: 3
   cols: 3
   dt: d
   data: [ 2.5625787110863143e+03, 0., 1.8748377024303190e+03, 0.,
       2.5632042606895552e+03, 1.0878022011420007e+03, 0., 0., 1. ]
dist_coeff: !!opencv-matrix
   rows: 5
   cols: 1
   dt: d
   data: [ 2.2804797178456994e-02, -6.2607316052523801e-02,
       1.3188499843290257e-04, -1.6843845035493445e-03,
       5.7563902712919189e-02 ]
rvec: !!opencv-matrix
   rows: 221
   cols: 3
   dt: d
   data: [ -3.0539320996427159e+00, 2.6315076449200517e-02,
       -1.4476798479967337e-02, -3.0323663005966468e+00,
       4.2090115604556649e-03, 1.5652121459725797e-02,
       -3.0579231816045107e+00, 2.3120322464547097e-02,
       5.3560892270465239e-02, -3.0849981427798503e+00,
       2.9732991097710590e-02, -3.9510131225892345e-03,
       -3.1148896025705044e+00, 2.3229274883118257e-02,
       -1.3891699795877693e-01, -3.1043365868538393e+00,
       -5.7852293643481136e-03, -4.7551079325854236e-02,
       -3.0722479310365132e+00, -2.5810041430691074e-03,
       -2.7949760933524880e-02, -3.0659347160727268e+00,
       4.5348938001575828e-02, -1.2611307286384849e-01,
       -3.0594595368043680e+00, 2.2724891184376969e-02,
       -6.6736129819781220e-02, -3.0720137811932644e+00,
       9.6466726660305209e-03, -1.3915476732535457e-02,
       -3.0874637613698503e+00, 7.4975705855114830e-02,
       -6.2210258106546706e-02, -3.0737421697211089e+00,
       7.5211280546916670e-02, -1.3269783740070509e-01,
       -3.0818162137933593e+00, 5.6478835065330919e-02,
       -1.1650672326168675e-01, -3.1115716338667117e+00,
       4.3017947193681905e-02, -8.0040642817909402e-02,
       -3.0838575195026401e+00, 2.0391261266905981e-02,
       -3.0798479592580391e-02, -3.0804655117323501e+00,
       4.7456469422849409e-02, -1.2537437566942522e-01,
       -3.1166178946393521e+00, 4.0580515027366260e-02,
       -7.2857185275860950e-02, 3.1266594194112298e+00,
       -1.3965042192811852e-02, 9.0045636917609317e-03,
       3.0828292412228668e+00, -2.2651336512202708e-03,
       2.6484368068527622e-02, 3.0282911473888885e+00,
       1.1506859019769585e-02, 4.2452176376839422e-02,
       2.9570949461822447e+00, -1.6292115651273181e-02,
       -1.5069256330957344e-02, 2.9170819909655243e+00,
       -4.6252159325365375e-02, 2.5977659019935942e-02,
       2.9339624712047234e+00, -3.9775496587730802e-02,
       -1.8743725436123147e-03, 2.9706388760697888e+00,
       -2.6176922964630114e-02, -2.9990378807416052e-02,
       3.0047233318174547e+00, -2.0324987984335553e-02,
       1.1976900797339639e-02, 3.0350733904542100e+00,
       -3.3474370515389679e-02, 3.6821950003106752e-03,
       -3.1296021499725444e+00, 3.2665650701438453e-02,
       3.6815306043356102e-02, -3.0933916879516570e+00,
       1.8694691815920195e-02, 2.7197099874286621e-02,
       -3.0564437303356771e+00, -6.1056953435466282e-03,
       2.5161580392196001e-02, -2.9989022079578160e+00,
       4.0848884755693024e-02, 5.9124919059441138e-02,
       -2.9604712821997232e+00, 5.0403863813157396e-02,
       4.7750442817782873e-02, -2.9780643063145207e+00,
       -1.0247094539235816e-02, -2.9348408933075709e-03,
       -3.0065769808629952e+00, -2.4107934587172562e-02,
       -1.4760911209385530e-02, -3.0300989949736459e+00,
       -4.5023118278378113e-02, -3.4994488341849331e-02,
       -3.0599498538072440e+00, -6.4709975232975309e-02,
       -2.1229584807265830e-02, -3.1255922139385297e+00,
       -1.0682694810686892e-01, -5.1973815260957019e-02,
       3.1140554724617777e+00, 1.0204144091911696e-01,
       5.9203354850340957e-02, 3.0813690620925778e+00,
       7.6406548865856058e-02, -6.6555995329224266e-03,
       3.0312988311041260e+00, 4.2519471646843922e-02,
       -4.1668569678520020e-02, 3.0486630324585424e+00,
       -4.4470172358105971e-02, -8.9548735889242434e-02,
       3.0845803226970538e+00, -3.6679235397419588e-02,
       -7.9428668160700322e-02, 3.1112469993593757e+00,
       -2.3806495275880475e-02, -6.4451475275482520e-02,
       3.1399900500840219e+00, 8.3809775014822650e-03,
       1.1671404025749213e-02, -3.1114318094271214e+00,
       2.7283133589860245e-03, -1.8270018429032695e-03,
       -3.0828891397637781e+00, 1.0473335250341210e-02,
       1.2305689144563571e-02, -3.0624731228991786e+00,
       -1.2358741724191573e-02, 1.2036625122981204e-01,
       -3.0800202706804352e+00, 5.6884950195729256e-02,
       1.7590356953904479e-01, -3.1245869947170553e+00,
       8.1569661183816505e-02, 1.3059635853811669e-01,
       3.1444315843039181e+00, -1.1354041843899244e-01,
       -8.3664664023861163e-02, 3.1094356326546468e+00,
       -9.0003368219492300e-02, -1.1919592716503370e-01,
       3.0834422460616104e+00, -1.0272153528061320e-01,
       -2.1663593348311383e-01, 3.1108023791423034e+00,
       -1.2369226587500924e-01, -2.3566856003751843e-01,
       3.0831985349203506e+00, -5.4237118053452743e-02,
       -2.2258765957046769e-01, 3.0849630494229459e+00,
       -3.1043270426667182e-02, -1.5258130432451106e-01,
       3.0720607587800246e+00, 4.5022121901655832e-02,
       -1.5402402357480136e-01, 3.0861483402961873e+00,
       1.1359585006653475e-01, -2.7077533141814880e-01,
       3.0717280358800663e+00, 7.0726298695763135e-02,
       -3.8018536335263448e-01, 3.0686877150799710e+00,
       4.7644167677504456e-02, -5.1008509061806906e-01,
       3.0591820221004897e+00, 5.6988653539011502e-02,
       -5.2531984646482255e-01, 3.0579172344635577e+00,
       6.7923608118396414e-02, -6.7099579940645782e-01,
       -3.0094639548654452e+00, -3.7454237342613869e-02,
       8.0438458953119185e-01, -2.9549194521979127e+00,
       -3.9831525136818209e-02, 8.8928898134401069e-01,
       -2.9365397015813071e+00, -5.5625041906814880e-02,
       9.1846153349576398e-01, -2.8995630544280964e+00,
       -7.2337208309593060e-02, 1.0097929917302055e+00,
       -2.9182919330865711e+00, -8.5850279497693444e-02,
       1.0499211865605067e+00, -2.9423955257778154e+00,
       2.3006267734876917e-02, 9.3713751625783615e-01,
       -2.9668702141706156e+00, -3.7321691660122974e-02,
       8.1320645873509600e-01, -2.8914281751749238e+00,
       -6.1113206851172094e-02, 8.5767989683945312e-01,
       -2.9164452060701813e+00, -8.6643319558067824e-02,
       8.2008295078323268e-01, -2.9390840971355656e+00,
       -4.2580386096786445e-02, 8.3324594857358136e-01,
       -2.9909897381149295e+00, -8.0675384593205987e-02,
       7.8286220563213371e-01, -3.0169482672971570e+00,
       -4.8189962885436109e-02, 7.8914315043620664e-01,
       3.0329772009313456e+00, -5.6476096903985478e-03,
       -7.7665511215574434e-01, 2.9704620683619209e+00,
       -2.3713029788608255e-02, -8.2190075631275927e-01,
       2.9262822539872535e+00, -4.6321190198457318e-02,
       -8.2334306715238559e-01, 2.8820095947309516e+00,
       -3.4923531778408699e-02, -8.1349173129743080e-01,
       2.8730520837456317e+00, -3.5315405447065809e-02,
       -8.0036455602688605e-01, 2.9060487641399266e+00,
       -3.3257437610007844e-02, -7.9781816628184610e-01,
       2.9342411891909004e+00, -3.7984898698383875e-02,
       -8.0267621384432053e-01, 2.9792577352795568e+00,
       -2.3035505340882959e-02, -7.9727264015738675e-01,
       3.0046361429879451e+00, -1.4877478270695382e-02,
       -8.0523096019890827e-01, -3.0295037753126834e+00,
       1.4177871459242713e-02, 8.1284063757784308e-01,
       3.0081958322344056e+00, -1.0347641063512686e-02,
       -8.6789823567714119e-01, 3.0047026587691641e+00,
       4.2023849688330832e-03, -8.8189098302011415e-01,
       2.9869007769057507e+00, -8.4731408393341322e-03,
       -8.9026484718718846e-01, -2.9696880829458725e+00,
       -4.2328026958527824e-02, 8.8368157708883865e-01,
       -2.9830293136377972e+00, -8.2227106505958672e-02,
       8.6778034489820866e-01, -2.9200649374007286e+00,
       -9.9500477179774560e-02, 9.3449370125388587e-01,
