%YAML:1.0
---
summary: "Filter by time, rd=10, rs=5."
init_cam_calib: C99-1010_3p_3
camera_matrix: !!opencv-matrix
   rows: 3
   cols: 3
   dt: d
   data: [ 2.5618338654951935e+03, 0., 1.8805867063081066e+03, 0.,
       2.5611956615981007e+03, 1.0888301886452671e+03, 0., 0., 1. ]
dist_coeff: !!opencv-matrix
   rows: 5
   cols: 1
   dt: d
   data: [ 1.8635507880431928e-02, -4.8330941567445863e-02,
       -3.9402369737013670e-04, -1.1970768255747436e-03,
       4.3097364368372811e-02 ]
rvec: !!opencv-matrix
   rows: 263
   cols: 3
   dt: d
   data: [ -3.0472042627913707e+00, 4.0257663184913951e-02,
       6.9289858842824389e-02, -3.0530768724575030e+00,
       1.5465990866300338e-02, 3.4286106052236379e-02,
       -3.0228672758495123e+00, -7.2382981297467296e-03,
       -1.2615310969130299e-03, -3.0214323846046547e+00,
       -6.6718979248820941e-03, 1.8571325302897035e-03,
       -3.0256588581821267e+00, 6.3922927843758652e-04,
       2.2635640873345277e-02, -3.0294632408981044e+00,
       2.5128387782829818e-03, 2.6533644751610120e-02,
       -3.0286854547120079e+00, 1.0481509343497857e-02,
       2.4018507617718458e-02, -3.0215841003586976e+00,
       7.7296066518464440e-03, 2.6936028021066961e-02,
       -3.0292637189802822e+00, 1.5939514500692545e-02,
       2.8573152771561770e-02, -3.0516561417005557e+00,
       3.2483306973414117e-02, 4.4932724538994551e-02,
       -3.0439141561378986e+00, 3.6035566771354846e-02,
       3.6842938531379633e-02, -3.0416689214928421e+00,
       4.8120469298332864e-02, 2.1786629235258911e-02,
       -3.0519453540916128e+00, 4.2943361695523957e-02,
       2.9050156025462636e-02, -3.0562989364902950e+00,
       2.8078116029555275e-02, 4.8312111759139804e-02,
       -3.0731554632863767e+00, 2.8649706994061865e-02,
       1.3737348646205485e-02, -3.0928487382016270e+00,
       3.0209362562496286e-02, -1.0640660733973992e-01,
       -3.1101851394929696e+00, 2.2405816810695301e-02,
       -1.4572130176967710e-01, -3.1190689173073411e+00,
       1.1977012600237124e-02, -6.3387032981132727e-02,
       -3.0814247423803778e+00, -8.5981584821331961e-03,
       -4.5496289159328268e-02, -3.0736840664190117e+00,
       1.7274110244872975e-02, -6.4964746614937063e-02,
       -3.0584913295801948e+00, 4.8839389067657980e-02,
       -1.2613855805045315e-01, -3.0678622562281288e+00,
       4.2058171378799337e-02, -1.2107615380125054e-01,
       -3.0615669332815392e+00, 2.0963696960523675e-02,
       -6.5751273933876142e-02, -3.0682780598167070e+00,
       1.4498896224852736e-02, -3.6087838385274511e-02,
       -3.0745363211736088e+00, 1.5925196090658143e-02,
       -2.6972571336172448e-02, -3.0871029269561694e+00,
       2.4231626310926131e-02, -2.9691090311191191e-02,
       -3.0919021640511501e+00, 2.3112854236415598e-02,
       -3.8011274486239456e-02, -3.0911887494791759e+00,
       2.5092456882187381e-02, -3.5192705871967857e-02,
       -3.0831144759541536e+00, 3.2464105311328255e-02,
       -2.2628533366394456e-02, -3.0860533634628768e+00,
       6.7405397386576082e-02, -3.0552464427529329e-02,
       -3.1008561867664657e+00, 8.4709572932256422e-02,
       -1.2642675365157066e-01, -3.0695947790513247e+00,
       7.0504495172568460e-02, -1.4151762444545279e-01,
       -3.0802480406813499e+00, 4.4512598467535185e-02,
       -8.9843452785203323e-02, -3.0698674116715958e+00,
       2.6011247252829686e-02, -2.4537536931381429e-02,
       -3.0768753679886749e+00, 4.5150878902589918e-02,
       -1.1335017388071419e-01, -3.0891163774293595e+00,
       7.0250636142174888e-02, -1.7934990481950097e-01,
       -3.1018773890125360e+00, 3.5874734831854681e-02,
       -6.3972705714117839e-02, -3.0668143151265213e+00,
       -1.0441507799929943e-02, 6.5618791648291000e-02,
       -3.0825484728137735e+00, 9.4658330282761122e-03,
       -1.9075226355782068e-02, 3.1432555481521076e+00,
       -2.6683112148356631e-02, 1.6371847362846866e-02,
       3.0394432310207078e+00, 4.5714209717870021e-03,
       2.8065750089959991e-02, 3.0110069616320936e+00,
       -2.2439866537741257e-02, -1.9449015144285563e-02,
       2.9423154645531846e+00, -1.6216347067105334e-02,
       -1.3413813320028539e-02, 2.9173065905288289e+00,
       -4.6512175771402688e-02, 2.8888836963405520e-02,
       2.9203252045596715e+00, -3.6642332492031034e-02,
       4.0720121861659376e-03, 2.9766952633737360e+00,
       -2.5237814982017267e-02, -2.5938866005112152e-02,
       2.9768400924007214e+00, -4.3955647309132151e-02,
       -1.3762814296829897e-02, 2.9727917143591789e+00,
       -5.3402405804197452e-02, -2.1868556888431669e-02,
       2.9760497820617471e+00, -5.1221034153941331e-02,
       -3.2248820787582573e-02, 2.9756436700007218e+00,
       -4.2621562414832316e-02, -2.6462974711803269e-02,
       2.9824350400329531e+00, -2.8958918072453498e-02,
       -5.9337096278432979e-03, 2.9929237408175520e+00,
       -1.9669517387269110e-02, 7.9201783987944419e-03,
       3.0379957870753707e+00, -3.5739429708982348e-02,
       6.8288442088325040e-03, 3.0589009327003902e+00,
       -4.0906679085112412e-02, 3.6820941138947282e-03,
       3.0496888684162844e+00, -3.6488550101455949e-02,
       4.3362144215759544e-03, 3.0501794892503331e+00,
       -2.8617601120778130e-02, 6.3294305349868348e-03,
       3.0541400776799530e+00, -2.1426746566153218e-02,
       2.0019378916472642e-02, 3.0946596832788336e+00,
       -5.0979722129203278e-02, 1.4077726551608050e-03,
       3.1306429895079257e+00, -5.2415261981785415e-02,
       -3.8550014194322094e-02, -3.0637449266336727e+00,
       -1.2784320560391611e-03, 3.5006522087384619e-02,
       -3.0487157514674839e+00, -2.2302255008955399e-02,
       -3.4181360704359259e-02, -3.0298110477319224e+00,
       3.8057060478560848e-03, -1.2336216951125297e-03,
       -2.9582013535171239e+00, 5.0776255892957374e-02,
       3.5297052871893927e-02, -2.9652923340211719e+00,
       4.8561024510972259e-02, 2.7345710033965593e-02,
       -2.9784557356100860e+00, -1.0346281643980410e-02,
       -5.8493372236100858e-03, -3.0373986415189385e+00,
       -4.6103015398061574e-02, -4.9851615069737995e-02,
       -3.0464990034576220e+00, -5.7237539297467194e-02,
       -5.3810639588349106e-02, -3.0553769993074931e+00,
       -5.8776769572008565e-02, -4.4899985656327003e-02,
       -3.0537682654828617e+00, -6.9880001897288824e-02,
       -3.6328913952293609e-02, -3.0488952092881867e+00,
       -6.6665069533165047e-02, -3.0821297469011702e-02,
       -3.0591422553319543e+00, -6.4879241057150636e-02,
       -1.4650519398896033e-02, -3.0369321561685663e+00,
       -8.4024963448644727e-02, -3.6279572551864625e-03,
       3.1458855767644196e+00, 1.0481198353415146e-01,
       3.1705537659899148e-02, 3.0028636648475269e+00,
       -8.8256402643555124e-03, -8.2184388768847622e-02,
       3.0567823899301003e+00, -4.1203456895376182e-02,
       -9.0586354254635737e-02, 3.1039236020486713e+00,
       -2.3417845543190957e-02, -5.8407038194366920e-02,
       3.1233142209111238e+00, 9.3320795600620992e-03,
       -6.8522580056647802e-03, -3.1281124590969713e+00,
       -2.7109366103657542e-03, -1.2255894073082214e-02,
       -3.0990580221617821e+00, 7.0970988561601034e-03,
       -6.6900312254966621e-04, -3.0833591973840018e+00,
       2.1834864259271922e-02, 1.1449320504742112e-02,
       -3.0728724713483566e+00, -2.6396421737130177e-03,
       6.4704863408446361e-02, -3.0583082500026197e+00,
       1.9728579871818634e-02, 1.6710218071486765e-01,
       -3.1250224627613203e+00, 8.1542860324190197e-02,
       1.2746446732270866e-01, 3.1514234148189781e+00,
       -1.2010763868980223e-01, -9.9577462111238760e-02,
       3.0900560109184747e+00, -8.9077243412013299e-02,
       -1.2600096656601739e-01, 3.1069022280302643e+00,
       -1.2991257415252722e-01, -2.2999981074484727e-01,
       3.0797908651785590e+00, -4.4098108048433039e-02,
       -2.0906982434605229e-01, 3.0725313917881585e+00,
       -1.8503951582000133e-02, -1.5332304300304994e-01,
