%YAML:1.0
---
summary: "Filter by time and points, rd=20, rs=0, sp=5, sf=4."
init_cam_calib: C99-1010_3p_3
camera_matrix: !!opencv-matrix
   rows: 3
   cols: 3
   dt: d
   data: [ 2.5680237161242094e+03, 0., 1.8734350001187281e+03, 0.,
       2.5663842563449989e+03, 1.0854494583332182e+03, 0., 0., 1. ]
dist_coeff: !!opencv-matrix
   rows: 5
   cols: 1
   dt: d
   data: [ 2.2865665149433591e-02, -6.7479841390786541e-02,
       -6.6903403390007447e-04, -1.6318322798829915e-03,
       5.8819489309235508e-02 ]
std_intrinsics: !!opencv-matrix
   rows: 18
   cols: 1
   dt: d
   data: [ 9.9512574688769084e-01, 9.4822663076902047e-01,
       1.7766366442668515e+00, 1.1042321320835369e+00,
       1.9643988324451944e-03, 7.3495665375186052e-03,
       1.3750200105292585e-04, 2.4005918718805888e-04,
       7.9985686975084999e-03, 0., 0., 0., 0., 0., 0., 0., 0., 0. ]
std_extrinsics: !!opencv-matrix
   rows: 792
   cols: 1
   dt: d
   data: [ 1.3242020568206751e-03, 4.6672197266807821e-04,
       1.5212931928894897e-03, 2.3562110142663637e+00,
       1.4911440404847316e+00, 1.8616905274051072e+00,
       1.2923378581147797e-03, 4.3249576580011589e-04,
       1.5190800244217751e-03, 2.3913932077544686e+00,
       1.5067456687750813e+00, 1.7295207356037110e+00,
       1.4966897809389214e-03, 4.6703883730414954e-04,
       1.5011921459845124e-03, 2.3763848679863968e+00,
       1.5045655804887310e+00, 1.8473428354175423e+00,
       1.2570343333120808e-03, 4.3293455040745480e-04,
       1.5139833179800230e-03, 2.3750880022339693e+00,
       1.5093328875337759e+00, 1.8005224872897265e+00,
       1.2178961234739624e-03, 4.6661774610836060e-04,
       1.5214654993430993e-03, 2.3709843212958472e+00,
       1.4928657736883133e+00, 1.6719695511585460e+00,
       1.2759148636044321e-03, 4.3875716706927054e-04,
       1.4245207852317144e-03, 2.3701787463453594e+00,
       1.5048886234389955e+00, 1.7853739067642600e+00,
       1.1711050685359707e-03, 4.1091015164814045e-04,
       1.4015583334544080e-03, 2.3728257248761446e+00,
       1.5034014791922732e+00, 1.6814970795221369e+00,
       1.5367250676239393e-03, 4.6758721969539983e-04,
       1.6310961133946995e-03, 2.3339667561766269e+00,
       1.4826753050524297e+00, 2.0113204609452899e+00,
       1.1840475257470647e-03, 5.5146515647242151e-04,
       1.6294633700794001e-03, 2.3623552873893061e+00,
       1.5005736403823455e+00, 1.8459222320345339e+00,
       1.7720307303196886e-03, 4.6559263823179264e-04,
       1.6477310226688659e-03, 2.5439855282890047e+00,
       1.6094425095669547e+00, 2.0738264935865729e+00,
       1.3857933394115392e-03, 5.6374573217716443e-04,
       1.8361996846102163e-03, 2.6989404364195599e+00,
       1.7094499377684274e+00, 2.2218777332577941e+00,
       1.5346492841761057e-03, 5.8034728161710522e-04,
       1.7558514290376174e-03, 2.8290190549957304e+00,
       1.7924548053792837e+00, 2.2684794944982709e+00,
       1.7306420203319667e-03, 6.0831196445127053e-04,
       2.0411620941120459e-03, 2.9560094953724647e+00,
       1.8690391494779932e+00, 2.5874738363782530e+00,
       1.6407724009736765e-03, 6.7343119469562924e-04,
       1.9613440876064844e-03, 2.9978005417192128e+00,
       1.9015506639330757e+00, 2.5548859289670367e+00,
       1.8809351958430300e-03, 6.0653558340215347e-04,
       1.9636057976851959e-03, 2.9813690141196987e+00,
       1.8874640103298543e+00, 2.5292638492174926e+00,
       1.5442501522556402e-03, 6.0093910755997057e-04,
       1.6908725645588955e-03, 2.8608149817917270e+00,
       1.8177593472360047e+00, 2.4208080322773000e+00,
       1.4858118475283399e-03, 5.6579109693367566e-04,
       1.6954483832268838e-03, 2.6676068749299224e+00,
       1.6806768854892646e+00, 2.0902717108745548e+00,
       1.4296854851741038e-03, 4.5975743351491140e-04,
       1.4379187317845707e-03, 2.4090287409587963e+00,
       1.5200387148660317e+00, 1.8272479825385775e+00,
       1.1815489807140698e-03, 5.0106265937956216e-04,
       1.4757284333128565e-03, 2.2722700646601237e+00,
       1.4412012272608001e+00, 1.6832588360014098e+00,
       1.2481973076095383e-03, 4.6155332412209816e-04,
       1.5305589281854382e-03, 2.3312574770650252e+00,
       1.4848724986707653e+00, 1.8106105137403683e+00,
       1.2471041917674417e-03, 5.1480006085465589e-04,
       1.5361320540618279e-03, 2.3454616011455789e+00,
       1.4969559960397913e+00, 1.8681994323568558e+00,
       9.8779862245368302e-04, 4.6897539312652011e-04,
       1.4410427043971797e-03, 2.3554431002133578e+00,
       1.5153198605162539e+00, 1.8369344011162552e+00,
       1.0749350860714451e-03, 4.9233201962762532e-04,
       1.4017710362175322e-03, 2.3853190969659321e+00,
       1.5350547780803458e+00, 1.9902515199798296e+00,
       9.4053314229368195e-04, 4.6246287510632190e-04,
       1.3948930867113891e-03, 2.3611349668161599e+00,
       1.5166749000183508e+00, 1.8501878568694230e+00,
       1.0560165722607910e-03, 4.5196226696177759e-04,
       1.5302847917446454e-03, 2.3762285970691601e+00,
       1.5200275634363107e+00, 1.8261866185053346e+00,
       1.0224216690768926e-03, 4.5286966646507568e-04,
       1.4984358512925913e-03, 2.3686809873247152e+00,
       1.5224955070000548e+00, 1.8323350952175028e+00,
       9.6403373944539282e-04, 4.4210589394312291e-04,
       1.3939670562558083e-03, 2.3810685203113433e+00,
       1.5212756774689129e+00, 1.7551417053991640e+00,
       1.0409163696603635e-03, 4.6223650690915239e-04,
       1.4456972384499160e-03, 2.3794670656103039e+00,
       1.5114983140774418e+00, 1.8203606454545529e+00,
       1.0943239728757742e-03, 4.5786220997750301e-04,
       1.3550815834932738e-03, 2.3806907685887966e+00,
       1.5089435234567441e+00, 1.7580886035905756e+00,
       1.1475821508632595e-03, 4.6080713725852240e-04,
       1.5249065825967759e-03, 2.3569510505042266e+00,
       1.5059951735026194e+00, 1.7582833905114872e+00,
       1.2243456665481500e-03, 4.4262084777624164e-04,
       1.4693356003444204e-03, 2.4257782252864017e+00,
       1.5433173077912892e+00, 1.7834894633717013e+00,
       1.3921897368603007e-03, 4.4881744462895595e-04,
       1.4183407289955754e-03, 2.4720676417837151e+00,
       1.5712832969588260e+00, 1.8978417605675824e+00,
       1.3331660811737355e-03, 4.4027219835745927e-04,
       1.4408856897074897e-03, 2.4558696675772325e+00,
       1.5576438637307295e+00, 1.7943276775458543e+00,
       1.6121724855553241e-03, 5.5111271893416251e-04,
       1.7912332862086353e-03, 2.4777031318978224e+00,
       1.5750905919572831e+00, 1.9796379296802542e+00,
       1.5726430093988893e-03, 5.2873520959120649e-04,
       1.7812752697683176e-03, 2.5039998590564281e+00,
       1.5973715900153929e+00, 2.1346115668200984e+00,
       1.8284769339932930e-03, 5.4469452356455106e-04,
       2.0469986594340286e-03, 2.5034103564057459e+00,
       1.5888994797471465e+00, 2.0860518086909159e+00,
       1.4876815002350594e-03, 5.0019685043008405e-04,
       1.6927431112348070e-03, 2.5005597499917522e+00,
       1.5880623098467253e+00, 1.9912789196308451e+00,
       1.7307744292446793e-03, 5.9814493509547837e-04,
       1.9861663862497888e-03, 2.4691945713462666e+00,
       1.6159397394013730e+00, 2.4814556332487179e+00,
       1.2816488990885261e-03, 4.9951358726445477e-04,
       1.6918503363485709e-03, 2.4661368629019869e+00,
       1.5795994243130760e+00, 2.0307009652071466e+00,
       1.4604903734652080e-03, 4.6569558019277356e-04,
       1.4669625609292232e-03, 2.4795530781502624e+00,
       1.5749835653575317e+00, 1.9369194754799077e+00,
       1.2380199306890941e-03, 4.7016776943319003e-04,
       1.4663102357355027e-03, 2.4429408741165575e+00,
       1.5510314307030577e+00, 1.8188413129262884e+00,
       1.2137710527511418e-03, 4.6964149157524359e-04,
       1.5378382198714552e-03, 2.2692649240608085e+00,
       1.4444527972111916e+00, 1.7439920162262856e+00,
       1.0936476130936263e-03, 4.4720198483831327e-04,
       1.5517635885499217e-03, 2.0588499564299156e+00,
