%YAML:1.0
---
summary: "Filter by time and points, rd=20, rs=10, sp=5, sf=0."
init_cam_calib: C99-1010_3p_3
camera_matrix: !!opencv-matrix
   rows: 3
   cols: 3
   dt: d
   data: [ 2.5635109483726260e+03, 0., 1.8868023537740539e+03, 0.,
       2.5625358212979718e+03, 1.0917103436207028e+03, 0., 0., 1. ]
dist_coeff: !!opencv-matrix
   rows: 5
   cols: 1
   dt: d
   data: [ 2.4570602422784735e-02, -6.5696226996249912e-02,
       1.9100970230904988e-04, -6.1816534870732230e-04,
       6.0915953140156527e-02 ]
std_intrinsics: !!opencv-matrix
   rows: 18
   cols: 1
   dt: d
   data: [ 9.2582063394364966e-01, 8.7853309470889784e-01,
       1.6464595627436023e+00, 1.0379211293345119e+00,
       1.8975989989212416e-03, 7.3094165724820548e-03,
       1.2956441882161073e-04, 2.2508617257360649e-04,
       8.1457363611602968e-03, 0., 0., 0., 0., 0., 0., 0., 0., 0. ]
std_extrinsics: !!opencv-matrix
   rows: 786
   cols: 1
   dt: d
   data: [ 1.1262361326529803e-03, 4.5480377706777746e-04,
       1.4420223521827212e-03, 2.1943482539257793e+00,
       1.4023100434915461e+00, 1.6100091960220084e+00,
       1.3162144725538294e-03, 4.2272306888250073e-04,
       1.3909750310414192e-03, 2.2074648018719203e+00,
       1.4066459272335774e+00, 1.6907749740383409e+00,
       1.1082735579082030e-03, 3.7264366798910563e-04,
       1.2864547622214921e-03, 2.2100702696689174e+00,
       1.4110559084065584e+00, 1.5472931506225058e+00,
       1.2541341270769428e-03, 4.1274170168726320e-04,
       1.4144725866037072e-03, 2.2098267139393615e+00,
       1.4068141411573600e+00, 1.6254199352900331e+00,
       1.2140031172488861e-03, 4.1382285917795171e-04,
       1.3239104663610964e-03, 2.1945578090476645e+00,
       1.4136057282422634e+00, 1.6787140973090930e+00,
       1.1136513030614542e-03, 3.9968866819147262e-04,
       1.3138632237814530e-03, 2.2070079701449630e+00,
       1.4129778670032402e+00, 1.6259854233012323e+00,
       1.2823688254385418e-03, 4.3114909490185848e-04,
       1.4884213320788945e-03, 2.1843484630318435e+00,
       1.4032604782070450e+00, 1.6834235862944735e+00,
       1.1956783987440579e-03, 4.6519321913629649e-04,
       1.3329032652959311e-03, 2.1729466105825122e+00,
       1.3937070816583625e+00, 1.6351819114515158e+00,
       1.1401979291601203e-03, 5.0804875164376338e-04,
       1.5247424489614862e-03, 2.2572768954569788e+00,
       1.4475255439115964e+00, 1.7133903474087617e+00,
       1.3697415593573892e-03, 5.0725115367115394e-04,
       1.5356780710751381e-03, 2.4169658478522544e+00,
       1.5499934685112544e+00, 1.9291479592327758e+00,
       1.4421772380869774e-03, 5.3037019738704969e-04,
       1.7053771151801362e-03, 2.5730976888118029e+00,
       1.6379925760575487e+00, 2.1000920667962064e+00,
       1.7465995194140104e-03, 5.6999805987891210e-04,
       1.9251392369251719e-03, 2.6857116551216462e+00,
       1.7246510482541400e+00, 2.5331969024885055e+00,
       1.5350417435690501e-03, 5.5233776154033130e-04,
       1.6321863802783495e-03, 2.7645642607595535e+00,
       1.7747072430452078e+00, 2.3179746294561570e+00,
       1.8384745593080212e-03, 5.8157530528754240e-04,
       1.9758496116004656e-03, 2.7882925301299202e+00,
       1.7806610964104015e+00, 2.5715123395551189e+00,
       1.6469026992587520e-03, 5.8431585490293996e-04,
       1.7731850383690859e-03, 2.7177871823623643e+00,
       1.7433703989251317e+00, 2.5490982832322588e+00,
       1.4057810863144695e-03, 5.4293504954874350e-04,
       1.6346291918977220e-03, 2.5862302505925423e+00,
       1.6520190716913588e+00, 2.1238160106041866e+00,
       1.1972045236410898e-03, 4.9969480870774526e-04,
       1.5132252571435636e-03, 2.3364732581618108e+00,
       1.4995850786630915e+00, 1.8295633501967905e+00,
       1.1005873551357072e-03, 4.5834041455994741e-04,
       1.4494667268658442e-03, 2.1498566017362557e+00,
       1.3841467672138419e+00, 1.6114613441588106e+00,
       1.0822966340667654e-03, 4.0541948870020852e-04,
       1.3678264695166362e-03, 2.1263192358837784e+00,
       1.3718841441439309e+00, 1.6044825125796915e+00,
       1.1303385448437557e-03, 4.3503721299807576e-04,
       1.4755733817025209e-03, 2.1938763205591987e+00,
       1.4041234231494055e+00, 1.6413099218952596e+00,
       9.5831306979997897e-04, 4.2941933216029856e-04,
       1.2511285289458765e-03, 2.1764123542308220e+00,
       1.4164819367476464e+00, 1.6953358025155645e+00,
       9.5609866168479165e-04, 4.3611773977666487e-04,
       1.2171969597738657e-03, 2.1973827786132420e+00,
       1.4332934162328079e+00, 1.8102261703110145e+00,
       9.6690043154916948e-04, 4.2844050532652117e-04,
       1.3680027589223192e-03, 2.2058638028883535e+00,
       1.4325030952061046e+00, 1.7655655750522630e+00,
       1.0053958801590534e-03, 4.5398020703732504e-04,
       1.4092648500645389e-03, 2.1992806240676037e+00,
       1.4251365276610108e+00, 1.7700062598072941e+00,
       9.1505369009107899e-04, 4.1473312253261169e-04,
       1.3117511150417677e-03, 2.1955653168823028e+00,
       1.4229309169401525e+00, 1.6643146825732746e+00,
       1.0525631953295857e-03, 4.6378071488929051e-04,
       1.2929694602814151e-03, 2.2048718352285626e+00,
       1.4227171642806000e+00, 1.8174021152612976e+00,
       1.0109819215692690e-03, 4.2769643072589303e-04,
       1.3028904416135531e-03, 2.2040478072920222e+00,
       1.4261859509405852e+00, 1.7092672445280992e+00,
       9.9193202318972819e-04, 4.5194707003701152e-04,
       1.2771934406016860e-03, 2.1996463296820745e+00,
       1.4151295783652542e+00, 1.6551859629460739e+00,
       9.8449438611841072e-04, 4.4602288951932844e-04,
       1.3383345605928580e-03, 2.1852886797168463e+00,
       1.4077961957715786e+00, 1.6854424505649461e+00,
       1.2063040049449701e-03, 4.4307242341687483e-04,
       1.4208720512292939e-03, 2.2160429516295288e+00,
       1.4302839672838894e+00, 1.7445434915815876e+00,
       1.2208225445029730e-03, 4.5661631432877277e-04,
       1.4766574662779730e-03, 2.2888273086668405e+00,
       1.4660387258612382e+00, 1.7639810613044351e+00,
       1.3078540665402280e-03, 4.0939151731915181e-04,
       1.2823321762661952e-03, 2.2782204596062163e+00,
       1.4577201419159904e+00, 1.7136491369794586e+00,
       1.2113101087967912e-03, 4.4763143595650179e-04,
       1.5490709300513389e-03, 2.2879230217979094e+00,
       1.4711003274261820e+00, 1.8025963472960880e+00,
       1.2890978906395394e-03, 4.8714645172614042e-04,
       1.5807223174502554e-03, 2.3208319436732614e+00,
       1.4889638593042553e+00, 1.8001743238136125e+00,
       1.3046409045304058e-03, 4.5836252413478822e-04,
       1.5324841765005943e-03, 2.3187592284958951e+00,
       1.4939980836497460e+00, 1.8198161954241827e+00,
       1.7521224045427869e-03, 4.6507889703749844e-04,
       1.8418021439992830e-03, 2.3201801262404929e+00,
       1.4994819952808487e+00, 1.9137775191669499e+00,
       1.6391862358034158e-03, 4.9781425889065930e-04,
       1.8746878810960742e-03, 2.2855822465132158e+00,
       1.5001936529378765e+00, 2.1545348199266501e+00,
       1.5299546040836735e-03, 4.3939288632403254e-04,
       1.6339837213073037e-03, 2.2982797021457357e+00,
       1.4982994277247434e+00, 1.9900423981975432e+00,
       1.1286018027327008e-03, 4.7600172514617611e-04,
       1.6704108600913137e-03, 2.3108072667370267e+00,
       1.4934099827067542e+00, 1.8644477051798660e+00,
       1.3885999867146938e-03, 4.3561565079497892e-04,
       1.4650900097594012e-03, 2.2870867742960397e+00,
       1.4735862162316400e+00, 1.8458743003876845e+00,
       1.0357492970917588e-03, 4.3793020463099667e-04,
       1.4627924561688723e-03, 2.2096276887948436e+00,
       1.4229427598345423e+00, 1.6719544287651755e+00,
       1.2191912954946740e-03, 4.9279091762384779e-04,
       1.5408415942216403e-03, 2.0099716217580106e+00,
       1.2914480306665519e+00, 1.6239802281629272e+00,
       1.2242124432384847e-03, 4.5432120067054517e-04,
       1.5714462824136951e-03, 1.8212941395345581e+00,
