%YAML:1.0
---
summary: "Filter by time and points, rd=20, rs=10, sp=5, sf=3."
init_cam_calib: C99-1010_3p_3
camera_matrix: !!opencv-matrix
   rows: 3
   cols: 3
   dt: d
   data: [ 2.5610108196142633e+03, 0., 1.8858462030417609e+03, 0.,
       2.5598446798495484e+03, 1.0909652448966135e+03, 0., 0., 1. ]
dist_coeff: !!opencv-matrix
   rows: 5
   cols: 1
   dt: d
   data: [ 2.1315472498633713e-02, -5.4546416977075948e-02,
       -2.1872660551798648e-04, -5.0560812886358370e-04,
       4.7783443494358271e-02 ]
std_intrinsics: !!opencv-matrix
   rows: 18
   cols: 1
   dt: d
   data: [ 8.7097852065989190e-01, 8.2787912895007043e-01,
       1.5391149294490780e+00, 9.6189026827722746e-01,
       1.6077501753385662e-03, 5.8266505479135904e-03,
       1.2158567225426157e-04, 2.1081233863059451e-04,
       6.1442503386903375e-03, 0., 0., 0., 0., 0., 0., 0., 0., 0. ]
std_extrinsics: !!opencv-matrix
   rows: 786
   cols: 1
   dt: d
   data: [ 1.2155726219632331e-03, 3.8612377305879790e-04,
       1.2835536113549679e-03, 2.0517016391902048e+00,
       1.3137271686929317e+00, 1.6497896665946572e+00,
       1.0450142691166581e-03, 3.9917226207429639e-04,
       1.2964117285220152e-03, 2.0580246325929106e+00,
       1.3059408278504467e+00, 1.4825648675933638e+00,
       1.3976393130207790e-03, 3.8018371409846577e-04,
       1.2719913955039728e-03, 2.0586939003057929e+00,
       1.3093179455721669e+00, 1.6331862319836798e+00,
       1.0424986366507941e-03, 3.6525792664758664e-04,
       1.2258251227530385e-03, 2.0625945755727142e+00,
       1.3060102910790590e+00, 1.4590465113103133e+00,
       1.1959682142975553e-03, 3.9988783291442182e-04,
       1.3266237273257275e-03, 2.0465587233291416e+00,
       1.3062362221557318e+00, 1.7305327062731746e+00,
       1.0396797658308646e-03, 3.9914901627287791e-04,
       1.3264961826391845e-03, 2.0643804505744829e+00,
       1.3068002265862049e+00, 1.5177297275449650e+00,
       1.0345311258225297e-03, 3.7998850799784750e-04,
       1.3467111203462777e-03, 2.0382700881854765e+00,
       1.2977273153780626e+00, 1.5257853193272133e+00,
       1.1387246579630808e-03, 4.0032108896752142e-04,
       1.3766877705679737e-03, 2.0307782011956474e+00,
       1.3035403465297604e+00, 1.6376905104967363e+00,
       1.1883515289018542e-03, 4.3081085429210191e-04,
       1.2712145443543159e-03, 2.1122941365231696e+00,
       1.3459877159239027e+00, 1.6361791958109182e+00,
       1.0952427880371078e-03, 4.1241345799934535e-04,
       1.3769876131022147e-03, 2.2642050610735280e+00,
       1.4434256997529280e+00, 1.7691625326853082e+00,
       1.4103399413305108e-03, 4.6970650383954985e-04,
       1.4450298205996564e-03, 2.4097357602048612e+00,
       1.5264014228113978e+00, 1.9392513708296042e+00,
       1.3883374691012517e-03, 4.6387732717051851e-04,
       1.4848781197251513e-03, 2.5194627864027290e+00,
       1.5985631478437707e+00, 2.0318726242350698e+00,
       1.2905642298151514e-03, 5.2014435560617770e-04,
       1.6547141934654458e-03, 2.5818129076464782e+00,
       1.6423554007743184e+00, 2.2230701877958348e+00,
       1.7342729406066132e-03, 5.1698199380184075e-04,
       1.8072596390140507e-03, 2.6089835419515706e+00,
       1.6583849859272666e+00, 2.3168203751412615e+00,
       1.4077091805659260e-03, 4.9176274920468633e-04,
       1.5317060167422186e-03, 2.5420279400578600e+00,
       1.6213526826861591e+00, 2.1822863308961624e+00,
       1.3417074089404626e-03, 5.3349666601161050e-04,
       1.4544357775922157e-03, 2.4187442457524790e+00,
       1.5286572645261332e+00, 1.9249504434435440e+00,
       1.4634343085331058e-03, 3.9342973853794943e-04,
       1.4134173577839597e-03, 2.2094020885185812e+00,
       1.4030410621395175e+00, 1.7336229586453455e+00,
       1.2298519875754942e-03, 4.4437105930895726e-04,
       1.4482705385852523e-03, 2.0146539118503344e+00,
       1.2826388883868498e+00, 1.5770893571251521e+00,
       1.0411669760889009e-03, 3.9540243738394763e-04,
       1.4242507173352836e-03, 1.9911519985608190e+00,
       1.2702463602843268e+00, 1.4918231361203440e+00,
       9.9721938194300211e-04, 4.1118866952110766e-04,
       1.2506716367174171e-03, 2.0368178584512990e+00,
       1.3003712772409926e+00, 1.5616097933875517e+00,
       1.0081298901938340e-03, 4.2559118422479776e-04,
       1.3059563594557501e-03, 2.0366202979107548e+00,
       1.3098138996829292e+00, 1.6514512965440513e+00,
       9.7605199976470616e-04, 4.1767819489065423e-04,
       1.3497077895652662e-03, 2.0557734527730580e+00,
       1.3315600717957219e+00, 1.7523810400370408e+00,
       9.1950670217076712e-04, 4.1310864434406809e-04,
       1.3073776137945707e-03, 2.0567265095120941e+00,
       1.3264892057325963e+00, 1.7249336481191484e+00,
       8.3080528572962247e-04, 3.9663486129437673e-04,
       1.2721221305175951e-03, 2.0594706909185616e+00,
       1.3198539118027262e+00, 1.6474640800114060e+00,
       9.1473835953452011e-04, 4.1894115344189687e-04,
       1.2865812343406530e-03, 2.0549875708123122e+00,
       1.3161663633164462e+00, 1.6688119566506896e+00,
       7.8672793250157149e-04, 4.0256192246113440e-04,
       1.2023844184932578e-03, 2.0567437321086715e+00,
       1.3221200599629410e+00, 1.5542932874754900e+00,
       9.2390043890218376e-04, 3.6467749008771378e-04,
       1.1720071654540503e-03, 2.0725862781331155e+00,
       1.3213540405387201e+00, 1.5397010620819298e+00,
       8.3209649129999596e-04, 3.9522551168848019e-04,
       1.2400072101002024e-03, 2.0604818983426818e+00,
       1.3142778462765492e+00, 1.5703555412375003e+00,
       8.9056356772273940e-04, 4.3705203173364599e-04,
       1.2902333505435074e-03, 2.0368110617693693e+00,
       1.2971121383917503e+00, 1.6328908034729417e+00,
       1.0011441229568012e-03, 4.0718506623210391e-04,
       1.3233249090031352e-03, 2.0694275598077381e+00,
       1.3250876835377929e+00, 1.6674413013159464e+00,
       1.3564673483235142e-03, 4.0775416447034053e-04,
       1.4464051259275277e-03, 2.1504917319122479e+00,
       1.3630811763338355e+00, 1.6258434057094742e+00,
       1.2457891872092023e-03, 3.6799619129296800e-04,
       1.2247573278806533e-03, 2.1343479335958930e+00,
       1.3569747326327815e+00, 1.6004401644907540e+00,
       1.3359206013343766e-03, 4.0793749090906636e-04,
       1.3486137088570397e-03, 2.1373638731746674e+00,
       1.3674686434318675e+00, 1.7138991920330713e+00,
       1.2579934111931318e-03, 4.1923489253493918e-04,
       1.4512391966873170e-03, 2.1697958693556614e+00,
       1.3869055540802304e+00, 1.7122941031005887e+00,
       1.2309165034466052e-03, 4.5861852703786321e-04,
       1.8602060045084718e-03, 2.1699103414549183e+00,
       1.3845949043576713e+00, 1.8401147935981677e+00,
       1.0484436244670560e-03, 4.4503835034681051e-04,
       1.4370343117521564e-03, 2.1628492338471577e+00,
       1.3886637087192562e+00, 1.7713135593189346e+00,
       1.4577753250969235e-03, 4.9462450516124707e-04,
       1.5756025470293215e-03, 2.1287558408288803e+00,
       1.3833889219724889e+00, 1.9458492593828609e+00,
       1.2768589655817891e-03, 4.8557436975468478e-04,
       1.7306158398813626e-03, 2.1384624873118536e+00,
       1.3786613061731732e+00, 1.8407577108796955e+00,
       1.2431024621958986e-03, 4.5057428943381781e-04,
       1.5299210069825021e-03, 2.1502283629002816e+00,
       1.3793418167118958e+00, 1.7938555591746557e+00,
       1.1391134020503847e-03, 4.0248648443615126e-04,
       1.3169638762519733e-03, 2.1406715674381811e+00,
       1.3639373118527931e+00, 1.7010463784019820e+00,
       1.2672469249793985e-03, 3.9030031712645091e-04,
       1.3318135031194641e-03, 2.0761977379238963e+00,
       1.3197843027111098e+00, 1.5691018645637647e+00,
       8.9215472208891290e-04, 3.8500854503853226e-04,
       1.2536437801598460e-03, 1.8792044393035490e+00,
       1.2056842153544383e+00, 1.4153684712723742e+00,
       1.0575864082050003e-03, 4.0354943048361274e-04,
       1.4483770615294389e-03, 1.7227814673564790e+00,
