%YAML:1.0
---
summary: "Filter by time and points, rd=20, rs=0, sp=5, sf=2."
init_cam_calib: C99-1010_3p_3
camera_matrix: !!opencv-matrix
   rows: 3
   cols: 3
   dt: d
   data: [ 2.5702281658792049e+03, 0., 1.8748280021069411e+03, 0.,
       2.5692082346206275e+03, 1.0863839810532959e+03, 0., 0., 1. ]
dist_coeff: !!opencv-matrix
   rows: 5
   cols: 1
   dt: d
   data: [ 2.6083188827817200e-02, -7.1948811536214144e-02,
       -3.6533428736349951e-04, -1.6373616530450401e-03,
       6.1302959017033053e-02 ]
std_intrinsics: !!opencv-matrix
   rows: 18
   cols: 1
   dt: d
   data: [ 1.0322503390974584e+00, 9.7800236485968528e-01,
       1.8615963218484102e+00, 1.1619528012518365e+00,
       2.0179745642005358e-03, 7.5227032733647505e-03,
       1.4317224815233313e-04, 2.5348968944621125e-04,
       8.1285624344974612e-03, 0., 0., 0., 0., 0., 0., 0., 0., 0. ]
std_extrinsics: !!opencv-matrix
   rows: 792
   cols: 1
   dt: d
   data: [ 1.2172256127037590e-03, 4.6066546764801598e-04,
       1.4773125876932800e-03, 2.4766863675451245e+00,
       1.5671863663594958e+00, 1.7784043925444109e+00,
       1.2672364129041572e-03, 4.7603633818631976e-04,
       1.5610949891171303e-03, 2.4928533284273877e+00,
       1.5728726609549619e+00, 1.7512920635987743e+00,
       1.4237668068123029e-03, 4.4653194374154293e-04,
       1.5423990261803616e-03, 2.4926595900325195e+00,
       1.5724143818846481e+00, 1.8038426426918786e+00,
       1.4631279970493691e-03, 4.8317098386752976e-04,
       1.5045584146662523e-03, 2.4812875319027694e+00,
       1.5686318026671302e+00, 1.8997821011474552e+00,
       1.6062151832355580e-03, 4.3658596916961394e-04,
       1.5415764329563912e-03, 2.5009906611745487e+00,
       1.5800559928813185e+00, 1.8452854827221172e+00,
       1.2818878411299773e-03, 4.4536821013424586e-04,
       1.5092017438940006e-03, 2.4927527949537591e+00,
       1.5780344952865140e+00, 1.7942243280189210e+00,
       1.1803077009922883e-03, 4.5430059492589651e-04,
       1.5031964283987937e-03, 2.4819843562416022e+00,
       1.5714713796470416e+00, 1.7886342694468611e+00,
       1.4947932138590159e-03, 4.4817626601589638e-04,
       1.6191092697793526e-03, 2.4622041921287696e+00,
       1.5634431030502089e+00, 1.7685093034412485e+00,
       1.3187693764815673e-03, 5.3758563429144146e-04,
       1.6822924832809681e-03, 2.4829244030865252e+00,
       1.5844231207325004e+00, 1.9647867425447469e+00,
       1.3309567615607738e-03, 5.3605940444174482e-04,
       1.9135440623900954e-03, 2.6513742146710340e+00,
       1.6821644529354931e+00, 2.0535182299648822e+00,
       1.7077598882097038e-03, 5.5998673417979275e-04,
       1.5890114035829169e-03, 2.8313582384217142e+00,
       1.7862522546305764e+00, 2.2192261690985324e+00,
       1.3587102294591866e-03, 6.3043093566311976e-04,
       1.8836199707402716e-03, 2.9554549624466837e+00,
       1.8732019207871142e+00, 2.3769663420148941e+00,
       1.7624874174932063e-03, 5.6858522064164496e-04,
       1.8572952729744643e-03, 3.0954195843098700e+00,
       1.9657352690438019e+00, 2.6841135366974216e+00,
       1.6671940282002053e-03, 5.8025529520844580e-04,
       1.8501926235653550e-03, 3.1481070822146884e+00,
       1.9990683977612742e+00, 2.6740721401499794e+00,
       1.5486718010872794e-03, 6.3738463099100094e-04,
       1.9585098705817558e-03, 3.1175860599796832e+00,
       1.9733213447674056e+00, 2.5798953554661272e+00,
       1.5682285367098656e-03, 5.7914091581065205e-04,
       1.8602703406594443e-03, 3.0069996562933592e+00,
       1.8997117614706132e+00, 2.3616360681258004e+00,
       1.5800212520360869e-03, 5.6498394475390154e-04,
       1.7643728932799667e-03, 2.8023286751928018e+00,
       1.7678558543346632e+00, 2.1306795532221572e+00,
       1.3683967886539755e-03, 5.0480425505596623e-04,
       1.6959887830958684e-03, 2.5171462861662302e+00,
       1.5947417924446463e+00, 1.9294301248197572e+00,
       1.2329634832102239e-03, 4.8702426591277251e-04,
       1.5817778900004045e-03, 2.3926307819032524e+00,
       1.5232899747624733e+00, 1.8085460833210882e+00,
       1.4902519115895375e-03, 4.6272408865527509e-04,
       1.6475820638965242e-03, 2.4528131077802535e+00,
       1.5646554866162579e+00, 1.8593022188921520e+00,
       1.0889002878322835e-03, 4.7514731215290485e-04,
       1.5137636647676446e-03, 2.4590657016407733e+00,
       1.5734603764692470e+00, 1.9145617290544927e+00,
       1.0577728571149300e-03, 4.5408443703852028e-04,
       1.4954626465750116e-03, 2.4769537871213947e+00,
       1.5953057299122482e+00, 1.8862409578548121e+00,
       1.1880344836692977e-03, 5.3634003872314812e-04,
       1.4010612171783386e-03, 2.4862861706360904e+00,
       1.6073064159660850e+00, 2.1798404728876934e+00,
       1.1790446535378930e-03, 4.9292001712290573e-04,
       1.4450405168661242e-03, 2.4792197694222922e+00,
       1.5897477403137039e+00, 2.1471017766084510e+00,
       9.9198727380605460e-04, 4.6480062335936344e-04,
       1.4973427213525465e-03, 2.4799023308132719e+00,
       1.5887817082726563e+00, 1.8944668121811548e+00,
       9.9938390865690467e-04, 5.1230987567472009e-04,
       1.4604500351057331e-03, 2.4764235728494803e+00,
       1.5871677692886088e+00, 1.9756706056406532e+00,
       1.0789956276332253e-03, 5.3300293112087266e-04,
       1.5474784772770609e-03, 2.4949123186594373e+00,
       1.5868322819691389e+00, 2.0243923616966821e+00,
       1.0472018797110119e-03, 4.8167464344729753e-04,
       1.4831263112857894e-03, 2.4856778609834609e+00,
       1.5867718671596847e+00, 1.9520989515368457e+00,
       1.0830402742483698e-03, 4.7717022444364641e-04,
       1.4777045861370098e-03, 2.4924145360889853e+00,
       1.5875760430827808e+00, 1.9393486781260176e+00,
       1.1950991302424831e-03, 4.7002671196867809e-04,
       1.5337382705447947e-03, 2.4667684057331365e+00,
       1.5803925207319529e+00, 2.0047611152201807e+00,
       1.2925312863118271e-03, 5.0228578038985028e-04,
       1.5855391083347983e-03, 2.5421940951199455e+00,
       1.6122893907773594e+00, 1.8306932722124336e+00,
       1.7588791951947079e-03, 4.7230278634975237e-04,
       1.6801433424809750e-03, 2.6011811127365938e+00,
       1.6512732531533705e+00, 1.9606832952212103e+00,
       1.7879470127338858e-03, 4.6278465044515964e-04,
       1.6058960556489595e-03, 2.5775502883712162e+00,
       1.6390933353734485e+00, 2.0219842184743650e+00,
       1.6219248321808844e-03, 5.0781023472106694e-04,
       1.7260007865474195e-03, 2.5987310118616680e+00,
       1.6580746927838028e+00, 2.0388519161673702e+00,
       1.5864265908365372e-03, 5.2395397546460467e-04,
       1.9436671013272038e-03, 2.6280373618607866e+00,
       1.6740467586687835e+00, 1.9779977358038054e+00,
       1.5408692756660345e-03, 5.1019998000951660e-04,
       1.7497836631222125e-03, 2.6174596713852991e+00,
       1.6700017911261602e+00, 2.0918483765477376e+00,
       1.6032000497178630e-03, 5.5406546165034866e-04,
       1.7872789286481276e-03, 2.6052595147738349e+00,
       1.6637533493633616e+00, 2.2272683181722099e+00,
       1.5051540271022255e-03, 5.7315475680908608e-04,
       1.8531991644163382e-03, 2.5870895737629711e+00,
       1.6877812332748681e+00, 2.2268688923783806e+00,
       1.3572365712995018e-03, 5.0839330388224781e-04,
       1.7450566487216628e-03, 2.5791157414637871e+00,
       1.6544229184121502e+00, 2.1346062794820830e+00,
       1.5698628619269844e-03, 5.1022836208259909e-04,
       1.6976640029294954e-03, 2.5855751467370536e+00,
       1.6533615132072521e+00, 2.2006691632981763e+00,
       1.2937801324988956e-03, 5.1352241259921779e-04,
       1.6832572226104566e-03, 2.5550276676143016e+00,
       1.6251388557093807e+00, 2.0716031699436663e+00,
       1.2516015729790750e-03, 5.5238731894645041e-04,
       1.6539023342818971e-03, 2.3699401433671232e+00,
       1.5201984486120104e+00, 1.9070738484029843e+00,
       1.7767488020797029e-03, 4.5242588555017660e-04,
       1.6027969601810010e-03, 2.1655253232278291e+00,
