%YAML:1.0
---
summary: "Filter by time, rd=50, rs=0."
init_cam_calib: "DSC-RX0M2.txt"
camera_matrix: !!opencv-matrix
   rows: 3
   cols: 3
   dt: d
   data: [ 2561.2185193777468, 0., 1872.7900182626481, 0.,
       2564.2288877699816, 1089.419961921199, 0., 0., 1. ]
dist_coeff: !!opencv-matrix
   rows: 5
   cols: 1
   dt: d
   data: [ 0.027184110135875152, -0.072646708166979837,
       9.3566968460404948e-05, -0.0023229454870417054,
       0.065043971011037788 ]
rvec: !!opencv-matrix
   rows: 53
   cols: 3
   dt: d
   data: [ -3.0537748360643255, 0.026309234996907717,
       -0.012195931958263071, -3.0262298888133388,
       -0.0016890496511029899, 0.029087200261714363, -3.0420138746946841,
       0.038703309139504698, 0.056030452244107458, -3.0925276694054755,
       0.026821048171878182, -0.023018958174639861, -3.0656715916131003,
       0.038811764331092791, -0.10629969050584959, -3.0829972094476705,
       0.023747742757677309, -0.014987283627721174, -3.0947589927900139,
       0.081808426793966632, -0.08340297317820046, -3.0844865446104777,
       0.07560713907782167, -0.14699766889514637, 3.1035179400085311,
       -0.010233082670390721, 0.020095956851775794, 2.9452604282309216,
       -0.030274519941061138, -0.024573130483750417, 2.9765352057573997,
       -0.036142175775823668, -0.02611822960903035, 3.0517170759860983,
       -0.032720436343924401, -0.00087439730818017274,
       -3.0597128059316065, -0.025285348307632481, -0.012114891403049796,
       -3.0171530575296486, -0.036279604157095059, -0.02646870393468333,
       -3.051870402712848, -0.065917350022631035, -0.019797818461533209,
       3.0863785104164374, -0.034534346544402399, -0.075337426929450807,
       -3.0827195186189011, 0.020781484886625037, 0.028786286567239579,
       3.0869620443881751, -0.10590512396574393, -0.22542132362694112,
       3.0504913847683883, 0.061331214111849754, -0.46255386683426086,
       -2.9172389548209736, -0.057272498472088713, 0.9500870184913992,
       -2.9526162008050139, -0.028381993093799913, 0.92392130928284066,
       -2.9194519857005701, -0.074937180488163307, 0.91865936775766077,
       -3.0163796513707886, -0.048617005438245056, 0.78976291213357952,
       2.9910595553982833, -0.011896575434694152, -0.87083776906341215,
       2.9878483148663451, -0.0075799600301044547, -0.88479450456683784,
       -2.9950535208427786, -0.10970903428360104, 0.89114743387784623,
       -2.9736871742652382, -0.078360110356321247, 0.88642071445909465,
       -2.9844518438631922, -0.014672715808296032, 0.86321034648918482,
       2.926413264528231, 0.01375477534473676, -1.1252055181183658,
       2.7094289769251612, 0.048566616598638916, -1.5484750518235315,
       -2.6397447133670733, -0.09484445772511596, 1.6272466148803471,
       -2.6075431589339462, -0.081424942846551829, 1.5327286386664576,
       2.5180482669858764, -0.18965550809827617, -1.6906985307586053,
       2.6715945766926668, 0.024001703522230695, -1.5948909875778352,
       2.8120963284392309, -0.07353812777537555, -1.2551743744619603,
       2.8593777059754308, -0.011624403497293441, -1.0624860960902434,
       -3.0247706180126799, 0.044429402242119366, 0.55353758283270982,
       3.0764754400922283, 0.074560552267574035, -0.56249039962902847,
       3.0462036204482046, -0.043157158309209798, -0.11451477949054435,
       3.0052126688567862, -0.060065923094952157, 0.80845582163830221,
       -2.9189229737041971, 0.066537745988677247, -1.0795296600319633,
       2.9910703527874567, -0.071073347887867705, 0.91742322605429605,
       2.8005510848119064, 0.035909853635976527, 0.99928694860473766,
       2.7705586436214471, 0.057428745302711602, 1.009497167373578,
       2.8376110217823061, 0.024644981726367837, 1.0434963553267023,
       -2.85515826187609, 0.058121566179709282, -1.0046210900027763,
       2.8176320197198379, 0.11794730291748848, 0.97008902116219464,
       2.7700283049617949, -0.012975020904612319, 1.4123330248653132,
       -2.725691887263658, -0.018085323757135608, -1.5138125933049367,
       -2.6239283241109632, 0.20249758175388777, -1.2786146211947509,
       2.6468159674088461, 0.087798141204575311, 1.3407470620099475,
       2.5197459376572704, 0.19225056790540698, 1.3491699874406231,
       2.7628146078337137, -0.021821189157928376, 1.3556574187278758 ]
tvec: !!opencv-matrix
   rows: 53
   cols: 3
   dt: d
   data: [ 248.37530413739469, -147.42718990583381, 3330.628957381753,
       268.85479114687462, -220.74996343324142, 3341.8029992970301,
       329.77615624723984, -168.80897527172769, 3343.308072030532,
       229.06891692018496, 26.749021014276405, 3309.4468470416446,
       40.210220498978771, -101.51792401035658, 3818.4813638390674,
       221.80268590629584, -70.005589500161932, 4229.7315391692282,
       98.221588791628776, -2.3854603625710156, 4056.6244162955741,
       -17.571447548282297, -1.1786473162021405, 3263.6996885126891,
       339.44550109446863, 168.48097782593331, 3317.3225045359691,
       449.27326820739665, 214.65832439331857, 3351.0346420897522,
       437.86572467289909, 103.24737590625951, 3349.0602899340174,
       382.89010554065862, -161.16066995712239, 3353.8438493477697,
       335.78674716498074, -25.925243872841012, 3427.810588389912,
       282.76879042458557, 145.66719754329679, 3483.6234972927291,
       302.08765268165638, 305.61862985110668, 3528.345933072043,
       545.5618073004955, 434.58424057903414, 3462.6799957733465,
       420.09802084029286, -18.14566963560517, 3451.2169411638351,
       413.88768017161004, 274.06367234064885, 2741.5424244070346,
       -340.73225934579943, 311.67637985261365, 2779.0121174815031,
       122.90996075702574, -110.26814714153883, 3585.0819259336386,
       328.54766892786398, -5.2454897301935173, 3774.0474245338228,
       434.23567173377432, -19.701259432178077, 3932.7284660682108,
       -48.713761336620017, 387.31690427825595, 3907.1728041810675,
       246.98395236302136, -339.60063806266135, 3833.1635594317117,
       256.26466067957858, 0.28026330898058593, 3812.0897362403971,
       275.36865875697174, 227.35744053134749, 3932.2695664297603,
       227.93780544717049, 306.22907537373976, 3942.2649980296583,
       226.77616501097594, 31.124819188794874, 3959.2237919260147,
       -69.71883571583686, 185.87988530428865, 3912.2442384940587,
       87.353205630132408, 223.46312827844736, 3980.0743527935128,
       -6.8787098430581048, 145.90177583609668, 3659.8491415556109,
       -157.08877209096156, 168.75988992121967, 3676.440510786595,
       360.62607548335438, 874.55557484156509, 3626.6033807481949,
       123.73048494027064, 217.91374361253344, 3808.5442414999361,
       -55.147513489068309, 489.78737330423633, 4051.6537974832645,
       458.0520214052512, 428.1031029352697, 3275.268732146521,
       44.708041276920973, -19.072580541233211, 2701.3193436544207,
       293.8698990214819, 152.35543534859951, 2578.8629943242272,
       681.88684508395647, 283.26243748045607, 2127.5576707518012,
       663.31483789375238, 234.91363391593671, 2414.7119598840095,
       559.43562515330984, 45.858933874060625, 3347.9987606643263,
       851.77681203688337, 164.05883445693192, 3381.1507442882598,
       569.24476012468233, 234.16621589606845, 3316.9119348377458,
       524.58516108890524, 249.17419849919546, 3367.0770369788852,
       488.68888086725985, 462.36483389451064, 3276.0439795720681,
       568.34375575306012, 243.71885216605637, 3436.3372521596548,
       598.07772020909135, 915.82732024333382, 3297.9622349202959,
       411.93520703508074, 295.25967409958167, 3327.5279197124196,
       340.15166231318659, 241.80464882092213, 3649.3559794738208,
       801.78715565628852, -312.13289098833127, 3617.0405809226186,
       688.91356452227217, 752.25266602279385, 3517.1966467624316,
       539.33217732608375, 632.42884044056348, 3529.600878127786,
       793.30080191481682, 347.07568767284607, 3543.3724861649807 ]
