%YAML:1.0
---
summary: "Filter by time, rd=50, rs=0."
init_cam_calib: "DSC-RX0M2.txt"
camera_matrix: !!opencv-matrix
   rows: 3
   cols: 3
   dt: d
   data: [ 2560.9087875288192, 0., 1877.6294839824641, 0.,
       2563.8574010765633, 1085.1900326425093, 0., 0., 1. ]
dist_coeff: !!opencv-matrix
   rows: 5
   cols: 1
   dt: d
   data: [ 0.026293612330639059, -0.072884833148572303,
       -0.00021119785855006393, -0.0015851607189683878,
       0.066414951005437622 ]
rvec: !!opencv-matrix
   rows: 53
   cols: 3
   dt: d
   data: [ -3.0797298799070569, 0.022013428027117473,
       -0.0025723425875589017, -3.0235474874554202,
       -0.00099563851456378207, 0.023866132582596174,
       -3.0365854898749967, 0.03979336323134755, 0.049802739579432369,
       -3.0877409675783518, 0.02746317656875864, -0.028972520447746671,
       -3.0539130196374016, 0.038923137982028164, -0.11242143756019767,
       -3.0800721348323727, 0.023823389273220072, -0.018280162893635897,
       -3.0984688554285964, 0.081485321638998451, -0.084396451523337718,
       -3.0829094825153565, 0.075608168292260983, -0.15159422510696471,
       3.0993274508692874, -0.0098998138528903559, 0.022361854104964184,
       2.9484409146509987, -0.031150684051940148, -0.020345398165852666,
       2.9784255656280441, -0.036724184726965238, -0.022522507971171512,
       3.0507850039089366, -0.032845802682174331, 0.0021229597843195149,
       -3.0601235594105689, -0.025443972292307826, -0.014928302518791752,
       -3.020920915835104, -0.036822364172581487, -0.028936320204047711,
       -3.0522753429440419, -0.06616449149634672, -0.022566185781877395,
       3.0961781210666666, -0.03601656422855478, -0.068033975901429095,
       -3.0843704319329004, 0.020703180466745488, 0.0255426660008314,
       3.0920392943601009, -0.10778564074394101, -0.217142336981793,
       3.0560270458267187, 0.059375513533706896, -0.45996567572311647,
       -2.9225043518925373, -0.058169314061552783, 0.94865764782794471,
       -2.9503224332334583, -0.025193443904858961, 0.92147647302255487,
       -2.9203555728671513, -0.073025748488447353, 0.91451097679025262,
       -3.0355653862249938, -0.057193490411630653, 0.79164927731526702,
       2.9932564674820692, -0.014125500498623798, -0.86896176725815422,
       2.9806239686524227, -0.0050810926950968782, -0.88037334032722425,
       -2.9933199056667461, -0.10614974676755877, 0.88575116378291374,
       -2.9861649859174721, -0.083625474532302443, 0.88783048229379569,
       -2.9915830837966637, -0.016038541318007981, 0.86095439228156634,
       2.9303469103279047, 0.009311061547007133, -1.1257249375777549,
       2.7094087915759455, 0.047404774680371499, -1.5454009786457688,
       -2.6424384137842503, -0.094166917629434896, 1.6258314675079504,
       -2.6102843282527393, -0.080513924971909623, 1.5311567784566005,
       2.5182130994229475, -0.19061518932389376, -1.6875820962196433,
       2.6716336796999074, 0.022823972335505, -1.5918396650685802,
       2.8141270757410499, -0.076377543609089923, -1.2534890749279899,
       2.8545873544114073, -0.0094352031019027775, -1.0569307781149246,
       -3.0218573763977323, 0.04626693327104453, 0.55194815943146713,
       3.0678225774752441, 0.076796382865759155, -0.56152210861742657,
       3.0347662990253279, -0.041491800599092764, -0.11482541905841338,
       2.9929583252385625, -0.062933829083288179, 0.80995552227439116,
       -2.9217676865825286, 0.067745674962531463, -1.0854920123411256,
       2.9911003796925466, -0.069340791295794776, 0.92140655489064249,
       2.7992727273431934, 0.036685947141691232, 1.00430465776487,
       2.7710353686109217, 0.059578793690347777, 1.0115395661612339,
       2.8289548805158247, 0.02235634748603299, 1.0431774891670973,
       -2.8543444963947766, 0.056811339586650217, -1.0087543713376927,
       2.8153610403231939, 0.11876671034783202, 0.97223971530184961,
       2.7684054556217661, -0.011418698871015796, 1.4154061434810468,
       -2.7256843045531474, -0.019118650169804574, -1.5171507449417458,
       -2.6239524792158653, 0.20152417445049356, -1.2819549285966021,
       2.644206090033137, 0.088703974335867811, 1.3426041210633508,
       2.5169771027174783, 0.19281112422838254, 1.3507867361423076,
       2.7601726468010104, -0.020838304983459167, 1.3577184035036765 ]
tvec: !!opencv-matrix
   rows: 53
   cols: 3
   dt: d
   data: [ 236.43062961441578, -144.89557389830429, 3320.7142596840345,
       262.85773720355718, -214.10540061336457, 3340.7911732567891,
       324.363126083221, -162.05947990052729, 3343.9664456628643,
       224.17366852229245, 32.801644774665689, 3311.9434384859592,
       33.540799061249245, -93.158264115111038, 3819.2913073234563,
       213.80799944449328, -62.496941779474497, 4230.2678078561667,
       90.278757546037113, 3.3923898890918998, 4058.2075866058817,
       -23.240487860301393, 4.4327221435631357, 3264.0744893196106,
       332.99282223106212, 173.34060579075981, 3316.7864281242519,
       443.28931420506751, 221.37998525884879, 3351.2633066961457,
       431.73632190153558, 109.5748627028855, 3349.549110795705,
       376.23608186999081, -155.31935886122622, 3352.9604819001224,
       329.15994594602108, -20.140897088182168, 3427.726726017831,
       276.41238642485069, 150.75862819999116, 3484.2648595097444,
       295.09131657590535, 311.69599444308471, 3527.262342140622,
       540.26218675040468, 442.22033027068233, 3464.2760836508105,
       412.97754797511857, -12.001338542541802, 3448.8884383863028,
       411.2932967018005, 279.30655199632906, 2744.5105583241634,
       -345.20848679265896, 317.4628416380101, 2779.3401867727644,
       115.08545595043735, -104.65662056963838, 3582.9932918551604,
       321.20257505605974, 2.5764272025999282, 3770.966316651221,
       427.50861544883509, -12.878494781719303, 3933.3401068294097,
       -58.982391793428057, 389.75684701534846, 3908.0015302899783,
       239.68022693191844, -332.01768238497158, 3831.3274280875985,
       247.39454012611353, 5.3693736745720102, 3809.7386328316707,
       269.19310657763333, 234.96725927931624, 3932.5561925657057,
       217.79025445794917, 310.8852224594695, 3938.9765196197413,
       218.6426397308405, 36.80807503308192, 3958.4700440437373,
       -76.227226195449603, 194.15922973491394, 3906.4307857185363,
       79.707510806726418, 230.00218185726641, 3978.7085633858956,
       -13.794238779191959, 151.51221435591421, 3659.2460946577589,
       -164.11638545211281, 174.74230738642427, 3675.0760446599847,
       353.44307045396204, 880.46459867166175, 3625.116113071434,
       116.39483751652226, 224.16296160763875, 3807.2331320437033,
       -62.033931491021534, 496.92978514994667, 4048.9191154808882,
       451.48291482994892, 432.37916018385363, 3276.5290343974689,
       38.761986475825005, -12.690477710768596, 2697.6783147153483,
       286.54798427811755, 155.46528284642525, 2575.2409055337357,
       676.13868633481923, 285.24545927798891, 2122.970898549816,
       661.11056756647918, 237.46156999929292, 2410.3933925495044,
       554.18948495754717, 51.402783660016716, 3344.2046568035198,
       844.30366354066939, 170.25217139047638, 3380.4698222749771,
       562.41135646660007, 240.42202566567133, 3313.2708654579551,
       517.1065100673535, 255.14409178952573, 3368.9757100816191,
       484.59577492192057, 466.74678707148593, 3274.250687540416,
       561.44409243532414, 249.6341681795715, 3434.1048793037735,
       591.6300645057072, 921.41236141580998, 3297.5514342512747,
       405.085427683158, 300.75751131259511, 3326.2056870545343,
       333.32561294775553, 247.74637771479354, 3648.6956742044299,
       794.78966188807681, -306.25234886942161, 3617.4808234006409,
       682.17742107135962, 758.06697781364733, 3517.0392888808001,
       532.66084499659883, 638.19329302694496, 3528.9448845680886,
       786.54037602313508, 352.87159036714621, 3543.5509492960618 ]
