%YAML:1.0
---
summary: "Filter by time and points, rd=20, rs=0, sp=5, sf=3."
init_cam_calib: C99-1010_3p_3
camera_matrix: !!opencv-matrix
   rows: 3
   cols: 3
   dt: d
   data: [ 2.5649397799787494e+03, 0., 1.8800770231937706e+03, 0.,
       2.5638085800405424e+03, 1.0841251345840390e+03, 0., 0., 1. ]
dist_coeff: !!opencv-matrix
   rows: 5
   cols: 1
   dt: d
   data: [ 7.1326996579466522e-03, 1.0763908687464381e-02,
       -8.0850498575427458e-04, -9.8674159762971955e-04,
       -2.7660097238231238e-02 ]
std_intrinsics: !!opencv-matrix
   rows: 18
   cols: 1
   dt: d
   data: [ 1.2478426669616685e+00, 1.1745213479586933e+00,
       2.3766041748738065e+00, 1.5440068904295816e+00,
       2.9849566379627351e-03, 1.1304181234077908e-02,
       2.0761297775013406e-04, 3.1792054223231582e-04,
       1.2568119078174522e-02, 0., 0., 0., 0., 0., 0., 0., 0., 0. ]
std_extrinsics: !!opencv-matrix
   rows: 690
   cols: 1
   dt: d
   data: [ 1.7264995848003783e-03, 6.3028178077612453e-04,
       2.1111712812020792e-03, 3.3293572954495110e+00,
       2.1930215163818625e+00, 2.3298480093371006e+00,
       1.9775847075328254e-03, 6.6041426465153832e-04,
       2.2126198896662615e-03, 3.3173280507998468e+00,
       2.1914569273661999e+00, 2.4066023367639029e+00,
       1.7983599869836006e-03, 6.3721252123385931e-04,
       2.1713722299133774e-03, 3.2877574796969546e+00,
       2.1636115530034625e+00, 2.2897726354024432e+00,
       1.8763773432364569e-03, 6.7753641363506377e-04,
       2.0321411349132454e-03, 3.1413196627821192e+00,
       2.0663614533105257e+00, 2.3054936422297869e+00,
       1.4701613373030288e-03, 6.4299880302083850e-04,
       1.9778865901845738e-03, 2.8941968569209937e+00,
       1.9075490089046794e+00, 2.0329940210411834e+00,
       1.2967793974238847e-03, 6.2982768705998205e-04,
       1.8044249447595811e-03, 2.6090706411183202e+00,
       1.7261455774757060e+00, 1.8358987140562844e+00,
       1.7325520057685816e-03, 8.1434730483270475e-04,
       2.3510152371474537e-03, 2.4082084100326346e+00,
       1.5840453447914720e+00, 2.1031540320597863e+00,
       2.7852065562207658e-03, 1.0896903488877958e-03,
       3.7782611800401080e-03, 2.4138928435778113e+00,
       1.6295411891935998e+00, 3.0069557124872985e+00,
       2.6918599061767630e-03, 7.9118112372699042e-04,
       2.6131532813188623e-03, 2.3273482231234457e+00,
       1.6342115852297234e+00, 2.2404870468822975e+00,
       1.4167343823778182e-03, 5.5804672141069049e-04,
       2.0110614057300856e-03, 2.7102205154935812e+00,
       1.8288308187542646e+00, 1.6916166723628334e+00,
       1.5170530202657912e-03, 6.0920813306797501e-04,
       2.0328183135992985e-03, 3.0008257537211263e+00,
       2.0122671084122508e+00, 1.8731867805918609e+00,
       1.7202977373636621e-03, 6.8524533875875446e-04,
       2.1547622346704807e-03, 3.2688927514909780e+00,
       2.1811046425834739e+00, 2.1082938527078348e+00,
       1.4926923721672179e-03, 6.4316622932322049e-04,
       2.0970733355157398e-03, 3.4596621221853177e+00,
       2.2913801139649150e+00, 2.0492425219220456e+00,
       1.7240659651929823e-03, 6.7898124768967503e-04,
       2.2336760073993047e-03, 3.5524230125617633e+00,
       2.3506906875425311e+00, 2.2543468641163265e+00,
       1.7949770594975949e-03, 7.3878431067261993e-04,
       2.1820015879089622e-03, 3.5656147870365960e+00,
       2.3657679874911852e+00, 2.2252048301722964e+00,
       1.6547302493976701e-03, 7.3672210699957596e-04,
       2.2882355372561428e-03, 3.4571462091024991e+00,
       2.2850028263173598e+00, 2.3063305930768578e+00,
       1.3493778506230133e-03, 7.3454915168988052e-04,
       2.3930680439504092e-03, 3.4603130217754501e+00,
       2.2945285470303562e+00, 2.1607434278558029e+00,
       1.2049984976698284e-03, 7.6953718253908187e-04,
       2.3191245712406456e-03, 3.4576168208556664e+00,
       2.2906657827766757e+00, 2.2472454708254297e+00,
       1.3400498311194726e-03, 7.6183486928183442e-04,
       2.4473605977250409e-03, 3.4445332906738431e+00,
       2.2859277098997506e+00, 2.0370277040418316e+00,
       1.3258356527784437e-03, 6.7373258680300280e-04,
       2.2806120981987842e-03, 3.3625633727411763e+00,
       2.2434493546503651e+00, 2.0563819082291652e+00,
       1.7472212141685197e-03, 6.7009803185823572e-04,
       2.1282246694653414e-03, 3.4309193771278093e+00,
       2.2751493662020024e+00, 2.0809291942944323e+00,
       1.6373797320636254e-03, 7.0383103982835777e-04,
       2.2789135293898592e-03, 3.4860244556860427e+00,
       2.3250950951719380e+00, 2.6014737083260115e+00,
       1.5253400077371562e-03, 6.3194617626896740e-04,
       2.2783518777673641e-03, 3.5072131327846576e+00,
       2.3465063819928713e+00, 2.4251713797342731e+00,
       1.7493921901792994e-03, 6.4458572752921931e-04,
       2.4401636830686095e-03, 3.5026480106029387e+00,
       2.3614112325985976e+00, 2.4786961000819177e+00,
       1.6362300496576339e-03, 7.0456330962811412e-04,
       2.3786137523534963e-03, 3.5100644985250726e+00,
       2.3343195727485506e+00, 2.6088019780095903e+00,
       1.8724342841214834e-03, 7.0698189227492005e-04,
       2.2924969165113648e-03, 3.5628122448392148e+00,
       2.3793700034426637e+00, 2.4226287363759917e+00,
       1.6000251104138492e-03, 6.9299210855880335e-04,
       2.1925319233404728e-03, 3.5785239730394283e+00,
       2.3741399790419249e+00, 2.3434452460068425e+00,
       1.6589931364479049e-03, 7.2044176864109299e-04,
       2.3845093115677676e-03, 3.5633989172406686e+00,
       2.3702197381828278e+00, 2.4355845960142228e+00,
       1.6479748411497251e-03, 7.6472651480902838e-04,
       2.2400135381942595e-03, 3.7023967935667970e+00,
       2.4575249402362505e+00, 2.6504626746272528e+00,
       1.7671629272838164e-03, 9.2901580265660063e-04,
       2.0597044767852804e-03, 3.6823822100814785e+00,
       2.4618766815246222e+00, 2.6473811596483752e+00,
       2.1137833561886126e-03, 1.5240672684035707e-03,
       2.2876737116586778e-03, 3.7237017460495929e+00,
       2.5528903200159334e+00, 3.3788536769799480e+00,
       2.0750656587858883e-03, 1.6314971265852368e-03,
       2.2859130375241120e-03, 3.6349023573848060e+00,
       2.4393106566712195e+00, 3.3025400302179704e+00,
       1.8453026030805042e-03, 1.6120460764566112e-03,
       2.0891455938628479e-03, 3.4241158277020824e+00,
       2.2788379492344890e+00, 2.6356947989538249e+00,
       1.6735887849506077e-03, 1.2731649153462381e-03,
       1.9403974442652233e-03, 3.3902098842700794e+00,
       2.2703730360478778e+00, 2.4879952130912635e+00,
       1.7598582155874650e-03, 1.4185513137013534e-03,
       2.1501270594396814e-03, 3.3707089793752654e+00,
       2.2127088924443212e+00, 3.0155531559709314e+00,
       1.7219084146590125e-03, 1.2254216725387269e-03,
       1.8588062513681741e-03, 3.3908803876910079e+00,
       2.2374864701992729e+00, 2.1304686483412625e+00,
       1.8283285120386347e-03, 1.4428270827904926e-03,
       1.9753641692930564e-03, 3.4129438130568852e+00,
       2.2315693302824506e+00, 3.2098147556541514e+00,
       1.7577580834073820e-03, 1.3031813610751605e-03,
       1.9022878040871796e-03, 3.4301589030939033e+00,
       2.2454935446647060e+00, 2.7920225196709496e+00,
       1.9068917305234217e-03, 1.4152936938828093e-03,
       2.0552087995081873e-03, 3.4114383529384753e+00,
       2.2516134720867171e+00, 2.8745218490370728e+00,
       1.9108112880637067e-03, 1.5094824010974072e-03,
       2.2157799597669154e-03, 3.4430050715010663e+00,
       2.2440771218452094e+00, 3.6977837731273819e+00,
       1.7042248022161323e-03, 1.3286293313262603e-03,
       2.0065627244349837e-03, 3.4482973904066161e+00,
       2.3022287113561619e+00, 2.9391737801049169e+00,
       2.1297932653789272e-03, 1.7814106756428418e-03,
       2.3192728347838296e-03, 3.5116267375415777e+00,
       2.3657672711772979e+00, 3.4438908009616571e+00,
       2.0899911063078131e-03, 1.7262478530696160e-03,
       2.4281486417568523e-03, 3.4724447406394128e+00,
