%YAML:1.0
---
summary: "Filter by distance, md=150, ds=10."
init_cam_calib: C99-1010_3p_3
camera_matrix: !!opencv-matrix
   rows: 3
   cols: 3
   dt: d
   data: [ 2.5706683807469908e+03, 0., 1.8979867216356706e+03, 0.,
       2.5721958941737221e+03, 1.0875198635983149e+03, 0., 0., 1. ]
dist_coeff: !!opencv-matrix
   rows: 5
   cols: 1
   dt: d
   data: [ 1.8492696138521728e-02, -1.8481402276519929e-02,
       3.0864169031580822e-04, 5.9720284313808021e-04,
       -2.1919745684114357e-03 ]
std_intrinsics: !!opencv-matrix
   rows: 18
   cols: 1
   dt: d
   data: [ 4.5275575320318517e-01, 4.2968546324293883e-01,
       8.2559837165640382e-01, 5.3530914996969148e-01,
       1.0497566178660925e-03, 3.7879281334206316e-03,
       7.0856939490690973e-05, 1.1076178517514374e-04,
       4.0168827010555108e-03, 0., 0., 0., 0., 0., 0., 0., 0., 0. ]
std_extrinsics: !!opencv-matrix
   rows: 1698
   cols: 1
   dt: d
   data: [ 1.0320042665589769e-03, 3.7460069819019359e-04,
       1.0685996675235294e-03, 1.1848240438315110e+00,
       7.9430509449488362e-01, 1.1686620914851040e+00,
       1.0300659672722824e-03, 3.7418606451705737e-04,
       1.0658860492532699e-03, 1.1838463906128158e+00,
       7.9378712411148600e-01, 1.1682226461420873e+00,
       9.9285156299698920e-04, 3.6457661026901574e-04,
       1.0279597958775327e-03, 1.1469583068651446e+00,
       7.6929448341584483e-01, 1.1174026413639784e+00,
       9.4492359376792726e-04, 3.7143127223834003e-04,
       9.7492103300482089e-04, 1.1125532952030113e+00,
       7.4473148699671543e-01, 1.0766259530312441e+00,
       9.1060317220473198e-04, 3.6902502820641934e-04,
       9.2824214741243157e-04, 1.0827346385227816e+00,
       7.2342977805848663e-01, 1.0219571323988166e+00,
       8.6829935047360890e-04, 3.6117429083415767e-04,
       9.0185909371944103e-04, 1.0416510477890619e+00,
       6.9572267517423136e-01, 9.6801646656802287e-01,
       8.4602725866885365e-04, 3.5699229932163328e-04,
       9.0311759402365746e-04, 1.0109993350985205e+00,
       6.7627996745539554e-01, 9.4292281136364819e-01,
       7.9761888732996606e-04, 3.5337733178792080e-04,
       8.7993920338762406e-04, 9.7417717657184166e-01,
       6.4946415467800900e-01, 8.6364926448626456e-01,
       8.2086235815661103e-04, 3.8341784622165990e-04,
       9.5795939649026063e-04, 9.4070886530058151e-01,
       6.2507803981371268e-01, 8.9745277206073049e-01,
       8.6612204303322161e-04, 4.0677404518686818e-04,
       1.0144348201975720e-03, 9.1189964319944550e-01,
       6.0497071962821425e-01, 9.0426223961735275e-01,
       9.7361419162169370e-04, 4.6254250959051603e-04,
       1.1965514061660723e-03, 9.0585150107245760e-01,
       5.9885225114131935e-01, 1.0168390310270761e+00,
       1.0303754141874906e-03, 5.0786700815338992e-04,
       1.3467714425861475e-03, 9.0359321857933084e-01,
       5.9799411697471305e-01, 1.1070391754500331e+00,
       1.2171125024421046e-03, 5.3000523545917674e-04,
       1.4690286810969037e-03, 9.0769900713651586e-01,
       6.1109212707648475e-01, 1.1777838670334750e+00,
       1.4659359732754245e-03, 5.4180181077245532e-04,
       1.6274349944301776e-03, 9.1128522558872538e-01,
       6.3669702894140667e-01, 1.2017678809251848e+00,
       1.4758515107745707e-03, 5.5401012659621546e-04,
       1.6472384956182759e-03, 8.9476094262022565e-01,
       6.3383237996026665e-01, 1.2095903149985612e+00,
       1.5684575864047630e-03, 5.5335915119442787e-04,
       1.6318722266277282e-03, 8.8404821000238110e-01,
       6.3107750119641337e-01, 1.2249906851472914e+00,
       1.4433416318955080e-03, 4.9380456676645541e-04,
       1.4835836644093705e-03, 8.6334859068827541e-01,
       6.2796625144872054e-01, 1.1399343002153397e+00,
       1.3490433340090540e-03, 4.3719021353547674e-04,
       1.2619160699663871e-03, 8.6455689299930694e-01,
       6.2670077362929455e-01, 1.0269707745190990e+00,
       8.7454051695839074e-04, 3.3776788967727981e-04,
       9.3307879194329409e-04, 9.0767935357737328e-01,
       6.3276931919695800e-01, 7.9886548228746301e-01,
       8.3195499994376363e-04, 3.3029994375125444e-04,
       9.0294081105976598e-04, 9.5037458807419362e-01,
       6.5827565018969691e-01, 7.9152640298819155e-01,
       8.3196056666372535e-04, 3.4129082374640020e-04,
       9.2854350077142800e-04, 9.8058962456335519e-01,
       6.7634371171887342e-01, 8.1112950291614505e-01,
       8.6384071193176999e-04, 3.5402187011556883e-04,
       9.6412917759254428e-04, 1.0225916265185333e+00,
       7.0444393281005757e-01, 8.7494066262240699e-01,
       8.1444251752996004e-04, 3.5287514565955077e-04,
       9.8669993128918244e-04, 1.0641508424152348e+00,
       7.3002624332962718e-01, 8.9217043608860902e-01,
       8.3137466714854925e-04, 3.6283428057750782e-04,
       1.0404725160281891e-03, 1.1122865427586450e+00,
       7.6172139372373049e-01, 9.5813029222911783e-01,
       8.4308560731836263e-04, 3.6771997590556379e-04,
       1.0644298050960280e-03, 1.1517752098023930e+00,
       7.8749393111848265e-01, 9.9336212802843304e-01,
       9.0413574939891741e-04, 3.8547115064130680e-04,
       1.1322738945437549e-03, 1.2047115751087842e+00,
       8.2229657720500338e-01, 1.0797061306906901e+00,
       9.4085033703577041e-04, 3.8946753802833575e-04,
       1.1443505731893707e-03, 1.2260307462686857e+00,
       8.3601432302625522e-01, 1.0842122411816910e+00,
       9.7170479495562302e-04, 3.9521007178407907e-04,
       1.1674433674500567e-03, 1.2421717948337287e+00,
       8.4883429975195734e-01, 1.1233433398669104e+00,
       9.8054393805711826e-04, 3.9873080332595797e-04,
       1.1819108157517654e-03, 1.2558154374364041e+00,
       8.5606518068988913e-01, 1.1347816082826609e+00,
       9.8179655621692804e-04, 3.9938795998999344e-04,
       1.1857439483564673e-03, 1.2519762417503313e+00,
       8.5061401856909180e-01, 1.1208220200754602e+00,
       9.2438286274543994e-04, 4.0732288330704025e-04,
       1.1665726745128480e-03, 1.2174122325744428e+00,
       8.3142360671100302e-01, 1.0670249478158269e+00,
       7.2424727716976361e-04, 4.1927078552831082e-04,
       1.2430312716678960e-03, 1.2252041833623066e+00,
       8.3710340033262998e-01, 1.0493409342583109e+00,
       7.1677413622722513e-04, 4.3099713706427694e-04,
       1.2550359024652671e-03, 1.2248834366956487e+00,
       8.4057869774468119e-01, 1.0810275502490405e+00,
       7.1968092774802250e-04, 3.9855019451901018e-04,
       1.2555026457660439e-03, 1.1960447982867337e+00,
       8.1659683033542640e-01, 1.0397088194047435e+00,
       9.2766066862801772e-04, 3.8337848373592081e-04,
       1.1598069080794604e-03, 1.2101342517854083e+00,
       8.2413251879394855e-01, 1.0793471828601271e+00,
       9.2643540968081767e-04, 3.8065388746242023e-04,
       1.1437353033234249e-03, 1.2115435093516089e+00,
       8.2656869057847560e-01, 1.0713796244368445e+00,
       9.3343628953887427e-04, 3.7916863960692053e-04,
       1.1454574473699730e-03, 1.2190119299041686e+00,
       8.3356218109385150e-01, 1.0926216729213996e+00,
       9.2233339802771561e-04, 3.7707730308830345e-04,
       1.1394850281124138e-03, 1.2195105186023005e+00,
       8.3571056444092284e-01, 1.1301960456864844e+00,
       9.1855486339873437e-04, 3.7158525677986036e-04,
       1.1417085815494715e-03, 1.2274950422777120e+00,
       8.4318599103377923e-01, 1.1590727863213901e+00,
       9.1976614086881588e-04, 3.6901722244998944e-04,
       1.1509035472722768e-03, 1.2340481030528523e+00,
       8.5162558332239569e-01, 1.1830767182511435e+00,
       9.2090594940304790e-04, 3.6917198319470703e-04,
       1.1622449520852212e-03, 1.2257748842184055e+00,
       8.5179602962073120e-01, 1.2082435749077420e+00,
       8.9686727821887370e-04, 3.5927916008613516e-04,
       1.1384656177018341e-03, 1.2322502210417303e+00,
       8.4912248572520532e-01, 1.1960856960422730e+00,
       9.2580664531846776e-04, 3.6610514695341995e-04,
       1.1706945603267753e-03, 1.2440990878653713e+00,
