%YAML:1.0
---
summary: "Filter by time and points, rd=20, rs=10, sp=5, sf=4."
init_cam_calib: C99-1010_3p_3
camera_matrix: !!opencv-matrix
   rows: 3
   cols: 3
   dt: d
   data: [ 2.5705824654078142e+03, 0., 1.8860737447296890e+03, 0.,
       2.5695229974642170e+03, 1.0875035173627184e+03, 0., 0., 1. ]
dist_coeff: !!opencv-matrix
   rows: 5
   cols: 1
   dt: d
   data: [ 2.8442282111819793e-03, 3.8545035000844483e-02,
       -1.0064555500676404e-04, -1.1149343736701893e-03,
       -6.5348958441110036e-02 ]
std_intrinsics: !!opencv-matrix
   rows: 18
   cols: 1
   dt: d
   data: [ 1.2662184488657453e+00, 1.1932916531405064e+00,
       2.3564067615222402e+00, 1.5556544628970952e+00,
       3.0552898431887238e-03, 1.1541560168790547e-02,
       2.0646680844628053e-04, 3.1344709218997908e-04,
       1.2846217595148582e-02, 0., 0., 0., 0., 0., 0., 0., 0., 0. ]
std_extrinsics: !!opencv-matrix
   rows: 690
   cols: 1
   dt: d
   data: [ 2.0201979762591651e-03, 6.7197750189771797e-04,
       2.0904755932011866e-03, 3.3025549818379014e+00,
       2.2060191026000351e+00, 2.4575603108038200e+00,
       1.7913366210269026e-03, 6.3526820358165883e-04,
       2.1637578435314431e-03, 3.2921490689384871e+00,
       2.2033357561490834e+00, 2.3964659178121419e+00,
       1.8508419208434165e-03, 6.0563871504047792e-04,
       2.2173892717282000e-03, 3.2176923778963298e+00,
       2.1505432788029704e+00, 2.2213967448076359e+00,
       1.6442507926517818e-03, 6.2315458790934903e-04,
       1.9044838031094529e-03, 3.0248230521197068e+00,
       2.0142614871419791e+00, 2.0728583444653306e+00,
       1.5491731522748855e-03, 6.7560330069683320e-04,
       1.9581648392951504e-03, 2.7398116913916262e+00,
       1.8410558666009977e+00, 1.9088779445341122e+00,
       1.4540786455534203e-03, 6.6879579259859127e-04,
       2.0725684169428239e-03, 2.4649797173544936e+00,
       1.6655867691340465e+00, 1.8661627001147596e+00,
       1.8544381765519188e-03, 8.7654561348619766e-04,
       2.5888500427400287e-03, 2.3145130410765318e+00,
       1.5780731586431447e+00, 2.2037741239996516e+00,
       2.9292826698725876e-03, 9.8735206564493235e-04,
       3.2783754566405665e-03, 2.2757313045053271e+00,
       1.6112601919435019e+00, 2.5698817534995815e+00,
       1.3749594476396350e-03, 5.3514966256267623e-04,
       1.8674807996627643e-03, 2.5266659417389161e+00,
       1.7468055973431151e+00, 1.7889331742253645e+00,
       1.4984506925022514e-03, 5.9324976623140299e-04,
       1.9205859574615174e-03, 2.8245684861431255e+00,
       1.9444935451776046e+00, 1.8970327704857641e+00,
       1.5426316413368118e-03, 6.4740645895525141e-04,
       2.0721396380575657e-03, 3.1276348374653011e+00,
       2.1186973485358327e+00, 1.9933890115373865e+00,
       1.6499094879031727e-03, 7.5468358468274961e-04,
       2.2998813138774671e-03, 3.3314159191990997e+00,
       2.2514069803925802e+00, 2.3889860065464248e+00,
       1.9151023165441907e-03, 7.8052344666824946e-04,
       2.1999671833706474e-03, 3.4826604722677739e+00,
       2.3483910077016756e+00, 2.2988385073406690e+00,
       1.8451052243992658e-03, 7.6564853119208051e-04,
       2.3485965849848350e-03, 3.5477787823284008e+00,
       2.3938897280083000e+00, 2.4562549486716434e+00,
       1.6969529624776280e-03, 7.0643446552370686e-04,
       2.2744730684658193e-03, 3.4885981522541401e+00,
       2.3423179441612798e+00, 2.3108222792207775e+00,
       1.4234975257481834e-03, 7.3247566527367416e-04,
       2.4049325350961387e-03, 3.4085349272019521e+00,
       2.3021613561318985e+00, 2.1012386056906198e+00,
       1.3390395460375494e-03, 7.3007856396605842e-04,
       2.3374105051065302e-03, 3.4330364478381354e+00,
       2.3085931653751368e+00, 2.2165187248683913e+00,
       1.3012381687316388e-03, 7.7845964380625875e-04,
       2.4298031958792697e-03, 3.4225465097886434e+00,
       2.2949167851423868e+00, 2.1390576003376398e+00,
       1.6117975727011455e-03, 7.5681332832238442e-04,
       2.2523904982809017e-03, 3.3648128910027952e+00,
       2.2735252747407024e+00, 2.1793506893763439e+00,
       1.6790243896683129e-03, 7.0238561924201241e-04,
       2.3185610375551324e-03, 3.3905971172638893e+00,
       2.2914196311572534e+00, 2.2490070513473208e+00,
       1.6489485182316268e-03, 7.2707466611597875e-04,
       2.1366020199199021e-03, 3.4304344835304894e+00,
       2.3134086919575201e+00, 2.4637015561754292e+00,
       1.6197757952277575e-03, 6.6783090464492170e-04,
       2.2327685480060724e-03, 3.4343389661306665e+00,
       2.3258578480449899e+00, 2.5074650046615772e+00,
       1.7739013580793019e-03, 7.0684922439915871e-04,
       2.3027946920373284e-03, 3.4872587612340893e+00,
       2.3719233030197775e+00, 2.5345542498202516e+00,
       1.5510812645941330e-03, 6.6314308506577066e-04,
       2.2185131892551403e-03, 3.4277435636382698e+00,
       2.3224770163446262e+00, 2.4422717442296773e+00,
       1.9511144204032017e-03, 7.2543857497179773e-04,
       2.3692910848529553e-03, 3.5251978530103880e+00,
       2.3885880269375175e+00, 2.5597415366707543e+00,
       1.8278118588311175e-03, 7.4296173304892212e-04,
       2.3881734371497326e-03, 3.5468193309298996e+00,
       2.4010831256542060e+00, 2.5541259669870846e+00,
       1.6777640099889691e-03, 7.1553210159365738e-04,
       2.3025334504055872e-03, 3.5210731373388358e+00,
       2.3811528201964105e+00, 2.5396281666933223e+00,
       1.7131738406528853e-03, 7.4385260296534522e-04,
       2.3815668962727425e-03, 3.6391618003869306e+00,
       2.4573595370978754e+00, 2.7228946792517523e+00,
       1.7297200559193188e-03, 9.1682481299007208e-04,
       2.2892038818661509e-03, 3.6770131089314932e+00,
       2.4985330725783257e+00, 3.0300904452370458e+00,
       2.0313746557873410e-03, 1.3694251691572907e-03,
       2.2575850416941038e-03, 3.6788224639100213e+00,
       2.5534107218481381e+00, 3.7737556951289863e+00,
       2.1481488220571141e-03, 1.5447357794204138e-03,
       2.0838715224646672e-03, 3.6486154546251166e+00,
       2.4855284834729581e+00, 3.1959489815825255e+00,
       1.9249351513738427e-03, 1.8141545770395348e-03,
       2.3407548971580237e-03, 3.5316344231406007e+00,
       2.3963797395382502e+00, 3.8173569821534437e+00,
       1.8958161903651512e-03, 1.6687571358019390e-03,
       2.1291366913024608e-03, 3.4054114922492245e+00,
       2.3172140213521168e+00, 3.2738482516219163e+00,
       1.6833444522325928e-03, 1.2833085697588759e-03,
       1.9601468220897672e-03, 3.2685090056209831e+00,
       2.1987075950648118e+00, 2.8412238681007125e+00,
       1.6256774999188826e-03, 1.2072404770796879e-03,
       1.9110090779940008e-03, 3.2937587276274800e+00,
       2.1948761416634839e+00, 2.5500887086894348e+00,
       1.7556840293807558e-03, 1.4553404812438894e-03,
       2.0913972549924131e-03, 3.3801656426618467e+00,
       2.2597561256136864e+00, 3.1181881552930091e+00,
       1.7565312246734543e-03, 1.3089017725596134e-03,
       1.8748518598680195e-03, 3.4034861574426660e+00,
       2.2479760627274885e+00, 2.9158594434821845e+00,
       1.7248692138126362e-03, 1.1307885770017957e-03,
       1.7259077979428707e-03, 3.3969137823863531e+00,
       2.2664229138190524e+00, 2.1219212208474389e+00,
       2.0401264297506281e-03, 1.7027400748906717e-03,
       2.3655426024645886e-03, 3.4379412131530072e+00,
       2.2488200413514772e+00, 3.4314685361791146e+00,
       1.7266767973474584e-03, 1.4631918508509151e-03,
       2.2126588581159734e-03, 3.3957855022440855e+00,
       2.2888636860277751e+00, 3.0820942259094322e+00,
       1.7571181695143910e-03, 1.3345545434781361e-03,
       1.9542701158925635e-03, 3.4050638060695300e+00,
       2.3054111397912838e+00, 3.2920960530011589e+00,
       2.1146640065791765e-03, 1.5970621603779136e-03,
       2.1899714305821704e-03, 3.4606118606711309e+00,
       2.3312591386247421e+00, 3.2009064197931076e+00,
       1.9607442864689440e-03, 1.5096555563646951e-03,
       2.2866805081741639e-03, 3.5286377817148784e+00,
