%YAML:1.0
---
summary: "Filter by time and points, rd=20, rs=10, sp=5, sf=1."
init_cam_calib: C99-1010_3p_3
camera_matrix: !!opencv-matrix
   rows: 3
   cols: 3
   dt: d
   data: [ 2.5680362204850030e+03, 0., 1.9000557244596798e+03, 0.,
       2.5687015926310946e+03, 1.0877087124852396e+03, 0., 0., 1. ]
dist_coeff: !!opencv-matrix
   rows: 5
   cols: 1
   dt: d
   data: [ 1.1570807048480989e-02, -7.8678212331664507e-04,
       -3.5597118104196198e-04, 7.6236900003494182e-04,
       -1.7762332555599458e-02 ]
rvec: !!opencv-matrix
   rows: 115
   cols: 3
   dt: d
   data: [ -3.0353032310092205e+00, -4.5048049044408437e-03,
       -2.4544856885212109e-02, -3.0313081041720604e+00,
       1.1457353591970962e-02, -1.3599854764958614e-02,
       -3.0433951887475166e+00, 1.6133556223239545e-02,
       -1.4847272620465290e-02, -3.0144305685456008e+00,
       6.6320808830499928e-02, -1.3928773057058694e-01,
       -3.0626890088428769e+00, 1.0721665983458012e-01,
       -1.3851410909887429e-01, -3.0905096641597627e+00,
       1.1408193597327465e-01, -2.7047835533245029e-01,
       -3.0923923803652742e+00, 1.1011444485479462e-01,
       -2.9309483173741363e-01, -3.1143588584175328e+00,
       1.4360604932435444e-02, -1.0980781008987230e-01,
       -3.0811169815478441e+00, -7.0527329778039868e-02,
       3.5636458597287246e-01, -3.0477346234767584e+00,
       4.0440793573018274e-02, 5.1466829864357744e-01,
       -3.0079671524009917e+00, -1.8712471088618413e-02,
       7.0003952228648791e-01, -2.9613643366350977e+00,
       -5.2353209858704230e-02, 8.4061662867603515e-01,
       -2.9102451149098463e+00, 7.6242403081798410e-03,
       8.4489562671360596e-01, -2.9241121291868200e+00,
       -6.6978844133770740e-02, 8.5418734615535019e-01,
       -2.9546906008985392e+00, 1.7179083243229597e-03,
       8.7536737024578715e-01, 3.0185754714596396e+00,
       3.2031966989718094e-02, -8.1833189057798927e-01,
       2.9766552371365296e+00, -5.7149908683663923e-03,
       -8.2249237968013222e-01, 2.9943347639947038e+00,
       -3.1457697683071627e-02, -7.8621599691054922e-01,
       3.0356495527761957e+00, -1.1493840982936130e-02,
       -7.9303911975695651e-01, -2.9933815144525777e+00,
       -1.7275587191676715e-03, 7.3960194707433025e-01,
       -2.9068200676643765e+00, 1.8852243159723666e-02,
       6.7247541481298811e-01, -2.8115834158192605e+00,
       -8.8432736206534565e-02, 5.6822734243638784e-01,
       -2.8375350839141631e+00, -1.2270527837005006e-01,
       5.7777353788079033e-01, -2.9179895599108194e+00,
       -1.2669930454837883e-01, 6.2412690903128010e-01,
       -2.9810364258591551e+00, 3.2518184413997696e-02,
       5.9663443114134862e-01, -2.9717183433312422e+00,
       3.7613505173839032e-02, 7.3714176392392083e-01,
       -2.9708848855825294e+00, -4.5521473413208294e-02,
       7.4684635257948062e-01, -2.9033535225018343e+00,
       -5.9098908068426832e-02, 8.7148592033965522e-01,
       -2.8838648451471922e+00, -7.3725548890591588e-02,
       1.0701300765451005e+00, -2.8331137144161800e+00,
       -1.6228020093075912e-01, 1.1898367130982317e+00,
       -2.7465076072476791e+00, -6.6894770037686666e-02,
       1.4289607414994052e+00, -2.6571652000583486e+00,
       -4.6355235026168937e-02, 1.5862697201918290e+00,
       -2.6166155706783010e+00, -7.9624618719966594e-02,
       1.6357691956651199e+00, -2.6357850046239482e+00,
       -9.7315583411534942e-02, 1.5602966683565591e+00,
       -2.6933907611038213e+00, -5.2124538070650074e-02,
       1.5149481406575449e+00, -2.6097135560304761e+00,
       -3.2768538817044175e-02, 1.5964026854507549e+00,
       -2.5968188573386639e+00, -5.6165403100343680e-02,
       1.5840453844650562e+00, -2.5773539097300726e+00,
       -4.7277326858136293e-02, 1.5876319343236491e+00,
       2.7075350945071039e+00, -1.1480898398664251e-01,
       -1.5546124559641987e+00, -2.6960532654422806e+00,
       5.4220142872219192e-02, 1.5242865151839478e+00,
       -2.6744234641994353e+00, -1.6100007669756482e-02,
       1.5284116466626760e+00, -2.6719631530520567e+00,
       -2.1022016918046369e-02, 1.5825751212749946e+00,
       -2.7908321498716968e+00, -1.5773260640462018e-02,
       1.3959872495023151e+00, -2.7350583155569188e+00,
       -5.3440749248375094e-02, 1.3835885717559624e+00,
       -2.7646414898430742e+00, -1.1236041731330625e-01,
       1.1455652692996401e+00, -2.7951232209590486e+00,
       -8.7388767354528288e-02, 9.9588040032872849e-01,
       -2.8234658381787914e+00, -7.9962235995153230e-02,
       6.3909180562823675e-01, -2.9451736889294908e+00,
       -1.2989278053854098e-01, 6.6228024685547404e-01,
       -3.0050865482186149e+00, -1.5764400047845042e-01,
       3.5855975973043280e-01, -3.0410305200532597e+00,
       -9.0502293913279519e-02, 2.4772542977597350e-01,
       -3.0717747605229233e+00, -3.2199249710935164e-02,
       2.1547347725183155e-01, -3.0330543195880288e+00,
       -4.2493305334978089e-02, 5.5407134732911878e-01,
       -3.0692340645911078e+00, -3.4062536322184554e-02,
       1.4003395939576049e-01, -2.9200911976486759e+00,
       1.5183047930355781e-01, -6.1123916342487017e-01,
       -2.8724760014861381e+00, 1.1283868120116658e-01,
       -1.0517728186132731e+00, -2.7350255346798260e+00,
       1.2553496939431660e-01, -1.2838054740061080e+00,
       -2.7545823305361563e+00, 1.2198326248992007e-01,
       -1.2531572759774887e+00, -2.8688966808408201e+00,
       4.1464820258139419e-02, -1.0654366912428510e+00,
       -2.9369358093888298e+00, 8.0973161571347235e-02,
       -1.0381937403462025e+00, -2.9344009189831475e+00,
       5.0830699621546654e-02, -1.0807739694719816e+00,
       2.8640450768895063e+00, -8.4864441447912511e-02,
       1.1447064346974141e+00, 2.8085032867016486e+00,
       -3.1552108706692783e-02, 1.1192849846624235e+00,
       2.7931143116861552e+00, 5.3035229643249417e-03,
       1.1230040724310053e+00, 2.8041104462613813e+00,
       -1.4837607513083027e-02, 1.1343479057297909e+00,
       2.7841846643292016e+00, 1.0588956969835094e-02,
       1.1316258925337588e+00, 2.7466207918230676e+00,
       3.0431756820512305e-02, 1.1145230260121772e+00,
       2.8288557128894229e+00, 1.2278222098092678e-02,
       1.2144968089904959e+00, 2.8748515880136285e+00,
       -9.5399633660228383e-02, 1.2427820694551770e+00,
       -2.7716191696745618e+00, 1.2405926219138691e-01,
       -1.1616117295263904e+00, -2.7843288368085233e+00,
       1.1267751504741003e-01, -1.1355693686817794e+00,
       -2.7200823320850640e+00, 7.8205912541568195e-02,
       -1.1511422429750158e+00, -2.7128798516561932e+00,
       5.3640657440160167e-02, -1.1503709376470523e+00,
       -2.8540985943149511e+00, 9.6463106054761084e-03,
       -1.2423868832057945e+00, 2.9068497915672227e+00,
       -9.5864043710381375e-03, 1.1792290071445051e+00,
       2.8748080929885389e+00, 6.2088297871665679e-03,
       1.2262565505209677e+00, 2.7896072445328230e+00,
       -6.4975749044079046e-04, 1.4034773762582555e+00,
       -2.7465115334020518e+00, -4.5536921689109892e-03,
       -1.5497944759993740e+00, 2.6294428315687313e+00,
       -3.7649246162265497e-02, 1.6772411529071969e+00,
       2.5841700294389489e+00, 4.8937716759763973e-02,
       1.6222783249144235e+00, -2.4883203071927893e+00,
       1.0216018301162649e-01, -1.8260836756369940e+00,
       -2.5488797712293629e+00, 1.5830500026803024e-01,
       -1.6815636276207542e+00, -2.5352158633313073e+00,
       1.7135983627881302e-01, -1.6675584250425286e+00,
       -2.6253339543497130e+00, 7.6298038295949971e-02,
       -1.7652773886854938e+00, 2.6130840164377975e-02,
       1.9630510230121305e+00, -9.3488959651515699e-02,
       2.4716123479063681e+00, 1.4963041178772299e-01,
       1.5803371343587931e+00, 2.4261957807006640e+00,
       1.9264727712176413e-01, 1.5089666458193860e+00,
       2.4615937231309810e+00, 1.1532047984841159e-01,
       1.5764406966320259e+00, 2.5368672356558615e+00,
       3.0386097139177292e-02, 1.6337184080746048e+00,
