%YAML:1.0
---
summary: "Filter by time, rd=15, rs=0."
init_cam_calib: C99-1010_3p_3
camera_matrix: !!opencv-matrix
   rows: 3
   cols: 3
   dt: d
   data: [ 2.5683315175627490e+03, 0., 1.8810765971054545e+03, 0.,
       2.5663450227395415e+03, 1.0847913568973527e+03, 0., 0., 1. ]
dist_coeff: !!opencv-matrix
   rows: 5
   cols: 1
   dt: d
   data: [ 1.3480015469334439e-02, -1.5437258251550392e-02,
       -4.7726841206608621e-04, -1.1406518783591063e-03,
       3.7711773246479655e-04 ]
std_intrinsics: !!opencv-matrix
   rows: 18
   cols: 1
   dt: d
   data: [ 4.2183206003728124e-01, 3.9750276370585352e-01,
       8.1301252358223253e-01, 5.2532717438466647e-01,
       1.0185898735906576e-03, 3.8040976196293454e-03,
       7.0260742699946772e-05, 1.0822750516567111e-04,
       4.1801809336336196e-03, 0., 0., 0., 0., 0., 0., 0., 0., 0. ]
std_extrinsics: !!opencv-matrix
   rows: 918
   cols: 1
   dt: d
   data: [ 7.2336728165895055e-04, 2.5704689738582416e-04,
       8.0148227900513958e-04, 1.1453113149536693e+00,
       7.5452699139664614e-01, 8.8885091474853339e-01,
       7.2188403659992839e-04, 2.5669525185793325e-04,
       7.9780686424665468e-04, 1.1432886956630692e+00,
       7.5308326001763659e-01, 8.8614517296296091e-01,
       7.1988968845133243e-04, 2.5396246333458331e-04,
       7.9139828912865311e-04, 1.1390588837430808e+00,
       7.5063462641700218e-01, 8.8417153845908347e-01,
       7.0267271610536695e-04, 2.4877868765652407e-04,
       7.7364569558163179e-04, 1.1195091786857054e+00,
       7.3804857580272354e-01, 8.6126506531426239e-01,
       6.7030523684512712e-04, 2.5847374948605894e-04,
       7.5278166040749833e-04, 1.0825207983444405e+00,
       7.1306447530254324e-01, 8.3289305847981643e-01,
       6.2544493130988659e-04, 2.4764811925471049e-04,
       7.0435780279708778e-04, 1.0244311718634771e+00,
       6.7433777987378551e-01, 7.6389721835648405e-01,
       5.8150080441304733e-04, 2.4253769605779755e-04,
       6.9051002698963316e-04, 9.5182802893867879e-01,
       6.2871175926876510e-01, 6.9992725641148346e-01,
       5.8625955669542348e-04, 2.7128206113561742e-04,
       7.5293066521036798e-04, 8.8201447981097003e-01,
       5.8213624879808412e-01, 7.0029584308692894e-01,
       6.8990886883836479e-04, 3.4630094881202413e-04,
       9.5409895221870917e-04, 8.3467856976194366e-01,
       5.4929171368624730e-01, 8.2817928147454312e-01,
       8.4199288678710887e-04, 3.5464744167995713e-04,
       1.0539431673912594e-03, 8.2150290900468148e-01,
       5.5331589087071864e-01, 8.6544448105112570e-01,
       1.0378300188141273e-03, 3.5860140850547782e-04,
       1.1335098359400563e-03, 8.0460487243689716e-01,
       5.6346830824522587e-01, 8.8441643618523025e-01,
       9.2387920593023636e-04, 2.8943259574407652e-04,
       8.9026019584488483e-04, 8.3010138775377507e-01,
       5.7968699107493848e-01, 7.7289575566606938e-01,
       5.9056371523931515e-04, 2.3450962979599803e-04,
       7.1319719811685067e-04, 9.2963422595949208e-01,
       6.2893196052582112e-01, 6.3775171600540526e-01,
       5.9950601928354641e-04, 2.5281202684874772e-04,
       7.5245585959240460e-04, 1.0081163330598348e+00,
       6.7932247849671856e-01, 7.0175692780723575e-01,
       5.9191793797870173e-04, 2.5716297492145180e-04,
       7.8920223218151872e-04, 1.0830598768326718e+00,
       7.2481557163139054e-01, 7.4214060607281884e-01,
       6.2059137086647065e-04, 2.6729240771641860e-04,
       8.1172611198276922e-04, 1.1391062790701132e+00,
       7.5881080900345066e-01, 7.7748654505686954e-01,
       6.6193487766026313e-04, 2.7523335091465335e-04,
       8.4825038794835860e-04, 1.1831912327516592e+00,
       7.8623251041475428e-01, 8.1620416311047961e-01,
       6.8815763834656116e-04, 2.8048753868660482e-04,
       8.6779650188332049e-04, 1.2092334145851393e+00,
       8.0400413768298018e-01, 8.5012873866153715e-01,
       6.9756060856768849e-04, 2.8494826030168042e-04,
       8.8151542671172155e-04, 1.2292057040098943e+00,
       8.1737953736836677e-01, 8.7752782578294930e-01,
       6.9017482622363215e-04, 2.8211169654185879e-04,
       8.7827311279530505e-04, 1.2156334110075464e+00,
       8.0787870774823833e-01, 8.5638779837705958e-01,
       6.6386617972506853e-04, 2.8571766195590996e-04,
       8.6750721785043713e-04, 1.1847989600612432e+00,
       7.8809813763827441e-01, 8.1808324299097268e-01,
       5.2117116762790219e-04, 2.8984336728536415e-04,
       9.2682535487817398e-04, 1.1829237212702686e+00,
       7.8693905526704300e-01, 7.9635952595932458e-01,
       5.1993138347126457e-04, 2.9775552200757261e-04,
       9.2393496525189746e-04, 1.1895376255613805e+00,
       7.9126505889533050e-01, 8.0916054217203504e-01,
       5.1350920221804818e-04, 3.0305118075454234e-04,
       9.2734018400398015e-04, 1.1860015908007357e+00,
       7.9046812878098682e-01, 8.2294389176009008e-01,
       5.1571591109778395e-04, 3.0052968341725460e-04,
       9.2299984383975163e-04, 1.1860018989735417e+00,
       7.8989978176345799e-01, 8.1517743412596400e-01,
       5.1091584033822709e-04, 2.8126701459091640e-04,
       9.2205845133123108e-04, 1.1583392017794971e+00,
       7.7216282972078376e-01, 7.9095358677427396e-01,
       6.5815641332774683e-04, 2.7116607322059185e-04,
       8.6184924951957713e-04, 1.1735460483144207e+00,
       7.8106924934679178e-01, 8.2064862697630436e-01,
       6.6561154587316317e-04, 2.6993309078800822e-04,
       8.5690490376454554e-04, 1.1865346317060910e+00,
       7.9060180590624252e-01, 8.4752748512602027e-01,
       6.5301070634701873e-04, 2.6230388531264776e-04,
       8.5604841562765511e-04, 1.1953901383679300e+00,
       7.9975529520842681e-01, 8.9415796332918651e-01,
       6.4576486169789062e-04, 2.5617185619196604e-04,
       8.5601965739569687e-04, 1.1997758382213108e+00,
       8.0328795325475533e-01, 9.1258495575808174e-01,
       6.5222247761708167e-04, 2.5686766330312009e-04,
       8.6793368592834048e-04, 1.2092860499108675e+00,
       8.1004281527825672e-01, 9.2787750762327714e-01,
       6.5077216936199468e-04, 2.5712705011065744e-04,
       8.6784658634095823e-04, 1.2092933530185308e+00,
       8.0960652127330690e-01, 9.3410174130301227e-01,
       6.6192894952073547e-04, 2.6807269415475094e-04,
       8.8160459448147210e-04, 1.2044426971177644e+00,
       8.0398988460801180e-01, 9.3354485600204695e-01,
       6.9296676241360094e-04, 2.8269230434170789e-04,
       9.1239970123793267e-04, 1.2289887661048200e+00,
       8.1891182008386598e-01, 9.2259340364500086e-01,
       6.8681176756261932e-04, 2.8410042450295245e-04,
       8.9156503103946351e-04, 1.2256735782969213e+00,
       8.1595778320545043e-01, 9.1182466508328619e-01,
       6.8884498422938406e-04, 2.8755050965527954e-04,
       9.0814005184572063e-04, 1.2334147577767727e+00,
       8.2234253535351987e-01, 9.2180605557185302e-01,
       6.5559976730515950e-04, 2.9028424506190710e-04,
       8.7517575408526142e-04, 1.2253841106978556e+00,
       8.2012825536335554e-01, 9.5411426539945177e-01,
       6.8755571845604754e-04, 3.1681145694206775e-04,
       8.6842761213039321e-04, 1.2671832886498009e+00,
       8.4690354195556150e-01, 1.0171437880505854e+00,
       6.8990200200916784e-04, 3.4684459374655964e-04,
       8.4198437426485960e-04, 1.2707856401273050e+00,
       8.5308293151502856e-01, 1.0965739675779962e+00,
       7.6243148363603936e-04, 4.5110943876388004e-04,
       8.1210162015334954e-04, 1.2770080724895367e+00,
       8.6806039446703631e-01, 1.2859508080035977e+00,
       8.5028138656960785e-04, 6.1103891127508279e-04,
       8.3933566096328820e-04, 1.2842654218164049e+00,
       8.9039686383489536e-01, 1.4709760562469938e+00,
       8.0076686875272401e-04, 6.1732627354076249e-04,
       8.3059257303157922e-04, 1.2595630379090170e+00,
       8.4642469666519471e-01, 1.3337302679254146e+00,
       7.4168117071114043e-04, 6.1046184144613767e-04,
       7.8274107607315829e-04, 1.2213699415173898e+00,
