%YAML:1.0
---
summary: "Filter by time and points, rd=20, rs=10, sp=5, sf=3."
init_cam_calib: C99-1010_3p_3
camera_matrix: !!opencv-matrix
   rows: 3
   cols: 3
   dt: d
   data: [ 2.5714064533011542e+03, 0., 1.8904320822570050e+03, 0.,
       2.5703780467993934e+03, 1.0863932912946339e+03, 0., 0., 1. ]
dist_coeff: !!opencv-matrix
   rows: 5
   cols: 1
   dt: d
   data: [ 1.3895251248945459e-02, -1.2588157846252689e-02,
       -3.9516692957109151e-04, -5.7097051088249881e-04,
       -5.4726580890157063e-03 ]
rvec: !!opencv-matrix
   rows: 115
   cols: 3
   dt: d
   data: [ -3.0347033128297478e+00, -4.6261063553075304e-03,
       -1.8637844936970044e-02, -3.0311999886619314e+00,
       1.1414640478619851e-02, -7.9809841626244903e-03,
       -3.0463843597241200e+00, 1.6638176156547134e-02,
       -1.1768655294373577e-02, -3.0118640970401600e+00,
       6.5924210830895821e-02, -1.3330719895365151e-01,
       -3.0611340426876259e+00, 1.0693891869267576e-01,
       -1.3456478612680442e-01, -3.0934748315629963e+00,
       1.1500105232518608e-01, -2.6835857683382069e-01,
       -3.0972319400225317e+00, 1.1141909018548818e-01,
       -2.8577265313650541e-01, -3.1245910294267976e+00,
       1.5318999264931162e-02, -1.0873861418597119e-01,
       -3.0726912996945868e+00, -6.9833135789980655e-02,
       3.6687512723297144e-01, -3.0498675710613710e+00,
       4.0594584686794034e-02, 5.1767021107962652e-01,
       -3.0027549491701424e+00, -1.9225980479085299e-02,
       7.1345796286977736e-01, -2.9596998219812609e+00,
       -5.1763023067147446e-02, 8.4657216306802308e-01,
       -2.9089161603738574e+00, 8.1388769175802025e-03,
       8.5105977721910175e-01, -2.9227639296025600e+00,
       -6.5855333713060238e-02, 8.5935598410816649e-01,
       -2.9518142376008867e+00, 3.0174574145878921e-03,
       8.8377315695565151e-01, 3.0163976046761247e+00,
       2.9411040418604820e-02, -8.1787303881187645e-01,
       2.9757065889355379e+00, -3.4289256538946305e-03,
       -8.3487706983515741e-01, 2.9938209981404826e+00,
       -2.9411550747806520e-02, -7.9713543832435052e-01,
       3.0334228977797215e+00, -1.1348553256880762e-02,
       -8.0135681978074091e-01, -2.9922600335963172e+00,
       6.4215053828446970e-05, 7.4301256788993186e-01,
       -2.9039022692705432e+00, 1.9355628603010412e-02,
       6.7807770993815197e-01, -2.8091447472178910e+00,
       -8.9129457526153616e-02, 5.8181088506128009e-01,
       -2.8353264411001948e+00, -1.2204682587716369e-01,
       5.8416671926438046e-01, -2.9087143860116167e+00,
       -1.2511249576864253e-01, 6.2240927765682208e-01,
       -2.9778718487344098e+00, 3.0107267436860072e-02,
       6.0390221137671807e-01, -2.9700265032936635e+00,
       3.7765959053153025e-02, 7.4386647507232084e-01,
       -2.9690972278726062e+00, -4.5429830927538210e-02,
       7.5317333244689977e-01, -2.9042190559996937e+00,
       -5.9878818956381814e-02, 8.7721289473907427e-01,
       -2.8851197138265618e+00, -7.2784052061989651e-02,
       1.0740623875362239e+00, -2.8303479181677558e+00,
       -1.6445285590517020e-01, 1.1971922853781019e+00,
       -2.7438982257690525e+00, -6.6435895157299169e-02,
       1.4345608440044855e+00, -2.6543417644099780e+00,
       -4.7139419845141708e-02, 1.5929890953985584e+00,
       -2.6104851768146022e+00, -7.6994660557682046e-02,
       1.6419581249526771e+00, -2.6346740459222837e+00,
       -9.8777243619783156e-02, 1.5667493203842089e+00,
       -2.6909911291877915e+00, -5.1222118532700665e-02,
       1.5211138257768195e+00, -2.6064733668940461e+00,
       -3.2025403226171478e-02, 1.6017041367586031e+00,
       -2.5938734069575040e+00, -5.5406199826869250e-02,
       1.5893463731317037e+00, -2.5750160108488194e+00,
       -4.6747409386707975e-02, 1.5924596605020374e+00,
       2.7043287412477084e+00, -1.1686658448644446e-01,
       -1.5617709296301507e+00, -2.6938073443361668e+00,
       5.4042033482768641e-02, 1.5303229657150055e+00,
       -2.6788936675011752e+00, -2.1900165599650797e-02,
       1.5409185059305310e+00, -2.6685479176743181e+00,
       -2.2322148460966688e-02, 1.5905528350597602e+00,
       -2.7889492971006642e+00, -1.5900757330215728e-02,
       1.4022664986288307e+00, -2.7331818647593478e+00,
       -5.3479879364568515e-02, 1.3898027415796932e+00,
       -2.7613456968277270e+00, -1.1125612997174358e-01,
       1.1526029392818602e+00, -2.7870206260643671e+00,
       -8.7293151911441352e-02, 1.0122262924378032e+00,
       -2.8198812467030892e+00, -8.0070355721629294e-02,
       6.5113757427819763e-01, -2.9454442436020170e+00,
       -1.2959400399864923e-01, 6.6619200525506517e-01,
       -2.9990809575401878e+00, -1.5814304910647753e-01,
       3.6807713208383847e-01, -3.0351877081907670e+00,
       -9.1292893770910072e-02, 2.5458969267512138e-01,
       -3.0626601150175556e+00, -3.3928368364306440e-02,
       2.1013650375284387e-01, -3.0276509520672210e+00,
       -3.9410399279876052e-02, 5.5774007321603536e-01,
       -3.0765898459251675e+00, -3.6892718575226260e-02,
       1.5731545359327143e-01, -2.9246651990364803e+00,
       1.5406395140293372e-01, -6.0321769127362579e-01,
       -2.8747556783653878e+00, 1.1222582205228022e-01,
       -1.0471801679319361e+00, -2.7351155361452260e+00,
       1.2267740435662239e-01, -1.2794381968231461e+00,
       -2.7590150746588242e+00, 1.2130244025651565e-01,
       -1.2484039828790201e+00, -2.8705240196726507e+00,
       4.0654711023401909e-02, -1.0612004784466798e+00,
       -2.9391779468422818e+00, 8.0718531027808071e-02,
       -1.0333649539440470e+00, -2.9355768421736990e+00,
       5.0410083911025645e-02, -1.0771848523352412e+00,
       2.8650701437655295e+00, -8.5249005425439756e-02,
       1.1407789172393223e+00, 2.8093510193876217e+00,
       -3.0694181985438621e-02, 1.1121913220993698e+00,
       2.7948776741047228e+00, 6.6994291106305722e-03,
       1.1197336094872221e+00, 2.8058329790263197e+00,
       -1.3835775259103367e-02, 1.1294474910444350e+00,
       2.7860082115382485e+00, 1.1767578677284249e-02,
       1.1271696034645784e+00, 2.7482160411549206e+00,
       3.1451321180547200e-02, 1.1102151120717796e+00,
       2.8297873473908375e+00, 1.2175788016818382e-02,
       1.2093088319564944e+00, 2.8762250266925933e+00,
       -9.4171593525465294e-02, 1.2382625366475679e+00,
       -2.7751288054814141e+00, 1.2475271296256439e-01,
       -1.1572119869445316e+00, -2.7899878935461904e+00,
       1.1348240508112233e-01, -1.1313736469646489e+00,
       -2.7214552057391290e+00, 7.7594339948335145e-02,
       -1.1476975704363339e+00, -2.7139087471179764e+00,
       5.3382625310585095e-02, -1.1470220791311374e+00,
       -2.8573023790132543e+00, 1.0146509018431083e-02,
       -1.2386287483861431e+00, 2.9092491741042976e+00,
       -8.7140818031670193e-03, 1.1749947774135181e+00,
       2.8763841212435679e+00, 6.4842798231892805e-03,
       1.2206923052436620e+00, 2.7918930021876291e+00,
       -4.5766181795641614e-04, 1.3974540078353201e+00,
       2.7262014296931656e+00, 3.4119529009840992e-03,
       1.5321661634333594e+00, 2.6289242235988750e+00,
       -3.7485180580306886e-02, 1.6743974895433038e+00,
       2.5857869625870817e+00, 4.8601126528196897e-02,
       1.6179234118658976e+00, -2.4979442318877005e+00,
       1.0122220033377924e-01, -1.8146491012982093e+00,
       -2.5526236947112872e+00, 1.5966710562441333e-01,
       -1.6787207829316837e+00, -2.5382786667652919e+00,
       1.7011160343997800e-01, -1.6635747143405624e+00,
       -2.6239148526635039e+00, 7.6625917995658724e-02,
       -1.7685524174600764e+00, 2.5905257954489245e+00,
       8.9069048858572020e-03, 1.7244902988259905e+00,
       2.4817941780198640e+00, 1.5072819843850013e-01,
       1.5716686367265797e+00, 2.4259332620850929e+00,
       1.9146088543813936e-01, 1.5059933815374784e+00,
       2.4619734774728652e+00, 1.1694285696102517e-01,
       1.5753239183679919e+00, 2.5345528968295787e+00,
       3.0823828979700471e-02, 1.6327037175220289e+00,
