%YAML:1.0
---
summary: "Filter by distance, md=100."
init_cam_calib: C99-1010_3p_3
camera_matrix: !!opencv-matrix
   rows: 3
   cols: 3
   dt: d
   data: [ 2.5701307710440146e+03, 0., 1.8898697716797342e+03, 0.,
       2.5699681336346166e+03, 1.0886829788831856e+03, 0., 0., 1. ]
dist_coeff: !!opencv-matrix
   rows: 5
   cols: 1
   dt: d
   data: [ 1.9546683218955040e-02, -2.4830503412579159e-02,
       2.4280750115948711e-04, -4.7610584336747926e-04,
       4.9033896521162553e-03 ]
std_intrinsics: !!opencv-matrix
   rows: 18
   cols: 1
   dt: d
   data: [ 3.5613373730579528e-01, 3.3623906724043390e-01,
       6.4786322341274549e-01, 4.2121310614112539e-01,
       8.2584299651397455e-04, 2.9885446843173290e-03,
       5.5879045201908770e-05, 8.6963997663743909e-05,
       3.1819689137299878e-03, 0., 0., 0., 0., 0., 0., 0., 0., 0. ]
std_extrinsics: !!opencv-matrix
   rows: 2640
   cols: 1
   dt: d
   data: [ 1.0084735948080765e-03, 3.6672907900740879e-04,
       1.0129456622683737e-03, 9.4689540282079865e-01,
       6.4796987407140316e-01, 1.0906271646648615e+00,
       9.7805096742382058e-04, 3.5478137592975898e-04,
       9.6608089147154211e-04, 9.2416975328707662e-01,
       6.3296030578924833e-01, 1.0522191505230243e+00,
       9.5586650806641022e-04, 3.6785617887836108e-04,
       9.5885491469008017e-04, 9.0829176061171657e-01,
       6.2036864334806241e-01, 1.0450228809820366e+00,
       9.2249462964271735e-04, 3.6346613938752719e-04,
       9.1774728096750372e-04, 8.9048784630729128e-01,
       6.0761908119945440e-01, 1.0020445614953006e+00,
       8.9880897081732331e-04, 3.5906837425081804e-04,
       8.8456982195363556e-04, 8.7579787870147596e-01,
       5.9730698340342092e-01, 9.6572246861046385e-01,
       8.6766373316025285e-04, 3.5439688440145218e-04,
       8.5554500317340271e-04, 8.4839212105394357e-01,
       5.7806021338944480e-01, 9.2541813189544075e-01,
       8.4679114727014416e-04, 3.5338929270743637e-04,
       8.4263767537606934e-04, 8.3527595561864654e-01,
       5.6749693353816377e-01, 8.9594199107279482e-01,
       8.3276676949953828e-04, 3.5362871972761728e-04,
       8.4152755410809817e-04, 8.2100588788123108e-01,
       5.5796874760420778e-01, 8.8746413166796467e-01,
       8.2057529088117574e-04, 3.4816177217032376e-04,
       8.4379751978297347e-04, 8.0932446654392165e-01,
       5.4957864132616729e-01, 8.6438029919926684e-01,
       7.8440091708090068e-04, 3.4511466954439875e-04,
       8.2279862505735962e-04, 7.8752866019322265e-01,
       5.3194520345315832e-01, 8.0182350036280003e-01,
       7.9324905574617666e-04, 3.6438532939904033e-04,
       8.6303064565862160e-04, 7.7141721618732872e-01,
       5.1861284807623720e-01, 8.1507415164342112e-01,
       8.0826359216571938e-04, 3.7860806327106510e-04,
       9.0683021832326785e-04, 7.6022526033750037e-01,
       5.0959676070088011e-01, 8.3665405045002239e-01,
       8.2025605107034999e-04, 3.9503267897402508e-04,
       9.4684885589183519e-04, 7.4689428901525134e-01,
       4.9843509951077808e-01, 8.3517054619310838e-01,
       8.7527645782078457e-04, 4.1353590754566723e-04,
       1.0117991383050222e-03, 7.4567314899133830e-01,
       4.9802202888338715e-01, 8.7527896821367479e-01,
       9.5113394151230286e-04, 4.5261782441060938e-04,
       1.1419662067700597e-03, 7.5008026444621989e-01,
       4.9804874903986823e-01, 9.5144624824461410e-01,
       1.0130163499192000e-03, 4.9140626850447029e-04,
       1.2722997669365752e-03, 7.5598901635144911e-01,
       5.0295501216606453e-01, 1.0287122054563731e+00,
       1.1080334320686222e-03, 5.0773234519192073e-04,
       1.3143413078459869e-03, 7.5521553738916780e-01,
       5.0679726459609664e-01, 1.0572504258883368e+00,
       1.1951319166326739e-03, 5.2253799564209395e-04,
       1.4377953670388880e-03, 7.6494632018132569e-01,
       5.2108392334529596e-01, 1.1261845063541049e+00,
       1.4351861005020533e-03, 5.3035448230421981e-04,
       1.5718902458035366e-03, 7.7075515001959105e-01,
       5.4854463607648729e-01, 1.1345076201339204e+00,
       1.4503514797754473e-03, 5.4250313740325474e-04,
       1.5790379619639934e-03, 7.5756250653409507e-01,
       5.4565567487777655e-01, 1.1344761851932312e+00,
       1.4580154123345810e-03, 5.4076413137313113e-04,
       1.5855315857577401e-03, 7.4780229654518393e-01,
       5.4545457867945701e-01, 1.1360864763791303e+00,
       1.5331235253527638e-03, 5.2149083302799413e-04,
       1.5315890016745534e-03, 7.3379308018045775e-01,
       5.4119251548261216e-01, 1.1247475778668790e+00,
       1.4174569310704474e-03, 4.8769336332013107e-04,
       1.4470529675243041e-03, 7.1476347815559294e-01,
       5.3647808342219638e-01, 1.0677283675188785e+00,
       1.3481716280604604e-03, 4.6941074088169906e-04,
       1.3715050081365044e-03, 7.0778466481564539e-01,
       5.3320003274587702e-01, 1.0204414793380210e+00,
       1.3388998854598206e-03, 4.3680780528130881e-04,
       1.2316581682396235e-03, 7.0424361335471786e-01,
       5.2858482548135033e-01, 9.6545896872830583e-01,
       1.1438172378537847e-03, 3.9676378228707779e-04,
       1.0948615998072841e-03, 7.1097522582941175e-01,
       5.2435245032502731e-01, 8.7132237870294305e-01,
       8.5105709526403462e-04, 3.2955379653242813e-04,
       8.6856963729836298e-04, 7.2983004776984362e-01,
       5.2019341048148893e-01, 7.1985774713467521e-01,
       8.0508080614924752e-04, 3.1795963488795420e-04,
       8.1662954168779643e-04, 7.4544653117806625e-01,
       5.2990582659768759e-01, 7.0771034072508865e-01,
       8.0497529436232053e-04, 3.2378219057167812e-04,
       8.4868293404248227e-04, 7.7003274216070472e-01,
       5.4402440078932279e-01, 7.1768683270221678e-01,
       8.0828016081993515e-04, 3.3180729081894178e-04,
       8.6508848592652186e-04, 7.8517665939032144e-01,
       5.5318191973806652e-01, 7.3604997259056915e-01,
       8.3881875420705951e-04, 3.4196555425066805e-04,
       8.7912169923332040e-04, 7.9939023087174932e-01,
       5.6484908696749936e-01, 7.9036494211018771e-01,
       8.2571361333530664e-04, 3.4701900662669518e-04,
       9.0934324046471266e-04, 8.2879642274372067e-01,
       5.8224848298297660e-01, 8.0529524250015427e-01,
       8.0310692875676317e-04, 3.4423978397529222e-04,
       9.2454931526567998e-04, 8.4688399627882227e-01,
       5.9380247418900545e-01, 8.1515945919798760e-01,
       8.0326924858760982e-04, 3.4558042681681118e-04,
       9.4700192183430837e-04, 8.6621632856996145e-01,
       6.0670845779908700e-01, 8.4615319253162669e-01,
       8.2733655467748246e-04, 3.5529994142821116e-04,
       9.9236402659025574e-04, 8.9694343366736373e-01,
       6.2798968733888805e-01, 8.9877106785337635e-01,
       8.1480881884043955e-04, 3.5621523497798938e-04,
       1.0075193086812482e-03, 9.1707136727071559e-01,
       6.4230024908200301e-01, 9.2075288002392763e-01,
       8.3807532816417181e-04, 3.6460600503064410e-04,
       1.0252256351183360e-03, 9.3830876082659986e-01,
       6.5732530871214345e-01, 9.5980780832634582e-01,
       8.7885880938843935e-04, 3.7445173044158784e-04,
       1.0760102549617501e-03, 9.6146127479458265e-01,
       6.7291059740243042e-01, 1.0124592592037180e+00,
       9.0676639460429004e-04, 3.7745180863834943e-04,
       1.0859788150090316e-03, 9.7416663999557751e-01,
       6.8080554546245886e-01, 1.0152600137552310e+00,
       9.2505744521597993e-04, 3.8079101256334371e-04,
       1.1001042442127516e-03, 9.8135926649873173e-01,
       6.8762258725663727e-01, 1.0339159976677905e+00,
       9.4629113939294601e-04, 3.8409495600770635e-04,
       1.1126695289809263e-03, 9.9196343627794092e-01,
       6.9695177049903545e-01, 1.0573831336383028e+00,
       9.5307399385258663e-04, 3.8639696998735103e-04,
       1.1230105990024887e-03, 1.0016822311934086e+00,
       7.0164717220758988e-01, 1.0653571981162122e+00,
       9.4491486869383023e-04, 3.8904918411058944e-04,
       1.1294376204257894e-03, 1.0007539503751255e+00,
