%YAML:1.0
---
summary: "Filter by distance, md=150, ds=0."
init_cam_calib: C99-1010_3p_3
camera_matrix: !!opencv-matrix
   rows: 3
   cols: 3
   dt: d
   data: [ 2.5706049212199750e+03, 0., 1.8979930503686894e+03, 0.,
       2.5721682874201156e+03, 1.0874882938880346e+03, 0., 0., 1. ]
dist_coeff: !!opencv-matrix
   rows: 5
   cols: 1
   dt: d
   data: [ 1.8490831004530146e-02, -1.8471996593352524e-02,
       3.0688550540806958e-04, 5.9933038664810700e-04,
       -2.1931469931149509e-03 ]
std_intrinsics: !!opencv-matrix
   rows: 18
   cols: 1
   dt: d
   data: [ 4.5433102030773898e-01, 4.3095856340232486e-01,
       8.2909735059622525e-01, 5.3770035486612000e-01,
       1.0541579860854117e-03, 3.8023159822695354e-03,
       7.1171205181882999e-05, 1.1125176943218818e-04,
       4.0309348928708284e-03, 0., 0., 0., 0., 0., 0., 0., 0., 0. ]
std_extrinsics: !!opencv-matrix
   rows: 1692
   cols: 1
   dt: d
   data: [ 1.0343436934520289e-03, 3.7543247377423694e-04,
       1.0713895310571861e-03, 1.1897010271304884e+00,
       7.9761590258756832e-01, 1.1715930700457926e+00,
       9.9510743503655220e-04, 3.6538625741629351e-04,
       1.0306818518300129e-03, 1.1516812393817586e+00,
       7.7250581641388061e-01, 1.1202224228027224e+00,
       9.4707755033644487e-04, 3.7225635375757115e-04,
       9.7754208066410330e-04, 1.1171183605343835e+00,
       7.4783393929520958e-01, 1.0793480763144170e+00,
       9.1268438354835874e-04, 3.6984465343084636e-04,
       9.3077717627330350e-04, 1.0871658019411123e+00,
       7.2643853748697285e-01, 1.0245620173794425e+00,
       8.7028990790030160e-04, 3.6197639839258874e-04,
       9.0435452353107950e-04, 1.0459102760928860e+00,
       6.9862220730094093e-01, 9.7050326720472213e-01,
       8.4796949682698500e-04, 3.5778511876263726e-04,
       9.0562434054403118e-04, 1.0151219751889502e+00,
       6.7909840526733822e-01, 9.4535618340852778e-01,
       7.9945631872671509e-04, 3.5416217682066969e-04,
       8.8240663071759151e-04, 9.7812420353759810e-01,
       6.5217431532560222e-01, 8.6591421813794367e-01,
       8.2274703353647511e-04, 3.8426949552073763e-04,
       9.6055301337487570e-04, 9.4446853466879943e-01,
       6.2766426456803714e-01, 8.9976609751031544e-01,
       8.6810057830101462e-04, 4.0767747632401051e-04,
       1.0171234038309990e-03, 9.1548552833945196e-01,
       6.0744951358149701e-01, 9.0659808298713340e-01,
       9.7581883489841325e-04, 4.6356948941318982e-04,
       1.1995661331170701e-03, 9.0931451577365463e-01,
       6.0124739103961244e-01, 1.0193995867129266e+00,
       1.0327011409445811e-03, 5.0899439067614955e-04,
       1.3500698727388813e-03, 9.0695786469919848e-01,
       6.0032239303432888e-01, 1.1097910711556118e+00,
       1.2198358441995987e-03, 5.3117959399330940e-04,
       1.4725719114019049e-03, 9.1103766065875869e-01,
       6.1341754382202973e-01, 1.1806954576192159e+00,
       1.4691868383107829e-03, 5.4299915927260905e-04,
       1.6312944887695144e-03, 9.1460239118531772e-01,
       6.3903464316094927e-01, 1.2047566058302261e+00,
       1.4791250390365793e-03, 5.5523470707545856e-04,
       1.6511447906289414e-03, 8.9803047190380825e-01,
       6.3615250534248213e-01, 1.2126190953199338e+00,
       1.5719336931464619e-03, 5.5458258488685821e-04,
       1.6357574594809364e-03, 8.8730073454991398e-01,
       6.3340029953002686e-01, 1.2280641560585164e+00,
       1.4465508695193797e-03, 4.9489785602548173e-04,
       1.4871747032443902e-03, 8.6666537889357831e-01,
       6.3032943119884766e-01, 1.1428451603820642e+00,
       1.3520623355422969e-03, 4.3816541833271468e-04,
       1.2650873367249416e-03, 8.6797955585493891e-01,
       6.2913963892740554e-01, 1.0296800260647738e+00,
       8.7656779748694798e-04, 3.3854082864098978e-04,
       9.3566441335058077e-04, 9.1138227190842724e-01,
       6.3537275946149763e-01, 8.0112901334074105e-01,
       8.3390753600164893e-04, 3.3106517478832890e-04,
       9.0547742588300184e-04, 9.5427834780898169e-01,
       6.6100277238698435e-01, 7.9375847113021991e-01,
       8.3391453515726144e-04, 3.4208791704034213e-04,
       9.3112130099322777e-04, 9.8462317258149223e-01,
       6.7915171880593372e-01, 8.1338492535179507e-01,
       8.6586069533781237e-04, 3.5485205379503284e-04,
       9.6676854277411971e-04, 1.0267932499127461e+00,
       7.0737015804075609e-01, 8.7733744104761435e-01,
       8.1636206179499583e-04, 3.5370791027740432e-04,
       9.8936465071617101e-04, 1.0685376043070216e+00,
       7.3306475412637662e-01, 8.9458022646736113e-01,
       8.3333832365799058e-04, 3.6369037945466009e-04,
       1.0432248390608823e-03, 1.1168818431855931e+00,
       7.6488853280861280e-01, 9.6064159809047189e-01,
       8.4508377239930548e-04, 3.6858668171759959e-04,
       1.0672112105438922e-03, 1.1565455879620172e+00,
       7.9075984671567934e-01, 9.9591100344081329e-01,
       9.0626446625273905e-04, 3.8637448758756932e-04,
       1.1351773633296247e-03, 1.2096984903246477e+00,
       8.2570192817612997e-01, 1.0824186051351812e+00,
       9.4305492409587147e-04, 3.9037765875634523e-04,
       1.1472691023859892e-03, 1.2311025212907523e+00,
       8.3946724608324441e-01, 1.0869312337639210e+00,
       9.7397258873572318e-04, 3.9613253240496359e-04,
       1.1704014711662089e-03, 1.2473084387914533e+00,
       8.5232608757739770e-01, 1.1261364656425508e+00,
       9.8283310119301969e-04, 3.9965958606744015e-04,
       1.1848994885953804e-03, 1.2610072920602375e+00,
       8.5959726145318505e-01, 1.1376050392479866e+00,
       9.8408877907930968e-04, 4.0031897971393355e-04,
       1.1887410027945761e-03, 1.2571492153325277e+00,
       8.5413399246819288e-01, 1.1236197108748296e+00,
       9.2654693762147969e-04, 4.0827325285529547e-04,
       1.1695547806287584e-03, 1.2224411230667505e+00,
       8.3485258746511759e-01, 1.0697269408331620e+00,
       7.2597378600260695e-04, 4.2024335421115481e-04,
       1.2461417620782205e-03, 1.2302571605117472e+00,
       8.4054212332477196e-01, 1.0520204463629408e+00,
       7.1848501310384542e-04, 4.3199407456169362e-04,
       1.2581798067047357e-03, 1.2299380266494069e+00,
       8.4401815365475241e-01, 1.0837699343081320e+00,
       7.2138615026833561e-04, 3.9947711716788696e-04,
       1.2586646991719593e-03, 1.2009853798133885e+00,
       8.1997696657867281e-01, 1.0423728006855724e+00,
       9.2982900881850513e-04, 3.8427486788197341e-04,
       1.1627657609222402e-03, 1.2151397156780559e+00,
       8.2755534001593156e-01, 1.0820814768272196e+00,
       9.2860174848409820e-04, 3.8154328608396964e-04,
       1.1466588053716000e-03, 1.2165578386613942e+00,
       8.2999163322449576e-01, 1.0740909984262654e+00,
       9.3561623755088544e-04, 3.8005469319232342e-04,
       1.1483808067964969e-03, 1.2240585445002177e+00,
       8.3700634258423057e-01, 1.0953755075365652e+00,
       9.2448799311931767e-04, 3.7796155253542931e-04,
       1.1423979983878206e-03, 1.2245575868294969e+00,
       8.3916063005650543e-01, 1.1330310879550269e+00,
       9.2070003213551885e-04, 3.7245612870482697e-04,
       1.1446269525501596e-03, 1.2325704575336291e+00,
       8.4666136041054063e-01, 1.1619861989799778e+00,
       9.2191363040732065e-04, 3.6988059048686692e-04,
       1.1538380339984507e-03, 1.2391471996043548e+00,
       8.5511690170690602e-01, 1.1860490944200683e+00,
       9.2305792589108388e-04, 3.7003527424660514e-04,
       1.1652079154604140e-03, 1.2308290745008850e+00,
       8.5525968776228167e-01, 1.2112741217520449e+00,
       8.9896820493561599e-04, 3.6012349191502153e-04,
       1.1413770122762903e-03, 1.2373349958103719e+00,
       8.5261474180347774e-01, 1.1990981229835438e+00,
       9.2797204924027397e-04, 3.6696284479577281e-04,
       1.1736666838466439e-03, 1.2492426242462589e+00,
       8.5762183023773342e-01, 1.2239376584582562e+00,
       9.0405810194060831e-04, 3.6983135900582733e-04,
       1.1610945704613883e-03, 1.2310383676707730e+00,
