%YAML:1.0
---
summary: "Filter by time and points, rd=20, rs=0, sp=5, sf=0."
init_cam_calib: C99-1010_3p_3
camera_matrix: !!opencv-matrix
   rows: 3
   cols: 3
   dt: d
   data: [ 2.5666904873292092e+03, 0., 1.8736212983602575e+03, 0.,
       2.5667574344943496e+03, 1.0848121414769078e+03, 0., 0., 1. ]
dist_coeff: !!opencv-matrix
   rows: 5
   cols: 1
   dt: d
   data: [ 1.9222292711413524e-02, -4.3005505895678378e-02,
       -9.4137133184642912e-04, -1.9471141248641941e-03,
       3.2981811219431084e-02 ]
rvec: !!opencv-matrix
   rows: 115
   cols: 3
   dt: d
   data: [ -3.0383497653607332e+00, -9.1223006657378744e-03,
       -1.3100088122105261e-02, -3.0325333889662289e+00,
       -4.7466281635277054e-03, -1.4908021880892030e-02,
       -3.0389480840756593e+00, 1.6571348846501160e-02,
       1.5778817522525190e-02, -3.0456351027102451e+00,
       3.8029176288952263e-02, -1.0567052710299915e-01,
       -3.0460670856145993e+00, 9.8255611350698421e-02,
       -1.2958364323157531e-01, -3.0675615486631043e+00,
       1.1526671871288557e-01, -1.8676921746751091e-01,
       -3.0945323734296997e+00, 1.6033843899122094e-01,
       -3.5706355739706630e-01, -3.0877466530940811e+00,
       9.4586390718959690e-02, -2.4580320931789124e-01,
       -3.0950321722454421e+00, 1.3779488301312426e-02,
       7.9230856848076667e-02, -3.0479518541164663e+00,
       -7.9713017769096978e-02, 5.3070706465483741e-01,
       -3.0194633600213328e+00, 2.7525736464699808e-02,
       6.1824268522482062e-01, -2.9657473896391569e+00,
       -7.0333074663719242e-02, 8.2154647512564116e-01,
       -2.9441761099930490e+00, -3.9002799112718443e-02,
       8.6024696046225790e-01, -2.9353161304311697e+00,
       -2.7558953580524900e-02, 8.6317776501707777e-01,
       -2.9269913900973901e+00, -6.4316584358361156e-02,
       8.6853916783159590e-01, -3.0008607828653235e+00,
       2.0503770652507997e-02, 8.3415608698539268e-01,
       2.9866822340045669e+00, 2.6153199239896110e-03,
       -8.2592223747812377e-01, 2.9857126032213182e+00,
       -2.2716562008503884e-02, -8.1132843385133446e-01,
       2.9930852286984702e+00, -2.9359686160688205e-02,
       -8.0425818655366876e-01, -3.0431923728953256e+00,
       3.1811699091080269e-03, 7.7641969487048557e-01,
       -2.9346586884764521e+00, -8.7038010250530451e-04,
       7.4666767844406812e-01, -2.8670260724130245e+00,
       -3.3407949115946356e-02, 6.1342191572126958e-01,
       -2.8498833739863056e+00, -1.0391331288412707e-01,
       5.7184977407378101e-01, -2.8379155221379024e+00,
       -1.2167048733448944e-01, 5.7933330545770900e-01,
       -2.9343691083198680e+00, -3.7707862004183329e-02,
       6.0001940455296354e-01, -2.9760192918750872e+00,
       3.5327688615015139e-02, 6.6220614400323707e-01,
       -2.9684138226921970e+00, -2.5833172224953415e-02,
       7.8216723849329750e-01, -2.9551191470544635e+00,
       1.5245595392349864e-04, 7.3453673338758918e-01,
       -2.8849040976808609e+00, -5.0308862350024429e-02,
       1.0188400144670271e+00, -2.8047038632747903e+00,
       -5.9481112631971700e-02, 1.1809419514328809e+00,
       -2.7771311924189819e+00, -1.7989089904858818e-01,
       1.2910464333049481e+00, -2.7074239286660942e+00,
       -5.1252961581851539e-02, 1.4889875326418511e+00,
       -2.6059589365156834e+00, -1.0256081571044445e-01,
       1.6974845312201905e+00, -2.6192950861260687e+00,
       -1.3757048267881786e-01, 1.5716654259291749e+00,
       -2.6521363519602739e+00, -5.1613277400201205e-02,
       1.5849446686276822e+00, -2.6272221211965485e+00,
       -2.5552211571985638e-02, 1.5851930894943018e+00,
       -2.5945732115686071e+00, -5.4789703528856530e-02,
       1.5992914621441547e+00, -2.5841676508650040e+00,
       -6.3720393300079892e-02, 1.5908495996680463e+00,
       -2.6242486541716996e+00, -1.7382274669732935e-02,
       1.5404771964372392e+00, 2.7417576437521842e+00,
       -1.1912411656650296e-01, -1.5022139155677976e+00,
       -2.6902642493783251e+00, 1.4486782222002441e-02,
       1.5383787225774226e+00, -2.6558425244508568e+00,
       -3.9164557559924658e-02, 1.5647621458575214e+00,
       -2.7735089462617895e+00, -2.0774302890750140e-04,
       1.4122958556211429e+00, -2.7174673505816620e+00,
       -3.8843326604855830e-02, 1.4064497764425039e+00,
       -2.7698196338614518e+00, -3.9621951976754985e-02,
       1.2361560873442043e+00, -2.7244874386774978e+00,
       -5.2404206043755869e-02, 1.0879445431764412e+00,
       -2.8364531249239517e+00, -1.0966079491226918e-01,
       8.5046124069162055e-01, -2.8112436978230066e+00,
       -5.3978657927690583e-02, 7.3123210887894896e-01,
       -2.9808649341729390e+00, -1.2013570463925834e-01,
       4.8786746127156078e-01, -3.0444201473465689e+00,
       -1.4254254779695613e-01, 3.1404223210798632e-01,
       -3.0233366470866829e+00, -7.4246405135949050e-03,
       1.5666048293041734e-01, -3.0833454018033772e+00,
       2.1045295412813508e-02, 4.7090310335961727e-01,
       -3.0670699844115608e+00, -2.8679745194373267e-02,
       4.2101306964703822e-01, -3.0154115236678685e+00,
       -1.3751449969840097e-03, -1.4999993506697720e-01,
       -2.9309427542851867e+00, 1.3295461730679592e-01,
       -9.4677755766688154e-01, -2.7910629044064317e+00,
       8.7170649167920486e-02, -1.1669924976723354e+00,
       -2.7320390860496846e+00, 1.1289486385129370e-01,
       -1.2743242814441991e+00, -2.8043003651638210e+00,
       7.0305186172897452e-02, -1.1937139213505412e+00,
       -2.9177721326249717e+00, 7.1934351603057375e-02,
       -1.0050077189362832e+00, -2.9381756460649702e+00,
       5.4049069584743023e-02, -1.0681403922717041e+00,
       -2.9306906461232960e+00, 4.7927105512115514e-02,
       -1.0767422685053047e+00, 2.7987998963988692e+00,
       -5.3482290087215341e-02, 1.1071541779897025e+00,
       2.8125743599010899e+00, -1.2625539181462260e-02,
       1.0643384846817758e+00, 2.8021957823017587e+00,
       6.8096185232162472e-03, 1.1125073094893188e+00,
       2.8026696952216446e+00, -1.9303368736333256e-03,
       1.1290634820689243e+00, 2.7645814305885121e+00,
       2.4304286818130016e-02, 1.1098902857010366e+00,
       2.7646143358776247e+00, 3.8833553713283231e-02,
       1.1045894067088196e+00, 2.8804197197960524e+00,
       -7.8424979535833897e-02, 1.2220593208859671e+00,
       -2.7999307398762951e+00, 1.4998360736970634e-01,
       -1.2035794239460971e+00, -2.7847215468282909e+00,
       1.2877066328757525e-01, -1.1565707351059298e+00,
       -2.7209762186417059e+00, 7.1003266128616169e-02,
       -1.1790226700080715e+00, -2.7222807350019163e+00,
       6.8225448106159534e-02, -1.1344678339597840e+00,
       -2.7725178733497300e+00, 1.0604272510011682e-02,
       -1.1964369112315962e+00, 2.8917291977497346e+00,
       -3.1335666594572757e-02, 1.1230813305434972e+00,
       2.9003382562047051e+00, -5.7958985047881707e-04,
       1.1440696930160776e+00, 2.8170509569374746e+00,
       -4.1295035236043151e-02, 1.3376714323570171e+00,
       2.7529549028881020e+00, -2.2867848757999187e-02,
       1.4379083211415782e+00, 2.6858831553378284e+00,
       -7.4935643143537400e-02, 1.6088095794765873e+00,
       2.5964335597188306e+00, 5.4262879514269974e-02,
       1.5841845470930007e+00, 2.5493173485020884e+00,
       1.4363954604233413e-02, 1.7256945377683379e+00,
       -2.5067262910499415e+00, 2.0981525469395462e-01,
       -1.7157926749418939e+00, -2.5540560545052133e+00,
       1.6660419830177972e-01, -1.6619383151872329e+00,
       -2.5690396763918906e+00, 1.2522662171087742e-01,
       -1.6780933424061155e+00, 4.1444589775223244e-02,
       1.9886194227563307e+00, -9.2032032371713063e-02,
       2.5259047280748699e+00, 1.0672988011208238e-01,
       1.6603341155758184e+00, 2.4341756706133131e+00,
       1.8747286953861728e-01, 1.4964296788951768e+00,
       2.4194095446403927e+00, 1.8905938963825766e-01,
       1.5167487565613278e+00, 2.4862704547880710e+00,
       1.2060056521071144e-01, 1.6199034952704425e+00,
