%YAML:1.0
---
summary: "Filter by time and points, rd=20, rs=10, sp=5, sf=1."
init_cam_calib: C99-1010_3p_3
camera_matrix: !!opencv-matrix
   rows: 3
   cols: 3
   dt: d
   data: [ 2.5680362204850030e+03, 0., 1.9000557244596798e+03, 0.,
       2.5687015926310946e+03, 1.0877087124852396e+03, 0., 0., 1. ]
dist_coeff: !!opencv-matrix
   rows: 5
   cols: 1
   dt: d
   data: [ 1.1570807048480989e-02, -7.8678212331664507e-04,
       -3.5597118104196198e-04, 7.6236900003494182e-04,
       -1.7762332555599458e-02 ]
std_intrinsics: !!opencv-matrix
   rows: 18
   cols: 1
   dt: d
   data: [ 1.3985973181500400e+00, 1.3233619937824992e+00,
       2.6485263875844338e+00, 1.7050304418297306e+00,
       3.4427527878685589e-03, 1.3008838313765030e-02,
       2.2850127112929015e-04, 3.5338074580616962e-04,
       1.4389503796891261e-02, 0., 0., 0., 0., 0., 0., 0., 0., 0. ]
std_extrinsics: !!opencv-matrix
   rows: 690
   cols: 1
   dt: d
   data: [ 1.9869055073972143e-03, 7.1785957698577377e-04,
       2.2708395640286894e-03, 3.7052093551012124e+00,
       2.4197450318268565e+00, 2.6523235065750597e+00,
       2.0335919167484228e-03, 7.3563576124748898e-04,
       2.4229793549834962e-03, 3.6932882993203608e+00,
       2.4116230744736948e+00, 2.8299850329426190e+00,
       2.1502882705552975e-03, 7.3280875519587550e-04,
       2.2973942849755773e-03, 3.5967614627422062e+00,
       2.3494564719680744e+00, 2.7514850256060499e+00,
       1.8885485426958430e-03, 7.2799715325360618e-04,
       2.1044888863887305e-03, 3.3938531798417393e+00,
       2.2252014054937796e+00, 2.6112639944411717e+00,
       1.7637749414479854e-03, 6.2275750390229580e-04,
       1.9637145015554474e-03, 3.0941325773601118e+00,
       2.0354085943957094e+00, 2.1422810235945700e+00,
       1.9342962412647038e-03, 8.2643859541458935e-04,
       2.4077409064424166e-03, 2.7659596291390236e+00,
       1.8221540978453334e+00, 2.2238876058863304e+00,
       2.6262137036734672e-03, 1.0100151231429073e-03,
       3.4113591457328812e-03, 2.6759633282499964e+00,
       1.7834758974599350e+00, 2.5934301408517975e+00,
       3.1808306471931350e-03, 1.0461990338191242e-03,
       3.4680242909640798e-03, 2.5794389646806692e+00,
       1.8016028573775871e+00, 2.9376764542310267e+00,
       1.8646174054998852e-03, 7.1132261597294433e-04,
       2.2894765219584477e-03, 2.8261697289157723e+00,
       1.9075296135451689e+00, 2.0126741123674980e+00,
       1.9292651777753343e-03, 7.2670922773011837e-04,
       2.2466784604008635e-03, 3.1750321086923936e+00,
       2.1362736520897490e+00, 2.2273662892218824e+00,
       1.7378640031713954e-03, 7.5828261321041635e-04,
       2.3085225225254603e-03, 3.5102246041788510e+00,
       2.3288943346079791e+00, 2.3473402432487891e+00,
       1.7493585232359753e-03, 7.4806248949063940e-04,
       2.3926603089525983e-03, 3.7240090514974353e+00,
       2.4541552883489950e+00, 2.2606846366177917e+00,
       2.0523940469350877e-03, 8.2894223041406732e-04,
       2.7348664746795030e-03, 3.9048718346049300e+00,
       2.5735909009829157e+00, 2.6003464223060466e+00,
       2.0096978649978173e-03, 8.6176839833220528e-04,
       2.6889365092892131e-03, 3.9850129135600967e+00,
       2.6164910431831294e+00, 2.8438540970951602e+00,
       2.1108654897156577e-03, 8.3479696834071854e-04,
       2.5666639504261352e-03, 3.9338170152810203e+00,
       2.5882833550000615e+00, 2.4151912669674140e+00,
       1.5113164803288455e-03, 8.6564032393161535e-04,
       2.7555052509664799e-03, 3.8256702903256286e+00,
       2.5154511341398007e+00, 2.4268251331168513e+00,
       1.5554608857910259e-03, 8.8096264157036758e-04,
       2.6953003868999360e-03, 3.8695234018155125e+00,
       2.5525958073227764e+00, 2.5500175875990814e+00,
       1.5196666322612651e-03, 8.7913296189903614e-04,
       2.8064089077360199e-03, 3.8547305268907510e+00,
       2.5481837603664652e+00, 2.5576786051888267e+00,
       1.4321345362486638e-03, 8.2362014461020115e-04,
       2.6875315131004770e-03, 3.7850473641258113e+00,
       2.4944451335877571e+00, 2.3703783361063246e+00,
       1.7987400288419046e-03, 7.5386508236072397e-04,
       2.5472320139226816e-03, 3.7981588536100550e+00,
       2.5147311679094471e+00, 2.4817819661151961e+00,
       1.8711704300328714e-03, 7.2710952275063540e-04,
       2.5518105722652788e-03, 3.8305755609775445e+00,
       2.5327256940387564e+00, 2.4281315496683389e+00,
       1.7134602818187933e-03, 7.1409760737182679e-04,
       2.5341953945241026e-03, 3.8584577507853530e+00,
       2.5528088263655357e+00, 2.6946636626179648e+00,
       1.8760455732920657e-03, 7.2076579213469210e-04,
       2.5845231423710243e-03, 3.9207136152136663e+00,
       2.5936562917229429e+00, 2.8038561818193708e+00,
       1.9091580501663231e-03, 7.5711219349174010e-04,
       2.6948578420588612e-03, 3.8535990254082817e+00,
       2.5444957893664926e+00, 2.7098430137687837e+00,
       2.2000611111072828e-03, 8.3784976359680145e-04,
       2.6617645038838466e-03, 3.9535191002903365e+00,
       2.6201047535542061e+00, 3.0033224432356271e+00,
       2.0565389560933010e-03, 8.1510765268227273e-04,
       2.7255804127760091e-03, 3.9751681288941700e+00,
       2.6194792371389108e+00, 2.5967459375415456e+00,
       1.9457338230839407e-03, 8.1409338806359981e-04,
       2.6075477663697246e-03, 3.9595118687171431e+00,
       2.6269563387924610e+00, 2.7611368491826225e+00,
       2.0848754725206805e-03, 9.8940070471319934e-04,
       2.7781939278416438e-03, 4.1071421801110493e+00,
       2.7556676615423048e+00, 3.7532296056431513e+00,
       2.0331550622083431e-03, 9.5291701748322956e-04,
       2.5207910255527913e-03, 4.1091051327438155e+00,
       2.7253170697370881e+00, 3.0938044092902097e+00,
       2.8848055123512359e-03, 1.9186648844121369e-03,
       2.7142464168050254e-03, 4.2281012853326354e+00,
       2.9336448803338877e+00, 4.6310707297231071e+00,
       2.2174189464005409e-03, 1.7407285129485768e-03,
       2.5099553111882248e-03, 4.0618576458334745e+00,
       2.7134015524219275e+00, 4.2898702887961830e+00,
       2.3666015316691200e-03, 2.0398166954194450e-03,
       2.3979934116782854e-03, 3.9375755939132513e+00,
       2.6078431933001172e+00, 3.6761600745834331e+00,
       2.0020185471527605e-03, 1.5012173283370800e-03,
       2.1612892002636809e-03, 3.8322052352558065e+00,
       2.5163018555030239e+00, 2.8935343029269909e+00,
       1.8480287360685579e-03, 1.2288126845209136e-03,
       2.0076182907828649e-03, 3.6980095540033506e+00,
       2.4193998275029100e+00, 2.2861796179499305e+00,
       2.0920096200130042e-03, 1.6812821887682778e-03,
       2.3966906101903053e-03, 3.7320518322353484e+00,
       2.4497147262573002e+00, 3.8662118589898640e+00,
       2.0178072088081413e-03, 1.3899072869026769e-03,
       2.1759912929559368e-03, 3.8317098169387416e+00,
       2.4761158406640340e+00, 2.6740496898973332e+00,
       2.0772127005909734e-03, 1.7411406416426604e-03,
       2.2649245732137575e-03, 3.8821706684111899e+00,
       2.5132428557735023e+00, 3.0594839136849523e+00,
       1.9713075111847740e-03, 1.5600707497588088e-03,
       2.2416955041620629e-03, 3.8288694265572571e+00,
       2.4931098418795399e+00, 2.9961413292688377e+00,
       2.0786714279786389e-03, 1.5786548198192191e-03,
       2.4272067812748399e-03, 3.8588568825196430e+00,
       2.4778173965021462e+00, 3.3655241831244993e+00,
       2.1538155465136394e-03, 1.6228709256848328e-03,
       2.4187789026508988e-03, 3.8434960798936939e+00,
       2.5520390292984549e+00, 3.1134349380822823e+00,
       2.0014828455918953e-03, 1.4358020200481265e-03,
       2.2194876584181208e-03, 3.8373312340035195e+00,
       2.5351232852822094e+00, 3.2258710325664013e+00,
       2.1376225740875696e-03, 1.7373667145064386e-03,
       2.3247928579040872e-03, 3.8749564046117491e+00,
       2.5728519946807040e+00, 3.3947072539954641e+00,
       2.3904394098170378e-03, 1.8477081123622772e-03,
       2.7319497427829554e-03, 4.0011172702530846e+00,
