%YAML:1.0
---
summary: "Filter by time, rd=20, rs=5."
init_cam_calib: C99-1010_3p_3
camera_matrix: !!opencv-matrix
   rows: 3
   cols: 3
   dt: d
   data: [ 2.5688477399788671e+03, 0., 1.8874573790140321e+03, 0.,
       2.5682296803691770e+03, 1.0890905737734654e+03, 0., 0., 1. ]
dist_coeff: !!opencv-matrix
   rows: 5
   cols: 1
   dt: d
   data: [ 1.8640679211118442e-02, -3.0483454963539977e-02,
       -2.8711749807741962e-04, -5.6993713936556679e-04,
       1.3733928883097594e-02 ]
rvec: !!opencv-matrix
   rows: 115
   cols: 3
   dt: d
   data: [ -3.0353444226714408e+00, -7.6300932482128280e-03,
       -1.7106203845606259e-02, -3.0273557946041265e+00,
       -1.8443740928563801e-03, -2.0663944973903690e-02,
       -3.0379024889088817e+00, 2.5810057909671481e-02,
       6.6056227830519386e-03, -3.0268389820785124e+00,
       5.4315008386625827e-02, -1.1593285606663047e-01,
       -3.0578061993741299e+00, 1.0658996036410723e-01,
       -1.2336668212337690e-01, -3.0833501485524093e+00,
       1.1798912202555557e-01, -2.2799023752177669e-01,
       -3.0888206958459574e+00, 1.4560549122506108e-01,
       -3.3121734206873860e-01, -3.1156039451952280e+00,
       5.5049108723302091e-02, -1.8982702792754164e-01,
       -3.1035013611110860e+00, -1.9879501485759846e-02,
       1.9422314984518407e-01, -3.0757023747376970e+00,
       -7.3167037415906265e-03, 5.4183614061904994e-01,
       -3.0185410867969513e+00, -5.5103924393741666e-03,
       6.3168150114730182e-01, -2.9535092919945720e+00,
       -6.4825595881375930e-02, 8.3988037881813304e-01,
       -2.9165436155373339e+00, -9.3028794888081589e-03,
       8.5142739692486658e-01, -2.9361041879176630e+00,
       -6.0370444182214406e-02, 8.5309284545045272e-01,
       -2.9466987530881257e+00, -4.9568906457442004e-02,
       8.4464385115349250e-01, 3.0313369807715098e+00,
       9.7069991851855986e-03, -8.1988050336998741e-01,
       2.9747183919233997e+00, -3.5962376301650846e-03,
       -8.2440427949049300e-01, 3.0014816717518626e+00,
       -1.8443286580786131e-02, -7.8871919644687494e-01,
       3.0223730215135851e+00, -3.1712815537968765e-02,
       -7.8728093703198154e-01, -3.0215255455641259e+00,
       2.7794266104784388e-03, 7.7872068372351733e-01,
       -2.9214153648625789e+00, 1.2939661718321241e-02,
       7.2180538578055309e-01, -2.8207880622136381e+00,
       -7.1739590042134135e-02, 5.6850502144103954e-01,
       -2.8205389343496807e+00, -1.1294937137419221e-01,
       5.9490966074999441e-01, -2.8347718093270062e+00,
       -1.1424451874620914e-01, 5.7929766919630565e-01,
       -2.9975468925306958e+00, -1.3638029475442943e-02,
       6.3009332440489174e-01, -2.9595865510359669e+00,
       3.1977331559708583e-02, 7.2127859439624076e-01,
       -2.9881122158342284e+00, -5.7508033750700523e-02,
       7.7245356965013556e-01, -2.9395070656339071e+00,
       -2.2432406360649013e-02, 7.6418852885416377e-01,
       -2.8722192065916547e+00, -4.1131502127799861e-02,
       1.0262045236660549e+00, -2.8012863926782541e+00,
       -5.6706584886941920e-02, 1.1855669952442294e+00,
       -2.7360051117227027e+00, -9.7336732484077870e-02,
       1.3668926351578532e+00, -2.6818159175432106e+00,
       -3.6495512488060954e-02, 1.5228262596380819e+00,
       -2.6158546522024548e+00, -9.5491565298186032e-02,
       1.6739075984258569e+00, -2.6388416003376354e+00,
       -1.2895580844984181e-01, 1.5415405802522728e+00,
       -2.6555516141353093e+00, -4.7048886500774212e-02,
       1.5517041175844577e+00, -2.5892913457159819e+00,
       -1.2877579794399506e-02, 1.5984870872359787e+00,
       -2.5938599069240960e+00, -5.4937479955576282e-02,
       1.5873586377224083e+00, -2.5830385858799856e+00,
       -6.1014064768682152e-02, 1.5885902135272929e+00,
       -2.6618293019093975e+00, 8.5679574660399646e-02,
       1.5990837375510483e+00, -2.7098746426658393e+00,
       9.5612334752048903e-02, 1.5080722574524756e+00,
       -2.6873877065564686e+00, -1.5751729747260051e-02,
       1.5265355555812237e+00, -2.6215504853828500e+00,
       -2.2822938197387656e-02, 1.5948355495176412e+00,
       -2.7925401788285336e+00, -1.7330894888852349e-02,
       1.4089808254123974e+00, -2.6918910905374971e+00,
       -4.9264575316150923e-02, 1.4375388588152480e+00,
       -2.7529895522804497e+00, -7.9026665185558884e-02,
       1.1694073793256312e+00, -2.7229762927613823e+00,
       -5.7766352549128631e-02, 1.0652994043178636e+00,
       -2.8190020870817647e+00, -6.7428208333403863e-02,
       7.8588518240401661e-01, -2.8218770406852154e+00,
       -9.4951302919156516e-02, 7.8779429487498676e-01,
       -2.9656160032531926e+00, -1.4570080893618498e-01,
       3.7518646914852655e-01, -3.0437950389367723e+00,
       -1.3637560807335972e-01, 3.0261350956253369e-01,
       -3.0453779355154049e+00, -3.5962159959051457e-02,
       1.3600551908734237e-01, -3.0289999111661028e+00,
       -1.8408211055898658e-02, 5.2191658208223113e-01,
       -3.0604361750614921e+00, -4.3178783835565192e-02,
       2.5800097831615837e-01, -2.9450290429357988e+00,
       7.9684185743780112e-02, -3.5454595114664189e-01,
       -2.9121603943318055e+00, 1.1537457187505792e-01,
       -1.0292073943682942e+00, -2.7656056829631974e+00,
       9.6933654428193558e-02, -1.2217771716873154e+00,
       -2.7558391781171543e+00, 1.2069755079353507e-01,
       -1.2543164710410457e+00, -2.8353554881266092e+00,
       4.4721719965046709e-02, -1.1326143148200027e+00,
       -2.9393187970596069e+00, 7.0852496403365259e-02,
       -1.0246429006602886e+00, -2.9380599855928851e+00,
       5.0047518912204644e-02, -1.0778656902838719e+00,
       -2.9233103686629578e+00, 7.4642105981006346e-02,
       -1.1153173684540532e+00, 2.7942330375155575e+00,
       -3.6786823124444583e-02, 1.0754068319717582e+00,
       2.8121125305172301e+00, -1.3932924946590422e-02,
       1.0543470759460436e+00, 2.8035795852778800e+00,
       -1.0909387860815346e-02, 1.1130584590320196e+00,
       2.7957191195546756e+00, 4.6807472509742369e-03,
       1.1336818805264730e+00, 2.7509892866817358e+00,
       3.0385516815426648e-02, 1.1109427327791483e+00,
       2.7888759603110214e+00, 5.6205465993421765e-02,
       1.1962197387027731e+00, 2.8680822031043109e+00,
       -7.2506769804612820e-02, 1.2409829131869734e+00,
       -2.7964573213950326e+00, 1.6121244915945029e-01,
       -1.1754783083448825e+00, -2.7652236462026663e+00,
       1.0313631363456420e-01, -1.1688345748969489e+00,
       -2.7269890022000984e+00, 7.7980927550944087e-02,
       -1.1479084469817520e+00, -2.7203018880784908e+00,
       6.1838288198442393e-02, -1.1408265661637356e+00,
       -2.8861448211299154e+00, -1.5246150899400420e-02,
       -1.1880933642725449e+00, 2.9194923302497386e+00,
       -2.7554417973245076e-02, 1.1234806411410010e+00,
       2.8992523532549153e+00, 1.8601174495325962e-03,
       1.1895420839034165e+00, 2.7997979482731621e+00,
       -1.1506414645945449e-02, 1.3904805773507734e+00,
       2.7468238648972898e+00, -1.0878127285344645e-02,
       1.4785691177206524e+00, 2.6619293433519147e+00,
       -4.8787284041493011e-02, 1.6448411669767784e+00,
       2.5897247765173805e+00, 5.2865213031533055e-02,
       1.5989385837946424e+00, -2.5820829732113495e+00,
       4.0594702897070178e-02, -1.7987012588070050e+00,
       -2.5335484005048357e+00, 2.1163477813877010e-01,
       -1.6828058322141080e+00, -2.5418707907999516e+00,
       1.7178044274666077e-01, -1.6443108499020975e+00,
       -2.5797269455545528e+00, 1.0859221297533750e-01,
       -1.7242889691704169e+00, -2.6807841998698887e+00,
       -1.9849403069831018e-02, -1.7296438281012885e+00,
       2.4833351636339263e+00, 1.2928197699378813e-01,
       1.6224684584995082e+00, 2.4224993595915452e+00,
       1.8868283165417571e-01, 1.4974746371364307e+00,
       2.4371740636918102e+00, 1.6374424890353445e-01,
       1.5521551084039262e+00, 2.5112759967963605e+00,
       6.7577248631253181e-02, 1.6188071563654125e+00,
