%YAML:1.0
---
summary: "Filter by distance, md=200, ds=100."
init_cam_calib: C99-1010_3p_3
camera_matrix: !!opencv-matrix
   rows: 3
   cols: 3
   dt: d
   data: [ 2.5718908033032335e+03, 0., 1.8953778060593697e+03, 0.,
       2.5722403864653470e+03, 1.0904593879193824e+03, 0., 0., 1. ]
dist_coeff: !!opencv-matrix
   rows: 5
   cols: 1
   dt: d
   data: [ 2.2288713050546482e-02, -2.6472193485982558e-02,
       8.4423540600397505e-04, 2.5449752631762245e-05,
       4.0508479621241839e-03 ]
rvec: !!opencv-matrix
   rows: 201
   cols: 3
   dt: d
   data: [ -3.0355353324016483e+00, -8.9660026112633132e-03,
       -2.2882273745016619e-02, -3.0367373509426447e+00,
       2.5882848463311414e-02, 3.3291443853127782e-03,
       -3.0255565981158683e+00, 5.4326583578827206e-02,
       -1.1895591379698814e-01, -3.0325147907840027e+00,
       9.7500767799939325e-02, -1.3879378286859725e-01,
       -3.0637718232969235e+00, 1.0328740217266145e-01,
       -1.2013544493791696e-01, -3.0632558821721969e+00,
       1.1728801084463147e-01, -1.9099614572241896e-01,
       -3.0779423908608963e+00, 1.1294750660643343e-01,
       -2.6030143554025176e-01, -3.0883594044629743e+00,
       1.3010941151283623e-01, -3.0870056283118946e-01,
       -3.0984505370236000e+00, 1.3720392927048800e-01,
       -3.0002882815473769e-01, -3.0829773081181497e+00,
       7.3993330706866672e-02, -2.2827647208009252e-01,
       -3.0992066673814747e+00, 7.2878933619285838e-02,
       -2.1232204891787398e-01, -3.1172630457790613e+00,
       8.3401275948846959e-04, -9.7541754701462202e-02,
       -3.0969459700675821e+00, 6.4869410292931716e-03,
       1.2892966902042044e-01, -3.0598980806383875e+00,
       -7.5968916252072236e-02, 3.9572469348049749e-01,
       -3.0482573416478895e+00, -5.3530316485669638e-02,
       5.4326731195407751e-01, -3.0479674008245761e+00,
       5.1049055389844174e-02, 5.6186846996395312e-01,
       -3.0130731729768745e+00, -6.1938686053130618e-03,
       6.5919148795687066e-01, -2.9651290720971311e+00,
       -6.7226174613987916e-02, 8.0459401731146762e-01,
       -2.9461114412379681e+00, -4.0036756485025263e-02,
       8.4840054641073748e-01, -2.9170389336940183e+00,
       -9.4657287415294469e-03, 8.4777968409382121e-01,
       -2.9422266324678241e+00, -2.3459837288390600e-02,
       8.5482474249449925e-01, -3.0264555123144570e+00,
       -5.3591023813159893e-03, 8.1840750247354777e-01,
       -2.9633650739782591e+00, -1.0543199487094285e-02,
       7.5769660610566580e-01, -2.9323939627902584e+00,
       -3.3569651171441565e-04, 7.2561522607708451e-01,
       -2.8980546591294680e+00, -6.2237958367718305e-03,
       6.6565852851602836e-01, -2.8655665690898702e+00,
       -3.5231740347561297e-02, 6.0637966496459450e-01,
       -2.8381371499492047e+00, -7.0534639652590714e-02,
       5.9307958939195771e-01, -2.8403173088819362e+00,
       -9.2691860491777578e-02, 5.9015945126996006e-01,
       -2.8663409093068997e+00, -1.0079102975437942e-01,
       6.1987010187999669e-01, -2.9088562261029232e+00,
       -1.2603929559778973e-01, 6.2888509051020924e-01,
       -2.9789242297441310e+00, -3.2222299086624877e-02,
       6.2097531921269700e-01, -2.9726787846949425e+00,
       1.4583844900267075e-02, 6.7878915244772020e-01,
       -2.9701933967752074e+00, -4.6117014834123164e-02,
       7.9236290118109032e-01, -2.9655746465660862e+00,
       -2.8556535869511915e-02, 6.9695938757169651e-01,
       -2.9500742483186344e+00, -5.3816253762869089e-02,
       8.1934012253194144e-01, -2.8815429524871159e+00,
       -5.9855317722880427e-02, 9.1206641070362748e-01,
       -2.8862944894474643e+00, -7.3128492914985799e-02,
       1.0079546109960034e+00, -2.8734162365551992e+00,
       -4.7588212203169791e-02, 1.0370045404091799e+00,
       -2.8389437880043675e+00, -8.2614904750431373e-02,
       1.0992423049675755e+00, -2.8213259373290032e+00,
       -5.5471388013889435e-02, 1.1657349584223451e+00,
       -2.8282470558789625e+00, -1.2856436105806457e-01,
       1.2029854790156931e+00, -2.7771889112972756e+00,
       -1.7308380573886220e-01, 1.1918844185789046e+00,
       -2.7311816310843868e+00, -9.1239190087320163e-02,
       1.3843057697215191e+00, -2.7373674895904068e+00,
       -5.3324726934253587e-02, 1.4584670970130289e+00,
       -2.6839023141249605e+00, -3.6707308380278421e-02,
       1.5188440644317927e+00, -2.6050320970807164e+00,
       -9.8267090905842028e-02, 1.6836359588980014e+00,
       -2.6241000326017727e+00, -1.3098447666686575e-01,
       1.5728650677505731e+00, -2.6476004281379684e+00,
       -7.9565676228426169e-02, 1.5703754204365878e+00,
       -2.6744812991800475e+00, -3.9394689065968151e-02,
       1.5358543439493348e+00, -2.6007863252413412e+00,
       -1.9682838965142082e-02, 1.5866545202782196e+00,
       -2.6643349671077727e+00, 8.5037663472598460e-02,
       1.5944954126001956e+00, -2.7218722803446136e+00,
       9.7788924747952963e-02, 1.5947431974256912e+00,
       2.7607968169168813e+00, -1.2763749652643530e-01,
       -1.4975691712764598e+00, -2.7234647457042271e+00,
       9.2192847874756803e-02, 1.5042093832436951e+00,
       -2.6911777941632162e+00, 2.4162843287963580e-02,
       1.5240589427175142e+00, -2.6320442879400070e+00,
       -2.9485083000282901e-02, 1.5692679559017864e+00,
       -2.7258157429752798e+00, -5.0066200692040772e-03,
       1.5022471889772826e+00, -2.7940890294697565e+00,
       -1.7464484666716434e-02, 1.4050081890733741e+00,
       -2.7777283755173667e+00, -4.6181050361282443e-02,
       1.3887822133347150e+00, -2.7402897610795645e+00,
       -4.6536816029472940e-02, 1.3878270661026864e+00,
       -2.7678937976615630e+00, -4.9163501142770426e-02,
       1.3217787293808778e+00, -2.7785176962336373e+00,
       -3.3847469915088954e-02, 1.2362200786464352e+00,
       -2.7602055560160461e+00, -6.1979390731848334e-02,
       1.1963010725540117e+00, -2.7651848304517777e+00,
       -1.1928298315746644e-01, 1.1447442453459244e+00,
       -2.7381910731278429e+00, -7.4056420086946226e-02,
       1.0864489430903712e+00, -2.7278000413282664e+00,
       -3.5819308540459692e-02, 1.0645152596762391e+00,
       -2.7589844196332844e+00, -7.0880509407713496e-02,
       1.0656856718574119e+00, -2.7813408613066124e+00,
       -8.9130863758262083e-02, 9.4465921575969669e-01,
       -2.8011672767401401e+00, -9.9676161843453542e-02,
       9.6121266354252910e-01, -2.8040779690325679e+00,
       -7.8095598812884012e-02, 8.1390825126601662e-01,
       -2.8189974339710275e+00, -8.0010981329897174e-02,
       6.4554941520469211e-01, -2.8605942660994947e+00,
       -6.3812972370641347e-02, 6.2448911162510623e-01,
       -2.8050673102682731e+00, -5.8624656106475645e-02,
       6.2465635388436813e-01, -2.8051036155453648e+00,
       -8.4046154065760298e-02, 7.8613964318047680e-01,
       -2.8473945926237483e+00, -1.1440673025033135e-01,
       7.8327204643432946e-01, -2.8979830442051888e+00,
       -1.3401647970568706e-01, 7.5219776481431455e-01,
       -2.9500608158070332e+00, -1.3207115611104356e-01,
       6.5401311403779860e-01, -3.0147526096636681e+00,
       -1.4588218620554402e-01, 6.0766324371536595e-01,
       -2.9963760954245764e+00, -1.3287397809561741e-01,
       4.7067542247417421e-01, -2.9771128478006843e+00,
       -1.4531787398210949e-01, 3.8392479716660211e-01,
       -3.0003925756026066e+00, -1.5811282270535015e-01,
       3.6386765573412311e-01, -3.0390171445535961e+00,
       -1.6675659089265421e-01, 2.9229538356462414e-01,
       -3.0444608868859335e+00, -1.4055741071913422e-01,
       3.1932923124663232e-01, -3.0355683733503334e+00,
       -1.1293367090729503e-01, 2.8690011840308244e-01,
       -3.0319127067677263e+00, -3.1005723875909344e-02,
       1.8756396477623472e-01, -3.0363012404451579e+00,
       -3.0728176894957163e-02, 1.4061428156332365e-01,
       -3.0567547958522261e+00, -3.3009646830517866e-02,
       1.7647362931919017e-01, -3.1027648732817679e+00,
       -1.3620748041382445e-02, 2.7978296929372887e-01,
