%YAML:1.0
---
summary: "Filter by time and points, rd=20, rs=10, sp=5, sf=0."
init_cam_calib: C99-1010_3p_3
camera_matrix: !!opencv-matrix
   rows: 3
   cols: 3
   dt: d
   data: [ 2.5661020034961898e+03, 0., 1.8932248531354974e+03, 0.,
       2.5655871221686784e+03, 1.0846050868199441e+03, 0., 0., 1. ]
dist_coeff: !!opencv-matrix
   rows: 5
   cols: 1
   dt: d
   data: [ 1.9669246837441218e-02, -3.7828175368365309e-02,
       -7.4707560857665471e-04, -1.1866325198624250e-04,
       2.7060108418752143e-02 ]
std_intrinsics: !!opencv-matrix
   rows: 18
   cols: 1
   dt: d
   data: [ 1.2405394814842505e+00, 1.1742246176320879e+00,
       2.4093265607747294e+00, 1.5421696742657365e+00,
       2.9100286040492961e-03, 1.0525341291209987e-02,
       2.0667460236344225e-04, 3.2221287785906436e-04,
       1.1162991644927872e-02, 0., 0., 0., 0., 0., 0., 0., 0., 0. ]
std_extrinsics: !!opencv-matrix
   rows: 690
   cols: 1
   dt: d
   data: [ 1.7317739051859249e-03, 6.6498012445556697e-04,
       2.1566895977855969e-03, 3.3742352398588404e+00,
       2.1952572978320219e+00, 2.3992295303179416e+00,
       1.9548427792949780e-03, 6.7177670528468082e-04,
       2.0503198359670652e-03, 3.3583962544751249e+00,
       2.1819094832520265e+00, 2.4711162382357625e+00,
       1.5741507973263092e-03, 6.4343912205034953e-04,
       2.0552778560202481e-03, 3.2610018515852075e+00,
       2.1268724957214280e+00, 2.2665574409370692e+00,
       1.6341004838646778e-03, 6.2393102721165501e-04,
       2.0854462136462976e-03, 3.1070642637664716e+00,
       2.0133761216192041e+00, 2.0161441286772259e+00,
       1.4980941400124174e-03, 6.0839696383776533e-04,
       2.0024770229075278e-03, 2.8232267072141801e+00,
       1.8413940827708049e+00, 1.9222157763105512e+00,
       1.5641217885118057e-03, 7.1058036038835516e-04,
       2.0517633009717899e-03, 2.5170126867746090e+00,
       1.6449874176549191e+00, 2.0193586059861617e+00,
       1.7960904421320026e-03, 9.1271656645116196e-04,
       2.7251675190412598e-03, 2.4080590086920597e+00,
       1.5784615924007817e+00, 2.3213974529251353e+00,
       3.2681631997888432e-03, 9.6636422569875455e-04,
       2.8383716179554925e-03, 2.3335320176221290e+00,
       1.5978177838947480e+00, 2.5539572076897179e+00,
       1.8021113820215202e-03, 6.3825081977683445e-04,
       2.0783953522770428e-03, 2.5779210875546337e+00,
       1.7302311445984535e+00, 1.8595030336375342e+00,
       1.6835752118184416e-03, 6.7277828237798012e-04,
       2.1084016921687396e-03, 2.8852966482407365e+00,
       1.9304287123353197e+00, 2.0287911501178013e+00,
       1.6099730526688003e-03, 6.4439955377150167e-04,
       2.0229837791310382e-03, 3.1940268607393549e+00,
       2.1119442651778710e+00, 1.9599802490881426e+00,
       1.6192238639332469e-03, 6.7442941863195662e-04,
       2.2556577891149009e-03, 3.3913583851453368e+00,
       2.2333876685748377e+00, 2.0850846439400263e+00,
       1.8023702077518099e-03, 6.9864134929449779e-04,
       2.3478812770634789e-03, 3.5544786892926639e+00,
       2.3185348452722385e+00, 2.1906120971917376e+00,
       1.7946579633582253e-03, 7.3616119182610647e-04,
       2.3888676737884446e-03, 3.6343832757162038e+00,
       2.3723548757968200e+00, 2.3798438246202593e+00,
       1.8407801274299932e-03, 7.5067638803264132e-04,
       2.3078224908309746e-03, 3.5720837171338888e+00,
       2.3332372811361006e+00, 2.2195202622223875e+00,
       1.3732424510400373e-03, 7.4125748596846127e-04,
       2.5341191653293939e-03, 3.4797204278022971e+00,
       2.2784242255048062e+00, 2.1944405824505506e+00,
       1.3832024039133408e-03, 7.8179067441043568e-04,
       2.6147828358467143e-03, 3.5035434446414362e+00,
       2.2943428315771595e+00, 2.1730259411744473e+00,
       1.4036225974014228e-03, 7.6547350808188204e-04,
       2.3192464173693171e-03, 3.4991414156716862e+00,
       2.2934318073368134e+00, 2.3000107079708898e+00,
       1.3182517330893838e-03, 7.7223840274871422e-04,
       2.5256814730733796e-03, 3.4523398338065845e+00,
       2.2663077402361069e+00, 2.1627409125828150e+00,
       1.7206732443497154e-03, 7.0764787178928870e-04,
       2.3366245065835306e-03, 3.4775060908453268e+00,
       2.2752641460156413e+00, 2.2068809676234955e+00,
       1.6655959399592708e-03, 6.8996495202658099e-04,
       2.4130614005882407e-03, 3.4957198438843253e+00,
       2.2916111560617320e+00, 2.3390429368830699e+00,
       1.7671080949896866e-03, 6.7819654385632721e-04,
       2.2516753735094784e-03, 3.5011018322125724e+00,
       2.3206825774630113e+00, 2.5264469360026887e+00,
       1.7738529627894957e-03, 6.7310888588282267e-04,
       2.4740174824068799e-03, 3.5687699545464358e+00,
       2.3601745752812926e+00, 2.5313472772203336e+00,
       1.6674076953736032e-03, 6.5724802854853325e-04,
       2.2043277624586408e-03, 3.5062599688121594e+00,
       2.3001073542508674e+00, 2.3573348499847619e+00,
       1.7286169958567192e-03, 7.2368194987578610e-04,
       2.2802954004818368e-03, 3.6367466478890260e+00,
       2.3883836627707775e+00, 2.4729878955536719e+00,
       1.9169448042568556e-03, 7.9968985478779135e-04,
       2.2903970818739451e-03, 3.6138961928750613e+00,
       2.3665621313688181e+00, 2.6616047391053734e+00,
       1.6417084841438062e-03, 7.1538528364617851e-04,
       2.2652886113513635e-03, 3.5987283707251660e+00,
       2.3703471118507298e+00, 2.3583206028450454e+00,
       1.7510035094304730e-03, 7.5328960643015195e-04,
       2.3734981926919569e-03, 3.7351696647014543e+00,
       2.4622420817075112e+00, 2.4933202639115759e+00,
       1.7925942016016579e-03, 9.5967971900154728e-04,
       2.1713128840809234e-03, 3.7592479669182821e+00,
       2.4794746279767654e+00, 3.2273646438153478e+00,
       2.1537783683752434e-03, 1.3092749164563316e-03,
       2.3361071915108489e-03, 3.7653228980162292e+00,
       2.5218199144145541e+00, 3.5306708029996980e+00,
       2.3818492927754429e-03, 1.6788973609030272e-03,
       2.3406231740370725e-03, 3.7627354076490005e+00,
       2.4742989940098603e+00, 3.5586462736957234e+00,
       1.7653049777361064e-03, 1.3746381131251664e-03,
       1.9654628178487239e-03, 3.5480890601437944e+00,
       2.3264818185565557e+00, 2.6265698578880721e+00,
       1.7585599947886818e-03, 1.3404228151087519e-03,
       1.9996584422559598e-03, 3.4607315626633710e+00,
       2.2724532908109376e+00, 2.5880642252075696e+00,
       1.8187621390961053e-03, 1.3787629862515533e-03,
       2.0910465493983298e-03, 3.3861516191644778e+00,
       2.2253049286412812e+00, 2.3987498145019690e+00,
       1.7570052516274282e-03, 1.2519009241502663e-03,
       1.9508272724468717e-03, 3.3733249929318081e+00,
       2.1870465305951208e+00, 2.5823169234802350e+00,
       1.7389249194294458e-03, 1.2031917953807519e-03,
       1.8881559403185607e-03, 3.4610117411778916e+00,
       2.2460945912135277e+00, 2.1480808747307569e+00,
       1.8186861951368456e-03, 1.1898309709568536e-03,
       1.9712075586201835e-03, 3.4725326535100658e+00,
       2.2642048615500125e+00, 2.2652671118117738e+00,
       1.8716924044345534e-03, 1.4129556534440894e-03,
       1.9642251008639045e-03, 3.5134497322360319e+00,
       2.2599491364635016e+00, 3.0101730878745174e+00,
       1.9647745561697885e-03, 1.4022649969273511e-03,
       2.2391032981031248e-03, 3.4633682234412939e+00,
       2.2838406076292741e+00, 2.5255396909848571e+00,
       2.1384108024920089e-03, 1.7302370887291257e-03,
       2.3393420217255189e-03, 3.5416397519503828e+00,
       2.3177820357495120e+00, 3.7986141976108185e+00,
       1.9754610439926129e-03, 1.4737532362114102e-03,
       2.3408040643286328e-03, 3.5658951723408840e+00,
       2.3672408662527760e+00, 3.5502257864863043e+00,
       1.7774517447122361e-03, 1.4278087808516204e-03,
       2.1008248238511989e-03, 3.4949483708894022e+00,
       2.2975232797111191e+00, 2.9447168131411190e+00,
       1.9666703846167614e-03, 1.4019921774058909e-03,
       2.1185026561696177e-03, 3.5984471498496142e+00,
