%YAML:1.0
---
summary: "Filter by time and points, rd=20, rs=0, sp=5, sf=1."
init_cam_calib: C99-1010_3p_3
camera_matrix: !!opencv-matrix
   rows: 3
   cols: 3
   dt: d
   data: [ 2.5667034068317516e+03, 0., 1.8719006247150371e+03, 0.,
       2.5672514723574022e+03, 1.0846118999598016e+03, 0., 0., 1. ]
dist_coeff: !!opencv-matrix
   rows: 5
   cols: 1
   dt: d
   data: [ 1.5011698963055880e-02, -1.1351762870154122e-02,
       -5.9217849250886871e-04, -1.8241127706470177e-03,
       -1.4557058590443988e-02 ]
rvec: !!opencv-matrix
   rows: 115
   cols: 3
   dt: d
   data: [ -3.0379520440115497e+00, -9.2009863342959047e-03,
       -1.2919634314896794e-02, -3.0322191327891663e+00,
       -4.8693858093151882e-03, -1.5981097209633803e-02,
       -3.0379501884804587e+00, 1.6271240233740370e-02,
       1.4901181129120783e-02, -3.0450793439057167e+00,
       3.6862657116749770e-02, -1.0434937589712016e-01,
       -3.0442162998865534e+00, 9.7368767557079183e-02,
       -1.2724089843121464e-01, -3.0731887123677648e+00,
       1.1762611488457667e-01, -1.9212012791672867e-01,
       -3.0980498652620931e+00, 1.6038172506458703e-01,
       -3.4872853234478879e-01, -3.0767114444584376e+00,
       9.3120086427514209e-02, -2.5344026736641173e-01,
       -3.1057973897210913e+00, 1.6649194233170357e-02,
       8.4031082583048394e-02, -3.0490891197197687e+00,
       -8.0809011780185402e-02, 5.2726547002365576e-01,
       -3.0200136031136253e+00, 2.7542007015947154e-02,
       6.1915334320987137e-01, -2.9653301507738692e+00,
       -7.0224999650618333e-02, 8.2212705959850074e-01,
       -2.9442388170539351e+00, -3.9720610330940959e-02,
       8.6014748991574574e-01, -2.9352245520628109e+00,
       -2.7528162098283911e-02, 8.6392140239457194e-01,
       -2.9263195488843716e+00, -6.3823414828176300e-02,
       8.6903186354597339e-01, -3.0043115172952675e+00,
       2.2192858690331319e-02, 8.2724620456075393e-01,
       2.9856635459726646e+00, 3.1514714699679759e-03,
       -8.2599979923212696e-01, 2.9849170794140316e+00,
       -2.4041143640173887e-02, -8.0798919864994212e-01,
       2.9925409153568308e+00, -2.9049421364078901e-02,
       -8.0454351400428570e-01, -3.0433839146099695e+00,
       3.0100099516576209e-03, 7.7796277008422998e-01,
       -2.9364860274612035e+00, -7.4861569177568795e-04,
       7.4521873554625895e-01, -2.8675180754767640e+00,
       -3.3854529181136878e-02, 6.1558704026462518e-01,
       -2.8513384956087005e+00, -1.0195073172587124e-01,
       5.6318424733340855e-01, -2.8389945962214664e+00,
       -1.2143100649672961e-01, 5.7923744188030468e-01,
       -2.9325245051455431e+00, -3.6925955868887000e-02,
       6.0187155395376890e-01, -2.9746275752373257e+00,
       3.6515405411170071e-02, 6.6168073518152870e-01,
       -2.9691259619172867e+00, -2.4162362549509660e-02,
       7.7518511410053970e-01, -2.9545415951461500e+00,
       1.5366501080091015e-04, 7.3515590314790036e-01,
       -2.8826436417536643e+00, -4.9092565083677743e-02,
       1.0186515546479777e+00, -2.8035021600338235e+00,
       -5.9429248447669392e-02, 1.1813003296752067e+00,
       -2.7765565690779943e+00, -1.8027514472479331e-01,
       1.2924829768723418e+00, -2.7069771337919080e+00,
       -5.0932232892451204e-02, 1.4899054678753936e+00,
       -2.6053746528904300e+00, -1.0269778122517785e-01,
       1.6991388986681182e+00, -2.6181738641902275e+00,
       -1.3783581169115530e-01, 1.5730091919808182e+00,
       -2.6506706359222454e+00, -5.1109964691586657e-02,
       1.5860690598360572e+00, -2.6280713614086033e+00,
       -2.5622994337566058e-02, 1.5857142934804580e+00,
       -2.5945105409980491e+00, -5.4775984505674467e-02,
       1.5998213970454531e+00, -2.5837949611815163e+00,
       -6.3842141812111980e-02, 1.5920490557616578e+00,
       -2.6235494489940234e+00, -1.5975346221681890e-02,
       1.5425170445489980e+00, 2.7412069280892286e+00,
       -1.1980383367898578e-01, -1.5038578336510111e+00,
       -2.6894825220398246e+00, 1.4874645647996152e-02,
       1.5395313076329245e+00, -2.6434383810467237e+00,
       -2.6050144860550434e-02, 1.5558270718293001e+00,
       -2.7722416095471716e+00, 8.0279553212122238e-05,
       1.4129144401304257e+00, -2.7167955989365238e+00,
       -3.8265677744597992e-02, 1.4068027575279232e+00,
       -2.7575152418461237e+00, -2.9868325931543531e-02,
       1.2301810593205371e+00, -2.7277449069264854e+00,
       -5.4637750120771260e-02, 1.0877850715889512e+00,
       -2.8372804587180736e+00, -1.0836194385804673e-01,
       8.4805941060351042e-01, -2.8135391268841672e+00,
       -5.4244540708496568e-02, 7.3544391505229989e-01,
       -2.9783184988973579e+00, -1.2020776939049936e-01,
       4.8996357623963660e-01, -3.0469981739533263e+00,
       -1.4368946256857396e-01, 3.1224995769302244e-01,
       -3.0274580824562300e+00, -6.1233016012824095e-03,
       1.5393478046819958e-01, -3.0598443928175016e+00,
       2.3189692108886818e-02, 4.7902703009151310e-01,
       -3.0776987155194626e+00, -3.2494962024963284e-02,
       4.1633833341206927e-01, -2.9894955033392652e+00,
       -3.3874835568893998e-03, -1.4415247556768243e-01,
       -2.9306006543160472e+00, 1.3179543668317450e-01,
       -9.4530519341972719e-01, -2.7917333823930637e+00,
       8.6904016661672218e-02, -1.1658826846685453e+00,
       -2.7313549385641851e+00, 1.1247981429734094e-01,
       -1.2735263107179788e+00, -2.8056858579598019e+00,
       7.0413767261066212e-02, -1.1925233088344367e+00,
       -2.9209014558988047e+00, 7.2968657113418281e-02,
       -1.0048943523825278e+00, -2.9381147962560616e+00,
       5.3573882420301998e-02, -1.0666653147044327e+00,
       -2.9306258579905053e+00, 4.7828243905750148e-02,
       -1.0761164998246846e+00, 2.7982199867717412e+00,
       -5.3799151560857114e-02, 1.1063399504850904e+00,
       2.8111929791991264e+00, -1.2968822086740273e-02,
       1.0622456213551372e+00, 2.8022451425765449e+00,
       6.9462709724150591e-03, 1.1113913029969154e+00,
       2.8025986421420441e+00, -1.7945681073939345e-03,
       1.1280583053391866e+00, 2.7646241454859450e+00,
       2.3983684316326661e-02, 1.1092964976569173e+00,
       2.7641031415118351e+00, 3.8230814131718596e-02,
       1.1032736652101671e+00, 2.8803634118626982e+00,
       -7.7034558849720894e-02, 1.2228372049532104e+00,
       -2.8019030362524786e+00, 1.5010133085304980e-01,
       -1.2029026468472868e+00, -2.7863613793657964e+00,
       1.2937482307993584e-01, -1.1558195156170556e+00,
       -2.7216789766269582e+00, 7.0964489501871258e-02,
       -1.1785541550797844e+00, -2.7233810016577120e+00,
       6.8374879755618789e-02, -1.1328708071694633e+00,
       -2.7645937224193697e+00, 6.9632047493187457e-03,
       -1.1940918101223299e+00, 2.8909635842332619e+00,
       -3.1270493130174735e-02, 1.1224152597129451e+00,
       2.9018950413120455e+00, -5.2729165924963637e-04,
       1.1428088036368853e+00, 2.8168191379206484e+00,
       -4.2532870057862528e-02, 1.3367278598067804e+00,
       2.7495079558231326e+00, -2.5725200351680917e-02,
       1.4337420004890926e+00, 2.6851694510025998e+00,
       -7.6484530922930241e-02, 1.6068513367292219e+00,
       2.5972128134359274e+00, 5.4701464907231691e-02,
       1.5821395388944242e+00, 2.5485754627515753e+00,
       1.3947142194242068e-02, 1.7276460123920403e+00,
       -2.5089894477528953e+00, 2.1114647672852738e-01,
       -1.7162711188836035e+00, -2.5536303613774751e+00,
       1.6617515063670618e-01, -1.6609398220138967e+00,
       -2.5700999118697672e+00, 1.2507215297497185e-01,
       -1.6769579607551415e+00, 2.6252840582636847e+00,
       1.1179690939858425e-03, 1.6817377494696584e+00,
       2.5278949241810533e+00, 1.0762134579522838e-01,
       1.6577557137424568e+00, 2.4368961925449799e+00,
       1.8974899013440269e-01, 1.4946288721305327e+00,
       2.4228630535240692e+00, 1.9233173875949111e-01,
       1.5132568880367736e+00, -8.7358853866012984e-02,
       1.9795902291534040e+00, -2.3190345237499124e-01,
