%YAML:1.0
---
summary: "Filter by time and points, rd=20, rs=0, sp=5, sf=4."
init_cam_calib: C99-1010_3p_3
camera_matrix: !!opencv-matrix
   rows: 3
   cols: 3
   dt: d
   data: [ 2.5677541592065190e+03, 0., 1.8777221888047150e+03, 0.,
       2.5659597352098408e+03, 1.0808950590344214e+03, 0., 0., 1. ]
dist_coeff: !!opencv-matrix
   rows: 5
   cols: 1
   dt: d
   data: [ 1.6509538608788083e-02, -2.2050958369090101e-02,
       -1.1098072973325017e-03, -1.4679636207393029e-03,
       -1.8742019512831278e-03 ]
std_intrinsics: !!opencv-matrix
   rows: 18
   cols: 1
   dt: d
   data: [ 1.1459106169804560e+00, 1.0807750861833516e+00,
       2.2138275730183383e+00, 1.4108100260353171e+00,
       2.8568484316397187e-03, 1.0831343022781232e-02,
       1.8866745957678258e-04, 2.9164596627929621e-04,
       1.2075529649007146e-02, 0., 0., 0., 0., 0., 0., 0., 0., 0. ]
std_extrinsics: !!opencv-matrix
   rows: 690
   cols: 1
   dt: d
   data: [ 1.6371619747910385e-03, 5.5838581249232733e-04,
       1.8807714028561370e-03, 3.1107360028621995e+00,
       2.0218066339626000e+00, 2.1512377751273610e+00,
       1.7455511100133512e-03, 6.0777846769110677e-04,
       1.9344567792707100e-03, 3.0994588921542454e+00,
       1.9977379224848550e+00, 2.1672685412070809e+00,
       1.7796772020514913e-03, 5.6483302765817983e-04,
       1.8859342293526316e-03, 3.0651946709918496e+00,
       1.9946983809588275e+00, 2.2842349200990339e+00,
       1.6224546194577062e-03, 6.0778559191926882e-04,
       1.8434756869712041e-03, 2.9261154817166806e+00,
       1.8962048312613462e+00, 2.1259646935114898e+00,
       1.2572481388408532e-03, 5.5914001249005648e-04,
       1.6466399160829184e-03, 2.6921228514957072e+00,
       1.7452203895865666e+00, 1.7828186153359016e+00,
       1.4495018897941316e-03, 6.1289954304647755e-04,
       1.7900218974644599e-03, 2.4352139036311700e+00,
       1.5912539426734698e+00, 1.7294088917856423e+00,
       1.3690535498940718e-03, 7.5639263419610952e-04,
       2.1480666809197213e-03, 2.2375830582442466e+00,
       1.4398860115258982e+00, 2.0512200957288078e+00,
       2.1206673928492736e-03, 8.3345064626267403e-04,
       3.1401386224147528e-03, 2.1771299733069740e+00,
       1.4972056777155098e+00, 2.2047451072826285e+00,
       2.5385167416012260e-03, 7.4415782339075018e-04,
       2.6302185235636153e-03, 2.1690496462947704e+00,
       1.4945671094605197e+00, 2.2552843470317367e+00,
       1.4325408955944614e-03, 5.2189262594623358e-04,
       1.7187168485932598e-03, 2.5166870323277490e+00,
       1.6843277204333826e+00, 1.6218559718814307e+00,
       1.4961819315255217e-03, 5.9525872777498479e-04,
       1.8728054227699267e-03, 2.7929243357884221e+00,
       1.8483467589551688e+00, 1.8384267182651790e+00,
       1.4869007456918277e-03, 6.5270785053606311e-04,
       2.0118978030597870e-03, 3.0439216229841599e+00,
       1.9896490566494263e+00, 2.0078907714254903e+00,
       1.6226467748658223e-03, 6.4450006894677537e-04,
       2.0143927047526736e-03, 3.2044999523726339e+00,
       2.0964756147058075e+00, 1.9655200042089909e+00,
       1.6423467848301653e-03, 6.7398252406974946e-04,
       2.1606797807307509e-03, 3.3145671874921616e+00,
       2.1577558276221365e+00, 2.1371183819836408e+00,
       1.7600749165673072e-03, 7.1856521708537453e-04,
       2.2068302346074362e-03, 3.3188409000331101e+00,
       2.1638076710056446e+00, 2.1741470292429237e+00,
       1.6634493256820731e-03, 7.3765518193065287e-04,
       2.3160992937565719e-03, 3.2073852316407696e+00,
       2.0995944280243255e+00, 2.2178210049814591e+00,
       1.2610147096150963e-03, 7.2550306817547238e-04,
       2.2086889124416842e-03, 3.2102187070914994e+00,
       2.1034635323244602e+00, 2.1210788531584104e+00,
       1.2932222670423415e-03, 7.2135356720580326e-04,
       2.1904544501064830e-03, 3.2118819845030662e+00,
       2.0950151909897481e+00, 1.9991453943853337e+00,
       1.1577045830208229e-03, 6.4779298100089630e-04,
       2.0651097264775403e-03, 3.2099364507734065e+00,
       2.0839635052435947e+00, 1.9164085765237580e+00,
       1.6390740745973321e-03, 6.7246893069051095e-04,
       2.1590473019573006e-03, 3.1432477295362982e+00,
       2.0526557717800697e+00, 2.1097507343704707e+00,
       1.5177632940695271e-03, 6.0367368497880425e-04,
       2.1066579701639796e-03, 3.2067158954207113e+00,
       2.0964770078184132e+00, 1.9794516884185136e+00,
       1.5932348260935321e-03, 5.9104624196529450e-04,
       2.0864155183585829e-03, 3.2364063461694337e+00,
       2.1207086104687853e+00, 2.0882522906930618e+00,
       1.5099014097017817e-03, 6.0304227567805810e-04,
       2.1569342817405130e-03, 3.2667889660972533e+00,
       2.1416041765754685e+00, 2.2912828935763856e+00,
       1.5393646489609417e-03, 6.5876678166403458e-04,
       2.1718827545190444e-03, 3.2810530222000054e+00,
       2.1427957367350188e+00, 2.4156500191139969e+00,
       1.6465688785121304e-03, 6.2645192413041280e-04,
       2.1296797299924989e-03, 3.2553811458929243e+00,
       2.1350960568840320e+00, 2.1914846465588598e+00,
       1.5448541345106797e-03, 6.5733109305115103e-04,
       2.0582844673751391e-03, 3.3164351708375701e+00,
       2.1707481957987622e+00, 2.2488194481011257e+00,
       1.7829891098063487e-03, 7.2999607124208722e-04,
       2.3386705079915882e-03, 3.3233070953334969e+00,
       2.1791287408695488e+00, 2.4032392457076606e+00,
       1.6638757099921516e-03, 7.1393890916624501e-04,
       2.1262273971413702e-03, 3.3201215253635108e+00,
       2.1937195663295994e+00, 2.4878742813735082e+00,
       1.5544372579325203e-03, 7.4815763469315876e-04,
       2.1695341699505461e-03, 3.4356367670028369e+00,
       2.2520790256982819e+00, 2.6074601030121736e+00,
       1.7822269460968346e-03, 1.0237519129481457e-03,
       2.0162299097104997e-03, 3.4614190484777208e+00,
       2.3075756919263957e+00, 2.9612874671054845e+00,
       2.0785032165595296e-03, 1.5673193338034176e-03,
       2.1708607745925656e-03, 3.4598214196673416e+00,
       2.3700731328375566e+00, 4.2039026567252868e+00,
       1.8713928929564615e-03, 1.4500762747293287e-03,
       1.9901784110726004e-03, 3.3238173953257459e+00,
       2.1846464237301504e+00, 3.4114952946276973e+00,
       1.6486818042257842e-03, 1.3454240035150830e-03,
       1.8702676352428252e-03, 3.2349029451316631e+00,
       2.1143860636420184e+00, 2.9686444426749796e+00,
       1.5901803249552180e-03, 1.1663562185781119e-03,
       1.7686224144228770e-03, 3.1576806287768600e+00,
       2.0769721125340652e+00, 2.2649704474165029e+00,
       1.6511901649765405e-03, 1.1558459815820263e-03,
       1.7671128014029450e-03, 3.1502685195283591e+00,
       2.0393940232485805e+00, 2.1674196541427544e+00,
       1.5846413173385113e-03, 1.1763705958091268e-03,
       1.8033254364506462e-03, 3.1518704544730762e+00,
       2.0229976123798137e+00, 2.2575323877125322e+00,
       1.5244465382222123e-03, 1.1229486127577676e-03,
       1.7441358196999498e-03, 3.1851663341954737e+00,
       2.0434806772556926e+00, 2.2587606564326412e+00,
       1.5239829425546915e-03, 1.1442377921619116e-03,
       1.6909397827831489e-03, 3.1523602284693224e+00,
       2.0345049174982623e+00, 2.4537622125374488e+00,
       1.5343187647786673e-03, 1.0847828382820382e-03,
       1.7646706431522640e-03, 3.1526905664044138e+00,
       2.0274231212429332e+00, 2.4628280352692866e+00,
       1.7168861546172484e-03, 1.2968148667535759e-03,
       1.9295821397307805e-03, 3.2265129071067755e+00,
       2.0848447335857578e+00, 2.4482394766576645e+00,
       1.7852768402306907e-03, 1.2104689892204420e-03,
       1.8738421695252325e-03, 3.2289511835951279e+00,
       2.1126107242750800e+00, 2.4648113317593037e+00,
       1.7763596563297849e-03, 1.3146297701291327e-03,
       1.9094435702401913e-03, 3.2396352441389484e+00,
       2.1296513879051036e+00, 2.6576338157473005e+00,
       1.8416207318896767e-03, 1.3506008854633096e-03,
       2.0583978630081008e-03, 3.2415934317174031e+00,
