%YAML:1.0
---
summary: "Filter by distance, md=200, ds=0."
init_cam_calib: C99-1010_3p_3
camera_matrix: !!opencv-matrix
   rows: 3
   cols: 3
   dt: d
   data: [ 2.5724810022343859e+03, 0., 1.8957915220811437e+03, 0.,
       2.5726154763661179e+03, 1.0903979357964231e+03, 0., 0., 1. ]
dist_coeff: !!opencv-matrix
   rows: 5
   cols: 1
   dt: d
   data: [ 2.2335656468307177e-02, -2.6497953929979456e-02,
       8.2322721229644035e-04, 7.8496652409196967e-05,
       4.1169153216345858e-03 ]
rvec: !!opencv-matrix
   rows: 202
   cols: 3
   dt: d
   data: [ -3.0355427571277249e+00, -8.9645363093055225e-03,
       -2.3137695578140813e-02, -3.0361034868037997e+00,
       -7.2312912813588173e-03, -2.4195013539833263e-02,
       -3.0444830947128541e+00, 3.0111213711434697e-02,
       -8.2832058545702553e-02, -3.0203963873034159e+00,
       6.4721286330920294e-02, -1.2259358367507231e-01,
       -3.0406243087156111e+00, 9.7999960198391203e-02,
       -1.3762187995252390e-01, -3.0614393508262716e+00,
       1.0352644187821024e-01, -1.3465904505396797e-01,
       -3.0710800599437267e+00, 1.1581042756254072e-01,
       -2.0884219584979311e-01, -3.0847053045939390e+00,
       1.1531951580603418e-01, -2.6409770826958245e-01,
       -3.0900158453648534e+00, 1.5289598084043152e-01,
       -3.5796916635051856e-01, -3.0992345278445610e+00,
       1.2469404308701325e-01, -2.9061944784510835e-01,
       -3.0830290302790964e+00, 7.4008052098430810e-02,
       -2.2849315740073184e-01, -3.0992799526447530e+00,
       7.2900236935252508e-02, -2.1253133414251194e-01,
       -3.1173443274068320e+00, 8.5352507599370379e-04,
       -9.7723259800417267e-02, -3.0970284853178542e+00,
       6.5006342856329755e-03, 1.2880703257099552e-01,
       -3.0599426143279400e+00, -7.5954016885794950e-02,
       3.9564010832551244e-01, -3.0482893219379581e+00,
       -5.3511463068970526e-02, 5.4319549935919731e-01,
       -3.0479950571193672e+00, 5.1071400884133485e-02,
       5.6180216776239267e-01, -3.0131003460294874e+00,
       -6.1689776462182985e-03, 6.5912207682093837e-01,
       -2.9651574302534085e+00, -6.7199497123039645e-02,
       8.0451834628422103e-01, -2.9461364447777769e+00,
       -4.0009155284873629e-02, 8.4831636715836578e-01,
       -2.9170639612959710e+00, -9.4393531641440275e-03,
       8.4769539027813112e-01, -2.9422460786334774e+00,
       -2.3432253393802879e-02, 8.5474199086858449e-01,
       -3.0264743671975647e+00, -5.3250755665991559e-03,
       8.1831978643010261e-01, -2.9633894904091940e+00,
       -1.0517300224564026e-02, 7.5761663246471345e-01,
       -2.9324200878472593e+00, -3.1241783222918043e-04,
       7.2554017729287845e-01, -2.8980888774336009e+00,
       -6.2050740840973572e-03, 6.6558722124998737e-01,
       -2.8656035456204170e+00, -3.5215869963800973e-02,
       6.0631202874558299e-01, -2.8381762377751607e+00,
       -7.0520569221245194e-02, 5.9301206996502898e-01,
       -2.8403559395216456e+00, -9.2679052572078577e-02,
       5.9009828935820186e-01, -2.8663753142727164e+00,
       -1.0077682578767119e-01, 6.1981319207426622e-01,
       -2.9088879883426850e+00, -1.2602314557465591e-01,
       6.2883566048661643e-01, -2.9789516528656343e+00,
       -3.2200643175240642e-02, 6.2092367176910856e-01,
       -2.9727015080317147e+00, 1.4608266488090460e-02,
       6.7872077491559468e-01, -2.9702147869377447e+00,
       -4.6090170903572737e-02, 7.9229321887406390e-01,
       -2.9656013565608199e+00, -2.8531625296050373e-02,
       6.9689503688560894e-01, -2.9501005032833332e+00,
       -5.3788864278400933e-02, 8.1927222499598762e-01,
       -2.8815739077821227e+00, -5.9827280767627236e-02,
       9.1198663514117362e-01, -2.8863299905518680e+00,
       -7.3096965074830655e-02, 1.0078671409767941e+00,
       -2.8734558825709211e+00, -4.7556500119061630e-02,
       1.0369200864277039e+00, -2.8389945723115018e+00,
       -8.2580114438248323e-02, 1.0991498665776669e+00,
       -2.8213864202548358e+00, -5.5438086563949884e-02,
       1.1656446151219393e+00, -2.8283176128883389e+00,
       -1.2853110166667153e-01, 1.2028968141279599e+00,
       -2.7772655286623942e+00, -1.7305149469398118e-01,
       1.1918019983608521e+00, -2.7312677663351543e+00,
       -9.1206023580837889e-02, 1.3842036800574027e+00,
       -2.7374552122872671e+00, -5.3290286461259335e-02,
       1.4583535378342105e+00, -2.6839984701523809e+00,
       -3.6675498765737259e-02, 1.5187242470646161e+00,
       -2.6051517008480563e+00, -9.8224133363294691e-02,
       1.6834875627355839e+00, -2.6242140831110601e+00,
       -1.3094607435182512e-01, 1.5727346771917814e+00,
       -2.6477057766848904e+00, -7.9543507271725281e-02,
       1.5702505746919000e+00, -2.6745832639917460e+00,
       -3.9389179622078371e-02, 1.5357354955104947e+00,
       -2.6009028211156728e+00, -1.9680735971755011e-02,
       1.5865262126255821e+00, -2.6644381789398675e+00,
       8.5039229185584597e-02, 1.5943635784914449e+00,
       -2.7219687916538442e+00, 9.7795863126635782e-02,
       1.5946104335143847e+00, 2.7608447185143548e+00,
       -1.2764561292528531e-01, -1.4974305553436156e+00,
       -2.7235588479198785e+00, 9.2207738839157172e-02,
       1.5040931158743511e+00, -2.6912730808564111e+00,
       2.4192848142933248e-02, 1.5239349004133131e+00,
       -2.6321488683751326e+00, -2.9450918876241662e-02,
       1.5691366353691190e+00, -2.7259093484536261e+00,
       -4.9711170634855898e-03, 1.5021293750170803e+00,
       -2.7941642103340616e+00, -1.7434698860045634e-02,
       1.4049054584346625e+00, -2.7778077251676154e+00,
       -4.6149063346186882e-02, 1.3886798787531531e+00,
       -2.7403730347796560e+00, -4.6505340148310301e-02,
       1.3877222248726302e+00, -2.7679728121558429e+00,
       -4.9131810910669711e-02, 1.3216812310786077e+00,
       -2.7785943132873752e+00, -3.3820191508438117e-02,
       1.2361325795991174e+00, -2.7602813050441721e+00,
       -6.1947687953105596e-02, 1.1962108576822115e+00,
       -2.7652548403006421e+00, -1.1924592440616402e-01,
       1.1446501136784981e+00, -2.7382601114174934e+00,
       -7.4022594263646768e-02, 1.0863567360015169e+00,
       -2.7278668118905234e+00, -3.5784272322113529e-02,
       1.0644189081033841e+00, -2.7590482662565714e+00,
       -7.0846215929652095e-02, 1.0655895561396387e+00,
       -2.7813931949436528e+00, -8.9102085088207855e-02,
       9.4457554666177812e-01, -2.8012161438121179e+00,
       -9.9647451880700413e-02, 9.6113409466616229e-01,
       -2.8041212383123448e+00, -7.8071834232601015e-02,
       8.1384084586821437e-01, -2.8190411013071857e+00,
       -7.9991592880344881e-02, 6.4548823317256732e-01,
       -2.8606368418256367e+00, -6.3793176570727528e-02,
       6.2442457206804225e-01, -2.8051111273947233e+00,
       -5.8607219129692627e-02, 6.2458687100680754e-01,
       -2.8051433807008763e+00, -8.4030348957258555e-02,
       7.8606038474482587e-01, -2.8474336259307300e+00,
       -1.1438913861605216e-01, 7.8319161878546706e-01,
       -2.8980207685433133e+00, -1.3399863718163157e-01,
       7.5212010276121632e-01, -2.9500998309455180e+00,
       -1.3205237409021886e-01, 6.5392996098168987e-01,
       -3.0147941264754827e+00, -1.4586097480176552e-01,
       6.0758121044072588e-01, -2.9964208588321686e+00,
       -1.3285655377859679e-01, 4.7058238035923289e-01,
       -2.9771623870145669e+00, -1.4530605588675616e-01,
       3.8382403686346650e-01, -3.0004391142026674e+00,
       -1.5810480333888943e-01, 3.6375792297357801e-01,
       -3.0390642432140962e+00, -1.6674913375040346e-01,
       2.9217706076089150e-01, -3.0445060787572298e+00,
       -1.4054734989143136e-01, 3.1918934276080141e-01,
       -3.0355966544148112e+00, -1.1292703713269937e-01,
       2.8676187266682202e-01, -3.0319398036019316e+00,
       -3.1002116631583441e-02, 1.8740132791664524e-01,
       -3.0363220288014614e+00, -3.0726592087230296e-02,
       1.4042868600843761e-01, -3.0567651330859551e+00,
       -3.3009313652341471e-02, 1.7626930041142280e-01,
