%YAML:1.0
---
summary: "Filter by time, rd=20, rs=5."
init_cam_calib: C99-1010_3p_3
camera_matrix: !!opencv-matrix
   rows: 3
   cols: 3
   dt: d
   data: [ 2.5688477399788671e+03, 0., 1.8874573790140321e+03, 0.,
       2.5682296803691770e+03, 1.0890905737734654e+03, 0., 0., 1. ]
dist_coeff: !!opencv-matrix
   rows: 5
   cols: 1
   dt: d
   data: [ 1.8640679211118442e-02, -3.0483454963539977e-02,
       -2.8711749807741962e-04, -5.6993713936556679e-04,
       1.3733928883097594e-02 ]
std_intrinsics: !!opencv-matrix
   rows: 18
   cols: 1
   dt: d
   data: [ 4.8222747531912014e-01, 4.5567712267329791e-01,
       9.2554519190274576e-01, 5.9912916133416172e-01,
       1.1811173560384110e-03, 4.4276912073941939e-03,
       8.0332412372592009e-05, 1.2329058679141558e-04,
       4.8891946213641480e-03, 0., 0., 0., 0., 0., 0., 0., 0., 0. ]
std_extrinsics: !!opencv-matrix
   rows: 690
   cols: 1
   dt: d
   data: [ 7.2384606409649948e-04, 2.5464281578308601e-04,
       8.3341816825559007e-04, 1.2978170864353598e+00,
       8.5233037167363934e-01, 9.3620345447860420e-01,
       7.2087621915252757e-04, 2.5359473764080727e-04,
       8.2772823056520063e-04, 1.2948651852603961e+00,
       8.5026342066800953e-01, 9.3418532546179367e-01,
       7.0400177926037985e-04, 2.4699943830256414e-04,
       8.0860910217120808e-04, 1.2698176114040953e+00,
       8.3444705671696229e-01, 9.0948249192991715e-01,
       6.6123974249586090e-04, 2.5289124966809294e-04,
       7.7192989222636611e-04, 1.2101533559239845e+00,
       7.9457863169662957e-01, 8.5911797280868807e-01,
       6.0042927892359546e-04, 2.4328481667431541e-04,
       7.4099777945966974e-04, 1.1016414919114039e+00,
       7.2636553541784943e-01, 7.7316784775074843e-01,
       5.8900811286037949e-04, 2.6966953519056694e-04,
       7.8919154180242678e-04, 9.9596606532712428e-01,
       6.5722952365134579e-01, 7.4269660084397826e-01,
       7.5628582143651255e-04, 3.4996494080858574e-04,
       1.0124994784903782e-03, 9.2509938094093180e-01,
       6.1398891346396489e-01, 8.7295412944692663e-01,
       1.0300767815241774e-03, 3.7705878978563413e-04,
       1.2002816766547232e-03, 9.0289521528346017e-01,
       6.2432620849114762e-01, 9.5127669636572709e-01,
       9.2224277104553123e-04, 2.8837127205731162e-04,
       9.2355078939821322e-04, 9.3718902692760309e-01,
       6.4987241163474263e-01, 8.2065706999688059e-01,
       6.0391007864088291e-04, 2.4649057481337017e-04,
       7.6930306042423196e-04, 1.0782577017320021e+00,
       7.2708873362550430e-01, 7.1151584878896190e-01,
       5.9885651773965945e-04, 2.5674251323711054e-04,
       8.1312769161947737e-04, 1.1980929884926639e+00,
       8.0194009686028078e-01, 7.7983190914745804e-01,
       6.2658876623119153e-04, 2.6991050596671313e-04,
       8.4316554749788459e-04, 1.2917535999704941e+00,
       8.5705246439580651e-01, 8.1890883447349228e-01,
       6.8095646754105245e-04, 2.7973626762145087e-04,
       8.8228254757755401e-04, 1.3545475766558772e+00,
       8.9590888595947393e-01, 8.6899908262770054e-01,
       7.0088236694030020e-04, 2.8621226961620506e-04,
       9.1059981713015076e-04, 1.3899548707563179e+00,
       9.1976707206319486e-01, 9.0816271621174349e-01,
       6.9398972320833935e-04, 2.8393023057638475e-04,
       9.0613810449756426e-04, 1.3783544939198247e+00,
       9.1207878142255427e-01, 8.9741764827437787e-01,
       5.3102813869593788e-04, 2.8903241271354714e-04,
       9.7254936739168572e-04, 1.3350688408055285e+00,
       8.8463600557478572e-01, 8.4787533706957430e-01,
       5.2310782318934772e-04, 2.9809494933742187e-04,
       9.4019309244378080e-04, 1.3435954234376262e+00,
       8.8978739806753560e-01, 8.4660841040367474e-01,
       5.2092536281950295e-04, 3.0518547370531464e-04,
       9.5500991038701191e-04, 1.3446415068585797e+00,
       8.9152837786196781e-01, 8.6787450505449126e-01,
       5.2053339769927401e-04, 3.0595133379137735e-04,
       9.6710925723866316e-04, 1.3368886991780475e+00,
       8.8674238764006519e-01, 8.6680476604960977e-01,
       6.5767394997101223e-04, 2.7611092471087784e-04,
       8.9156261647870233e-04, 1.3214255901128455e+00,
       8.7629363455300058e-01, 8.5313237647108620e-01,
       6.6940685115419942e-04, 2.7232550357107109e-04,
       8.8550424470939008e-04, 1.3457038794656755e+00,
       8.9267495938290675e-01, 8.9070701956798226e-01,
       6.5959461712411353e-04, 2.6362704494063211e-04,
       8.9487960968325257e-04, 1.3464516260943402e+00,
       9.0020377446807665e-01, 9.7010980166008065e-01,
       6.5718446260268142e-04, 2.5888802753031150e-04,
       8.9176522608574516e-04, 1.3691968637181553e+00,
       9.1287114656435886e-01, 9.6707718301215306e-01,
       6.5557918566844437e-04, 2.5953606867922609e-04,
       8.9655281254302690e-04, 1.3712484175754018e+00,
       9.1396694192971528e-01, 9.8049832407831028e-01,
       6.6667904525728185e-04, 2.7935903209768461e-04,
       9.2193811958276380e-04, 1.3612495594464071e+00,
       9.0735349867706960e-01, 9.7897498787662907e-01,
       6.7968950364475993e-04, 2.8402043140008613e-04,
       9.0728334999406785e-04, 1.3820301373546897e+00,
       9.1739682836026182e-01, 9.4061835837998087e-01,
       6.9269894347983956e-04, 2.8940696013652473e-04,
       9.3583914468472280e-04, 1.3987494062336803e+00,
       9.2883544226661185e-01, 9.6453321321568819e-01,
       6.6488434313092604e-04, 2.9636853412703175e-04,
       9.0821910099044174e-04, 1.4062772437601081e+00,
       9.3729206253111075e-01, 1.0331981396209606e+00,
       6.8371958648237737e-04, 3.2977414611962293e-04,
       8.7252045777045512e-04, 1.4430725819240586e+00,
       9.6071509090982099e-01, 1.1058564822479036e+00,
       7.6754412212339668e-04, 4.5186319753703674e-04,
       8.4226087250127495e-04, 1.4436728570370094e+00,
       9.7330162035131207e-01, 1.3021616752622338e+00,
       8.6359970748612919e-04, 6.3652513091717227e-04,
       8.8485780106068942e-04, 1.4557157560735325e+00,
       9.8943088855554517e-01, 1.5047131716658897e+00,
       7.6723317289438336e-04, 6.0290130240656299e-04,
       8.2751523796804449e-04, 1.3799588670629011e+00,
       9.2013972769713670e-01, 1.2566290516313756e+00,
       7.0779841890506454e-04, 5.8068630934996694e-04,
       7.7692595258807182e-04, 1.3418417416363755e+00,
       8.8946417770944364e-01, 1.1116463246914159e+00,
       6.8781334555648502e-04, 5.2447354793388654e-04,
       7.5740467468686913e-04, 1.3013874400817735e+00,
       8.6939846296564161e-01, 1.0476087164279095e+00,
       6.8771460716202538e-04, 5.0643696600856792e-04,
       7.7016790982708248e-04, 1.3026867825990649e+00,
       8.5737439871181176e-01, 9.6573668093923792e-01,
       6.9156529964285209e-04, 5.1322231506684655e-04,
       7.6655805307423227e-04, 1.3239048276164325e+00,
       8.6737537447823976e-01, 9.8431047429569407e-01,
       6.7957025355590479e-04, 5.0524201757807207e-04,
       7.3911167247710718e-04, 1.3337437865783093e+00,
       8.7249510955432807e-01, 1.0038858461716540e+00,
       6.7008360376464215e-04, 4.9954397365996924e-04,
       7.3044875996481468e-04, 1.3329298390180764e+00,
       8.7230582780353993e-01, 9.9966247025082089e-01,
       7.2765610671155976e-04, 5.4692064206144004e-04,
       8.3687488455313444e-04, 1.3290186129154220e+00,
       8.6952925617281740e-01, 1.0686000868479144e+00,
       7.4054181655733992e-04, 5.3393702979981296e-04,
       8.2292143787485910e-04, 1.3506043331015125e+00,
       8.9048397577625649e-01, 1.1294455603657929e+00,
       7.1966809604157630e-04, 5.4648088801096089e-04,
       8.1368860103360919e-04, 1.3478468230527838e+00,
       9.0065780174384635e-01, 1.1934877726733559e+00,
       7.1757028962394370e-04, 5.6037637023526553e-04,
       7.9777283887510803e-04, 1.3537802296837400e+00,
       9.0221067912387898e-01, 1.1666444308458572e+00,
       7.8235457407890906e-04, 5.8342493195790129e-04,
       8.6259137820670381e-04, 1.3647982646098469e+00,
