%YAML:1.0
---
summary: "Filter by time and points, rd=20, rs=0, sp=5, sf=4."
init_cam_calib: C99-1010_3p_3
camera_matrix: !!opencv-matrix
   rows: 3
   cols: 3
   dt: d
   data: [ 2.5677541592065190e+03, 0., 1.8777221888047150e+03, 0.,
       2.5659597352098408e+03, 1.0808950590344214e+03, 0., 0., 1. ]
dist_coeff: !!opencv-matrix
   rows: 5
   cols: 1
   dt: d
   data: [ 1.6509538608788083e-02, -2.2050958369090101e-02,
       -1.1098072973325017e-03, -1.4679636207393029e-03,
       -1.8742019512831278e-03 ]
rvec: !!opencv-matrix
   rows: 115
   cols: 3
   dt: d
   data: [ -3.0393971164699152e+00, -9.2156721845386824e-03,
       -1.5826421472294409e-02, -3.0338777044957896e+00,
       -4.3231519379635236e-03, -1.8585155481354761e-02,
       -3.0384129075564248e+00, 1.6363083729600349e-02,
       1.2971331868289302e-02, -3.0459688235337499e+00,
       3.7395301563220171e-02, -1.0758956562895995e-01,
       -3.0432595202216253e+00, 9.7651088862454688e-02,
       -1.2914333292543353e-01, -3.0715447668229023e+00,
       1.1718847570544290e-01, -1.9491960998513488e-01,
       -3.0985541070011635e+00, 1.5929741292021676e-01,
       -3.4670119372459218e-01, -3.0855456301866555e+00,
       9.5363514516791259e-02, -2.4950284459251970e-01,
       -3.1096961435400754e+00, 1.3998642668706469e-02,
       7.7728597125501189e-02, -3.0485645605071481e+00,
       -8.0296410855232994e-02, 5.2570983176230801e-01,
       -3.0204438533298914e+00, 2.8086049150416813e-02,
       6.1772955417852737e-01, -2.9664529311554571e+00,
       -6.9355712636833433e-02, 8.2031314745037143e-01,
       -2.9469432477907582e+00, -3.8787998220756625e-02,
       8.5729871861145657e-01, -2.9372959866845121e+00,
       -2.6915686164173825e-02, 8.6123426927181890e-01,
       -2.9276046154077191e+00, -6.3124801242709333e-02,
       8.6765672529158955e-01, -3.0056516640579303e+00,
       2.3392957281075443e-02, 8.2458257427203796e-01,
       2.9855290786910746e+00, 1.7163087575580601e-03,
       -8.2530521209026719e-01, 2.9844565149300788e+00,
       -2.5141298252351323e-02, -8.0495291829566140e-01,
       2.9915543794695210e+00, -3.1318103397727309e-02,
       -7.9889330228054645e-01, -3.0465457254205357e+00,
       4.3155743615000911e-03, 7.7220233850383180e-01,
       -2.9365659044486940e+00, 1.3849981840980864e-04,
       7.4438034469080561e-01, -2.8669541939206056e+00,
       -3.3951873793712506e-02, 6.1284955000883146e-01,
       -2.8512190268199915e+00, -1.0128247208277161e-01,
       5.6362462000390146e-01, -2.8394943190205275e+00,
       -1.2097290904188840e-01, 5.7880204990527429e-01,
       -2.9357378343550504e+00, -3.6743309337275210e-02,
       6.0030407244810169e-01, -2.9740140428775450e+00,
       3.7387439664415267e-02, 6.6067869042236083e-01,
       -2.9689034430756300e+00, -2.5084790843190020e-02,
       7.8051007107971071e-01, -2.9555058248543995e+00,
       1.0913048038033730e-03, 7.3435077839316032e-01,
       -2.8850529888782965e+00, -4.8052355983520131e-02,
       1.0169402392764033e+00, -2.8067409173139191e+00,
       -5.9006962054388323e-02, 1.1791775506638926e+00,
       -2.7789085325306560e+00, -1.7929412560599495e-01,
       1.2911640016953863e+00, -2.7091832741444630e+00,
       -4.9996277187808899e-02, 1.4878734753212730e+00,
       -2.6016017747473876e+00, -9.2851186057337498e-02,
       1.6904905649440733e+00, -2.6138950114005981e+00,
       -1.3019926742106935e-01, 1.5706279929203559e+00,
       -2.6539544764419607e+00, -5.0888796598035073e-02,
       1.5840944050029204e+00, -2.6292961037080160e+00,
       -2.4880300373407580e-02, 1.5841600054827689e+00,
       -2.5969825679440874e+00, -5.4041400620133746e-02,
       1.5983037092096943e+00, -2.5864643706536112e+00,
       -6.3021775098365623e-02, 1.5903470164515581e+00,
       -2.6248454509983716e+00, -1.5476722383038927e-02,
       1.5424221280483170e+00, 2.7400733758510110e+00,
       -1.1988085888839529e-01, -1.5012091045348586e+00,
       -2.6925100028184845e+00, 1.5529899813733256e-02,
       1.5375107466751294e+00, -2.6585900815515409e+00,
       -3.7807308974651538e-02, 1.5629526903480393e+00,
       -2.7707596904305452e+00, 3.2418684966115038e-03,
       1.4122828707037935e+00, -2.7215585995322957e+00,
       -3.8982247910233990e-02, 1.4069742260350260e+00,
       -2.7605037571434403e+00, -3.0227301146235720e-02,
       1.2305327453461199e+00, -2.7350332887702087e+00,
       -5.5456631991963025e-02, 1.0852504690119376e+00,
       -2.8391462449444296e+00, -1.0873120700299617e-01,
       8.4814183059054948e-01, -2.8111316874278622e+00,
       -5.1337916911320468e-02, 7.3143125102806450e-01,
       -2.9814936866379895e+00, -1.2010491118268929e-01,
       4.8695741426938932e-01, -3.0387936795311479e+00,
       -1.4204491662499111e-01, 3.1727974707699885e-01,
       -3.0260558030600806e+00, -9.6969400293801956e-03,
       1.5544073122172064e-01, -3.0618724957328460e+00,
       2.1076251096638049e-02, 4.7487404072483563e-01,
       -3.0718641508970732e+00, -3.1057316693395499e-02,
       4.1122331268091333e-01, -2.9864749909488664e+00,
       -3.7566535760675604e-03, -1.4550562736914643e-01,
       -2.9278485524680682e+00, 1.3081160670699618e-01,
       -9.4989008217162485e-01, -2.7912010608185898e+00,
       8.6379170595918153e-02, -1.1686425686609287e+00,
       -2.7300505459819253e+00, 1.1068227213505497e-01,
       -1.2773514753684343e+00, -2.8051557249501458e+00,
       6.9396859711833250e-02, -1.1958953590472856e+00,
       -2.9187074875028332e+00, 7.1195017747496897e-02,
       -1.0080206503412183e+00, -2.9381917253723202e+00,
       5.3052223304610464e-02, -1.0703845394058866e+00,
       -2.9300770243915055e+00, 4.6881051401712469e-02,
       -1.0800328808789439e+00, 2.7952174362770865e+00,
       -5.4220929537976539e-02, 1.1092652165536807e+00,
       2.8121732532306640e+00, -1.0796789790981367e-02,
       1.0657752368017872e+00, 2.8005484891318249e+00,
       7.6926723266789532e-03, 1.1144952841888036e+00,
       2.8007008643653908e+00, -9.6318900285972172e-04,
       1.1312600495702225e+00, 2.7625700566481708e+00,
       2.5012168323765432e-02, 1.1120162153261457e+00,
       2.7631439261688184e+00, 3.9889968445468313e-02,
       1.1063519700996187e+00, 2.8796960494877157e+00,
       -7.6496921758099259e-02, 1.2249063511868419e+00,
       -2.8010160441796765e+00, 1.4944193691759911e-01,
       -1.2060020887356722e+00, -2.7845917895388097e+00,
       1.2730089722004062e-01, -1.1588606763129179e+00,
       -2.7210825251603401e+00, 7.0082872667419777e-02,
       -1.1821149694462818e+00, -2.7230268599655045e+00,
       6.7736646268508102e-02, -1.1372715560224296e+00,
       -2.7797773359659268e+00, 9.7665304585269411e-03,
       -1.1958867366179502e+00, 2.8897443868109964e+00,
       -3.0199971052736235e-02, 1.1245007877690441e+00,
       2.8987030617764358e+00, 6.3961243480265462e-04,
       1.1468518229103390e+00, 2.8148640328922276e+00,
       -4.0049501334174530e-02, 1.3394513235975711e+00,
       2.7505317176375579e+00, -2.1905309876633264e-02,
       1.4396578889911205e+00, 2.6836064263490651e+00,
       -7.3795130623405231e-02, 1.6098582176152936e+00,
       2.5947565248267010e+00, 5.5611310727796480e-02,
       1.5850779784711255e+00, -2.6530186629265331e+00,
       -2.0989927186015483e-02, -1.7961891195422051e+00,
       -2.5055743898734248e+00, 2.0908785663855878e-01,
       -1.7188644810975440e+00, -2.5600251160314764e+00,
       1.6592903937385131e-01, -1.6601796376086728e+00,
       -2.5682388803248482e+00, 1.2411513386779432e-01,
       -1.6818175882820003e+00, 2.6214771688406660e+00,
       1.8504795514326046e-03, 1.6854490287885728e+00,
       2.5276192868654639e+00, 1.0602889103044633e-01,
       1.6599567731502489e+00, 2.4343211913567466e+00,
       1.9075680606912371e-01, 1.4967415113053426e+00,
       2.4161330045193958e+00, 1.8993885721409889e-01,
       1.5182965349740754e+00, 2.4832162218380969e+00,
       1.2060152703259390e-01, 1.6199692071120368e+00,
