%YAML:1.0
---
summary: "Filter by time, rd=20, rs=0."
init_cam_calib: C99-1010_3p_3
camera_matrix: !!opencv-matrix
   rows: 3
   cols: 3
   dt: d
   data: [ 2.5651967123988893e+03, 0., 1.8748021940791305e+03, 0.,
       2.5649469379329648e+03, 1.0842487287681818e+03, 0., 0., 1. ]
dist_coeff: !!opencv-matrix
   rows: 5
   cols: 1
   dt: d
   data: [ 1.5935632112207037e-02, -2.2391415368077715e-02,
       -7.4606801751569854e-04, -1.6320907582787710e-03,
       4.7882115437307355e-03 ]
rvec: !!opencv-matrix
   rows: 115
   cols: 3
   dt: d
   data: [ -3.0383684843154710e+00, -9.2316168370734798e-03,
       -1.4299985529514978e-02, -3.0329708367204571e+00,
       -4.6007116302715723e-03, -1.7189292301271853e-02,
       -3.0378051748984620e+00, 1.6437251133282742e-02,
       1.4172419527600573e-02, -3.0452120358154917e+00,
       3.7480052189167896e-02, -1.0617611061805309e-01,
       -3.0441661943408995e+00, 9.7778712414562360e-02,
       -1.2926245806796155e-01, -3.0699527881658262e+00,
       1.1627879968585460e-01, -1.9062681139637055e-01,
       -3.0978620857533428e+00, 1.5977803625881573e-01,
       -3.4714129452813897e-01, -3.0841036615221791e+00,
       9.4353757947487335e-02, -2.4963177277137127e-01,
       -3.1039738944773481e+00, 1.5029059133780080e-02,
       7.9561928284659231e-02, -3.0481231491103054e+00,
       -8.0487933372136028e-02, 5.2615076506265013e-01,
       -3.0197358837317632e+00, 2.7553872984243680e-02,
       6.1782648628572390e-01, -2.9658563872526771e+00,
       -7.0113829419166412e-02, 8.2041805138299739e-01,
       -2.9455326314902655e+00, -3.9134650560950952e-02,
       8.5766213149497295e-01, -2.9357164806166116e+00,
       -2.7517369417687374e-02, 8.6220930677943342e-01,
       -2.9269702541604614e+00, -6.3889968246851406e-02,
       8.6743932032841287e-01, -3.0038389276850070e+00,
       2.2027003271464372e-02, 8.2721608359234677e-01,
       2.9864663856432041e+00, 2.5973951639540289e-03,
       -8.2566439654152934e-01, 2.9850266494092330e+00,
       -2.4219364519412423e-02, -8.0598853920058600e-01,
       2.9931946907522353e+00, -2.9627707045438944e-02,
       -8.0204022499319938e-01, -3.0440744747333159e+00,
       3.3595833436048661e-03, 7.7551973622577364e-01,
       -2.9355551513373905e+00, -5.4895045461685998e-04,
       7.4500219474850349e-01, -2.8665345553816977e+00,
       -3.4012034984165045e-02, 6.1377968728237564e-01,
       -2.8503476085211958e+00, -1.0222082283992166e-01,
       5.6419776608782823e-01, -2.8384347248829744e+00,
       -1.2135161244329831e-01, 5.7809416281524362e-01,
       -2.9336426558555790e+00, -3.7277106782868455e-02,
       5.9919720387955910e-01, -2.9742202885446813e+00,
       3.6225352962421374e-02, 6.6122344494530239e-01,
       -2.9689204784327470e+00, -2.5336743725637462e-02,
       7.7934429484642620e-01, -2.9548729146528889e+00,
       2.6279437829569431e-04, 7.3421626928375816e-01,
       -2.8838694783609986e+00, -4.9265560593527186e-02,
       1.0174133481205254e+00, -2.8057112864386116e+00,
       -6.0110403218585878e-02, 1.1799461068873460e+00,
       -2.7774692166016850e+00, -1.8011750825378631e-01,
       1.2907205667266688e+00, -2.7077891138985364e+00,
       -5.0845135884937012e-02, 1.4881811304851598e+00,
       -2.6043039830389736e+00, -1.0062487488554768e-01,
       1.6965764992564141e+00, -2.6172980570719666e+00,
       -1.3607864160815283e-01, 1.5711290479551447e+00,
       -2.6520705255179564e+00, -5.1531921529301042e-02,
       1.5848452952324150e+00, -2.6278725077565617e+00,
       -2.5580737178294934e-02, 1.5843882240632285e+00,
       -2.5953255543205014e+00, -5.4833530114418980e-02,
       1.5988876930088078e+00, -2.5840470231769550e+00,
       -6.3301507608526736e-02, 1.5908574697325277e+00,
       -2.6248142571238589e+00, -1.6937722101113106e-02,
       1.5413766301627356e+00, 2.7407051589255937e+00,
       -1.1923857136153941e-01, -1.5029541740731271e+00,
       -2.6860364117307856e+00, 1.8162334071113929e-02,
       1.5351140414211724e+00, -2.6498952691422000e+00,
       -3.3161539947315001e-02, 1.5604376712998078e+00,
       -2.7727951100255863e+00, 3.3104083238146438e-04,
       1.4117166102681524e+00, -2.7182169104478051e+00,
       -3.8726895219437368e-02, 1.4063262064152167e+00,
       -2.7612996853097904e+00, -3.2354285425883818e-02,
       1.2309616705847231e+00, -2.7297066468913194e+00,
       -5.4255832248748047e-02, 1.0864112104775565e+00,
       -2.8378447638302307e+00, -1.0904434049282809e-01,
       8.4788793576994348e-01, -2.8100329722887318e+00,
       -5.3294897319729480e-02, 7.3291385152255173e-01,
       -2.9803781747884335e+00, -1.2020440393365533e-01,
       4.8699505400876175e-01, -3.0440193234499198e+00,
       -1.4280304132361424e-01, 3.1509771818714799e-01,
       -3.0251383506427927e+00, -7.3798617803927848e-03,
       1.5410151274385811e-01, -3.0638345315723976e+00,
       2.1070532786488082e-02, 4.7593878032036291e-01,
       -3.0759306284498007e+00, -3.0132438610242424e-02,
       4.1521439412420053e-01, -2.9928018790542330e+00,
       -2.8156182502483223e-03, -1.4700996777371603e-01,
       -2.9309954793846891e+00, 1.3263614214400030e-01,
       -9.4728743705762564e-01, -2.7912866330791126e+00,
       8.7396133007994203e-02, -1.1667384331954280e+00,
       -2.7305948308501478e+00, 1.1201697668749305e-01,
       -1.2750463318882255e+00, -2.8047971004461378e+00,
       7.0273703712147487e-02, -1.1939160653067946e+00,
       -2.9190020979518758e+00, 7.2213247565341018e-02,
       -1.0052944488321105e+00, -2.9379663807328087e+00,
       5.3713478487182741e-02, -1.0682674812971522e+00,
       -2.9301226195718555e+00, 4.7625864755199428e-02,
       -1.0775247279182802e+00, 2.7975749458489063e+00,
       -5.3953003956395781e-02, 1.1077799491672655e+00,
       2.8139149926606590e+00, -1.1938567732296786e-02,
       1.0641842093879705e+00, 2.8018413540447376e+00,
       6.8552102417169924e-03, 1.1128410419783015e+00,
       2.8022173043984124e+00, -1.8968717715770963e-03,
       1.1295119941370777e+00, 2.7641908785107416e+00,
       2.4185109351180515e-02, 1.1104914585173291e+00,
       2.7637936790594178e+00, 3.8549260173085347e-02,
       1.1048133036379439e+00, 2.8799247549440072e+00,
       -7.7701817512277435e-02, 1.2228020276310714e+00,
       -2.8003615564650084e+00, 1.4986401799381505e-01,
       -1.2043152134640340e+00, -2.7839746485416241e+00,
       1.2827743002568068e-01, -1.1570011129644187e+00,
       -2.7210523095582464e+00, 7.0924772853142082e-02,
       -1.1797947123967698e+00, -2.7226273497293696e+00,
       6.8371329187943752e-02, -1.1349440351985816e+00,
       -2.7742777945623458e+00, 9.5947721119921791e-03,
       -1.1943181050832261e+00, 2.8914050909565692e+00,
       -3.1012558957086711e-02, 1.1237122288912234e+00,
       2.9005113016175557e+00, -4.1589520560038069e-04,
       1.1446846612091777e+00, 2.8163817159777937e+00,
       -4.1651676832825293e-02, 1.3380523667939670e+00,
       2.7510217243645751e+00, -2.4199926642878768e-02,
       1.4365116569377796e+00, 2.6847557436160501e+00,
       -7.5716037886247006e-02, 1.6087042232526774e+00,
       2.5961773618318689e+00, 5.4733011983524142e-02,
       1.5842805287801387e+00, 2.5486465067082080e+00,
       1.5661897139287336e-02, 1.7278354701761740e+00,
       -2.5088788292896411e+00, 2.1023274933501238e-01,
       -1.7151613206801868e+00, -2.5543814288684588e+00,
       1.6643342683346921e-01, -1.6616498596224170e+00,
       -2.5690504687578679e+00, 1.2417840135548895e-01,
       -1.6796005315293538e+00, -2.6628767971810503e+00,
       -1.2114818622971490e-03, -1.7112676222273100e+00,
       2.5267703606387624e+00, 1.0694053431344952e-01,
       1.6592453983879092e+00, 2.4357448188156758e+00,
       1.8984281649812207e-01, 1.4964723698462199e+00,
       2.4188750183722352e+00, 1.8911960066560615e-01,
       1.5183528939477990e+00, 2.4834926327547113e+00,
       1.2008320096501747e-01, 1.6200037104170741e+00,
