%YAML:1.0
---
summary: "Filter by time, rd=10, rs=5."
init_cam_calib: C99-1010_3p_3
camera_matrix: !!opencv-matrix
   rows: 3
   cols: 3
   dt: d
   data: [ 2.5642505655701507e+03, 0., 1.8824722940501158e+03, 0.,
       2.5637308180404711e+03, 1.0897569577394700e+03, 0., 0., 1. ]
dist_coeff: !!opencv-matrix
   rows: 5
   cols: 1
   dt: d
   data: [ 1.9431304366281842e-02, -3.2807948369636214e-02,
       -9.0084075397743045e-06, -7.8778645877229235e-04,
       1.6715384970239236e-02 ]
rvec: !!opencv-matrix
   rows: 229
   cols: 3
   dt: d
   data: [ -3.0351523890872065e+00, -7.6851399099043764e-03,
       -1.5531714497079321e-02, -3.0325825847744174e+00,
       4.2535627285750672e-05, -1.8495050353022763e-02,
       -3.0271716822444454e+00, -1.8957217274504674e-03,
       -1.9100574040803463e-02, -3.0376824296627016e+00,
       1.2031562654047093e-02, 7.5373711492160112e-03,
       -3.0377215620220670e+00, 2.5753594264131596e-02,
       8.1848956113851293e-03, -3.0455991665806255e+00,
       3.0023619737277338e-02, -7.7798984184427850e-02,
       -3.0267565700509573e+00, 5.4276289581328074e-02,
       -1.1428950276875671e-01, -3.0207018748500656e+00,
       7.2053745020830853e-02, -1.3395843619986339e-01,
       -3.0578341700174532e+00, 1.0654738089893329e-01,
       -1.2179482996323242e-01, -3.0621013503715155e+00,
       1.0410925174637550e-01, -1.6944289959454600e-01,
       -3.0834393311085049e+00, 1.1796035080631559e-01,
       -2.2639496567426123e-01, -3.0934359131383600e+00,
       1.3178159902020797e-01, -2.9792980579314920e-01,
       -3.0888450158256817e+00, 1.4557261920617173e-01,
       -3.2953970496147300e-01, -3.0890836514216464e+00,
       8.5274847717263416e-02, -2.2403581907445569e-01,
       -3.1151195466893733e+00, 5.4912047734613119e-02,
       -1.8827154541798019e-01, -3.1158919739089321e+00,
       -5.4077538553059757e-03, -3.8431861357788512e-02,
       -3.1029312548240897e+00, -2.0017547492857942e-02,
       1.9517864386652839e-01, -3.0518227228090744e+00,
       -9.6123452983963284e-02, 4.5495515937432357e-01,
       -3.0751927782987432e+00, -7.5318737560519534e-03,
       5.4268132683137082e-01, -3.0419537717715457e+00,
       4.8530537867730796e-02, 5.6214878377444744e-01,
       -3.0179934069531207e+00, -5.7047380911050410e-03,
       6.3264384332580081e-01, -2.9893602359329305e+00,
       -4.8070079549452992e-02, 7.7371817064417114e-01,
       -2.9528346186246570e+00, -6.4999054748327179e-02,
       8.4100221695757105e-01, -2.9638826700211212e+00,
       -6.2269625293179809e-02, 8.3710229249422452e-01,
       -2.9158037340984988e+00, -9.4456416589079398e-03,
       8.5267145891645857e-01, -2.9181808387532451e+00,
       -1.5177382985573484e-02, 8.4156754890544250e-01,
       -2.9353052363034764e+00, -6.0537490451104500e-02,
       8.5437431999251612e-01, -2.9248717996392095e+00,
       -6.1670980904147917e-02, 8.5560651263561149e-01,
       -2.9459660083350721e+00, -4.9729360172441332e-02,
       8.4588530364141490e-01, -2.9865267254061751e+00,
       2.2656813211674971e-02, 8.6554031789701424e-01,
       3.0312952673730527e+00, 9.9576901092614210e-03,
       -8.2136712268667533e-01, 2.9988772483699671e+00,
       1.7791957531391456e-02, -8.2390593457654449e-01,
       2.9747105116474608e+00, -3.2479893276695770e-03,
       -8.2602502853657578e-01, 2.9927388179239593e+00,
       -1.1385730355294511e-02, -8.0723620057604684e-01,
       3.0015310196820728e+00, -1.8072082321072550e-02,
       -7.9035496956068496e-01, 3.0031633745665975e+00,
       -2.5316317541485070e-02, -8.0075628249140418e-01,
       3.0224302000200889e+00, -3.1359328283399698e-02,
       -7.8889437947901042e-01, 3.0491383510396646e+00,
       -3.6904020673217369e-03, -7.6465352599967795e-01,
       -3.0209912751602501e+00, 2.6164644688779510e-03,
       7.7989824217937997e-01, -2.9570171549375441e+00,
       -6.7087169056549139e-03, 7.4770370943273412e-01,
       -2.9207470337760562e+00, 1.2801812825793211e-02,
       7.2293329332179501e-01, -2.8954348620384081e+00,
       2.3145633002066351e-03, 6.8528640216308101e-01,
       -2.8199505099379292e+00, -7.1895236647518720e-02,
       5.6952504478793919e-01, -2.8382366914785604e+00,
       -9.1139729382511137e-02, 5.8746559762481143e-01,
       -2.8197490462560491e+00, -1.1306373707106225e-01,
       5.9589454272457232e-01, -2.8301609497401712e+00,
       -1.2058484265685282e-01, 5.7837081927595757e-01,
       -2.8340084278277016e+00, -1.1435606496634099e-01,
       5.8028146826509086e-01, -2.9028572735999041e+00,
       -1.0612381672970241e-01, 5.5354881758375063e-01,
       -2.9969792804059621e+00, -1.3786892151834967e-02,
       6.3114146591453280e-01, -2.9955158988291783e+00,
       9.0050461011053993e-03, 6.8028258673970943e-01,
       -2.9589245683205569e+00, 3.1814391369253771e-02,
       7.2246511919623169e-01, -2.9654182503070561e+00,
       9.4002038760004590e-03, 7.6342748154269680e-01,
       -2.9873570057348364e+00, -5.7709208743511507e-02,
       7.7375737256901833e-01, -2.9652364544847196e+00,
       -2.8526235326119209e-02, 7.0115939445880793e-01,
       -2.9387029679162788e+00, -2.2645004619096368e-02,
       7.6543944664111974e-01, -2.8841561371814035e+00,
       -7.3219829558367686e-02, 1.0135630090334193e+00,
       -2.8710970462287473e+00, -4.1367130862024717e-02,
       1.0278113000134139e+00, -2.8549169756511934e+00,
       -8.9061779428043178e-02, 1.1030823442111102e+00,
       -2.7998785857499291e+00, -5.6984684662368314e-02,
       1.1872136531592545e+00, -2.7805660996676180e+00,
       -1.9495724401060527e-01, 1.2418504181667338e+00,
       -2.7343786802182910e+00, -9.7665984870458730e-02,
       1.3686231210525444e+00, -2.7369272033045711e+00,
       -6.0090271676574422e-02, 1.4570903965776838e+00,
       -2.6801383814122848e+00, -3.6837387222938583e-02,
       1.5248832204373053e+00, -2.6059978980004845e+00,
       -7.6774623179262980e-02, 1.6588202660099722e+00,
       -2.6138463435973507e+00, -9.5894471561410552e-02,
       1.6762172339350545e+00, -2.6082107776283530e+00,
       -8.8879536987880092e-02, 1.6330294923547228e+00,
       -2.6369627273021718e+00, -1.2931248587884658e-01,
       1.5435849206787626e+00, -2.6494894389191530e+00,
       -2.1834395769512897e-02, 1.5953838566069933e+00,
       -2.6538836668938797e+00, -4.7194304503749014e-02,
       1.5539240902913869e+00, -2.6594478786477329e+00,
       -3.4936381042141883e-02, 1.5690233454157025e+00,
       -2.5875708648407931e+00, -1.2953473921764021e-02,
       1.6008659019498950e+00, -2.6035161647583678e+00,
       -4.2741316409833162e-02, 1.5964285879304796e+00,
       -2.5920712742507352e+00, -5.5035289503634593e-02,
       1.5896419506387831e+00, -2.5961778931617516e+00,
       -6.7290369129393013e-02, 1.5851751675525871e+00,
       -2.5812163682025315e+00, -6.1113905096647991e-02,
       1.5908704902483257e+00, -2.6173548663454027e+00,
       -8.6315431943595575e-02, 1.5800750498161062e+00,
       -2.6603354642174621e+00, 8.5597645714798179e-02,
       1.6015283810258660e+00, 2.7540800742432197e+00,
       -1.2997586053307300e-01, -1.4822892004774186e+00,
       -2.7083785597448840e+00, 9.5412544415765840e-02,
       1.5102495816461650e+00, -2.6876182454773558e+00,
       2.4046699087054948e-02, 1.5304559866635927e+00,
       -2.6857209138839759e+00, -1.6137396385928399e-02,
       1.5286608938663331e+00, -2.6630815751143682e+00,
       -2.8207689900860859e-02, 1.5504914717682972e+00,
       -2.6197360713875439e+00, -2.3197893540866654e-02,
       1.5970936528284070e+00, -2.7402344192775026e+00,
       9.2889685637609701e-04, 1.4494742021495188e+00,
       -2.7911795039265241e+00, -1.7637326983568048e-02,
       1.4108360975095147e+00, -2.7742872168585206e+00,
       -5.1536993721951432e-02, 1.3995852776466968e+00,
       -2.6901943573388984e+00, -4.9607155329294682e-02,
       1.4394314317524417e+00, -2.7644776244235207e+00,
       -3.4857981735888610e-02, 1.2934768324983965e+00,
