%YAML:1.0
---
summary: "Filter by distance, md=250, ds=0."
init_cam_calib: C99-1010_3p_3
camera_matrix: !!opencv-matrix
   rows: 3
   cols: 3
   dt: d
   data: [ 2.5781739917203558e+03, 0., 1.8950097569859076e+03, 0.,
       2.5782277285282953e+03, 1.0891339140773368e+03, 0., 0., 1. ]
dist_coeff: !!opencv-matrix
   rows: 5
   cols: 1
   dt: d
   data: [ 2.0308390960124028e-02, -2.2486394490771864e-02,
       9.2916517212122181e-04, -7.6276522688775914e-05,
       5.1085436337806852e-03 ]
rvec: !!opencv-matrix
   rows: 156
   cols: 3
   dt: d
   data: [ -3.0356506408368826e+00, -9.0099815391113548e-03,
       -2.2544042130875710e-02, -3.0362126838541990e+00,
       -7.2773239576615200e-03, -2.3602326579510259e-02,
       -3.0424310625691331e+00, 3.8968297738340145e-02,
       -1.1459336330788571e-01, -3.0407642028555433e+00,
       9.7888944979312595e-02, -1.3705688995026555e-01,
       -3.0630567947693823e+00, 1.0164611422794406e-01,
       -1.4682911540355612e-01, -3.0818384739548415e+00,
       1.1764913433621728e-01, -2.2992074025835252e-01,
       -3.0884158688240868e+00, 1.2990142343911673e-01,
       -3.0814559027680760e-01, -3.0976506802188903e+00,
       1.1608180558069092e-01, -2.8671133887430844e-01,
       -3.0791015434603843e+00, 9.0685191970088258e-02,
       -2.6726499283703697e-01, -3.1191097914987491e+00,
       3.5225126283097381e-02, -1.6853671538235379e-01,
       -3.0959188530316979e+00, 1.7253381122385798e-02,
       4.4082286815702240e-02, -3.0693021964045144e+00,
       -7.0014783913491155e-02, 3.6547087328033784e-01,
       -3.0522983266141441e+00, -3.9499928348104667e-02,
       5.5550060942216795e-01, -3.0314168133710249e+00,
       4.8095668545608213e-02, 5.6693472897705044e-01,
       -2.9977571736686097e+00, -3.5508853228582486e-02,
       7.5700988919262424e-01, -2.9550303529646662e+00,
       -5.6356799100717343e-02, 8.3366195666994913e-01,
       -2.9170827107479376e+00, -9.1219442866832673e-03,
       8.4911581744566089e-01, -2.9523928857974218e+00,
       -1.4887520774064418e-02, 8.6641531582439180e-01,
       2.9885726796241632e+00, 1.6449917695624885e-02,
       -8.2413629126213483e-01, 3.0344616539855753e+00,
       -3.4450315493922266e-02, -7.9701152485502369e-01,
       3.0448962304876517e+00, -3.4741565742685337e-03,
       -7.6385116334972514e-01, -2.9732403576027737e+00,
       8.2603310220861722e-04, 7.4592045329490020e-01,
       -2.9322415704754130e+00, -3.4046630541754793e-03,
       7.3293386535417882e-01, -2.8945281728171022e+00,
       -1.2840059458288002e-02, 6.4835604080028464e-01,
       -2.8541960442173560e+00, -4.6198451501175672e-02,
       6.0080292485495956e-01, -2.7991896635251297e+00,
       -7.6378092990518689e-02, 5.4843024675523266e-01,
       -2.8257716993911095e+00, -8.9027616252048081e-02,
       5.7791567210687900e-01, -2.8671894084941032e+00,
       -1.0074217408839670e-01, 6.1030153644288265e-01,
       -2.9087856304607493e+00, -1.2576929585912761e-01,
       6.3028044664277005e-01, -2.9788086351436922e+00,
       -3.1986894375491771e-02, 6.2235719083387386e-01,
       -2.9570691980608190e+00, 2.8095078054681723e-02,
       6.8606883606880298e-01, -2.9701835133097920e+00,
       -4.5825357085972483e-02, 7.9378726082291817e-01,
       -2.9612538416437055e+00, -1.8248548472028042e-02,
       6.9583190029926745e-01, -2.9024555514224479e+00,
       -5.9760963235050417e-02, 8.7506564949612198e-01,
       -2.8883385422208963e+00, -5.4468396668912185e-02,
       1.0062405477627534e+00, -2.8667019668313616e+00,
       -8.4372150483363467e-02, 1.0981682508330559e+00,
       -2.8075085083982096e+00, -7.4750994057731987e-02,
       1.1447333464640412e+00, -2.8122965597141061e+00,
       -7.2314710417344177e-02, 1.2068536073044391e+00,
       -2.7682338207252672e+00, -1.7814574094719629e-01,
       1.2213529519728730e+00, -2.7808966981878105e+00,
       -1.8046116469265355e-01, 1.2822040224232070e+00,
       -2.7376924543749173e+00, -5.2911884853895752e-02,
       1.4596646720536273e+00, -2.6581137094479432e+00,
       -4.0840617335662750e-02, 1.5728713950694611e+00,
       -2.6232501057599649e+00, -1.4603288156030120e-01,
       1.5491292344364589e+00, -2.6479315876926863e+00,
       -7.9126317554801692e-02, 1.5711473713501198e+00,
       -2.6645604506484872e+00, 8.5346972157510873e-02,
       1.5949571525709687e+00, 2.7012032526134613e+00,
       -9.9258185834106519e-02, -1.5290224821931793e+00,
       2.7600454924739677e+00, -1.2793893867183667e-01,
       -1.4978559783731322e+00, -2.7121053405510076e+00,
       9.5658722309235694e-02, 1.5046113910666623e+00,
       -2.6793109406812801e+00, -1.0923941169418463e-02,
       1.5186628244217841e+00, -2.7810083512944495e+00,
       -7.2075267303970264e-03, 1.4042170089411772e+00,
       -2.7660905266785902e+00, -4.0918419285436873e-02,
       1.3832680211955206e+00, -2.7089571184607188e+00,
       -3.7032775376836170e-02, 1.4052417951782878e+00,
       -2.7630081422272408e+00, -1.3095362990192554e-02,
       1.2730153784313589e+00, -2.7604367021936427e+00,
       -6.1465972967787448e-02, 1.1976885913700148e+00,
       -2.7584639341726787e+00, -1.1639798631779776e-01,
       1.1281993565011448e+00, -2.7326944552185664e+00,
       -5.4579924677708037e-02, 1.0775998385901728e+00,
       -2.7662427431845109e+00, -8.2361145866031674e-02,
       1.0668463073544980e+00, -2.7815340797537380e+00,
       -8.8631110265705929e-02, 9.4586197636312130e-01,
       -2.8372537364071566e+00, -9.9965769401969717e-02,
       9.2032536993691505e-01, -2.8041707707458596e+00,
       -7.7678357704649939e-02, 8.1526155037363357e-01,
       -2.8335595050535005e+00, -5.7685409092004009e-02,
       6.2607710570739294e-01, -2.7910070070642510e+00,
       -6.0655563451203501e-02, 7.4124578679060582e-01,
       -2.8222027332924151e+00, -9.4739722735403181e-02,
       7.8605597353692480e-01, -2.8980887673468381e+00,
       -1.3371218573757473e-01, 7.5346428787726427e-01,
       -2.9769275317711528e+00, -1.3799911396628728e-01,
       6.4735029138997568e-01, -2.9764081019664599e+00,
       -1.1374054801358226e-01, 4.7805924826721391e-01,
       -2.9870504574262715e+00, -1.5620030117986314e-01,
       3.6622079252183076e-01, -3.0390993522058047e+00,
       -1.6669353087032965e-01, 2.9368975490551852e-01,
       -3.0491426282480818e+00, -1.3593604028059122e-01,
       3.0991305748350567e-01, -3.0291604138924448e+00,
       -7.5191584545712925e-02, 2.3540064393871324e-01,
       -3.0148591966746205e+00, -1.5200958165610307e-05,
       1.4081648014664172e-01, -3.0521328070890372e+00,
       -3.1100272799315317e-02, 1.6137752632334171e-01,
       -3.1028385234574163e+00, -1.3503509453940401e-02,
       2.8028448124186700e-01, -3.0562170883667750e+00,
       8.5625789560100554e-03, 4.8672820179117171e-01,
       -3.0315684658333080e+00, -4.0808703579641635e-02,
       5.5509578268260407e-01, -3.0725889983243659e+00,
       9.3433510187408632e-04, 4.5104764208641446e-01,
       -3.0647306193003603e+00, -4.3780342757551521e-02,
       2.3655752721817411e-01, -3.0564972417763130e+00,
       7.1446915650463230e-03, 5.7281882416789713e-02,
       -3.0143764306040839e+00, 2.8149526632772644e-02,
       -2.4135407857374705e-01, -2.8885479580259421e+00,
       1.6329030074719333e-01, -6.7673294074376467e-01,
       -2.9069385979634461e+00, 1.7097800471952754e-01,
       -9.0382303472706549e-01, -2.8978041078637720e+00,
       1.1882711752095373e-01, -1.0479209900153243e+00,
       -2.8232196293098286e+00, 8.8864931897261440e-02,
       -1.0704324856138947e+00, -2.7459984740046459e+00,
       1.1132974674037316e-01, -1.2791022364282860e+00,
       -2.7806996185156123e+00, 1.0417539052894076e-01,
       -1.2335819356463751e+00, -2.8732281749680375e+00,
       5.1256020738699302e-02, -1.0407877251177722e+00,
       -2.9164835539351754e+00, 7.5866739674441047e-02,
       -1.0184334856046180e+00, 2.9299817965624011e+00,
       -7.5433840223792820e-02, 1.1366830378493029e+00,
