%YAML:1.0
---
summary: "Filter by time, rd=20, rs=10."
init_cam_calib: C99-1010_3p_3
camera_matrix: !!opencv-matrix
   rows: 3
   cols: 3
   dt: d
   data: [ 2.5685151046165279e+03, 0., 1.8906007344466530e+03, 0.,
       2.5677668711979863e+03, 1.0873137128253902e+03, 0., 0., 1. ]
dist_coeff: !!opencv-matrix
   rows: 5
   cols: 1
   dt: d
   data: [ 1.3724815179570875e-02, -1.0999307067406048e-02,
       -2.9325917297462782e-04, -4.4794240358797869e-04,
       -4.7319518519594803e-03 ]
rvec: !!opencv-matrix
   rows: 115
   cols: 3
   dt: d
   data: [ -3.0346855710574334e+00, -4.5871838926756546e-03,
       -1.9383180935039442e-02, -3.0303132422401693e+00,
       1.1525396411393074e-02, -8.0553639762648878e-03,
       -3.0442556507588492e+00, 1.6339073144385607e-02,
       -1.1748491470029378e-02, -3.0137708202763012e+00,
       6.6128749304199652e-02, -1.3419127512732346e-01,
       -3.0618462852393122e+00, 1.0693095901740668e-01,
       -1.3451054180316152e-01, -3.0916293241906248e+00,
       1.1450557643201843e-01, -2.6692031656270809e-01,
       -3.0956549820184449e+00, 1.1012364980472247e-01,
       -2.8471584668606287e-01, -3.1248458263997785e+00,
       1.4772482536521537e-02, -1.0683145783985044e-01,
       -3.0709176779112672e+00, -6.9672455900256017e-02,
       3.6520107849578676e-01, -3.0495491147171432e+00,
       3.9792915725807378e-02, 5.1938013167695185e-01,
       -3.0039666699895866e+00, -1.8826465036234374e-02,
       7.0862194984120996e-01, -2.9594461856508878e+00,
       -5.2028831665649394e-02, 8.4655387818965100e-01,
       -2.9088877630077214e+00, 8.0907279688888500e-03,
       8.4983478568183013e-01, -2.9223443415901258e+00,
       -6.6386370615484774e-02, 8.5835672053869505e-01,
       -2.9529474083937721e+00, 2.2926634373620480e-03,
       8.8144681878538833e-01, 3.0168948661807771e+00,
       2.9979423291022916e-02, -8.1851654197419599e-01,
       2.9761122411815646e+00, -4.3181174347612320e-03,
       -8.3126614597000470e-01, 2.9939257975695805e+00,
       -2.9818175881306769e-02, -7.9529281425247644e-01,
       3.0349018674329629e+00, -1.1078672895275270e-02,
       -8.0069369385187183e-01, -2.9914291510087794e+00,
       -9.0003256910054646e-04, 7.4329529953641027e-01,
       -2.9035235599970273e+00, 1.9149322710195375e-02,
       6.7829720065768240e-01, -2.8096555580262450e+00,
       -8.7747635025522228e-02, 5.7449304761864450e-01,
       -2.8351390548867670e+00, -1.2190876819804025e-01,
       5.8379923756627883e-01, -2.9100321576439234e+00,
       -1.2545403725860940e-01, 6.3028441269359237e-01,
       -2.9801307027185522e+00, 3.1437897118628960e-02,
       5.9957383853328039e-01, -2.9702770789669217e+00,
       3.7866209936097614e-02, 7.4285991676922303e-01,
       -2.9686270969543940e+00, -4.5265672488108484e-02,
       7.5266628843764161e-01, -2.9027638703736236e+00,
       -5.9610998984136257e-02, 8.7608127660590396e-01,
       -2.8836729374819070e+00, -7.3559568639620626e-02,
       1.0753320415743126e+00, -2.8346598957195011e+00,
       -1.6510428226503199e-01, 1.1945532206697465e+00,
       -2.7437292826328714e+00, -6.6929637113321977e-02,
       1.4336115789887094e+00, -2.6544602657334551e+00,
       -4.7321408981733523e-02, 1.5922625996785369e+00,
       -2.6118906945080673e+00, -7.8134624163720440e-02,
       1.6403802054405385e+00, -2.6358770322040286e+00,
       -9.9832010894618739e-02, 1.5660150443822254e+00,
       -2.6901376934451298e+00, -5.1329947694859740e-02,
       1.5206998266215113e+00, -2.6064178314777973e+00,
       -3.2490954349446273e-02, 1.6017824338715985e+00,
       -2.5938504610301418e+00, -5.5912122682358657e-02,
       1.5890587998807528e+00, -2.5742335637195666e+00,
       -4.6901179863346451e-02, 1.5923103457905077e+00,
       2.7037156116633394e+00, -1.1478742559776325e-01,
       -1.5602473773851926e+00, -2.6921515168823174e+00,
       5.4841996727090392e-02, 1.5285800750911389e+00,
       -2.6748375426024364e+00, -1.8641384346219467e-02,
       1.5376009840637326e+00, -2.6680568515295997e+00,
       -2.1044976984076882e-02, 1.5882361285622488e+00,
       -2.7880843823740595e+00, -1.5796737837846960e-02,
       1.4016544259331756e+00, -2.7323158924694844e+00,
       -5.3788779476589235e-02, 1.3893487244372096e+00,
       -2.7588907641759799e+00, -1.0985937426483580e-01,
       1.1499762223040102e+00, -2.7861298277949809e+00,
       -8.7920409822691628e-02, 1.0143103304451428e+00,
       -2.8198523747607274e+00, -7.9454689887578575e-02,
       6.4702726130292454e-01, -2.9448071010720178e+00,
       -1.2975948826877590e-01, 6.6571422054188900e-01,
       -3.0014412018279919e+00, -1.5783605671655473e-01,
       3.6541283448415390e-01, -3.0376342718147802e+00,
       -9.0536000977811878e-02, 2.5246019054500479e-01,
       -3.0697996611235188e+00, -3.3609632339233468e-02,
       2.1462860350724977e-01, -3.0316700414100461e+00,
       -4.1250701406269422e-02, 5.5799986576188343e-01,
       -3.0716286588967892e+00, -3.3701324238435290e-02,
       1.4414645155185568e-01, -2.9218487622093794e+00,
       1.5316848250098711e-01, -6.0314799926392648e-01,
       -2.8749040446644103e+00, 1.1220183834432192e-01,
       -1.0466105764966798e+00, -2.7359415429009273e+00,
       1.2416369164097284e-01, -1.2797725788133758e+00,
       -2.7575013710010059e+00, 1.2123653912647205e-01,
       -1.2480514874480908e+00, -2.8707233087319382e+00,
       4.1243172193480344e-02, -1.0607809055078681e+00,
       -2.9387056171845130e+00, 8.0875772291383999e-02,
       -1.0333034610512479e+00, -2.9351740972538645e+00,
       5.0457609903602284e-02, -1.0767640443989517e+00,
       2.8661162310144963e+00, -8.4834369333428500e-02,
       1.1395157623289967e+00, 2.8099813234056867e+00,
       -3.0641663208516402e-02, 1.1133049443510481e+00,
       2.7952634629018438e+00, 6.4794822923314429e-03,
       1.1195081932013908e+00, 2.8060880963496757e+00,
       -1.4090652304023689e-02, 1.1295502046406001e+00,
       2.7863365719336652e+00, 1.1541185236345253e-02,
       1.1272952861036447e+00, 2.7484697837669425e+00,
       3.1099507587863787e-02, 1.1099771533435847e+00,
       2.8300019608377571e+00, 1.2170768025846860e-02,
       1.2090777616962194e+00, 2.8770334637146613e+00,
       -9.4621404120233843e-02, 1.2380931499742753e+00,
       -2.7748158841301471e+00, 1.2499934599266603e-01,
       -1.1569462519622962e+00, -2.7877053194676669e+00,
       1.1351346786753778e-01, -1.1318415649706548e+00,
       -2.7213528041949626e+00, 7.7890129633379920e-02,
       -1.1470718696125048e+00, -2.7145555658383453e+00,
       5.4157630489616276e-02, -1.1463831220434637e+00,
       -2.8571497296365371e+00, 1.0842749389603673e-02,
       -1.2385865335677413e+00, 2.9096373697605888e+00,
       -8.9999634238270895e-03, 1.1747932037637896e+00,
       2.8765169271504831e+00, 6.1885676985472572e-03,
       1.2210571554689169e+00, 2.7920567794875302e+00,
       -8.7470193815716651e-04, 1.3977342150430772e+00,
       2.7262424653834203e+00, 3.3940933230349282e-03,
       1.5332990822988970e+00, 2.6313915663764607e+00,
       -3.7762496951987759e-02, 1.6739374358654029e+00,
       2.5856177335708237e+00, 4.9095504272991593e-02,
       1.6198957054578411e+00, -2.4972913084290909e+00,
       1.0125803333042865e-01, -1.8168926552312106e+00,
       -2.5524451078905956e+00, 1.5917384945700405e-01,
       -1.6770302154188046e+00, -2.5372272699306930e+00,
       1.7070601355091769e-01, -1.6641343403672273e+00,
       -2.6260770436020766e+00, 7.6288100644113122e-02,
       -1.7611133971514557e+00, -2.6400699203550113e+00,
       -1.0974670498890740e-02, -1.7577222618627391e+00,
       2.4769043169496041e+00, 1.5147383981877857e-01,
       1.5741423621655555e+00, 2.4277072849991819e+00,
       1.9275905903633525e-01, 1.5059223333524931e+00,
       2.4619600043183336e+00, 1.1589819323740413e-01,
       1.5760513646563843e+00, 2.5340768229437618e+00,
       3.0952192107722497e-02, 1.6337267669493984e+00,
