%YAML:1.0
---
summary: "Filter by time, rd=15, rs=10."
init_cam_calib: C99-1010_3p_3
camera_matrix: !!opencv-matrix
   rows: 3
   cols: 3
   dt: d
   data: [ 2.5616677821928429e+03, 0., 1.8768254001983455e+03, 0.,
       2.5625962722204504e+03, 1.0875415428303422e+03, 0., 0., 1. ]
dist_coeff: !!opencv-matrix
   rows: 5
   cols: 1
   dt: d
   data: [ 1.6078892920225643e-02, -1.9482517237068901e-02,
       -2.7634878919951302e-04, -1.4961581405198727e-03,
       1.6300758396800236e-03 ]
std_intrinsics: !!opencv-matrix
   rows: 18
   cols: 1
   dt: d
   data: [ 4.5069833937436843e-01, 4.2520232701995408e-01,
       8.5857714465605517e-01, 5.5748850853741205e-01,
       1.1035260449574903e-03, 4.1338331822005046e-03,
       7.4837488182714321e-05, 1.1475685787755691e-04,
       4.5676652446244694e-03, 0., 0., 0., 0., 0., 0., 0., 0., 0. ]
std_extrinsics: !!opencv-matrix
   rows: 918
   cols: 1
   dt: d
   data: [ 7.7243282508542628e-04, 2.7443740191068685e-04,
       8.5218679554554546e-04, 1.2092274609088602e+00,
       7.9971425154946596e-01, 9.4858161730454127e-01,
       7.6960981872114577e-04, 2.7315410774213694e-04,
       8.4669452614294762e-04, 1.2068041331994959e+00,
       7.9819115985948252e-01, 9.4699302479221092e-01,
       7.6016442035815575e-04, 2.6806656398926704e-04,
       8.3512998093758723e-04, 1.1942632286573118e+00,
       7.9054462754080668e-01, 9.3630417179869219e-01,
       7.3453505970820867e-04, 2.7579167112597251e-04,
       8.1912822666925327e-04, 1.1583014586838323e+00,
       7.6664429415904334e-01, 9.1138410870389996e-01,
       6.8708027864763986e-04, 2.6910119654195372e-04,
       7.6339157876264988e-04, 1.1082258173277513e+00,
       7.3166873970897861e-01, 8.3757166917508863e-01,
       6.3836430563064155e-04, 2.6190314885005215e-04,
       7.4674002005971417e-04, 1.0279312117113195e+00,
       6.8163864865274371e-01, 7.7808243996936766e-01,
       6.0833811776499387e-04, 2.7529064636135455e-04,
       7.6365550488095098e-04, 9.5736720631043348e-01,
       6.3428973445702241e-01, 7.2966582973370797e-01,
       7.0298578237715378e-04, 3.3548191864115148e-04,
       9.3140308920026808e-04, 8.9390831455622044e-01,
       5.9117845387118606e-01, 8.1881880514476924e-01,
       9.0264301542045025e-04, 3.8629691616556128e-04,
       1.1177326734787981e-03, 8.7651829275004678e-01,
       5.8790945370781456e-01, 9.3038725146239765e-01,
       1.1042175967910593e-03, 4.0529889163486816e-04,
       1.2597681937368541e-03, 8.5599326067936521e-01,
       5.9767081495543550e-01, 9.7131752642945191e-01,
       1.0353038617822356e-03, 3.3783216456714722e-04,
       1.0470374895694332e-03, 8.5633862127621818e-01,
       6.0310218626060386e-01, 8.6290862294068793e-01,
       6.3119664203958056e-04, 2.4582833999327747e-04,
       7.4318141204141475e-04, 9.4918960725860224e-01,
       6.4779628755952789e-01, 6.7701513419168546e-01,
       6.5809779248397684e-04, 2.6836971682993825e-04,
       7.9334917754362319e-04, 1.0373971506291699e+00,
       7.0413831612775446e-01, 7.4423158315460369e-01,
       6.3443507748115868e-04, 2.7184089928829718e-04,
       8.2884210200143517e-04, 1.1178089406934300e+00,
       7.5314994751565623e-01, 7.7929627522070533e-01,
       6.5460243965440870e-04, 2.8277281018943278e-04,
       8.5892465807105365e-04, 1.1881310587937257e+00,
       7.9543209906957546e-01, 8.1482417030655241e-01,
       6.8328422819219597e-04, 2.9132126775221334e-04,
       8.9398239028091249e-04, 1.2320024587055054e+00,
       8.2339066372812908e-01, 8.6512304881073288e-01,
       7.3638194991681126e-04, 2.9972609198996084e-04,
       9.2055471763427706e-04, 1.2733468500366854e+00,
       8.4939183504392279e-01, 8.9864517968722279e-01,
       7.4671187946301766e-04, 3.0461817068183514e-04,
       9.4357533335168522e-04, 1.2966080820558346e+00,
       8.6531118983940314e-01, 9.2571537398457371e-01,
       7.4193245466446130e-04, 3.0448988035604026e-04,
       9.3686410707102439e-04, 1.2945041289235544e+00,
       8.6419824202942142e-01, 9.2424467653191600e-01,
       7.2735929521949990e-04, 3.0557203014242707e-04,
       9.3065865516183104e-04, 1.2644393922687758e+00,
       8.4271588330872782e-01, 8.7179615732838101e-01,
       5.5697683173805499e-04, 3.0977795402276623e-04,
       1.0025610323212497e-03, 1.2457823878115739e+00,
       8.3253316679185152e-01, 8.5266621423113920e-01,
       5.5177177392722997e-04, 3.1671324411968057e-04,
       9.7522402075508495e-04, 1.2534676713354720e+00,
       8.3729028869739297e-01, 8.5622301769910736e-01,
       5.4909459188967147e-04, 3.2062578888322643e-04,
       9.7801254148922206e-04, 1.2528751450526816e+00,
       8.3762005365835479e-01, 8.6804537817497007e-01,
       5.4895392329566976e-04, 3.2508288554711852e-04,
       9.9271293412396739e-04, 1.2521865508476246e+00,
       8.3784181979623462e-01, 8.7867569854241823e-01,
       5.4598218472449306e-04, 3.1637857190658462e-04,
       9.9793557120988986e-04, 1.2330912265084755e+00,
       8.2547587609362971e-01, 8.5505728151204841e-01,
       6.9924925545409200e-04, 2.9301944092844468e-04,
       9.2041957046846306e-04, 1.2325543046018270e+00,
       8.2316476735748456e-01, 8.6302178957365694e-01,
       7.0743507016597705e-04, 2.8900996544806845e-04,
       9.1128584431086120e-04, 1.2481061520528964e+00,
       8.3463465603291098e-01, 8.8795059570297941e-01,
       7.1092516158756717e-04, 2.8276425579735142e-04,
       9.0678823082000260e-04, 1.2632572068243104e+00,
       8.4512974716560474e-01, 9.1800916772195862e-01,
       6.8730980043909650e-04, 2.7546187179561222e-04,
       9.1364830491193205e-04, 1.2567364106351671e+00,
       8.4773659539591140e-01, 9.8765834434709698e-01,
       6.9872773485705098e-04, 2.7448716655621138e-04,
       9.2185387824717956e-04, 1.2768001957332282e+00,
       8.5906637906984784e-01, 9.8314260628221573e-01,
       6.9043535505889427e-04, 2.7428847974872054e-04,
       9.2364476110358906e-04, 1.2758761280416970e+00,
       8.5818323978653188e-01, 9.9330153041743552e-01,
       6.8382368660740360e-04, 2.7836997278485711e-04,
       9.3193632852046871e-04, 1.2676958822408586e+00,
       8.5165587187043734e-01, 9.9014956762503648e-01,
       7.3890872858429146e-04, 3.0140407617224095e-04,
       9.7550486452359201e-04, 1.2951261071983662e+00,
       8.6737544185225524e-01, 1.0257733912992657e+00,
       7.2390498090724642e-04, 3.0135581582222494e-04,
       9.3852190374820788e-04, 1.2887848944721572e+00,
       8.6232842116315012e-01, 9.5668688173324601e-01,
       7.3131179185569170e-04, 3.0429841109836948e-04,
       9.5052230510815237e-04, 1.2973054583792176e+00,
       8.6787335367214025e-01, 9.6867836358252557e-01,
       6.9732264348553537e-04, 3.0533739987671299e-04,
       9.3684532060217074e-04, 1.2905786395626602e+00,
       8.6714942187872190e-01, 9.9569740559950615e-01,
       7.3181735808634492e-04, 3.2389412699471777e-04,
       9.4403693343926304e-04, 1.3364020371715712e+00,
       8.9870338854086773e-01, 1.0875747605585722e+00,
       7.2600530687176286e-04, 3.4954984013783891e-04,
       9.0108292246085292e-04, 1.3462743152720831e+00,
       9.0541592674524707e-01, 1.1482695792710877e+00,
       7.8177496077061492e-04, 4.3672040039834282e-04,
       8.7421486077844505e-04, 1.3457103376219324e+00,
       9.1673887583498459e-01, 1.2862114912931564e+00,
       9.3672520580782089e-04, 6.6587985541135338e-04,
       9.2561301936514918e-04, 1.3675403162840341e+00,
       9.6910836030725545e-01, 1.6421517835997643e+00,
       8.8304538307023748e-04, 6.8060672582632292e-04,
       9.0205604288694111e-04, 1.3490936678360819e+00,
       9.1305050049056202e-01, 1.4855868886634627e+00,
       8.1369138009187135e-04, 6.4831120846902670e-04,
       8.5342465493545784e-04, 1.3012233269438978e+00,
       8.7530834828680670e-01, 1.3360468704315616e+00,
       7.4471860573127537e-04, 6.2329224270336425e-04,
       7.9729533605564799e-04, 1.2724219996317088e+00,
