%YAML:1.0
---
summary: "Filter by distance, md=200, ds=150."
init_cam_calib: C99-1010_3p_3
camera_matrix: !!opencv-matrix
   rows: 3
   cols: 3
   dt: d
   data: [ 2.5716832530406314e+03, 0., 1.8953551934042075e+03, 0.,
       2.5720449120756707e+03, 1.0903394825868593e+03, 0., 0., 1. ]
dist_coeff: !!opencv-matrix
   rows: 5
   cols: 1
   dt: d
   data: [ 2.2341579943118178e-02, -2.6783972830835036e-02,
       8.2675593017256666e-04, 1.4824133753339373e-05,
       4.3720771239355088e-03 ]
rvec: !!opencv-matrix
   rows: 201
   cols: 3
   dt: d
   data: [ -3.0355743962469366e+00, -8.9659050268460598e-03,
       -2.2848173070480374e-02, -3.0426961798469643e+00,
       1.6364777578941867e-02, -1.3777941040561327e-02,
       -3.0255973703918686e+00, 5.4327383131004374e-02,
       -1.1892517053061803e-01, -3.0325559797931310e+00,
       9.7502162767993991e-02, -1.3876483241742685e-01,
       -3.0638149386748266e+00, 1.0328883538095313e-01,
       -1.2010794207562206e-01, -3.0632985475646000e+00,
       1.1729088914753821e-01, -1.9097500531743300e-01,
       -3.0779871712522597e+00, 1.1295045819778217e-01,
       -2.6028479541301558e-01, -3.0884030134855833e+00,
       1.3011153503711859e-01, -3.0868302761116478e-01,
       -3.0984882892654930e+00, 1.3720521479038422e-01,
       -3.0000787658266748e-01, -3.0830155390217375e+00,
       7.3994606297997256e-02, -2.2824915079955871e-01,
       -3.0992486152014878e+00, 7.2881013855114682e-02,
       -2.1229033912421877e-01, -3.1173029021834733e+00,
       8.3793626776058297e-04, -9.7515597386857500e-02,
       -3.0969866161038029e+00, 6.4965906490373143e-03,
       1.2894233734995814e-01, -3.0599305951418514e+00,
       -7.5954287812960500e-02, 3.9572585628209156e-01,
       -3.0482912020384458e+00, -5.3513592977785046e-02,
       5.4326617609047967e-01, -3.0480035310901736e+00,
       5.1068433073833325e-02, 5.6186241618291810e-01,
       -3.0131093638270277e+00, -6.1744610909905389e-03,
       6.5918827517995637e-01, -2.9651639642237582e+00,
       -6.7207662306814603e-02, 8.0459455476314823e-01,
       -2.9461459698962504e+00, -4.0019488136689582e-02,
       8.4840242417418110e-01, -2.9170740247817197e+00,
       -9.4489487810026189e-03, 8.4778072368329072e-01,
       -2.9422625229505286e+00, -2.3443038899566861e-02,
       8.5482565863331472e-01, -3.0264913154590753e+00,
       -5.3415878196306438e-03, 8.1840723825577111e-01,
       -2.9634003505953865e+00, -1.0525956277466667e-02,
       7.5769652235056484e-01, -2.9324303583835545e+00,
       -3.1836653512425073e-04, 7.2561333969984243e-01,
       -2.8980913742422238e+00, -6.2066157959341098e-03,
       6.6565605102842473e-01, -2.8656047252739429e+00,
       -3.5214855742213294e-02, 6.0637526661266505e-01,
       -2.8381750665442262e+00, -7.0518403026429713e-02,
       5.9307483844599418e-01, -2.8403566160384974e+00,
       -9.2675407324165196e-02, 5.9015487285633039e-01,
       -2.8663805204125192e+00, -1.0077399362262107e-01,
       6.1986630959650801e-01, -2.9088963120043849e+00,
       -1.2602157803067293e-01, 6.2888001901623136e-01,
       -2.9789648770945747e+00, -3.2202435821666237e-02,
       6.2096886178637167e-01, -2.9727170081801626e+00,
       1.4602540757315492e-02, 6.7878468862089014e-01,
       -2.9702309048213067e+00, -4.6098054736907645e-02,
       7.9236046298027896e-01, -2.9656132597791323e+00,
       -2.8536785571494194e-02, 6.9695400336723845e-01,
       -2.9501119471030677e+00, -5.3795547075910208e-02,
       8.1933751852381209e-01, -2.8815795465229006e+00,
       -5.9835877968200987e-02, 9.1206639990767624e-01,
       -2.8863301209870471e+00, -7.3108462776199659e-02,
       1.0079560932961502e+00, -2.8734526625208900e+00,
       -4.7565926929175051e-02, 1.0370049245189357e+00,
       -2.8389802380560965e+00, -8.2593438841724987e-02,
       1.0992447374212944e+00, -2.8213646063259707e+00,
       -5.5449282906947950e-02, 1.1657365659772156e+00,
       -2.8282866172351113e+00, -1.2854438231058593e-01,
       1.2029909364669276e+00, -2.7772286679697364e+00,
       -1.7306553087727566e-01, 1.1918889354659905e+00,
       -2.7312186418519864e+00, -9.1218011563777790e-02,
       1.3843149675124187e+00, -2.7374032250471654e+00,
       -5.3301255217995711e-02, 1.4584797564488150e+00,
       -2.6839359870653676e+00, -3.6682445130777591e-02,
       1.5188589837306377e+00, -2.6050557708873461e+00,
       -9.8241704060875748e-02, 1.6836621189101475e+00,
       -2.6241270944193400e+00, -1.3096170384183339e-01,
       1.5728856217709144e+00, -2.6476307289003951e+00,
       -7.9537104581241511e-02, 1.5703957703167670e+00,
       -2.6745132814096708e+00, -3.9361782715842855e-02,
       1.5358753538611072e+00, -2.6008126853941995e+00,
       -1.9650117808469873e-02, 1.5866780803073330e+00,
       -2.6643658115492723e+00, 8.5074373276622525e-02,
       1.5945190608237889e+00, -2.7219044382497670e+00,
       9.7826676794129000e-02, 1.5947665911435875e+00,
       2.7607622896526500e+00, -1.2766968059705350e-01,
       -1.4975465137638653e+00, -2.7234992690533035e+00,
       9.2225468407911876e-02, 1.5042237846983373e+00,
       -2.6912101037365530e+00, 2.4191508339271257e-02,
       1.5240742372441685e+00, -2.6320737055590788e+00,
       -2.9459196366535378e-02, 1.5692861470215345e+00,
       -2.7258499679602255e+00, -4.9812800760610293e-03,
       1.5022604317882249e+00, -2.7941297568095407e+00,
       -1.7437999351709591e-02, 1.4050181469052041e+00,
       -2.7777676181019340e+00, -4.6156894411125485e-02,
       1.3887918278137494e+00, -2.7403277769701124e+00,
       -4.6514159804258291e-02, 1.3878365070428182e+00,
       -2.7679329788719746e+00, -4.9142202444020837e-02,
       1.3217854813309311e+00, -2.7785583281941970e+00,
       -3.3826770119841483e-02, 1.2362235569523430e+00,
       -2.7602441807196234e+00, -6.1959754841977126e-02,
       1.1963040472173123e+00, -2.7652207054376503e+00,
       -1.1926417434547952e-01, 1.1447480329501096e+00,
       -2.7382262924840139e+00, -7.4037306961509397e-02,
       1.0864504270673121e+00, -2.7278338153113730e+00,
       -3.5799989586003646e-02, 1.0645168084079901e+00,
       -2.7590172628625087e+00, -7.0861295015272871e-02,
       1.0656888650076277e+00, -2.7813747787493273e+00,
       -8.9112009785473109e-02, 9.4465978121383487e-01,
       -2.8012019552956446e+00, -9.9656565895353363e-02,
       9.6121168156573100e-01, -2.8041140299404108e+00,
       -7.8075584867451864e-02, 8.1390235363883845e-01,
       -2.8190346379439570e+00, -7.9990824128858995e-02,
       6.4553749514258896e-01, -2.8606312809870995e+00,
       -6.3793328506538780e-02, 6.2447874459262931e-01,
       -2.8051036393886579e+00, -5.8606067548912309e-02,
       6.2464728172367179e-01, -2.8051374462925618e+00,
       -8.4029550843442907e-02, 7.8613925335666979e-01,
       -2.8474277237826611e+00, -1.1439073382820486e-01,
       7.8327320119832933e-01, -2.8980162722955707e+00,
       -1.3400036685784947e-01, 7.5219830919241626e-01,
       -2.9500933716856630e+00, -1.3205581338218569e-01,
       6.5401521846410893e-01, -3.0147839098896898e+00,
       -1.4586672622286759e-01, 6.0766517093051486e-01,
       -2.9964061172878420e+00, -1.3286031027251441e-01,
       4.7067900996414702e-01, -2.9771419174489235e+00,
       -1.4530573407247058e-01, 3.8393044017998812e-01,
       -3.0004200675497175e+00, -1.5810250363718648e-01,
       3.6387807191926519e-01, -3.0390441524878402e+00,
       -1.6674771782855166e-01, 2.9230961219256141e-01,
       -3.0444859940016871e+00, -1.4055005441817656e-01,
       3.1934674003492469e-01, -3.0355996061149502e+00,
       -1.1292698942005104e-01, 2.8691605153423505e-01,
       -3.0319460812221890e+00, -3.0999978069323864e-02,
       1.8758244308256966e-01, -3.0363382290420748e+00,
       -3.0724440337554441e-02, 1.4063658524862740e-01,
       -3.0567983834411345e+00, -3.3007749131421737e-02,
       1.7650033892870573e-01, -3.1028203025374603e+00,
       -1.3620978583230614e-02, 2.7980375561342352e-01,
