%YAML:1.0
---
summary: "Filter by time and points, rd=20, rs=10, sp=5, sf=3."
init_cam_calib: C99-1010_3p_3
camera_matrix: !!opencv-matrix
   rows: 3
   cols: 3
   dt: d
   data: [ 2.5714064533011542e+03, 0., 1.8904320822570050e+03, 0.,
       2.5703780467993934e+03, 1.0863932912946339e+03, 0., 0., 1. ]
dist_coeff: !!opencv-matrix
   rows: 5
   cols: 1
   dt: d
   data: [ 1.3895251248945459e-02, -1.2588157846252689e-02,
       -3.9516692957109151e-04, -5.7097051088249881e-04,
       -5.4726580890157063e-03 ]
std_intrinsics: !!opencv-matrix
   rows: 18
   cols: 1
   dt: d
   data: [ 1.2229577130397589e+00, 1.1511045388775263e+00,
       2.3333396217183400e+00, 1.4973348640699480e+00,
       2.8543773627808054e-03, 1.0487493856332826e-02,
       1.9937592708983712e-04, 3.1130018894926002e-04,
       1.1486305970219646e-02, 0., 0., 0., 0., 0., 0., 0., 0., 0. ]
std_extrinsics: !!opencv-matrix
   rows: 690
   cols: 1
   dt: d
   data: [ 1.8013562262937943e-03, 6.2134506283238712e-04,
       2.0681485162029750e-03, 3.2789284238109824e+00,
       2.1252672004238211e+00, 2.2830362789420739e+00,
       1.9181859460827098e-03, 5.5888603595183751e-04,
       2.0643808568359232e-03, 3.2722066641024119e+00,
       2.1297021889274568e+00, 2.2508471684483591e+00,
       1.8838540407938881e-03, 6.2734169311682523e-04,
       1.9761586807084432e-03, 3.1693313623001580e+00,
       2.0597601605373601e+00, 2.2858663979546661e+00,
       1.6239512904213766e-03, 6.1142904732776132e-04,
       1.8710894479406271e-03, 2.9938243866671121e+00,
       1.9437454533498457e+00, 2.1484649922200973e+00,
       1.5382918514775629e-03, 6.2103835761096577e-04,
       1.8575679501141556e-03, 2.7099001305314716e+00,
       1.7730687559394065e+00, 1.9761148335181820e+00,
       1.4002863377538381e-03, 6.7235498470082393e-04,
       2.0109193855525355e-03, 2.4432197421670661e+00,
       1.5995369688536827e+00, 1.8731302754783394e+00,
       2.8863290875930478e-03, 9.4376644302542653e-04,
       2.8709173946128604e-03, 2.3280379093016097e+00,
       1.5700393470287735e+00, 2.3877787690182060e+00,
       2.3390747567198669e-03, 8.0285100719175711e-04,
       2.7687429523310840e-03, 2.2690676376447221e+00,
       1.5754975405956759e+00, 2.3002581627168657e+00,
       1.6877265997118278e-03, 6.1481178392097766e-04,
       2.1033924020946986e-03, 2.4799749349926712e+00,
       1.6684043240238189e+00, 1.7867345257110379e+00,
       1.7166188926644331e-03, 6.7102983555462317e-04,
       1.9993825842292228e-03, 2.8097700990871926e+00,
       1.8637877557604603e+00, 1.9518212923535385e+00,
       1.4447904955366690e-03, 6.5357972492902875e-04,
       2.2126424630778711e-03, 3.0915084404041000e+00,
       2.0407732100673588e+00, 1.9795068927092181e+00,
       1.5954605609103507e-03, 6.9546847489857454e-04,
       2.1069326529288830e-03, 3.2851666906172672e+00,
       2.1498602491971828e+00, 2.1588976701299658e+00,
       1.6202709506381969e-03, 6.5617572612926864e-04,
       2.1771138861232105e-03, 3.4354233355104893e+00,
       2.2520918376079164e+00, 2.1068040151496983e+00,
       1.7364491945436704e-03, 7.1302709630100360e-04,
       2.2191459471954224e-03, 3.5096486901633637e+00,
       2.2950235722118300e+00, 2.3062301215071015e+00,
       1.7257506931727036e-03, 7.0047832990644042e-04,
       2.3071070316820963e-03, 3.4580631355482789e+00,
       2.2547559857880253e+00, 2.2235336017775476e+00,
       1.2667716146568316e-03, 7.1139613347147431e-04,
       2.4568091733440591e-03, 3.3615779574843399e+00,
       2.2065633419082791e+00, 2.1922985958746288e+00,
       1.5199777905613146e-03, 8.2610272457336322e-04,
       2.4229600233882063e-03, 3.3970498916732281e+00,
       2.2399570971376055e+00, 2.2134543184327482e+00,
       1.2958792808046549e-03, 7.6255981571719084e-04,
       2.3978859351950115e-03, 3.3872406504542041e+00,
       2.2194300023713356e+00, 2.1491181886018311e+00,
       1.2880162905739799e-03, 7.2244089495631400e-04,
       2.4777479053476503e-03, 3.3299176633070591e+00,
       2.1921086568385415e+00, 2.1839553859189835e+00,
       1.6248371217813056e-03, 6.8033053331248157e-04,
       2.1355065272440554e-03, 3.3551454971710117e+00,
       2.1957685333545007e+00, 2.2087744715320934e+00,
       1.7004891998558286e-03, 6.7355942157183658e-04,
       2.2255098374783103e-03, 3.3807384591303871e+00,
       2.2330027564683221e+00, 2.3711627191970188e+00,
       1.6502101832215532e-03, 6.3709399017815023e-04,
       2.2144432176415324e-03, 3.3798275635073147e+00,
       2.2433929844809364e+00, 2.5598636333109890e+00,
       1.5160893079607207e-03, 6.2134731373730552e-04,
       2.0878329504534806e-03, 3.4703143342201730e+00,
       2.2748277627054252e+00, 2.4337924992357838e+00,
       1.6185233655861895e-03, 6.9656862118858153e-04,
       2.1799660937982055e-03, 3.4072849313034439e+00,
       2.2564847982611882e+00, 2.5807721304689237e+00,
       1.5556060288897493e-03, 7.0699542222365077e-04,
       2.4040303928443011e-03, 3.5076810999263306e+00,
       2.3103610587908263e+00, 2.5809257196998101e+00,
       1.5649520868118636e-03, 6.8432694631859583e-04,
       2.3204381207469391e-03, 3.5009824951570661e+00,
       2.2941060543820559e+00, 2.3191844522462053e+00,
       1.6975756063923495e-03, 7.0065848876491141e-04,
       2.2179143899527581e-03, 3.4874158713343775e+00,
       2.2902675243573767e+00, 2.3658473635052908e+00,
       1.7421118596199449e-03, 7.7994746477960382e-04,
       2.2546586604090734e-03, 3.6065748770136437e+00,
       2.3722159267977609e+00, 2.6595553929526723e+00,
       1.7733089582782154e-03, 8.9420475960576284e-04,
       2.3072732528674547e-03, 3.6378269604039235e+00,
       2.4065116841492462e+00, 3.0953789321081477e+00,
       2.1751787593883359e-03, 1.5490881732829103e-03,
       2.2808585159137039e-03, 3.6507078605409840e+00,
       2.4942721994875980e+00, 3.6544659667228019e+00,
       2.0888911417334013e-03, 1.6627891150460422e-03,
       2.3094544844091173e-03, 3.5965673128094866e+00,
       2.4061167961918444e+00, 3.9929958638447158e+00,
       1.9263335161095261e-03, 1.5192221323247969e-03,
       2.0291527051934130e-03, 3.4468757458006700e+00,
       2.2641256178416751e+00, 2.9343455471346362e+00,
       1.8507906932102574e-03, 1.5292870965156863e-03,
       2.0013272078134988e-03, 3.3673820100748437e+00,
       2.2363073234698292e+00, 3.2976683530087190e+00,
       1.7321045576651338e-03, 1.3939316007533548e-03,
       1.9650808036368039e-03, 3.2680882267838105e+00,
       2.1526104077265282e+00, 2.8611940124551061e+00,
       1.7538923504581436e-03, 1.2186675910752466e-03,
       1.9319530613336510e-03, 3.2908198851098800e+00,
       2.1383786240274056e+00, 2.3664450167976900e+00,
       1.7260566619594815e-03, 1.2972478642797325e-03,
       1.9252046243509314e-03, 3.3426277016460748e+00,
       2.1556248194439487e+00, 2.8981417173873978e+00,
       1.9252346131950599e-03, 1.7404996951351998e-03,
       2.1896629655017196e-03, 3.3919120257466169e+00,
       2.1941091132482589e+00, 3.0930931651356128e+00,
       1.6702506081356470e-03, 1.2865967760821854e-03,
       1.9646922879181209e-03, 3.3484600814056154e+00,
       2.1942888723413780e+00, 2.4122831498158188e+00,
       2.0328241834650621e-03, 1.5436153998565556e-03,
       2.0534180743236835e-03, 3.3855297555332236e+00,
       2.1781284662508669e+00, 2.9750711956540274e+00,
       1.8993808092706234e-03, 1.4299121008731254e-03,
       2.0125341605968235e-03, 3.3832837886778240e+00,
       2.2184975630533930e+00, 2.8330732052085343e+00,
       1.9540642821338555e-03, 1.8723547445677704e-03,
       2.4408987582934254e-03, 3.3828576163901003e+00,
       2.2609553037589638e+00, 3.0928780860400624e+00,
       2.0839812269788215e-03, 1.8137896907993484e-03,
       2.2703316989921771e-03, 3.4224338393380189e+00,
       2.2660285387373387e+00, 3.2221759291395822e+00,
       2.0834991454867597e-03, 1.4249893462001664e-03,
       2.1758176984002652e-03, 3.5111335051176091e+00,
