%YAML:1.0
---
summary: "Filter by time, rd=20, rs=10."
init_cam_calib: C99-1010_3p_3
camera_matrix: !!opencv-matrix
   rows: 3
   cols: 3
   dt: d
   data: [ 2.5685151046165279e+03, 0., 1.8906007344466530e+03, 0.,
       2.5677668711979863e+03, 1.0873137128253902e+03, 0., 0., 1. ]
dist_coeff: !!opencv-matrix
   rows: 5
   cols: 1
   dt: d
   data: [ 1.3724815179570875e-02, -1.0999307067406048e-02,
       -2.9325917297462782e-04, -4.4794240358797869e-04,
       -4.7319518519594803e-03 ]
std_intrinsics: !!opencv-matrix
   rows: 18
   cols: 1
   dt: d
   data: [ 5.4920000419880288e-01, 5.1760237873435044e-01,
       1.0568270628562293e+00, 6.8192336743527526e-01,
       1.3176483858338549e-03, 4.8674385197974871e-03,
       9.1218136243273289e-05, 1.4125404212782472e-04,
       5.2981431196794096e-03, 0., 0., 0., 0., 0., 0., 0., 0., 0. ]
std_extrinsics: !!opencv-matrix
   rows: 690
   cols: 1
   dt: d
   data: [ 8.2902811510389071e-04, 2.9254159869768122e-04,
       9.5301477348581074e-04, 1.4821213237456523e+00,
       9.6994284827106014e-01, 1.0699109405133798e+00,
       8.2602423257638715e-04, 2.8957109339105468e-04,
       9.4437274041617321e-04, 1.4757311640367201e+00,
       9.6592603906442165e-01, 1.0659443893188281e+00,
       7.9983499060003595e-04, 2.8535263269767713e-04,
       9.2849558328928102e-04, 1.4363435584154056e+00,
       9.4135377861684832e-01, 1.0292234150246906e+00,
       7.3923272276054178e-04, 2.8716156730648540e-04,
       8.6279613639540971e-04, 1.3576326479003016e+00,
       8.8745531929414612e-01, 9.5006449698440354e-01,
       6.7000647211747913e-04, 2.7676420280778709e-04,
       8.3673083534246886e-04, 1.2314858477960466e+00,
       8.0941234120910777e-01, 8.5254034659090527e-01,
       7.2621544461185861e-04, 3.2553448616995888e-04,
       9.4948350160019464e-04, 1.1062095291708069e+00,
       7.2988474967214578e-01, 8.7081717940002912e-01,
       9.6591024628060740e-04, 4.1238794214944023e-04,
       1.2259175489797943e-03, 1.0572830763469969e+00,
       7.0451823285903403e-01, 1.0411259718696020e+00,
       1.1850248482692181e-03, 4.0946707216177265e-04,
       1.3246712746918061e-03, 1.0298316727035968e+00,
       7.1418408149841683e-01, 1.0632888564318959e+00,
       7.1360919116083589e-04, 2.7137022520946300e-04,
       8.8070109932222222e-04, 1.1304817788383132e+00,
       7.6587900120073837e-01, 8.0095516358978702e-01,
       7.0985170533433418e-04, 2.9009301503171031e-04,
       8.9853908391209598e-04, 1.2693160793270943e+00,
       8.5327608752412087e-01, 8.5918685763172487e-01,
       6.8514362320065973e-04, 2.9800306041145017e-04,
       9.4387017333900328e-04, 1.4028336666578116e+00,
       9.3262436147995664e-01, 9.0391664938803928e-01,
       7.2098450324628582e-04, 3.1193640855773491e-04,
       9.7470131426492172e-04, 1.4889740994597043e+00,
       9.8414119439902192e-01, 9.5261222691931591e-01,
       7.9166676595053738e-04, 3.2348026856148361e-04,
       1.0194363333764689e-03, 1.5591661874793397e+00,
       1.0276281833552583e+00, 1.0086657853997809e+00,
       8.0354129209097907e-04, 3.2860806487356641e-04,
       1.0419670530518277e-03, 1.5920428762641541e+00,
       1.0502422923238863e+00, 1.0496012620410651e+00,
       8.0173861867273487e-04, 3.2681128732574369e-04,
       1.0338533777603106e-03, 1.5677915792350277e+00,
       1.0316369613753573e+00, 1.0013669340080684e+00,
       6.0385853387954548e-04, 3.3439415316710602e-04,
       1.1073612086721345e-03, 1.5255161353466393e+00,
       1.0077545111248150e+00, 9.6454374257378506e-01,
       6.0414407665958843e-04, 3.4381919275295307e-04,
       1.0896214167398542e-03, 1.5403326934597410e+00,
       1.0163310605150599e+00, 9.7600440690095414e-01,
       5.9893044899228076e-04, 3.4826736011209155e-04,
       1.0897233819890007e-03, 1.5372834502670960e+00,
       1.0155444601301831e+00, 9.8721965737066830e-01,
       5.9286977561464845e-04, 3.4129784518640980e-04,
       1.1033971137640478e-03, 1.5100784162090790e+00,
       9.9863487833751841e-01, 9.6727455874983304e-01,
       7.5874273146357230e-04, 3.1339416293986195e-04,
       1.0216791957298034e-03, 1.5201492660662246e+00,
       1.0047984361069209e+00, 9.9120751070883162e-01,
       7.5237047926537189e-04, 3.0873179442870492e-04,
       1.0048106167177061e-03, 1.5333095157990269e+00,
       1.0149636639810191e+00, 1.0394620682508526e+00,
       7.4036787843357135e-04, 2.9816180312908794e-04,
       1.0145610115818884e-03, 1.5390649131995640e+00,
       1.0246645787746520e+00, 1.1137042589249762e+00,
       7.5200873458557453e-04, 2.9707333171463099e-04,
       1.0276546000233381e-03, 1.5665642913561797e+00,
       1.0407181916846797e+00, 1.1170985205777668e+00,
       7.4097428002056721e-04, 3.0226870813333839e-04,
       1.0222577738474290e-03, 1.5388953318857217e+00,
       1.0219650712396648e+00, 1.0918089198505487e+00,
       7.9464731479093323e-04, 3.2581269627592426e-04,
       1.0799390015704515e-03, 1.5860096315878800e+00,
       1.0519358954948801e+00, 1.1574817407158158e+00,
       7.9081195592333288e-04, 3.2854207161771022e-04,
       1.0541448260845323e-03, 1.5878437569325878e+00,
       1.0495818140564166e+00, 1.0942476549851665e+00,
       7.6749250660520271e-04, 3.2842049388685665e-04,
       1.0462957107204289e-03, 1.5803264311823420e+00,
       1.0475469566567723e+00, 1.0995726665389181e+00,
       7.8837323813780308e-04, 3.4978003055198873e-04,
       1.0451534006214983e-03, 1.6370065251944226e+00,
       1.0864791329244108e+00, 1.2086105034427830e+00,
       7.9764909466430644e-04, 4.0067174919249045e-04,
       9.9953107696633598e-04, 1.6454831281513838e+00,
       1.0939731385589588e+00, 1.2878956089238784e+00,
       9.3865197828943588e-04, 6.0747844264497607e-04,
       1.0091269980271531e-03, 1.6571393785949819e+00,
       1.1319941593606557e+00, 1.6363471446025561e+00,
       9.5045874540880450e-04, 7.2386449154707253e-04,
       9.9965907420431887e-04, 1.6338433666310090e+00,
       1.0926031878422231e+00, 1.5993789623027732e+00,
       8.6084766572894331e-04, 6.9839661433841271e-04,
       9.3055144907099063e-04, 1.5666309877708038e+00,
       1.0381726253761290e+00, 1.3820638741760671e+00,
       8.2259364442312309e-04, 6.6424910377711115e-04,
       9.0884054887857189e-04, 1.5267874793204870e+00,
       1.0143800472392888e+00, 1.2999025525377039e+00,
       7.7192767068912961e-04, 5.8477502436899375e-04,
       8.7092298711306847e-04, 1.4798959864428467e+00,
       9.7786668858294945e-01, 1.1291721809948212e+00,
       7.9309888846464409e-04, 5.8103139522064156e-04,
       8.8568597555846494e-04, 1.4862185306141256e+00,
       9.7371642749205778e-01, 1.1421624279448159e+00,
       7.9230912476200427e-04, 5.9016184142844576e-04,
       8.6853604374367756e-04, 1.5187799468885499e+00,
       9.8951521768441242e-01, 1.1447958264160485e+00,
       7.7136583183067551e-04, 5.7819998891868658e-04,
       8.3891539351293629e-04, 1.5219391372310200e+00,
       9.9262569887561924e-01, 1.1496525199876921e+00,
       7.8793611941708249e-04, 5.8134041294393476e-04,
       8.5099209762678324e-04, 1.5269391372386072e+00,
       9.9789700098959222e-01, 1.1442334032705317e+00,
       8.7858772049437608e-04, 6.8342853777808425e-04,
       9.9819381259159913e-04, 1.5342270237360338e+00,
       9.9818963470925104e-01, 1.3270456595746214e+00,
       8.2358279476527833e-04, 6.2415706165562133e-04,
       9.3320680128076365e-04, 1.5366735865305916e+00,
       1.0157565742587713e+00, 1.3185562992830313e+00,
       8.1020892151361529e-04, 6.2413244110416904e-04,
       9.1598424495362553e-04, 1.5366553287405540e+00,
       1.0234158543721923e+00, 1.3558791131739867e+00,
       8.6977267567746796e-04, 6.9765755585468440e-04,
       9.5301468392379831e-04, 1.5430782144453923e+00,
       1.0261843914646749e+00, 1.3585466443198861e+00,
       9.2209482022467804e-04, 6.8345610496770308e-04,
       1.0104348248043198e-03, 1.5887147213962278e+00,
