%YAML:1.0
---
summary: "Filter by distance, md=200, ds=100."
init_cam_calib: C99-1010_3p_3
camera_matrix: !!opencv-matrix
   rows: 3
   cols: 3
   dt: d
   data: [ 2.5718908033032335e+03, 0., 1.8953778060593697e+03, 0.,
       2.5722403864653470e+03, 1.0904593879193824e+03, 0., 0., 1. ]
dist_coeff: !!opencv-matrix
   rows: 5
   cols: 1
   dt: d
   data: [ 2.2288713050546482e-02, -2.6472193485982558e-02,
       8.4423540600397505e-04, 2.5449752631762245e-05,
       4.0508479621241839e-03 ]
std_intrinsics: !!opencv-matrix
   rows: 18
   cols: 1
   dt: d
   data: [ 5.3580890817098681e-01, 5.0812303605358078e-01,
       9.8072740826119065e-01, 6.3796849361288255e-01,
       1.2475531273914704e-03, 4.4825480585534453e-03,
       8.5136655383070547e-05, 1.3216163192141203e-04,
       4.7402941099802922e-03, 0., 0., 0., 0., 0., 0., 0., 0., 0. ]
std_extrinsics: !!opencv-matrix
   rows: 1206
   cols: 1
   dt: d
   data: [ 1.0464313335930104e-03, 3.7673984630652016e-04,
       1.1143033587741656e-03, 1.3939283692794848e+00,
       9.2918382624715634e-01, 1.2341904347124353e+00,
       1.0158024300855942e-03, 3.6443547468608816e-04,
       1.0707187150735288e-03, 1.3620293188526111e+00,
       9.0849054732475953e-01, 1.1938140359284315e+00,
       9.5192829373750003e-04, 3.7330477906827021e-04,
       1.0118258483908301e-03, 1.3006063027649288e+00,
       8.6583481346638291e-01, 1.1248775338795893e+00,
       8.8274217551260266e-04, 3.6322457520907079e-04,
       9.5363328744685946e-04, 1.2233384567453240e+00,
       8.1400423195230454e-01, 1.0296568140467988e+00,
       8.5591852355242353e-04, 3.5779192973586717e-04,
       9.5655680190702126e-04, 1.1825450493564977e+00,
       7.8866527237212325e-01, 9.9591700917148340e-01,
       8.2789031438600146e-04, 3.7455244269654517e-04,
       9.7494553598813241e-04, 1.1148295714079266e+00,
       7.4165800318313513e-01, 9.4447374785845983e-01,
       8.5490651972407465e-04, 4.0609553123137544e-04,
       1.0528328801889522e-03, 1.0645760548121204e+00,
       7.0671009218428449e-01, 9.6160891506229829e-01,
       9.8686346425597041e-04, 4.6530234134629873e-04,
       1.2389898112139636e-03, 1.0444011776030035e+00,
       6.9257734288769690e-01, 1.0723254965305229e+00,
       1.1461810754618985e-03, 5.2197350145609899e-04,
       1.4078610460429440e-03, 1.0297275359580114e+00,
       6.8834978748094566e-01, 1.1762718408281658e+00,
       1.3432110640854090e-03, 5.3189047105052089e-04,
       1.5854339447427775e-03, 1.0307892002493735e+00,
       7.0765137438334247e-01, 1.2426725742422551e+00,
       1.4906380107319779e-03, 5.5744097022719327e-04,
       1.6857094394762565e-03, 1.0190009745103097e+00,
       7.1620158712867055e-01, 1.2683032453274192e+00,
       1.4752334976180571e-03, 5.2454677956310567e-04,
       1.6045320138762926e-03, 9.9164197758686157e-01,
       7.1049237073945704e-01, 1.2242595309702549e+00,
       1.3621876487377215e-03, 4.4080069064040628e-04,
       1.3074567259353182e-03, 1.0068324279678331e+00,
       7.1912553917589273e-01, 1.0911081458473735e+00,
       8.6551205243235721e-04, 3.3471365355562904e-04,
       9.6558109314671644e-04, 1.0734992821828329e+00,
       7.4067492231834964e-01, 8.5233097533376367e-01,
       8.4069551771676033e-04, 3.4046152666256010e-04,
       9.7753618470648252e-04, 1.1476605821164794e+00,
       7.8533234403818153e-01, 8.6334884117604349e-01,
       8.6485999367396336e-04, 3.6390258607059352e-04,
       1.0231745741250172e-03, 1.2185380715921212e+00,
       8.3246962545535086e-01, 9.4982568415443236e-01,
       8.4774249764064632e-04, 3.6870621932494645e-04,
       1.0821662927131019e-03, 1.2982637782717603e+00,
       8.8299899221424438e-01, 1.0136521528091418e+00,
       8.6297991643806491e-04, 3.7593418576801037e-04,
       1.1107256429206788e-03, 1.3608723863490302e+00,
       9.2179205788450247e-01, 1.0552080557755215e+00,
       9.4806730931724351e-04, 3.9534900177243184e-04,
       1.1837025039230329e-03, 1.4372974638830800e+00,
       9.7021211583278921e-01, 1.1379757034122315e+00,
       9.7087471957438330e-04, 3.9879554780071285e-04,
       1.1933353698940689e-03, 1.4513857991782517e+00,
       9.8066880082026053e-01, 1.1568406687408586e+00,
       9.9668598890175018e-04, 4.0507405718835898e-04,
       1.2266480992546575e-03, 1.4755944038469413e+00,
       9.9464712448772119e-01, 1.1881235860352293e+00,
       9.3301351753017063e-04, 4.1151059979560508e-04,
       1.2000131605959228e-03, 1.4303211598432750e+00,
       9.6680325850001736e-01, 1.1162466441241137e+00,
       9.4589192668183741e-04, 3.8769548282068715e-04,
       1.1901494368588830e-03, 1.4290469865309743e+00,
       9.6540807772452808e-01, 1.1323283414856860e+00,
       9.5119349849469151e-04, 3.8874766129254833e-04,
       1.1955721706146340e-03, 1.4377838830143199e+00,
       9.7388944301324709e-01, 1.1687469732455837e+00,
       9.4968607223662601e-04, 3.7975591857267204e-04,
       1.1874877544255345e-03, 1.4516591423824856e+00,
       9.8405561892187809e-01, 1.2025536197195523e+00,
       9.3596299181374618e-04, 3.7724867411608354e-04,
       1.1937673598172585e-03, 1.4528090761835821e+00,
       9.8892464667790481e-01, 1.2456902396019724e+00,
       9.3528704360092228e-04, 3.7645824597486302e-04,
       1.2028883241505847e-03, 1.4513410338223574e+00,
       9.9279869414644650e-01, 1.2628780189887689e+00,
       9.2731281470673406e-04, 3.6847660309086860e-04,
       1.1959632847051138e-03, 1.4592399785569095e+00,
       9.9318734628074101e-01, 1.2730476653022456e+00,
       9.3197008295345656e-04, 3.7359574031318326e-04,
       1.2067283429000428e-03, 1.4610922947549210e+00,
       9.9176713605431599e-01, 1.2848637130935321e+00,
       9.1774594112868126e-04, 3.7554997355173481e-04,
       1.2006471406117748e-03, 1.4439448209491708e+00,
       9.7982015029732239e-01, 1.2620261814114804e+00,
       9.2281404988460403e-04, 3.8881477897751820e-04,
       1.2215717199616832e-03, 1.4485456360619824e+00,
       9.8042613416307178e-01, 1.2741070273463491e+00,
       9.7484319721271684e-04, 4.0466610630724808e-04,
       1.2471411265340901e-03, 1.4841561349927910e+00,
       1.0048803162596209e+00, 1.2679691216769515e+00,
       9.6412195284631972e-04, 4.0876770917856617e-04,
       1.2370805609493672e-03, 1.4794644329476965e+00,
       1.0020725739621550e+00, 1.2704380143957714e+00,
       9.3246072015393461e-04, 4.1072279385882707e-04,
       1.2228782021748345e-03, 1.4834872743568637e+00,
       1.0092874093432982e+00, 1.3040597152484630e+00,
       9.5346655743778607e-04, 4.2598215760938902e-04,
       1.2290829643360180e-03, 1.5127353219918991e+00,
       1.0292005625331584e+00, 1.3967649085001062e+00,
       9.8535316277705010e-04, 4.3886441108594623e-04,
       1.2336863456119587e-03, 1.5403876796254921e+00,
       1.0523231099802293e+00, 1.4516631639778659e+00,
       9.8413362966409874e-04, 4.5445066690565842e-04,
       1.2150131199900624e-03, 1.5393581482264518e+00,
       1.0489141477156301e+00, 1.4423588070484914e+00,
       9.6646680511325051e-04, 4.7073958649513373e-04,
       1.1713106950722999e-03, 1.5442219982636352e+00,
       1.0555159087848518e+00, 1.5315127306702145e+00,
       1.0198927506432989e-03, 5.3536649805687678e-04,
       1.1637591045099594e-03, 1.5535312505189196e+00,
       1.0762548227899760e+00, 1.6770131155550676e+00,
       1.1051477885841254e-03, 6.5000493668659464e-04,
       1.1472205418265984e-03, 1.5508898140006091e+00,
       1.0854265999772688e+00, 1.8387958559984807e+00,
       1.1965459157591922e-03, 7.6851014389602262e-04,
       1.1878622877713268e-03, 1.5817603244577292e+00,
       1.1190489537443118e+00, 2.0395718475335203e+00,
       1.2027474856878345e-03, 7.9520552517917565e-04,
       1.1697954124957231e-03, 1.5791848902393213e+00,
       1.1479843859739416e+00, 2.1382913305533422e+00,
       1.2183948624685545e-03, 9.1983126660171658e-04,
       1.1896828300581913e-03, 1.5850012067740129e+00,
