%YAML:1.0
---
summary: "Filter by time and points, rd=20, rs=0, sp=5, sf=2."
init_cam_calib: C99-1010_3p_3
camera_matrix: !!opencv-matrix
   rows: 3
   cols: 3
   dt: d
   data: [ 2.5645517230859618e+03, 0., 1.8725602607898272e+03, 0.,
       2.5647688718978229e+03, 1.0843541836297793e+03, 0., 0., 1. ]
dist_coeff: !!opencv-matrix
   rows: 5
   cols: 1
   dt: d
   data: [ 1.2764213328241689e-02, -1.2837049587805138e-02,
       -6.6214023579693382e-04, -1.8867355245003395e-03,
       -2.7897249310779729e-03 ]
std_intrinsics: !!opencv-matrix
   rows: 18
   cols: 1
   dt: d
   data: [ 1.1874749633295938e+00, 1.1148139955574912e+00,
       2.2147590569571318e+00, 1.4478093949082860e+00,
       2.8421010450545522e-03, 1.0650959890946277e-02,
       1.9250095058871074e-04, 2.9652505502363849e-04,
       1.1687222065305538e-02, 0., 0., 0., 0., 0., 0., 0., 0., 0. ]
std_extrinsics: !!opencv-matrix
   rows: 690
   cols: 1
   dt: d
   data: [ 1.8387406662343172e-03, 6.4393325502559023e-04,
       2.0802587257170652e-03, 3.1105318616839872e+00,
       2.0467000964290141e+00, 2.2687636119313961e+00,
       1.5818835652807578e-03, 6.2105290645105124e-04,
       2.1253435543927613e-03, 3.0921184609064247e+00,
       2.0515174250669777e+00, 2.2590198003185695e+00,
       1.5440131259606695e-03, 5.8234279456099178e-04,
       1.8951895825846685e-03, 3.0669342011413652e+00,
       2.0250568165208600e+00, 2.1081268515596410e+00,
       1.4551328605381655e-03, 5.6750241969197681e-04,
       1.7667656763444221e-03, 2.9387478753899972e+00,
       1.9486423791589185e+00, 2.0577176725980797e+00,
       1.8444255731179171e-03, 5.9512331118206137e-04,
       1.8020660230996311e-03, 2.7199557041100801e+00,
       1.8000242853757975e+00, 2.0494318926590305e+00,
       1.2529017894004509e-03, 5.6061421421853481e-04,
       1.6883656463667531e-03, 2.4491018414776882e+00,
       1.6265915539103348e+00, 1.7605541381684273e+00,
       1.3839174476478174e-03, 7.8098710896665842e-04,
       2.1503956809629751e-03, 2.2097833875538035e+00,
       1.4744800743632389e+00, 1.9444229306354786e+00,
       2.9520047831400817e-03, 9.5101882958672156e-04,
       2.8748821032306810e-03, 2.1933591223646922e+00,
       1.5074226162857209e+00, 2.3837912984114573e+00,
       1.9749395913498096e-03, 6.8865335922567493e-04,
       2.3380482385451889e-03, 2.2081426490963363e+00,
       1.5321944113469237e+00, 1.8952151924659408e+00,
       1.6979339811721821e-03, 6.2088245261354572e-04,
       1.8674299632498548e-03, 2.5244960815887745e+00,
       1.7103058052915781e+00, 1.7689006142360251e+00,
       1.4595815249158913e-03, 6.3756754565685273e-04,
       1.9873014562102834e-03, 2.8100273760588412e+00,
       1.8884981633593008e+00, 1.8188095354816320e+00,
       1.3620678576960290e-03, 6.2418770957213348e-04,
       1.9289665808910781e-03, 3.0489644889993937e+00,
       2.0412922366171813e+00, 1.9169632618988965e+00,
       1.7076807916828929e-03, 7.2378765900861757e-04,
       2.1895855963991865e-03, 3.2111908701217469e+00,
       2.1266347033162436e+00, 2.2761353407301996e+00,
       1.7042457847616739e-03, 7.3225368672391697e-04,
       2.2828442629940935e-03, 3.2996619453857967e+00,
       2.1903082475276054e+00, 2.3353054119524970e+00,
       1.5976462091371894e-03, 6.7552827079669345e-04,
       2.1252379724693935e-03, 3.3253019041391689e+00,
       2.2213377547853637e+00, 2.3097857784733957e+00,
       1.5526858024598497e-03, 6.8130891583923023e-04,
       2.1599333055293984e-03, 3.2203945646438723e+00,
       2.1508666386244166e+00, 2.1062100288156951e+00,
       1.2846668646846631e-03, 7.2824723005814333e-04,
       2.3469010280737159e-03, 3.2234281464168735e+00,
       2.1512226168707764e+00, 2.0249060404928154e+00,
       1.2817951653925368e-03, 7.2971906660875495e-04,
       2.3068580322350690e-03, 3.2115274012677171e+00,
       2.1445399546249062e+00, 2.1079606326966172e+00,
       1.3094036626959064e-03, 7.5831512944565457e-04,
       2.4799827912114734e-03, 3.2236187193247940e+00,
       2.1546622193302851e+00, 2.1728685717285892e+00,
       1.2660687013262434e-03, 6.9159591977368195e-04,
       2.3330864080722408e-03, 3.1503694421413457e+00,
       2.1052049056354494e+00, 2.1119893679509611e+00,
       1.6321413776632055e-03, 6.4093928831922221e-04,
       2.2287518504218121e-03, 3.2006813788421860e+00,
       2.1497743926255479e+00, 2.1999142808630392e+00,
       1.4777562812047374e-03, 5.8220944845944209e-04,
       2.1086044188443815e-03, 3.2480466033837163e+00,
       2.1802419743568748e+00, 2.1538899674340644e+00,
       1.5863155004522424e-03, 6.1623122536284174e-04,
       2.0104569015862266e-03, 3.2844973547880989e+00,
       2.2025612549374087e+00, 2.3805261417710861e+00,
       1.5137460915029333e-03, 5.9665760363142035e-04,
       2.1561325679350248e-03, 3.2798427735657385e+00,
       2.2014919711410603e+00, 2.3308942981730660e+00,
       1.6486111420177946e-03, 6.4663271416408492e-04,
       2.2007861273410610e-03, 3.2704057812755223e+00,
       2.1944035984033001e+00, 2.3968479486301075e+00,
       1.7245502411725416e-03, 6.7892662977238414e-04,
       2.3669713195647001e-03, 3.3125812375905066e+00,
       2.2182050625001759e+00, 2.3147384641256341e+00,
       1.7550595122486825e-03, 6.8921343251287072e-04,
       2.3192316752496181e-03, 3.3281269722005904e+00,
       2.2306660987523119e+00, 2.4109145741800386e+00,
       1.5106329249662341e-03, 6.9066111148804576e-04,
       2.2625108819818466e-03, 3.3280308616469019e+00,
       2.2324733297735562e+00, 2.4675115491919914e+00,
       1.6972496858495805e-03, 8.2288983102413898e-04,
       2.1534751727312375e-03, 3.4471089103769028e+00,
       2.3185554165905247e+00, 2.6703206090578444e+00,
       1.8382584830824160e-03, 1.1040921198538455e-03,
       2.1811348277556634e-03, 3.4534212435105780e+00,
       2.3529607211970811e+00, 3.2079052480720280e+00,
       2.0176650185781105e-03, 1.4239476266513385e-03,
       2.0533649337168246e-03, 3.4527410788396269e+00,
       2.3941552704481790e+00, 3.8624111711144828e+00,
       1.8647477213777173e-03, 1.3746782713548256e-03,
       1.8795000077132312e-03, 3.3689791770863047e+00,
       2.2564549030318326e+00, 2.9681659172011399e+00,
       1.6896506765254221e-03, 1.3099363873228251e-03,
       1.8253415202228761e-03, 3.2432743048061603e+00,
       2.1456872226760200e+00, 2.5177579188540458e+00,
       1.8516643273654527e-03, 1.5183769747119265e-03,
       1.8975253302933417e-03, 3.1700962426576931e+00,
       2.1540068012990949e+00, 3.0994390156282683e+00,
       1.5636941487962670e-03, 1.1995450594362753e-03,
       1.7355983337423403e-03, 3.1239957949998298e+00,
       2.0746011114525991e+00, 2.0746419425527991e+00,
       1.7584353213637345e-03, 1.3756035113782956e-03,
       2.0740738838531786e-03, 3.1923903786701930e+00,
       2.1359280207051903e+00, 2.8874048179965026e+00,
       1.6779191982046072e-03, 1.2822584492380147e-03,
       1.7579759162974868e-03, 3.2154940460659605e+00,
       2.1106420940096915e+00, 2.2643098418428074e+00,
       1.7481522762207852e-03, 1.2704594745413917e-03,
       1.6837174286917619e-03, 3.1885385872336371e+00,
       2.1080155381370496e+00, 2.3867332897418825e+00,
       1.7763520170846080e-03, 1.4354616138022823e-03,
       2.1545245337117073e-03, 3.2002098991926173e+00,
       2.1484220258165529e+00, 2.6931978579689142e+00,
       1.9959501033876147e-03, 1.5468007260661120e-03,
       2.1110316500030620e-03, 3.2529779485942507e+00,
       2.1362224601560955e+00, 3.1968426860343282e+00,
       1.5727115273793703e-03, 1.1815708085764624e-03,
       1.8808759546677207e-03, 3.2304689308194856e+00,
       2.1585330796313826e+00, 2.8782598835329143e+00,
       1.6284232601319357e-03, 1.1567147480658266e-03,
       1.8510947328620952e-03, 3.2477405117450306e+00,
       2.1717160460152281e+00, 2.5819484198477536e+00,
       1.8397148684026292e-03, 1.3624466774607670e-03,
       2.1445007655226441e-03, 3.2439039069235571e+00,
