%YAML:1.0
---
summary: "Filter by distance, md=200, ds=150."
init_cam_calib: C99-1010_3p_3
camera_matrix: !!opencv-matrix
   rows: 3
   cols: 3
   dt: d
   data: [ 2.5716832530406314e+03, 0., 1.8953551934042075e+03, 0.,
       2.5720449120756707e+03, 1.0903394825868593e+03, 0., 0., 1. ]
dist_coeff: !!opencv-matrix
   rows: 5
   cols: 1
   dt: d
   data: [ 2.2341579943118178e-02, -2.6783972830835036e-02,
       8.2675593017256666e-04, 1.4824133753339373e-05,
       4.3720771239355088e-03 ]
std_intrinsics: !!opencv-matrix
   rows: 18
   cols: 1
   dt: d
   data: [ 5.3635542767529443e-01, 5.0862643866086887e-01,
       9.8189618784938826e-01, 6.3859701681749015e-01,
       1.2488927206266208e-03, 4.4870290124985083e-03,
       8.5212723037669975e-05, 1.3231927669563086e-04,
       4.7443650616601270e-03, 0., 0., 0., 0., 0., 0., 0., 0., 0. ]
std_extrinsics: !!opencv-matrix
   rows: 1206
   cols: 1
   dt: d
   data: [ 1.0475795612438551e-03, 3.7716123287424857e-04,
       1.1155719250401954e-03, 1.3955896413245552e+00,
       9.3010844411408444e-01, 1.2354197943347065e+00,
       1.0082619147208764e-03, 3.6709691432002466e-04,
       1.0765690003887974e-03, 1.3510058038344972e+00,
       9.0117574167142722e-01, 1.1829811328798270e+00,
       9.5297519855168811e-04, 3.7372174214391390e-04,
       1.0129848289408584e-03, 1.3021565611128838e+00,
       8.6669656861582411e-01, 1.1259996188728165e+00,
       8.8371317158828053e-04, 3.6363046911476845e-04,
       9.5472795214463077e-04, 1.2247965215209744e+00,
       8.1481494978101354e-01, 1.0306823307431041e+00,
       8.5686059013414856e-04, 3.5819258717724315e-04,
       9.5765586264359411e-04, 1.1839533426956348e+00,
       7.8945107055165431e-01, 9.9690941469880867e-01,
       8.2879805029121916e-04, 3.7497232870038261e-04,
       9.7605035078077228e-04, 1.1161569775237337e+00,
       7.4239690853677964e-01, 9.4541886625374583e-01,
       8.5584291301202178e-04, 4.0655238239307165e-04,
       1.0540197192928224e-03, 1.0658418427558245e+00,
       7.0741555447882676e-01, 9.6258124722753291e-01,
       9.8794672550321368e-04, 4.6582485864773851e-04,
       1.2403738492162847e-03, 1.0456390613846194e+00,
       6.9327268439356871e-01, 1.0734218302102043e+00,
       1.1474273587029295e-03, 5.2255578492518319e-04,
       1.4094184019004827e-03, 1.0309405507445022e+00,
       6.8904454891277578e-01, 1.1774833901636212e+00,
       1.3446397721556622e-03, 5.3247794780238178e-04,
       1.5871640307124845e-03, 1.0319959753017309e+00,
       7.0836583813654586e-01, 1.2439590344394489e+00,
       1.4921909273965062e-03, 5.5805439066557540e-04,
       1.6875144013856294e-03, 1.0201940677278842e+00,
       7.1692613742181399e-01, 1.2696175772115539e+00,
       1.4767656107579881e-03, 5.2512490323018495e-04,
       1.6062555285174451e-03, 9.9280729971282422e-01,
       7.1121053687078961e-01, 1.2255355552236797e+00,
       1.3636177580521659e-03, 4.4129032583988719e-04,
       1.3088816881841759e-03, 1.0080233126448761e+00,
       7.1984687234282996e-01, 1.0922528992595559e+00,
       8.6644192261259236e-04, 3.3508676659350234e-04,
       9.6668187732780789e-04, 1.0747776368142885e+00,
       7.4141250672734649e-01, 8.5320568797537100e-01,
       8.4161047586845620e-04, 3.4084100845165516e-04,
       9.7866798885785531e-04, 1.1490308971381546e+00,
       7.8611560001793113e-01, 8.6422842579186610e-01,
       8.6580500907431170e-04, 3.6430770692283995e-04,
       1.0243564051248821e-03, 1.2199922845504652e+00,
       8.3329966864837413e-01, 9.5079756655892655e-01,
       8.4867310128030173e-04, 3.6911597996461672e-04,
       1.0834085480542215e-03, 1.2998153944226398e+00,
       8.8388039374161786e-01, 1.0146800019306996e+00,
       8.6393561492348792e-04, 3.7635112568674555e-04,
       1.1119989422839083e-03, 1.3625015698555241e+00,
       9.2271375034483361e-01, 1.0562606776104464e+00,
       9.4912144282738287e-04, 3.9578786886765066e-04,
       1.1850549355489454e-03, 1.4390164998572532e+00,
       9.7118179707320673e-01, 1.1391040235254983e+00,
       9.7195536439336199e-04, 3.9923765209915043e-04,
       1.1946991324760156e-03, 1.4531203761351585e+00,
       9.8164852832312477e-01, 1.1579863742610221e+00,
       9.9779712649518469e-04, 4.0552435511673624e-04,
       1.2280489731967021e-03, 1.4773585782647904e+00,
       9.9564098689653868e-01, 1.1893003797928068e+00,
       9.3405220983353986e-04, 4.1196504585046040e-04,
       1.2013874236254292e-03, 1.4320307727784265e+00,
       9.6777001895624915e-01, 1.1173598629428996e+00,
       9.4693996846906563e-04, 3.8812582796185578e-04,
       1.1915065100794871e-03, 1.4307554984047364e+00,
       9.6637239918877804e-01, 1.1334578317448993e+00,
       9.5224706444182637e-04, 3.8917893543522332e-04,
       1.1969357237962706e-03, 1.4395019325860214e+00,
       9.7486166657484552e-01, 1.1699156070415215e+00,
       9.5073437444817945e-04, 3.8017837692474023e-04,
       1.1888399514797807e-03, 1.4533929184854231e+00,
       9.8503686574200711e-01, 1.2037613376631600e+00,
       9.3699562037825206e-04, 3.7766893315269975e-04,
       1.1951273123821419e-03, 1.4545423351848172e+00,
       9.8991015619857570e-01, 1.2469489165563978e+00,
       9.3631972864979037e-04, 3.7687773542673461e-04,
       1.2042585420266655e-03, 1.4530719081558003e+00,
       9.9378836883034571e-01, 1.2641549024383079e+00,
       9.2833530773395851e-04, 3.6888867417076907e-04,
       1.1973242023171249e-03, 1.4609813138528052e+00,
       9.9417685355595464e-01, 1.2743347393230515e+00,
       9.3299890153053619e-04, 3.7401434769825879e-04,
       1.2081017273849293e-03, 1.4628369926489528e+00,
       9.9275555281989125e-01, 1.2861622645532942e+00,
       9.1876006422948200e-04, 3.7597084188867823e-04,
       1.2020165061961095e-03, 1.4456695529917720e+00,
       9.8079730029237855e-01, 1.2633061488486037e+00,
       9.2383113700482010e-04, 3.8925095532368014e-04,
       1.2229640500462063e-03, 1.4502754571572709e+00,
       9.8140471088150172e-01, 1.2754049872243765e+00,
       9.7592367624465810e-04, 4.0511604942483978e-04,
       1.2485615390540673e-03, 1.4859284052928370e+00,
       1.0058832718596877e+00, 1.2692494622597896e+00,
       9.6519603348209251e-04, 4.0922185006629912e-04,
       1.2384941184692107e-03, 1.4812338488362169e+00,
       1.0030738859086290e+00, 1.2717116875782482e+00,
       9.3349492678527297e-04, 4.1117856769560325e-04,
       1.2242767757016135e-03, 1.4852573469171337e+00,
       1.0102945271901276e+00, 1.3053829053409849e+00,
       9.5453050155668235e-04, 4.2645462445507559e-04,
       1.2304915064652202e-03, 1.5145423743099655e+00,
       1.0302282041766699e+00, 1.3981764381970363e+00,
       9.8645639847916755e-04, 4.3935103466099265e-04,
       1.2351022546171840e-03, 1.5422293796932760e+00,
       1.0533741613017047e+00, 1.4531152081243279e+00,
       9.8524103006536728e-04, 4.5495481672403311e-04,
       1.2164139292210505e-03, 1.5412006779577756e+00,
       1.0499631963920912e+00, 1.4437967996934105e+00,
       9.6755597556932578e-04, 4.7126195968208255e-04,
       1.1726658462209304e-03, 1.5460701527683638e+00,
       1.0565714204137815e+00, 1.5330535685308497e+00,
       1.0210465583216559e-03, 5.3596336733292523e-04,
       1.1651094435675916e-03, 1.5553900914080638e+00,
       1.0773325604990716e+00, 1.6787056232443505e+00,
       1.1064026010997056e-03, 6.5073415557225108e-04,
       1.1485561430850735e-03, 1.5527471900521341e+00,
       1.0865158855557779e+00, 1.8406620755852225e+00,
       1.1979073723042864e-03, 7.6938020002634473e-04,
       1.1892449455088697e-03, 1.5836547713186122e+00,
       1.1201718862654304e+00, 2.0416498714831390e+00,
       1.2041174938410295e-03, 7.9610825573453892e-04,
       1.1711581312663672e-03, 1.5810754026289746e+00,
       1.1491365490261571e+00, 2.1404831028031119e+00,
       1.2197973531432077e-03, 9.2088615301887892e-04,
       1.1910833913576313e-03, 1.5869098692136343e+00,
