%YAML:1.0
---
summary: "Filter by time and points, rd=20, rs=10, sp=5, sf=2."
init_cam_calib: C99-1010_3p_3
camera_matrix: !!opencv-matrix
   rows: 3
   cols: 3
   dt: d
   data: [ 2.5672118466420538e+03, 0., 1.8889665014077502e+03, 0.,
       2.5660657014506228e+03, 1.0874863408990930e+03, 0., 0., 1. ]
dist_coeff: !!opencv-matrix
   rows: 5
   cols: 1
   dt: d
   data: [ 9.1604786119665674e-03, 8.3967338515928223e-03,
       -1.0613647685221389e-04, -3.8825516110640475e-04,
       -2.8180382564583405e-02 ]
rvec: !!opencv-matrix
   rows: 115
   cols: 3
   dt: d
   data: [ -3.0342236399853877e+00, -4.6690731816300853e-03,
       -1.9800590953286495e-02, -3.0295942077781075e+00,
       1.1737654345908441e-02, -7.9348586490816924e-03,
       -3.0436790875505211e+00, 1.6485708755686102e-02,
       -1.1091285531943064e-02, -3.0179025693534496e+00,
       6.6936975997905906e-02, -1.3460458146988913e-01,
       -3.0622666348905416e+00, 1.0658134264199759e-01,
       -1.3580025178632169e-01, -3.0955428672804244e+00,
       1.1674152863813288e-01, -2.6711145557940036e-01,
       -3.0938134277832168e+00, 1.1177141883531704e-01,
       -2.8888578814994348e-01, -3.1186080118903172e+00,
       9.7582903090525225e-03, -1.0673673433063388e-01,
       -3.0519446359704094e+00, -6.6323008985355494e-02,
       3.6626843953201305e-01, -3.0512814079118238e+00,
       3.9475149495555355e-02, 5.1955765101715967e-01,
       -3.0033989705834823e+00, -1.8824183414352106e-02,
       7.0604374414746440e-01, -2.9588729451324003e+00,
       -5.2023309331901406e-02, 8.4787308106118431e-01,
       -2.9093749312130233e+00, 8.1467551150031861e-03,
       8.5023237336873103e-01, -2.9230203446520351e+00,
       -6.6214572345499559e-02, 8.5707163531455688e-01,
       -2.9528406068624800e+00, 2.2964659122659777e-03,
       8.8271703765006104e-01, 3.0164719949574570e+00,
       2.9848509776387706e-02, -8.1658535402220489e-01,
       2.9763612201987266e+00, -4.1951863398407624e-03,
       -8.3139920035082304e-01, 2.9941498468601377e+00,
       -2.9101780893523169e-02, -7.9768928626456259e-01,
       3.0355521337706732e+00, -1.1541703232370538e-02,
       -8.0039440122972505e-01, -2.9909904828336105e+00,
       -9.1742580129992434e-04, 7.4323513440624733e-01,
       -2.9025058332842182e+00, 1.8916950753850456e-02,
       6.7996614481034645e-01, -2.8105775562454438e+00,
       -8.6969716777892420e-02, 5.7254733161169669e-01,
       -2.8338240121586633e+00, -1.2101470169667454e-01,
       5.8406345716623942e-01, -2.9129862449645900e+00,
       -1.2467650921469507e-01, 6.2618660150800065e-01,
       -2.9762918246373062e+00, 3.2881058796713644e-02,
       6.0318510477824649e-01, -2.9706755656038517e+00,
       3.7498904267621432e-02, 7.4263518360387504e-01,
       -2.9673551567423253e+00, -4.5113624340710375e-02,
       7.5351580884266167e-01, -2.9027262295490122e+00,
       -5.9854550665015084e-02, 8.7695911523753878e-01,
       -2.8823147075569544e+00, -7.5500913774624673e-02,
       1.0789697815839547e+00, -2.8389280035477182e+00,
       -1.6566780658464181e-01, 1.1898849436514580e+00,
       -2.7431555995811623e+00, -6.7274214848457317e-02,
       1.4345178255168110e+00, -2.6536383222285598e+00,
       -4.7596263553173687e-02, 1.5936254211370882e+00,
       -2.6131615649890758e+00, -8.0089396551513412e-02,
       1.6421281273302424e+00, -2.6319314031045034e+00,
       -9.7972783428004973e-02, 1.5649920116335090e+00,
       -2.6898774996340902e+00, -5.1657947809783264e-02,
       1.5216610416792775e+00, -2.6059222662873101e+00,
       -3.2707642714697276e-02, 1.6028911787004443e+00,
       -2.5934195753565756e+00, -5.5974352006628661e-02,
       1.5901664522671624e+00, -2.5735605034799036e+00,
       -4.6999290298280434e-02, 1.5930593018604609e+00,
       2.7038874053143278e+00, -1.1528530793319811e-01,
       -1.5611781520212611e+00, -2.6868300623321408e+00,
       5.5571131119680449e-02, 1.5290845369795452e+00,
       -2.6776287521802598e+00, -2.1832777432130097e-02,
       1.5423097808914494e+00, -2.6694213051190321e+00,
       -2.2738195375168704e-02, 1.5894150734375121e+00,
       -2.7873598868138050e+00, -1.5987016164120033e-02,
       1.4024960430711852e+00, -2.7310516548312056e+00,
       -5.3757670878585843e-02, 1.3899279072239905e+00,
       -2.7612099994100903e+00, -1.1220114483029453e-01,
       1.1512611041794174e+00, -2.7832259775241179e+00,
       -8.7405709375741089e-02, 1.0160542527279077e+00,
       -2.8207953995587483e+00, -7.9600834075708254e-02,
       6.4576597389100887e-01, -2.9441995014660143e+00,
       -1.3033518322114984e-01, 6.6568085829372647e-01,
       -2.9997596613747630e+00, -1.5910566262819609e-01,
       3.6504041162977047e-01, -3.0366027958315640e+00,
       -9.0158775139251995e-02, 2.5148648405520796e-01,
       -3.0610261565867343e+00, -3.3567507755257783e-02,
       2.2577943184693189e-01, -3.0293590758124793e+00,
       -3.9304854993436673e-02, 5.6175502152603896e-01,
       -3.0718222587830262e+00, -3.5041348546755550e-02,
       1.4437393752283853e-01, -2.9217953855898182e+00,
       1.5403718846400449e-01, -6.0105980480434196e-01,
       -2.8770561655026055e+00, 1.1264388291646596e-01,
       -1.0457225015295082e+00, -2.7352678093901930e+00,
       1.2351647493532930e-01, -1.2798442664966629e+00,
       -2.7559183090084618e+00, 1.2024546233865026e-01,
       -1.2478877527243002e+00, -2.8716230581129403e+00,
       4.1510929533944495e-02, -1.0603316363972997e+00,
       -2.9383180054855589e+00, 8.0938629126392381e-02,
       -1.0326716154546964e+00, -2.9347011501217439e+00,
       5.0307572609081717e-02, -1.0757933210693578e+00,
       2.8660518161203630e+00, -8.5370730093585728e-02,
       1.1378616975320570e+00, 2.8106119817188815e+00,
       -3.0156879908225760e-02, 1.1121026927570676e+00,
       2.7957804615459105e+00, 6.9143165031395840e-03,
       1.1189200589488515e+00, 2.8063597896812724e+00,
       -1.3950866932223919e-02, 1.1289008328425236e+00,
       2.7868560492598728e+00, 1.1529786709296929e-02,
       1.1265539124852360e+00, 2.7487952748432440e+00,
       3.0976300114103371e-02, 1.1091608355465128e+00,
       2.8303698075813983e+00, 1.2564797836446697e-02,
       1.2082455118104827e+00, 2.8784621901552718e+00,
       -9.4223639469493414e-02, 1.2380197349049293e+00,
       -2.7752115756030844e+00, 1.2489955872106408e-01,
       -1.1562537935333592e+00, -2.7850595616741103e+00,
       1.1252483650869684e-01, -1.1308586556655393e+00,
       -2.7216922781989008e+00, 7.8142448108204601e-02,
       -1.1461246768241637e+00, -2.7147539283200142e+00,
       5.4555441014985752e-02, -1.1461857632673473e+00,
       -2.8595729821590505e+00, 1.1491732849967802e-02,
       -1.2388854379806720e+00, 2.9098925459334284e+00,
       -8.5962949228571874e-03, 1.1747091859125705e+00,
       2.8768685789774642e+00, 6.2322921496356281e-03,
       1.2202985915429105e+00, 2.7927655964109772e+00,
       -6.2819090404574304e-04, 1.3963367410374086e+00,
       2.7261030592106410e+00, 2.5301223668884516e-03,
       1.5321516845311158e+00, 2.6319359242775211e+00,
       -3.7762418183243197e-02, 1.6734827072195781e+00,
       2.5886394711638672e+00, 4.9889802777521045e-02,
       1.6186522440255693e+00, -2.4993401010338081e+00,
       1.0184954864587994e-01, -1.8164478008995502e+00,
       -2.5523075282806635e+00, 1.5912117044585311e-01,
       -1.6768170405542555e+00, -2.5391889590742158e+00,
       1.7056096009348076e-01, -1.6620177166428529e+00,
       2.5927023104446016e+00, -7.3815484520182759e-02,
       1.7393391551610602e+00, 2.5908501199240579e+00,
       1.0437182036590335e-02, 1.7228776276046687e+00,
       2.4769633001252207e+00, 1.5232320721603243e-01,
       1.5730474736073390e+00, 2.4282829687921317e+00,
       1.9355976317767093e-01, 1.5049842460233844e+00,
       2.4618157115152415e+00, 1.1611178051293909e-01,
       1.5766292853970045e+00, 2.5320270386419370e+00,
       3.0976410020626680e-02, 1.6351932998107175e+00,
