%YAML:1.0
---
summary: "First calibration test for video C46Finf."
init_cam_calib: res-C99Finf1010_3p_3
camera_matrix: !!opencv-matrix
   rows: 3
   cols: 3
   dt: d
   data: [ 2.5651967123988893e+03, 0., 1.8748021940791305e+03, 0.,
       2.5649469379329648e+03, 1.0842487287681818e+03, 0., 0., 1. ]
dist_coeff: !!opencv-matrix
   rows: 5
   cols: 1
   dt: d
   data: [ 1.5935632112207037e-02, -2.2391415368077715e-02,
       -7.4606801751569854e-04, -1.6320907582787710e-03,
       4.7882115437307355e-03 ]
std_intrinsics: !!opencv-matrix
   rows: 18
   cols: 1
   dt: d
   data: [ 4.9974779780666950e-01, 4.7061515222872391e-01,
       9.5493707019319241e-01, 6.1805849612115515e-01,
       1.2064809733175138e-03, 4.5145211339248795e-03,
       8.2534870969566129e-05, 1.2703372321878423e-04,
       4.9654931706921597e-03, 0., 0., 0., 0., 0., 0., 0., 0., 0. ]
std_extrinsics: !!opencv-matrix
   rows: 690
   cols: 1
   dt: d
   data: [ 7.4751360971063658e-04, 2.6280268485079497e-04,
       8.5984549371918048e-04, 1.3395404430514883e+00,
       8.7964216113102589e-01, 9.6824662096428193e-01,
       7.4495403465382770e-04, 2.6205702997716225e-04,
       8.5550646559343470e-04, 1.3367747487175858e+00,
       8.7767588348499281e-01, 9.6558503976111298e-01,
       7.3534610938003357e-04, 2.5624956561310801e-04,
       8.4310389531383131e-04, 1.3217718362817794e+00,
       8.6862849771908479e-01, 9.5448953305250173e-01,
       6.9366598393785957e-04, 2.6424683882432032e-04,
       8.1250351948679994e-04, 1.2655029771909414e+00,
       8.3127694793436369e-01, 9.0884083209448430e-01,
       6.2913667430070520e-04, 2.5259780814489624e-04,
       7.5922785195610843e-04, 1.1669093757371083e+00,
       7.6689317073898378e-01, 8.1202281939913745e-01,
       5.9085464968519988e-04, 2.6309921791606831e-04,
       7.7973606673379921e-04, 1.0556280978644630e+00,
       6.9634083178546369e-01, 7.5208463738671105e-01,
       7.1241984582601150e-04, 3.5401147360745804e-04,
       1.0096361525708517e-03, 9.6434839676920003e-01,
       6.3492487994829028e-01, 8.9310749533652700e-01,
       1.0668697496105843e-03, 3.9627315497206989e-04,
       1.2734573327172450e-03, 9.4518228911560809e-01,
       6.4813101955579455e-01, 9.9544911582205065e-01,
       9.9615448030616026e-04, 3.2344323902162343e-04,
       1.0433301431562680e-03, 9.4105995871986892e-01,
       6.5432229360835881e-01, 8.8420886471791171e-01,
       6.1672438605995833e-04, 2.4334690077443632e-04,
       7.8016370581924176e-04, 1.0877057659104201e+00,
       7.3251351787125618e-01, 7.1170681580520190e-01,
       6.0908298073472829e-04, 2.6179386241213668e-04,
       8.2225716695179100e-04, 1.2091001580673804e+00,
       8.0872226744988085e-01, 7.7875186374349181e-01,
       6.3950664741028833e-04, 2.7550762236289709e-04,
       8.6500097198874480e-04, 1.3154870875732783e+00,
       8.7287713719950355e-01, 8.3179007013249573e-01,
       6.9006003459836567e-04, 2.8656844181894098e-04,
       9.0692101366800909e-04, 1.3853482266104904e+00,
       9.1592643335592638e-01, 8.8416788843749805e-01,
       7.2369091388794419e-04, 2.9403248733854572e-04,
       9.3445196660701946e-04, 1.4271132257450365e+00,
       9.4278292174879297e-01, 9.2456860992646495e-01,
       7.2118917818431334e-04, 2.9560794383269367e-04,
       9.3484936401918726e-04, 1.4328735168842361e+00,
       9.4746633764500909e-01, 9.3490817967039141e-01,
       6.9147584613176859e-04, 2.9707694725814347e-04,
       9.2713921667218790e-04, 1.3869590668565930e+00,
       9.1780107237337349e-01, 8.8819946598234234e-01,
       5.4366183220699654e-04, 3.0860602357099412e-04,
       9.9076368592972619e-04, 1.3871787880294344e+00,
       9.1843089382034104e-01, 8.7789630648128891e-01,
       5.3788535413342592e-04, 3.1063919843198897e-04,
       9.7482000436583532e-04, 1.3864771110690350e+00,
       9.1790147429183322e-01, 8.8561519653638976e-01,
       5.4033848375643315e-04, 3.1167536558602735e-04,
       9.8252747485663705e-04, 1.3880115956569794e+00,
       9.1891870192899006e-01, 8.8786740538190823e-01,
       6.6493137597128666e-04, 2.8641011055370336e-04,
       9.0999895066924718e-04, 1.3560184776933937e+00,
       8.9890713023465774e-01, 8.6720712113422271e-01,
       6.8798894375689213e-04, 2.8097616781569369e-04,
       9.1201867265060146e-04, 1.3818489257566497e+00,
       9.1544629911153108e-01, 9.0316023465386142e-01,
       6.8002963128910754e-04, 2.7297681030974267e-04,
       9.1486792530654849e-04, 1.3995344622149717e+00,
       9.3054103337255523e-01, 9.7022787896046481e-01,
       6.7458395187282782e-04, 2.6733364710743504e-04,
       9.2607616698657243e-04, 1.4103297686849210e+00,
       9.3929234042096466e-01, 1.0036607226688206e+00,
       6.7235673313975456e-04, 2.6696201799230549e-04,
       9.2412962871266362e-04, 1.4121590363077641e+00,
       9.4061634130335392e-01, 1.0093112768980128e+00,
       6.8988253703436430e-04, 2.7920933126585192e-04,
       9.4127993737225105e-04, 1.4096558314695482e+00,
       9.3740152920133246e-01, 1.0128547501232712e+00,
       7.0579280188061715e-04, 2.9392382246367927e-04,
       9.5664360130575201e-04, 1.4331479817142854e+00,
       9.5151725815628718e-01, 1.0061121800024657e+00,
       7.1096479303423563e-04, 2.9563059015779423e-04,
       9.4873502705428332e-04, 1.4363836239479568e+00,
       9.5222309138319416e-01, 9.8036338734889306e-01,
       6.8341321099809889e-04, 3.0221418639621300e-04,
       9.3543736530589947e-04, 1.4343956807481169e+00,
       9.5461185262868087e-01, 1.0289345331408637e+00,
       7.0951869052720445e-04, 3.3572436465860510e-04,
       9.1733078010562349e-04, 1.4862733079126751e+00,
       9.8816106581795460e-01, 1.1138412187973774e+00,
       7.6081216050030774e-04, 4.2363801710392174e-04,
       8.7636521295441478e-04, 1.4866499717342612e+00,
       9.9826279811325158e-01, 1.2616464152900291e+00,
       8.8356565384116654e-04, 6.3103667666166742e-04,
       8.9848676843936313e-04, 1.4942236465461964e+00,
       1.0230395555891809e+00, 1.5261849397710936e+00,
       8.2118531524058341e-04, 6.4165368488451071e-04,
       8.8587899195658468e-04, 1.4473051466203901e+00,
       9.6720068782439261e-01, 1.3702619460988961e+00,
       7.3154439639826815e-04, 6.0149485092857863e-04,
       8.0118563327719983e-04, 1.3936476787365926e+00,
       9.2197965421734873e-01, 1.1443065408014095e+00,
       7.4228168345883804e-04, 5.7776993522657132e-04,
       8.0741273572177558e-04, 1.3670040517957873e+00,
       9.1814834939205503e-01, 1.1553208812006384e+00,
       6.9892544433082125e-04, 5.2039439027357635e-04,
       7.7696187326920473e-04, 1.3503468277251287e+00,
       8.8535261492278361e-01, 9.9433533818954511e-01,
       7.1747042842750181e-04, 5.3188377781691854e-04,
       7.9437522180261354e-04, 1.3674627271135944e+00,
       8.9405854438633392e-01, 1.0323947095952946e+00,
       6.9267740089153627e-04, 5.1809962867797356e-04,
       7.5572028663261411e-04, 1.3747795827834339e+00,
       8.9758810386868715e-01, 1.0281016209031193e+00,
       6.8610927215926069e-04, 5.1783587358898893e-04,
       7.5340943377408070e-04, 1.3742277624760542e+00,
       8.9929007137175498e-01, 1.0311336325444229e+00,
       7.1293346592616225e-04, 5.2075623606137773e-04,
       7.9089609191704659e-04, 1.3678442463642084e+00,
       8.9914993747515592e-01, 1.0444653575158309e+00,
       7.6920629669776307e-04, 5.8398883898807012e-04,
       8.7568796459039290e-04, 1.3917757915308835e+00,
       9.1241237064686509e-01, 1.1889105433689635e+00,
       7.3667451325270985e-04, 5.6452925759259117e-04,
       8.4528372003760837e-04, 1.3934580511523555e+00,
       9.2697754770303420e-01, 1.2196451877610612e+00,
       7.4176181632275154e-04, 5.7690907478499700e-04,
       8.3400091634589749e-04, 1.3965189053194123e+00,
       9.3300544753992032e-01, 1.2272930857796289e+00,
       7.9071164868257980e-04, 5.8720630784240332e-04,
       8.8206279081289008e-04, 1.3943995522827124e+00,
