%YAML:1.0
---
summary: "Filter by time and points, rd=20, rs=0, sp=5, sf=0."
init_cam_calib: C99-1010_3p_3
camera_matrix: !!opencv-matrix
   rows: 3
   cols: 3
   dt: d
   data: [ 2.5666904873292092e+03, 0., 1.8736212983602575e+03, 0.,
       2.5667574344943496e+03, 1.0848121414769078e+03, 0., 0., 1. ]
dist_coeff: !!opencv-matrix
   rows: 5
   cols: 1
   dt: d
   data: [ 1.9222292711413524e-02, -4.3005505895678378e-02,
       -9.4137133184642912e-04, -1.9471141248641941e-03,
       3.2981811219431084e-02 ]
std_intrinsics: !!opencv-matrix
   rows: 18
   cols: 1
   dt: d
   data: [ 1.2576751945741620e+00, 1.1859404521820174e+00,
       2.4152658401632925e+00, 1.5580913471148345e+00,
       3.0289339626751437e-03, 1.1446308352849384e-02,
       2.0772667619375643e-04, 3.2069411055580122e-04,
       1.2797362429319370e-02, 0., 0., 0., 0., 0., 0., 0., 0., 0. ]
std_extrinsics: !!opencv-matrix
   rows: 690
   cols: 1
   dt: d
   data: [ 1.9481891387110664e-03, 6.6932526106579660e-04,
       2.1363297702143335e-03, 3.3779361085983215e+00,
       2.2128046261897429e+00, 2.5062882756170199e+00,
       1.7151973380900723e-03, 6.4020163466071848e-04,
       2.0976079758118953e-03, 3.3761681989997681e+00,
       2.2090290197082898e+00, 2.4722166102722913e+00,
       1.8930456443851937e-03, 6.1820819344155745e-04,
       2.1673033702783108e-03, 3.3458136787752246e+00,
       2.1899066092552935e+00, 2.4313665908925226e+00,
       1.7645008049477588e-03, 6.3162371127114679e-04,
       2.2215128533985451e-03, 3.2172643901286921e+00,
       2.1024068368950029e+00, 2.1220977549000071e+00,
       1.5405220485810007e-03, 6.0343479067615771e-04,
       1.9020180232355906e-03, 2.9544910764474990e+00,
       1.9343503696975735e+00, 1.9850482672079950e+00,
       1.6583287088195232e-03, 7.0000441910415465e-04,
       2.5926836936392122e-03, 2.7008622608393220e+00,
       1.7629440345938816e+00, 1.8180191955261615e+00,
       3.1712486709010767e-03, 1.0440847885029687e-03,
       3.1564171752821533e-03, 2.4442724466744146e+00,
       1.7052340616432993e+00, 2.6680952766325099e+00,
       2.7320114378298521e-03, 9.8486887840726020e-04,
       3.0577377227178444e-03, 2.3732176209247751e+00,
       1.6097895632844474e+00, 2.3483347837082964e+00,
       2.5571360439307889e-03, 8.2316118164638282e-04,
       2.5896025731147378e-03, 2.3666781653257476e+00,
       1.6389813834707774e+00, 2.3150544177644772e+00,
       1.5618305635638665e-03, 6.3666051310543872e-04,
       2.0298942790589612e-03, 2.7550068392113962e+00,
       1.8364598265440020e+00, 1.8416832225672479e+00,
       1.4947171469648255e-03, 6.8109588733729213e-04,
       2.0106945314278791e-03, 3.0685748095270542e+00,
       2.0349189718438936e+00, 1.9713588651043075e+00,
       1.5961961659720610e-03, 6.5339943137809561e-04,
       2.2175761937442474e-03, 3.3265696806798144e+00,
       2.1951548746554392e+00, 2.0111208262647144e+00,
       1.7441358523226679e-03, 7.3191731398548031e-04,
       2.3081182699966631e-03, 3.4976216158284839e+00,
       2.3068460314902541e+00, 2.3046239450636867e+00,
       1.8029275319865179e-03, 7.3836397434624335e-04,
       2.1985401852168077e-03, 3.6072885767963614e+00,
       2.3806481823357735e+00, 2.1767341101045292e+00,
       1.7013431901411046e-03, 6.9889911893991120e-04,
       2.3653818536913721e-03, 3.6190586906680515e+00,
       2.3802121204925206e+00, 2.2962522816781625e+00,
       1.7450749135916213e-03, 6.9141086141508764e-04,
       2.2263413893704102e-03, 3.5008821342357672e+00,
       2.3029532937926827e+00, 2.0587612341287711e+00,
       1.4178434549633823e-03, 7.6119224574291403e-04,
       2.7514822577681319e-03, 3.4964750072338968e+00,
       2.3044778056230868e+00, 2.1183988298868939e+00,
       1.4752279133872055e-03, 7.8947468993853292e-04,
       2.4753754183881307e-03, 3.5150591471103190e+00,
       2.3207551273325815e+00, 2.2490909179160608e+00,
       1.3951834534672940e-03, 8.0224415488495916e-04,
       2.5755074741046855e-03, 3.5156854991566160e+00,
       2.3266743173750895e+00, 2.3878048217230057e+00,
       1.5910317286826250e-03, 6.7314830610915814e-04,
       2.1980919676205454e-03, 3.4275874408174820e+00,
       2.2604848135483357e+00, 2.0701134068207097e+00,
       1.7807291251969715e-03, 7.3139704189854524e-04,
       2.2136667578540876e-03, 3.4937808122099820e+00,
       2.2985354086537031e+00, 2.2717448554845499e+00,
       1.7071762240025701e-03, 6.8674693256332790e-04,
       2.2564817275130752e-03, 3.5364603873723373e+00,
       2.3391746447822319e+00, 2.4775887072414164e+00,
       1.7315538823433655e-03, 6.6948264210323820e-04,
       2.4367869083481916e-03, 3.5497199374945203e+00,
       2.3639911808448639e+00, 2.4857317791229430e+00,
       1.6268792123843281e-03, 6.6572730768343989e-04,
       2.2497746724452674e-03, 3.5738915641468312e+00,
       2.3642777731445546e+00, 2.5484047352454837e+00,
       1.6853121643727465e-03, 6.5442841448016458e-04,
       2.3984169115723020e-03, 3.5611534010782275e+00,
       2.3732084613256279e+00, 2.5160439348608690e+00,
       1.6115661775302726e-03, 7.0691843755372205e-04,
       2.3789797720437859e-03, 3.6212678454618117e+00,
       2.3976459335612348e+00, 2.4770562745410891e+00,
       1.7100940467006413e-03, 7.1368934017820753e-04,
       2.2668687494182302e-03, 3.6367249906700567e+00,
       2.3960236992532229e+00, 2.3484120227664804e+00,
       1.7595690943598746e-03, 7.7296372925765295e-04,
       2.3108233975714602e-03, 3.6300435498229304e+00,
       2.4084350409697910e+00, 2.5181387732341269e+00,
       2.0361724325930735e-03, 1.0120797890466762e-03,
       2.2213651901202718e-03, 3.7660087997714400e+00,
       2.5087866021805145e+00, 3.0253764976543742e+00,
       1.7420441361903102e-03, 9.8664475546745992e-04,
       2.0852116333683643e-03, 3.7561833500485080e+00,
       2.5002406844834022e+00, 3.0908400211513949e+00,
       2.1908656482457832e-03, 1.4939686667485752e-03,
       2.0793042632854752e-03, 3.7789866162962480e+00,
       2.5437616532301934e+00, 3.3473230584133553e+00,
       1.9527951054097200e-03, 1.5605154529987418e-03,
       2.3037784467510639e-03, 3.6372883475612685e+00,
       2.4266304007398389e+00, 3.5058442000056411e+00,
       2.0027826666525863e-03, 1.6362022236423969e-03,
       1.9883314614787539e-03, 3.5946444165804503e+00,
       2.3552914592806462e+00, 2.9276001886573115e+00,
       1.8974474963277704e-03, 1.3833941513006394e-03,
       2.0089344385432729e-03, 3.4500658295404487e+00,
       2.3051606835219745e+00, 2.8858863323870905e+00,
       1.6965110816247085e-03, 1.1871546036846367e-03,
       1.8388035387754279e-03, 3.3841545278001846e+00,
       2.2073952663868304e+00, 2.2396416910234866e+00,
       1.9034863820916418e-03, 1.4719870048931747e-03,
       2.0399903505557656e-03, 3.4701001935106319e+00,
       2.2474827901094319e+00, 2.9285150285127393e+00,
       1.6655235407968870e-03, 1.1919656546452960e-03,
       1.8399393459124528e-03, 3.4626021408976633e+00,
       2.2536548779528953e+00, 2.5273896319074840e+00,
       1.6644532214689207e-03, 1.2691973493760712e-03,
       1.8733933875348316e-03, 3.4747315549713522e+00,
       2.2616111694787659e+00, 2.4932961856305340e+00,
       1.8194757473215591e-03, 1.2970676836501494e-03,
       1.8961171567978715e-03, 3.4507749064461497e+00,
       2.2582837976718566e+00, 2.3989108455873502e+00,
       1.9354217519284565e-03, 1.3796442387991972e-03,
       2.3287461706652350e-03, 3.5387842052395979e+00,
       2.3321296607293993e+00, 2.6886810487644519e+00,
       2.0632684704484264e-03, 1.5746920113956096e-03,
       2.1691627710159023e-03, 3.5028736266437774e+00,
       2.3201240077992633e+00, 3.1742874863811212e+00,
       1.8569742969378113e-03, 1.5296719087744333e-03,
       2.0508181168281108e-03, 3.4915846593391282e+00,
       2.3240744624787943e+00, 2.8661173525616657e+00,
       1.8328391259218898e-03, 1.2635026063473388e-03,
       2.0205077060414267e-03, 3.5069030502807697e+00,
