%YAML:1.0
---
summary: "Filter by time and points, rd=20, rs=10, sp=5, sf=2."
init_cam_calib: C99-1010_3p_3
camera_matrix: !!opencv-matrix
   rows: 3
   cols: 3
   dt: d
   data: [ 2.5672118466420538e+03, 0., 1.8889665014077502e+03, 0.,
       2.5660657014506228e+03, 1.0874863408990930e+03, 0., 0., 1. ]
dist_coeff: !!opencv-matrix
   rows: 5
   cols: 1
   dt: d
   data: [ 9.1604786119665674e-03, 8.3967338515928223e-03,
       -1.0613647685221389e-04, -3.8825516110640475e-04,
       -2.8180382564583405e-02 ]
std_intrinsics: !!opencv-matrix
   rows: 18
   cols: 1
   dt: d
   data: [ 1.2756470547449681e+00, 1.1954098719877355e+00,
       2.3867319198674921e+00, 1.5470476072684196e+00,
       3.1041827339450940e-03, 1.1874368292656099e-02,
       2.0638948430232439e-04, 3.1997456125034334e-04,
       1.3344279395541576e-02, 0., 0., 0., 0., 0., 0., 0., 0., 0. ]
std_extrinsics: !!opencv-matrix
   rows: 690
   cols: 1
   dt: d
   data: [ 1.9439911174535338e-03, 6.4203229191551526e-04,
       2.2721839445732045e-03, 3.3510868600135675e+00,
       2.2053236660119695e+00, 2.5591906377923119e+00,
       1.7213735663886844e-03, 6.8066647088638437e-04,
       2.1891188545788789e-03, 3.3269111261032149e+00,
       2.1742434355253564e+00, 2.3709136872343164e+00,
       1.8098438268527863e-03, 6.1340095193212899e-04,
       2.0473934166607391e-03, 3.2441178529555015e+00,
       2.1365536882838359e+00, 2.3842893065707744e+00,
       1.7532559081134078e-03, 6.7527896295627491e-04,
       1.9729776538363057e-03, 3.0627342027924711e+00,
       2.0099594847484865e+00, 2.1978505541164148e+00,
       1.3455343424356157e-03, 6.2381606957535591e-04,
       1.8383400828989789e-03, 2.7702878959411277e+00,
       1.8180113158244424e+00, 1.8808462420526211e+00,
       2.3242451845725378e-03, 8.5199874214497012e-04,
       2.3904900988609037e-03, 2.4931457871753473e+00,
       1.6488060049013564e+00, 2.1653160994683538e+00,
       2.9388379048706234e-03, 9.7185782604196401e-04,
       2.8021597359095848e-03, 2.4245783794651699e+00,
       1.6396730066432179e+00, 2.6502697786320537e+00,
       2.5153007179669908e-03, 8.6631590985240391e-04,
       3.1732037940545481e-03, 2.3450768845120900e+00,
       1.6203409947562502e+00, 2.2684016365132038e+00,
       1.7860929767927903e-03, 6.3647759826076719e-04,
       1.9824333092038869e-03, 2.5559574409759964e+00,
       1.7489134671882087e+00, 1.9476812857133374e+00,
       1.4272842990925279e-03, 6.4967290921795961e-04,
       2.0456498550951896e-03, 2.8725763204600856e+00,
       1.9292068835439917e+00, 1.8734186599293097e+00,
       1.4756135859649603e-03, 6.9828216850645081e-04,
       2.2360472665695261e-03, 3.1799564534730074e+00,
       2.1165737057648149e+00, 2.2066779697672874e+00,
       1.5786688731146484e-03, 6.8846181113971575e-04,
       2.1073856581656351e-03, 3.3601128101710795e+00,
       2.2268086656728556e+00, 2.1417935240288908e+00,
       1.7087945338778048e-03, 7.8195225019213051e-04,
       2.2171859461103350e-03, 3.5190000851820606e+00,
       2.3182179086907011e+00, 2.5288800226226127e+00,
       1.7379094674918787e-03, 6.7624510304157225e-04,
       2.2197668760707426e-03, 3.5954136428968493e+00,
       2.3873365433561866e+00, 2.1680095143071232e+00,
       1.7765726582919426e-03, 7.4521454079292835e-04,
       2.2952344132200694e-03, 3.5390532555082190e+00,
       2.3346212654909690e+00, 2.3686394925701371e+00,
       1.2841778484656767e-03, 7.4058478442303463e-04,
       2.4392325739819140e-03, 3.4354821330632337e+00,
       2.2770831180266633e+00, 2.1633898088509400e+00,
       1.2196043495353041e-03, 7.3280489253335147e-04,
       2.3825285037500821e-03, 3.4758583300819410e+00,
       2.2906490882328536e+00, 2.1332165350478154e+00,
       1.3576271612869366e-03, 7.9964897275154763e-04,
       2.5759066561697780e-03, 3.4829553118216521e+00,
       2.3194520819288735e+00, 2.2378588043415011e+00,
       1.3257413211981866e-03, 7.7911706139671992e-04,
       2.4407141700622265e-03, 3.3988958720672051e+00,
       2.2496518662186396e+00, 2.1970240256061335e+00,
       1.7879402134985220e-03, 7.0797590328777228e-04,
       2.2674411351732721e-03, 3.4253563743219457e+00,
       2.2705080574777439e+00, 2.2029011498708231e+00,
       1.6746050783420700e-03, 7.0977259674443588e-04,
       2.1852319151593096e-03, 3.4615751107039685e+00,
       2.2928783567045166e+00, 2.3987999630740466e+00,
       1.6719249337883021e-03, 6.6920215151791804e-04,
       2.3088654070224568e-03, 3.4880163221038583e+00,
       2.3254379263203231e+00, 2.4559441343017321e+00,
       1.6417290985680495e-03, 6.4729445114663304e-04,
       2.2905387258399606e-03, 3.5269578609087495e+00,
       2.3541695121548707e+00, 2.5007159177876668e+00,
       1.7033588673300041e-03, 6.6810486385817920e-04,
       2.4818687635418954e-03, 3.4706609660553305e+00,
       2.3240618130367907e+00, 2.4640054259096673e+00,
       1.8660422465886857e-03, 7.4576642093582409e-04,
       2.5830249397281943e-03, 3.5686852176052004e+00,
       2.3751323010270222e+00, 2.7175950222769556e+00,
       1.6838968062583167e-03, 6.9740501683707948e-04,
       2.3482879984646752e-03, 3.5841761757239765e+00,
       2.3791817202927352e+00, 2.4804391238331922e+00,
       1.7482419398898142e-03, 7.8829057782597422e-04,
       2.5821297075047070e-03, 3.5701452304319830e+00,
       2.3677106916358266e+00, 2.6338449379959679e+00,
       1.7136132663761073e-03, 7.5039782991845739e-04,
       2.2613280118838792e-03, 3.7004507611002477e+00,
       2.4573007013259538e+00, 2.6030819681246609e+00,
       1.7750310888695186e-03, 8.4889937200094293e-04,
       2.1451944261031814e-03, 3.7060796701561545e+00,
       2.4671056405649794e+00, 2.5332242750445571e+00,
       1.9355620609887089e-03, 1.1534129104530924e-03,
       2.2491066607584769e-03, 3.7535044470152816e+00,
       2.5514541717669008e+00, 3.5325619306433191e+00,
       2.0048782096739105e-03, 1.5811433715713355e-03,
       2.2446413230892597e-03, 3.6816210578311472e+00,
       2.4748908464157005e+00, 3.5719295342180426e+00,
       1.9264431611745667e-03, 1.4159217349257534e-03,
       2.0578279295399471e-03, 3.5290211892105696e+00,
       2.3469019028216276e+00, 3.0712625883649505e+00,
       1.8815972306095437e-03, 1.5793026586796131e-03,
       2.1400979918965177e-03, 3.4452606028331196e+00,
       2.3086759156467056e+00, 3.0523730090153918e+00,
       1.8491651842298981e-03, 1.4495713534692909e-03,
       1.9996343403300477e-03, 3.3734164227407648e+00,
       2.2527681175788450e+00, 2.9662420960900624e+00,
       1.8428261208772740e-03, 1.3074871339349748e-03,
       1.9736678374320227e-03, 3.3620355516095453e+00,
       2.2209776333550728e+00, 2.2604522037680543e+00,
       1.8934288577632293e-03, 1.4405787927421778e-03,
       1.9513607781299330e-03, 3.4159903953077579e+00,
       2.2273733435592931e+00, 2.7928341209167673e+00,
       1.7551571022671460e-03, 1.2031052275096252e-03,
       1.8001832982577619e-03, 3.4059275736373893e+00,
       2.2247893797167566e+00, 2.7418844877900335e+00,
       1.7512722976397918e-03, 1.3235190326506758e-03,
       1.9574705994364148e-03, 3.4340066697239902e+00,
       2.2510663658253756e+00, 3.0608419489338674e+00,
       2.2444903829489742e-03, 1.7699329524189032e-03,
       2.5118315076320440e-03, 3.4958243917370369e+00,
       2.2862559392075812e+00, 3.3857644233968922e+00,
       1.6975678437484549e-03, 1.1531840844922498e-03,
       1.9233187146853155e-03, 3.4834617531636369e+00,
       2.2943039741817861e+00, 2.6026203474058729e+00,
       1.7344819884014594e-03, 1.3334473444539495e-03,
       1.9864591289955199e-03, 3.4612218007419266e+00,
       2.3024535595181486e+00, 2.9399551783944946e+00,
       1.9421404040799878e-03, 1.4997250456053003e-03,
       2.1164581072419032e-03, 3.4730067129870021e+00,
       2.3194669358925468e+00, 2.9207366876437586e+00,
       2.2168721768649640e-03, 1.7363265999196381e-03,
       2.5178785088618314e-03, 3.6023079493167205e+00,
