%YAML:1.0
---
summary: "Filter by time, rd=10, rs=5."
init_cam_calib: C99-1010_3p_3
camera_matrix: !!opencv-matrix
   rows: 3
   cols: 3
   dt: d
   data: [ 2.5642505655701507e+03, 0., 1.8824722940501158e+03, 0.,
       2.5637308180404711e+03, 1.0897569577394700e+03, 0., 0., 1. ]
dist_coeff: !!opencv-matrix
   rows: 5
   cols: 1
   dt: d
   data: [ 1.9431304366281842e-02, -3.2807948369636214e-02,
       -9.0084075397743045e-06, -7.8778645877229235e-04,
       1.6715384970239236e-02 ]
std_intrinsics: !!opencv-matrix
   rows: 18
   cols: 1
   dt: d
   data: [ 3.4074121645410949e-01, 3.2136230121260700e-01,
       6.5121098275871847e-01, 4.2235417363487815e-01,
       8.3156626300139307e-04, 3.1064392077210191e-03,
       5.6746028938323568e-05, 8.7024132038320299e-05,
       3.4150185182191561e-03, 0., 0., 0., 0., 0., 0., 0., 0., 0. ]
std_extrinsics: !!opencv-matrix
   rows: 1374
   cols: 1
   dt: d
   data: [ 7.0670406917136086e-04, 2.5358880635019111e-04,
       7.4743116166968546e-04, 9.2511425177281215e-01,
       6.1675941138710477e-01, 8.1794834861825905e-01,
       7.0552407391485537e-04, 2.5386463761199122e-04,
       7.4474830262475679e-04, 9.2425185984136948e-01,
       6.1610231852549691e-01, 8.1622930770497248e-01,
       7.0356745034147222e-04, 2.5253847263384229e-04,
       7.4101939726248678e-04, 9.2300333782203037e-01,
       6.1557966101056760e-01, 8.1610126702776775e-01,
       7.0204154815952486e-04, 2.5031216085041126e-04,
       7.3867855826499932e-04, 9.1883146889850809e-01,
       6.1289687214230970e-01, 8.1188479110718115e-01,
       6.8623054526466742e-04, 2.4596416306949318e-04,
       7.1875736803364045e-04, 9.0471212234331055e-01,
       6.0352134619322106e-01, 7.9221582078381270e-01,
       6.7089049163627807e-04, 2.5496244299400022e-04,
       7.1395796276493536e-04, 8.8644872202490665e-01,
       5.9099896705335420e-01, 7.8503181051257998e-01,
       6.4294998834337391e-04, 2.5169239249543966e-04,
       6.7935661165819186e-04, 8.6381058855948178e-01,
       5.7509917342042560e-01, 7.4515533044343241e-01,
       6.0911263253634945e-04, 2.4491460477308355e-04,
       6.4636830366457691e-04, 8.2926007354696685e-01,
       5.5177039284028329e-01, 6.9795668377768250e-01,
       5.8105127668104317e-04, 2.4214321537436876e-04,
       6.4121702805661023e-04, 7.8806167252868020e-01,
       5.2551109241591565e-01, 6.6375077144438088e-01,
       5.4949625435746555e-04, 2.4497908364233962e-04,
       6.3389069536976548e-04, 7.5483891181105001e-01,
       5.0234036189636888e-01, 6.1619633761888093e-01,
       5.7055309573985312e-04, 2.6828632445157261e-04,
       6.9591518475165199e-04, 7.1948467389511772e-01,
       4.7765151886683049e-01, 6.3806940623903274e-01,
       6.4233034386454511e-04, 3.1016563174630755e-04,
       8.2228544629701418e-04, 6.9569363437438114e-01,
       4.6022438833248458e-01, 7.0736015293068155e-01,
       7.4174047254718190e-04, 3.4821190788561572e-04,
       9.4146275208625136e-04, 6.8760632553254897e-01,
       4.5803147260945209e-01, 7.7598444735889505e-01,
       8.2692963194128458e-04, 3.5104336489023022e-04,
       1.0074955436120412e-03, 6.8262542305488616e-01,
       4.6383191015528363e-01, 8.0446774181380798e-01,
       1.0155993535181148e-03, 3.7493628954798929e-04,
       1.1318089126062937e-03, 6.7405407700564179e-01,
       4.7652923078042292e-01, 8.4383466596046186e-01,
       9.8891778538068623e-04, 3.3866350296680699e-04,
       1.0403807151667156e-03, 6.6274637373225342e-01,
       4.7541220188735139e-01, 7.9987079946635742e-01,
       9.0790172714916469e-04, 2.8519354459541769e-04,
       8.3324111547660460e-04, 6.7660969176489683e-01,
       4.8224360056263887e-01, 7.0210705512179805e-01,
       5.7158328417370146e-04, 2.2410299950935037e-04,
       6.3082752443141207e-04, 7.2639913217228269e-01,
       5.0091826597415512e-01, 5.6134485233498110e-01,
       5.8027433692990854e-04, 2.3790003506220429e-04,
       6.6520096545751050e-04, 7.6987361486971329e-01,
       5.2751419614274664e-01, 5.8897301833843174e-01,
       5.8096499161802500e-04, 2.4538554588922486e-04,
       6.9167710620616108e-04, 8.1517896100779130e-01,
       5.5647730397571071e-01, 6.2853912935216472e-01,
       5.7367502040823754e-04, 2.4644644432331457e-04,
       7.1913738111206032e-04, 8.5397932669567878e-01,
       5.8094540749447132e-01, 6.5939482379874936e-01,
       5.8102053233401966e-04, 2.5217469037074666e-04,
       7.4639410654041272e-04, 8.9415521744728355e-01,
       6.0549708861286167e-01, 6.8843546321612892e-01,
       6.0086895242833960e-04, 2.5911501941520596e-04,
       7.5878381230951844e-04, 9.1986989136710817e-01,
       6.2219696452258733e-01, 7.1639078202878148e-01,
       6.1875738411249067e-04, 2.6414312677140229e-04,
       7.8513118681502352e-04, 9.4067548144377100e-01,
       6.3571604314308916e-01, 7.4895814372341196e-01,
       6.5845070414967887e-04, 2.6959746575644524e-04,
       8.0416612051533267e-04, 9.6519542633592792e-01,
       6.5186046143163368e-01, 7.6862132179345133e-01,
       6.6967808574645209e-04, 2.7273031109149458e-04,
       8.1838073851183855e-04, 9.7694595043904775e-01,
       6.6043471581330071e-01, 7.8938645263320995e-01,
       6.7834092062347235e-04, 2.7699459120796623e-04,
       8.3361724805876790e-04, 9.9044725428102887e-01,
       6.6910979454235686e-01, 8.0604275300569528e-01,
       6.7958762291151062e-04, 2.7768735129497384e-04,
       8.3434089153288445e-04, 9.9434359209456336e-01,
       6.7227119518604661e-01, 8.1878762252792958e-01,
       6.7134712039302864e-04, 2.7450067869756652e-04,
       8.2858739188686214e-04, 9.8208117452751298e-01,
       6.6291722553137167e-01, 7.9473042707927999e-01,
       6.6039394659857188e-04, 2.7756623234437484e-04,
       8.2025979174269901e-04, 9.6626994026939017e-01,
       6.5111474749674270e-01, 7.5508825541741931e-01,
       5.0688217535095452e-04, 2.7920591485620856e-04,
       8.9404441728065250e-04, 9.5143818560795312e-01,
       6.4277699241204356e-01, 7.3964557787630236e-01,
       5.0312184261684786e-04, 2.8252040547451510e-04,
       8.7655402571655485e-04, 9.5608553637644411e-01,
       6.4607455238341849e-01, 7.3151982480036948e-01,
       4.9706605683712648e-04, 2.8844440599661296e-04,
       8.6291075536143534e-04, 9.5808836159332367e-01,
       6.4797040115395810e-01, 7.3704321391584471e-01,
       4.9341726763191263e-04, 2.9316638410594289e-04,
       8.6886035540234346e-04, 9.5589207587687375e-01,
       6.4780235796591101e-01, 7.4598934623774793e-01,
       4.9493032155672892e-04, 2.9586006486098540e-04,
       8.7692083866840339e-04, 9.5861731483074020e-01,
       6.5007147997057668e-01, 7.5729329184667504e-01,
       4.9436918634451267e-04, 2.9635692498836461e-04,
       8.7871304003084316e-04, 9.5703500691461807e-01,
       6.4911273031703765e-01, 7.5793917382558784e-01,
       4.9449013523986552e-04, 2.9678220467367877e-04,
       8.8821252776028045e-04, 9.5315504535241813e-01,
       6.4691495063507021e-01, 7.5715454041593255e-01,
       4.9373967015046603e-04, 2.7393932029847736e-04,
       8.6945374099461784e-04, 9.3580496633218779e-01,
       6.3316736108963356e-01, 7.2399569003642594e-01,
       6.3433313193405586e-04, 2.6600145751832881e-04,
       8.0999787248879976e-04, 9.4136159262354335e-01,
       6.3481705529242627e-01, 7.4348892316729331e-01,
       6.3789676606457787e-04, 2.6164718701214432e-04,
       7.9922455397917413e-04, 9.4983053441255549e-01,
       6.4208444115784413e-01, 7.5312435352504259e-01,
       6.4752980974481589e-04, 2.6215672115327554e-04,
       8.0648440153151821e-04, 9.5814520726337205e-01,
       6.4882908141231299e-01, 7.8310299244674064e-01,
       6.4591755534716753e-04, 2.5641823779328139e-04,
       7.9887673151803268e-04, 9.6435529215496518e-01,
       6.5301408580206854e-01, 7.9413264943044748e-01,
       6.3686606769822575e-04, 2.5362050517372406e-04,
       8.1389329817515524e-04, 9.6015154207425468e-01,
