%YAML:1.0
---
summary: "Filter by distance, md=150, ds=75."
init_cam_calib: C99-1010_3p_3
camera_matrix: !!opencv-matrix
   rows: 3
   cols: 3
   dt: d
   data: [ 2.5705841903302198e+03, 0., 1.8993944337518665e+03, 0.,
       2.5722610365076607e+03, 1.0875965805401197e+03, 0., 0., 1. ]
dist_coeff: !!opencv-matrix
   rows: 5
   cols: 1
   dt: d
   data: [ 1.8094657642077096e-02, -1.8180419239611566e-02,
       1.1320133118577324e-04, 7.5982609340544593e-04,
       -1.9899755731436382e-03 ]
std_intrinsics: !!opencv-matrix
   rows: 18
   cols: 1
   dt: d
   data: [ 4.4561039310847317e-01, 4.2311948864704974e-01,
       8.1318242607147206e-01, 5.2626583413900141e-01,
       1.0365945696818874e-03, 3.7504790027341837e-03,
       6.9616722306678694e-05, 1.0903633039207078e-04,
       3.9883397908119867e-03, 0., 0., 0., 0., 0., 0., 0., 0., 0. ]
std_extrinsics: !!opencv-matrix
   rows: 1704
   cols: 1
   dt: d
   data: [ 1.0166118312946947e-03, 3.6926063946045751e-04,
       1.0528465554662688e-03, 1.1670841273503325e+00,
       7.8107543188263084e-01, 1.1511705982563929e+00,
       1.0116698749476124e-03, 3.6617765245728782e-04,
       1.0400757056066596e-03, 1.1627381215798522e+00,
       7.7890713679419177e-01, 1.1463162387622852e+00,
       9.8292703742417051e-04, 3.5738140784949413e-04,
       1.0092528194522651e-03, 1.1358621448194584e+00,
       7.6074324530610304e-01, 1.1079012968146564e+00,
       9.3377729035009239e-04, 3.7011929822130401e-04,
       9.6983077298975779e-04, 1.1018686372560835e+00,
       7.3610217817218260e-01, 1.0718006833034504e+00,
       9.0724105833329906e-04, 3.6178102637070161e-04,
       9.2835328543974468e-04, 1.0775392041597782e+00,
       7.1959696992358280e-01, 1.0241570550956394e+00,
       8.6291950183222776e-04, 3.5626368488792079e-04,
       8.9189099222879229e-04, 1.0310745540320303e+00,
       6.8798032762587458e-01, 9.6387730824311113e-01,
       8.4127832216343188e-04, 3.5628286729401197e-04,
       8.8802043603555456e-04, 1.0074822456604668e+00,
       6.7248067819942814e-01, 9.4419912797712435e-01,
       8.0325836032120912e-04, 3.4992567447239705e-04,
       8.7734932711798334e-04, 9.7204128416249214e-01,
       6.4795521733052730e-01, 8.8106160538975598e-01,
       7.9358508021209573e-04, 3.6991761990604744e-04,
       9.1404762466079387e-04, 9.3474500975251840e-01,
       6.2029233670710293e-01, 8.6524941179097781e-01,
       8.2020513121350356e-04, 3.9653826280468463e-04,
       9.8105624220182707e-04, 9.0674172007323939e-01,
       5.9988407489625462e-01, 8.9342861896593029e-01,
       8.9186269159978210e-04, 4.4731990630669837e-04,
       1.1284188365489728e-03, 8.9556522799197391e-01,
       5.8976295742806140e-01, 9.9385633988894373e-01,
       1.0075656998519550e-03, 4.9633617375795355e-04,
       1.3057922237437957e-03, 8.9370017344173702e-01,
       5.8989957934516557e-01, 1.0851504387326107e+00,
       1.1160476479619718e-03, 5.1161985318394466e-04,
       1.3482634971534316e-03, 8.8699715829084769e-01,
       5.9077441837047451e-01, 1.1053511722254139e+00,
       1.1943166746248596e-03, 5.1193453866152036e-04,
       1.4253246689732478e-03, 8.8487519052974239e-01,
       5.9950545054913029e-01, 1.1311481842479882e+00,
       1.4786234877451876e-03, 5.5826012807811028e-04,
       1.6757632866567895e-03, 8.9779246377978750e-01,
       6.3160263090022728e-01, 1.2171541866461395e+00,
       1.4678691948017833e-03, 5.4479789981109843e-04,
       1.6184638623920858e-03, 8.7398631320570819e-01,
       6.2231115176379570e-01, 1.1888853082099633e+00,
       1.5001831601928035e-03, 5.0966508492859353e-04,
       1.5300378199578622e-03, 8.5091374755438454e-01,
       6.1755107665654807e-01, 1.1549579692186811e+00,
       1.3920122592944902e-03, 4.7263145603882633e-04,
       1.3952267891340234e-03, 8.4548059321956281e-01,
       6.1653376518918879e-01, 1.0823982945118091e+00,
       1.3076183431698233e-03, 4.1133095118218603e-04,
       1.1726805083172656e-03, 8.5806403171679224e-01,
       6.1948700169440640e-01, 9.7900044820411913e-01,
       8.6150015931191768e-04, 3.3285601271640754e-04,
       9.1932044640784662e-04, 8.9387576786102885e-01,
       6.2226627600484563e-01, 7.8709384425710704e-01,
       8.1954592649799798e-04, 3.2544522374466993e-04,
       8.8962047865712645e-04, 9.3592960912232825e-01,
       6.4733545020247341e-01, 7.7978315357871919e-01,
       8.1955359719507344e-04, 3.3627357597132646e-04,
       9.1488789411488984e-04, 9.6569144822846298e-01,
       6.6508249733415958e-01, 7.9909236960710273e-01,
       8.5096202831049005e-04, 3.4884792301575948e-04,
       9.5000637873645180e-04, 1.0070591728765195e+00,
       6.9271634333228238e-01, 8.6198191480547692e-01,
       8.0229406022169097e-04, 3.4772429135071541e-04,
       9.7226316509032272e-04, 1.0480035870331856e+00,
       7.1787476634583880e-01, 8.7889831383243089e-01,
       8.1901353431384962e-04, 3.5750472873339332e-04,
       1.0252556433442469e-03, 1.0954354850726908e+00,
       7.4904928117217484e-01, 9.4383547368236886e-01,
       8.3058102130168291e-04, 3.6228835062415455e-04,
       1.0488424729435768e-03, 1.1343621966671640e+00,
       7.7441663632001867e-01, 9.7850404988968764e-01,
       8.9073079590763933e-04, 3.7976518611477101e-04,
       1.1156974013585208e-03, 1.1865201795966618e+00,
       8.0864428095947438e-01, 1.0635629827885724e+00,
       9.2691130896897778e-04, 3.8370188563767644e-04,
       1.1275966371102307e-03, 1.2075400534693752e+00,
       8.2215505747515194e-01, 1.0679747562160824e+00,
       9.5731963347521715e-04, 3.8936556063054700e-04,
       1.1503824561540079e-03, 1.2234491480815219e+00,
       8.3478904820336519e-01, 1.1065326238396178e+00,
       9.6601801145368297e-04, 3.9282326557776685e-04,
       1.1646148340381936e-03, 1.2368840676438124e+00,
       8.4187853740813146e-01, 1.1177934928605555e+00,
       9.6724636901683819e-04, 3.9346982341416386e-04,
       1.1683764005280619e-03, 1.2330991547844390e+00,
       8.3649314209720327e-01, 1.1040313919508671e+00,
       9.1062247281641345e-04, 4.0136850567292919e-04,
       1.1494866725190714e-03, 1.1990430210841818e+00,
       8.1764246981820610e-01, 1.0510490300146007e+00,
       7.1342802009007652e-04, 4.1313925217514283e-04,
       1.2246419081972759e-03, 1.2067385434739883e+00,
       8.2324918074279507e-01, 1.0335949088868492e+00,
       7.0605380924238274e-04, 4.2470731731878954e-04,
       1.2364740025739842e-03, 1.2064134731650704e+00,
       8.2669299419175268e-01, 1.0648533638657021e+00,
       7.0894971808071095e-04, 3.9270290193304386e-04,
       1.2369356792792058e-03, 1.1779707920030689e+00,
       8.0303721663797356e-01, 1.0241535827380144e+00,
       9.1388855705351547e-04, 3.7774500524809831e-04,
       1.1428534529240441e-03, 1.1918490413438849e+00,
       8.1042879382248278e-01, 1.0632039577513539e+00,
       9.1269461473351032e-04, 3.7505381122806912e-04,
       1.1270208432583859e-03, 1.1932508720725075e+00,
       8.1285272991166546e-01, 1.0553509643256973e+00,
       9.1961099115266392e-04, 3.7359135624664009e-04,
       1.1287453389379738e-03, 1.2006124613759441e+00,
       8.1975053417052912e-01, 1.0762844785248564e+00,
       9.0869202298956750e-04, 3.7154593212259345e-04,
       1.1229090824348242e-03, 1.2011045168567669e+00,
       8.2187551427219929e-01, 1.1133227923952247e+00,
       9.0498963471079611e-04, 3.6614050864045721e-04,
       1.1251341129946725e-03, 1.2089741832412122e+00,
       8.2924439591494725e-01, 1.1417661019523153e+00,
       9.0620362972424818e-04, 3.6361046386760085e-04,
       1.1342206451425609e-03, 1.2154405720590296e+00,
       8.3757763130202179e-01, 1.1654046011412875e+00,
       9.0731096405615320e-04, 3.6375853238386556e-04,
       1.1453863212813344e-03, 1.2073030155228319e+00,
       8.3778308442728777e-01, 1.1901789026346510e+00,
       8.8367907571312333e-04, 3.5398567185258693e-04,
       1.1219722636742944e-03, 1.2136674103175871e+00,
