%YAML:1.0
---
summary: "Filter by distance, md=250."
init_cam_calib: C99-1010_3p_3
camera_matrix: !!opencv-matrix
   rows: 3
   cols: 3
   dt: d
   data: [ 2.5781717818326833e+03, 0., 1.8959258254086922e+03, 0.,
       2.5785895456057383e+03, 1.0890935770794474e+03, 0., 0., 1. ]
dist_coeff: !!opencv-matrix
   rows: 5
   cols: 1
   dt: d
   data: [ 1.9529457365514098e-02, -1.7960377659254349e-02,
       9.1644115884555654e-04, 1.4584747129475434e-04,
       -1.9529285952916034e-03 ]
std_intrinsics: !!opencv-matrix
   rows: 18
   cols: 1
   dt: d
   data: [ 6.2055382468971387e-01, 5.8761995483157492e-01,
       1.1118341405879983e+00, 7.2635620401717726e-01,
       1.4488922524069309e-03, 5.2854361181350427e-03,
       9.6588824887429363e-05, 1.4980263440281729e-04,
       5.6754738019884543e-03, 0., 0., 0., 0., 0., 0., 0., 0., 0. ]
std_extrinsics: !!opencv-matrix
   rows: 930
   cols: 1
   dt: d
   data: [ 1.0537762860136940e-03, 3.7683008881315625e-04,
       1.1522409435847833e-03, 1.5715310788839227e+00,
       1.0457668383175742e+00, 1.2987569112704636e+00,
       9.7589132661211159e-04, 3.7914987606415851e-04,
       1.0789221555487865e-03, 1.4858673197359311e+00,
       9.8842156951473870e-01, 1.2169294244486397e+00,
       8.9091488162108021e-04, 3.6332280524517887e-04,
       9.9737171736046849e-04, 1.3776408369346917e+00,
       9.1613960893498003e-01, 1.0893257473621896e+00,
       8.4557933484362619e-04, 3.5574805692697054e-04,
       9.8460839277339659e-04, 1.3072940400839268e+00,
       8.7147072496315159e-01, 1.0208165078456433e+00,
       8.5084050185951115e-04, 3.8925433859240765e-04,
       1.0583938832302658e-03, 1.2256427035091590e+00,
       8.1618526905168198e-01, 1.0186925023063136e+00,
       9.2318315258972325e-04, 4.5731461822930418e-04,
       1.2294256491445991e-03, 1.1672606347726546e+00,
       7.7474198830671293e-01, 1.1121830322351889e+00,
       1.1198851250615279e-03, 5.2072378991361570e-04,
       1.4324404277889459e-03, 1.1413520061633633e+00,
       7.6377770781792520e-01, 1.2209204415703605e+00,
       1.4862690005367030e-03, 5.4508771577807590e-04,
       1.6954013420656343e-03, 1.1446322936249094e+00,
       7.9334024538992243e-01, 1.3099042477352207e+00,
       1.5731296888556409e-03, 5.6248537287317867e-04,
       1.7248830834253820e-03, 1.1167286706585668e+00,
       7.8752091331295204e-01, 1.3401460000663963e+00,
       1.4319468384526633e-03, 4.8296702352621098e-04,
       1.4928581047386155e-03, 1.1111420102235001e+00,
       7.9131604041488823e-01, 1.2176733007298692e+00,
       8.9898741259623839e-04, 3.4398644113128348e-04,
       1.0356423250827869e-03, 1.1997029166385069e+00,
       8.2697752647752953e-01, 9.3600293812940250e-01,
       8.5391752850940523e-04, 3.4633036906604021e-04,
       1.0253893088070735e-03, 1.2979547904766273e+00,
       8.8537556911012283e-01, 9.3224822750291836e-01,
       8.6742870333979109e-04, 3.6689861195550211e-04,
       1.0748357793363837e-03, 1.3905820034409835e+00,
       9.4650902310424245e-01, 1.0255025159023525e+00,
       8.5982207865140374e-04, 3.7517909352372637e-04,
       1.1384915729840399e-03, 1.5042100979905504e+00,
       1.0157984436922503e+00, 1.0892377848559420e+00,
       9.3813823031115506e-04, 3.9703035905931140e-04,
       1.2136455368035016e-03, 1.6065308678261876e+00,
       1.0816353611079015e+00, 1.1980411898657248e+00,
       9.8053320922330883e-04, 4.0303935012762649e-04,
       1.2274151025151784e-03, 1.6372439057216244e+00,
       1.1008908368063699e+00, 1.2126390898890100e+00,
       1.0069595533591508e-03, 4.1034298844203434e-04,
       1.2601142356475758e-03, 1.6626576120408874e+00,
       1.1154151912617014e+00, 1.2340552366505761e+00,
       7.5126168533411642e-04, 4.2215492521764848e-04,
       1.3187113131731144e-03, 1.6190826894478891e+00,
       1.0896889798854115e+00, 1.1564666609033711e+00,
       7.4496657418247382e-04, 4.3645122978266872e-04,
       1.3465124135788947e-03, 1.6133722566997706e+00,
       1.0879783187667686e+00, 1.1932543429152966e+00,
       7.4450048665845804e-04, 4.0949029089434771e-04,
       1.3362659504707773e-03, 1.5889978174090194e+00,
       1.0713813023010350e+00, 1.1638278280759355e+00,
       9.6005369671448503e-04, 3.9236869912843161e-04,
       1.2344026067069799e-03, 1.6145054198562105e+00,
       1.0862299220500973e+00, 1.2037094339764893e+00,
       9.5853764002327101e-04, 3.8985169169845224e-04,
       1.2227370084853942e-03, 1.6208552930499236e+00,
       1.0921741683483515e+00, 1.2128197449782676e+00,
       9.5305774382076355e-04, 3.8439636976465472e-04,
       1.2257197604137781e-03, 1.6342172220480011e+00,
       1.1039232876060132e+00, 1.2779348720173014e+00,
       9.4455388693338209e-04, 3.7948568005496063e-04,
       1.2281743529401683e-03, 1.6401615237466844e+00,
       1.1115233623556811e+00, 1.3108540964817175e+00,
       9.4860845478587463e-04, 3.7877646660659981e-04,
       1.2429726287783171e-03, 1.6302506466160920e+00,
       1.1113405016582725e+00, 1.3724757371116287e+00,
       9.1585487901731132e-04, 3.6834007621929876e-04,
       1.2074898577761929e-03, 1.6329795605993886e+00,
       1.1079975370391730e+00, 1.3184745393944357e+00,
       9.5029186444177145e-04, 3.7792414865707750e-04,
       1.2497398362665507e-03, 1.6535024681165400e+00,
       1.1181713405828990e+00, 1.3484478363105095e+00,
       9.2895667545741113e-04, 3.7958692385303770e-04,
       1.2370630390940093e-03, 1.6288131885922108e+00,
       1.1014379146781099e+00, 1.3266006413821292e+00,
       9.3414157190181289e-04, 3.9313608958458339e-04,
       1.2586196951422882e-03, 1.6335743078124880e+00,
       1.1033713322939396e+00, 1.3406775574739800e+00,
       1.0081320808513453e-03, 4.1121859938856388e-04,
       1.2992375341279977e-03, 1.6918108295554912e+00,
       1.1406158271212716e+00, 1.3557537658861303e+00,
       9.7446612736123625e-04, 4.1301486927243741e-04,
       1.2719584420795426e-03, 1.6694041978470859e+00,
       1.1260437101421841e+00, 1.3295532670910568e+00,
       9.3983110421728023e-04, 4.1657618243051887e-04,
       1.2582674440333071e-03, 1.6742052019143658e+00,
       1.1342894161834203e+00, 1.3756438907728008e+00,
       9.8931170671165609e-04, 4.3921868909038117e-04,
       1.2700071489458076e-03, 1.7318033613714858e+00,
       1.1747132737278361e+00, 1.4945704169191290e+00,
       9.7997230559233092e-04, 4.6654289100561881e-04,
       1.2238896037570868e-03, 1.7374133535308849e+00,
       1.1787151962043965e+00, 1.5380136306472361e+00,
       1.0180566502573641e-03, 5.2822445716223113e-04,
       1.2037926213372006e-03, 1.7394758080982955e+00,
       1.1868160505890122e+00, 1.6581694873180208e+00,
       1.0445981637722808e-03, 5.6825359541014264e-04,
       1.1799757563717400e-03, 1.7440306423924716e+00,
       1.2013170697621405e+00, 1.7408751568524234e+00,
       1.1225277660575424e-03, 6.8483949138711364e-04,
       1.1670906793242442e-03, 1.7518060582382142e+00,
       1.2084784670725612e+00, 1.9144081616076711e+00,
       1.2181702557940560e-03, 8.3084542641783570e-04,
       1.2022461980012431e-03, 1.7652290535776991e+00,
       1.2605636169091252e+00, 2.1705523848198802e+00,
       1.2336021275021112e-03, 8.8664937745849793e-04,
       1.2040937195520035e-03, 1.7640261454302453e+00,
       1.2438823743224208e+00, 2.1573659574836568e+00,
       1.1663110567005858e-03, 8.9876288027482905e-04,
       1.1944228212312617e-03, 1.7363099999837233e+00,
       1.1816673418181896e+00, 1.9586375026027947e+00,
       1.0659130932749801e-03, 8.7749636702013061e-04,
       1.1225316340743822e-03, 1.6766236128876881e+00,
       1.1361142273335212e+00, 1.7692432268575733e+00,
       9.6875324654874034e-04, 7.6227303645812032e-04,
       1.0405549543398627e-03, 1.5966865054243315e+00,
       1.0990836360181264e+00, 1.5862793463956180e+00,
       9.3514908175149254e-04, 7.2166035263308229e-04,
       1.0334068918095114e-03, 1.5761846707854554e+00,
