%YAML:1.0
---
summary: "Filter by distance, md=200, ds=50."
init_cam_calib: C99-1010_3p_3
camera_matrix: !!opencv-matrix
   rows: 3
   cols: 3
   dt: d
   data: [ 2.5724927660576104e+03, 0., 1.8959809321440509e+03, 0.,
       2.5725628732637892e+03, 1.0903653371224186e+03, 0., 0., 1. ]
dist_coeff: !!opencv-matrix
   rows: 5
   cols: 1
   dt: d
   data: [ 2.2379671328752723e-02, -2.6673574652760702e-02,
       8.2379638131255934e-04, 1.0171828748897272e-04,
       4.2878865935185115e-03 ]
rvec: !!opencv-matrix
   rows: 202
   cols: 3
   dt: d
   data: [ -3.0355409311157713e+00, -8.9632530792058580e-03,
       -2.3244499556568508e-02, -3.0278810197710015e+00,
       -4.3579374275888151e-03, -2.2591462923768992e-02,
       -3.0416015488376669e+00, 2.5869962402928017e-02,
       -7.6890855648116221e-02, -3.0203890125148867e+00,
       6.4722375299921600e-02, -1.2269952160243706e-01,
       -3.0406158984632894e+00, 9.8001393452500557e-02,
       -1.3772673754100068e-01, -3.0614315900157449e+00,
       1.0352788897064995e-01, -1.3476338093396317e-01,
       -3.0710723057442681e+00, 1.1581189255759974e-01,
       -2.0894771752125138e-01, -3.0846977308440171e+00,
       1.1532074331236546e-01, -2.6420339588182806e-01,
       -3.0900071983968296e+00, 1.5289743699381464e-01,
       -3.5807626575933593e-01, -3.0992288320685670e+00,
       1.2469617409226640e-01, -2.9072424385625190e-01,
       -3.0830300207690544e+00, 7.4009783881622868e-02,
       -2.2859459691547349e-01, -3.0992812600810180e+00,
       7.2902631999510289e-02, -2.1263144876488410e-01,
       -3.1173474793260865e+00, 8.5641159701332784e-04,
       -9.7821565943892630e-02, -3.0970377327290182e+00,
       6.5032339662511674e-03, 1.2871667569291032e-01,
       -3.0599542550912924e+00, -7.5949679047076502e-02,
       3.9554970988983040e-01, -3.0483051655001963e+00,
       -5.3505636746323304e-02, 5.4310936919860797e-01,
       -3.0480105955299099e+00, 5.1077930180744219e-02,
       5.6171715306724290e-01, -3.0131187718779007e+00,
       -6.1618682156071268e-03, 6.5903910525310494e-01,
       -2.9651780569849469e+00, -6.7190785053260968e-02,
       8.0443847015794090e-01, -2.9461563590148510e+00,
       -3.9999576851397871e-02, 8.4823802219559963e-01,
       -2.9170825570625034e+00, -9.4304344051439008e-03,
       8.4761825260422829e-01, -2.9422655384813812e+00,
       -2.3422528878023447e-02, 8.5466447231195553e-01,
       -3.0264917357176220e+00, -5.3117328257360832e-03,
       8.1823769373180899e-01, -2.9634072422030666e+00,
       -1.0509002940972723e-02, 7.5753734710576326e-01,
       -2.9324364251004043e+00, -3.0584690072085963e-04,
       7.2546156956770336e-01, -2.8981049746592213e+00,
       -6.2016503438305781e-03, 6.6550990876875582e-01,
       -2.8656174586566472e+00, -3.5214968088933409e-02,
       6.0623401593272086e-01, -2.8381887366687812e+00,
       -7.0520835051599937e-02, 5.9293331856546261e-01,
       -2.8403716058711708e+00, -9.2680081371125170e-02,
       5.9002092832648068e-01, -2.8663928636317619e+00,
       -1.0077685807866446e-01, 6.1973616953726773e-01,
       -2.9089071929128876e+00, -1.2602188519842858e-01,
       6.2875712187346400e-01, -2.9789719668987025e+00,
       -3.2196875369533966e-02, 6.2084304301337223e-01,
       -2.9727177986183122e+00, 1.4615044792479137e-02,
       6.7864055519844257e-01, -2.9702345492505922e+00,
       -4.6081400103116225e-02, 7.9221327832385113e-01,
       -2.9656182466157204e+00, -2.8524667376426727e-02,
       6.9681370202044812e-01, -2.9501206105610156e+00,
       -5.3780352141871095e-02, 8.1919207670715466e-01,
       -2.8815952227494184e+00, -5.9818669548653773e-02,
       9.1190850932916279e-01, -2.8863548860956345e+00,
       -7.3086052532758322e-02, 1.0077887501569636e+00,
       -2.8734822750552445e+00, -4.7545937371654634e-02,
       1.0368413051010092e+00, -2.8390234987981326e+00,
       -8.2568930693934228e-02, 1.0990700413899763e+00,
       -2.8214194291203483e+00, -5.5427031415010965e-02,
       1.1655649490664866e+00, -2.8283532902743458e+00,
       -1.2851992898710260e-01, 1.2028190596233896e+00,
       -2.7773010656429089e+00, -1.7304260840059224e-01,
       1.1917250160496251e+00, -2.7313119096849565e+00,
       -9.1196900685076701e-02, 1.3841286155181913e+00,
       -2.7375024562480110e+00, -5.3279740892653173e-02,
       1.4582789257053821e+00, -2.6840493958348488e+00,
       -3.6667005042211091e-02, 1.5186508622832133e+00,
       -2.6052071278701034e+00, -9.8213739386324217e-02,
       1.6834171452000624e+00, -2.6242659034627502e+00,
       -1.3093801298112692e-01, 1.5726635855096700e+00,
       -2.6477612924657792e+00, -7.9537097099657172e-02,
       1.5701800776287727e+00, -2.6746418504259606e+00,
       -3.9385610343055037e-02, 1.5356648879666328e+00,
       -2.6009627937421800e+00, -1.9679705253390207e-02,
       1.5864585090518912e+00, -2.6644987453664717e+00,
       8.5043051905289269e-02, 1.5942936649582122e+00,
       -2.7220284436775137e+00, 9.7803001061809308e-02,
       1.5945383079069766e+00, 2.7608770180975655e+00,
       -1.2765204894331483e-01, -1.4973438725560564e+00,
       -2.7236121599099468e+00, 9.2214929573007462e-02,
       1.5040191624924744e+00, -2.6913235914505242e+00,
       2.4201522965628941e-02, 1.5238606397622776e+00,
       -2.6322007430647085e+00, -2.9443209480797469e-02,
       1.5690643983966672e+00, -2.7259580940336989e+00,
       -4.9605299665979987e-03, 1.5020540171694658e+00,
       -2.7942113278392213e+00, -1.7423701064775469e-02,
       1.4048287673102149e+00, -2.7778531129413637e+00,
       -4.6138603981904940e-02, 1.3886036317513060e+00,
       -2.7404177209160161e+00, -4.6496309912948293e-02,
       1.3876473016657167e+00, -2.7680140646930078e+00,
       -4.9122462022443893e-02, 1.3216055529185780e+00,
       -2.7786325060790440e+00, -3.3812418296745923e-02,
       1.2360566337078294e+00, -2.7603161980583604e+00,
       -6.1939807390888960e-02, 1.1961335418641523e+00,
       -2.7652851236425122e+00, -1.1923662902991961e-01,
       1.1445709545969034e+00, -2.7382879691511568e+00,
       -7.4015432154442840e-02, 1.0862765604575588e+00,
       -2.7278926282820954e+00, -3.5777334648467975e-02,
       1.0643377329767718e+00, -2.7590739769605754e+00,
       -7.0838282060770488e-02, 1.0655088258282299e+00,
       -2.7814151055923642e+00, -8.9096196180320816e-02,
       9.4449458117191698e-01, -2.8012401496183763e+00,
       -9.9640385715451446e-02, 9.6105252810820241e-01,
       -2.8041409072429997e+00, -7.8068396393354569e-02,
       8.1375686745928077e-01, -2.8190600589474615e+00,
       -7.9991513819775706e-02, 6.4539822536200919e-01,
       -2.8606542281997118e+00, -6.3792124037725273e-02,
       6.2433503119114031e-01, -2.8051281391036493e+00,
       -5.8607816936081233e-02, 6.2449798907200893e-01,
       -2.8051628352990989e+00, -8.4028541653622904e-02,
       7.8597921057423814e-01, -2.8474533223324041e+00,
       -1.1438546217360246e-01, 7.8311058272626799e-01,
       -2.8980417351964269e+00, -1.3399406474606412e-01,
       7.5203625156354825e-01, -2.9501181812172645e+00,
       -1.3204760618933042e-01, 6.5384487035166439e-01,
       -3.0148126345792434e+00, -1.4585465420045929e-01,
       6.0749429660746701e-01, -2.9964349694430390e+00,
       -1.3285296216053583e-01, 4.7049314408301462e-01,
       -2.9771762647981683e+00, -1.4530483566144214e-01,
       3.8373172409609169e-01, -3.0004529946808280e+00,
       -1.5810320814979015e-01, 3.6366595379702255e-01,
       -3.0390759156201850e+00, -1.6674687986221165e-01,
       2.9208316303367765e-01, -3.0445169260836664e+00,
       -1.4054440444680591e-01, 3.1909609252884957e-01,
       -3.0356056541877727e+00, -1.1292551462547092e-01,
       2.8666951758026588e-01, -3.0319458809819797e+00,
       -3.1001564316725932e-02, 1.8730485717753825e-01,
       -3.0363275846531370e+00, -3.0726168007529801e-02,
       1.4033035561400853e-01, -3.0567701936259652e+00,
       -3.3008097733487923e-02, 1.7617072152024163e-01,
