%YAML:1.0
---
summary: "Filter by time, rd=15, rs=0."
init_cam_calib: C99-1010_3p_3
camera_matrix: !!opencv-matrix
   rows: 3
   cols: 3
   dt: d
   data: [ 2.5683315175627490e+03, 0., 1.8810765971054545e+03, 0.,
       2.5663450227395415e+03, 1.0847913568973527e+03, 0., 0., 1. ]
dist_coeff: !!opencv-matrix
   rows: 5
   cols: 1
   dt: d
   data: [ 1.3480015469334439e-02, -1.5437258251550392e-02,
       -4.7726841206608621e-04, -1.1406518783591063e-03,
       3.7711773246479655e-04 ]
rvec: !!opencv-matrix
   rows: 153
   cols: 3
   dt: d
   data: [ -3.0376015544575798e+00, -9.1090655947686297e-03,
       -1.7093187156728237e-02, -3.0337260184171173e+00,
       1.0022064766569013e-05, -1.7466243583775756e-02,
       -3.0308662411987872e+00, 1.1414384640123738e-02,
       -4.2732952292078383e-03, -3.0388865169323038e+00,
       2.5743841984604401e-02, 9.2543332801145045e-03,
       -3.0442894411086354e+00, 3.7574858504468775e-02,
       -1.0893933901202148e-01, -3.0218628681230277e+00,
       7.1945327253016791e-02, -1.3302843677623336e-01,
       -3.0627603603800955e+00, 1.0674487194992122e-01,
       -1.3099103529899045e-01, -3.0846341137866240e+00,
       1.1781167016706365e-01, -2.2542019795583768e-01,
       -3.0969314799432972e+00, 1.5981430939770128e-01,
       -3.4964466590767235e-01, -3.0903231928791421e+00,
       8.5195536443117309e-02, -2.2311242506994813e-01,
       -3.1252322327609661e+00, 1.4717770067917963e-02,
       -1.0449846861699548e-01, -3.1040740142774621e+00,
       -1.9674794648659687e-02, 1.9706432356343370e-01,
       -3.0477101129028994e+00, -8.0470202322997994e-02,
       5.2429359418343047e-01, -3.0427135296758068e+00,
       4.9367105465668096e-02, 5.6420619600675859e-01,
       -3.0036379153381221e+00, -1.8367894811827153e-02,
       7.1303499924515934e-01, -2.9533890565473895e+00,
       -6.4014782399757261e-02, 8.4332313783594148e-01,
       -2.9455540039497254e+00, -3.9038803123407309e-02,
       8.5559393801413752e-01, -2.9188093229666716e+00,
       -1.4198318960076457e-02, 8.4382739236865589e-01,
       -2.9212287854163415e+00, -6.5882432578500016e-02,
       8.6335539764223901e-01, -2.9465535353298704e+00,
       -4.8769287246039038e-02, 8.4821815004382295e-01,
       -3.0037685195555306e+00, 2.2198140735208826e-02,
       8.2508709046017426e-01, 2.9971832287376823e+00,
       1.6923472997331140e-02, -8.2555297922814019e-01,
       2.9743374951322403e+00, -4.3601609823599435e-03,
       -8.3620757625793485e-01, 2.9998319008931449e+00,
       -1.8910663813528194e-02, -7.9190481534053536e-01,
       2.9943872935627320e+00, -2.9959514088206508e-02,
       -8.0015438363981961e-01, 3.0475146953662242e+00,
       -4.5855847585298849e-03, -7.6637052525629623e-01,
       -2.9908628589654831e+00, -4.0542731809790721e-04,
       7.4799313861887295e-01, -2.9214420888381545e+00,
       1.3757710259959839e-02, 7.2507552242762752e-01,
       -2.8662480486245983e+00, -3.4136230377106239e-02,
       6.1196084588896571e-01, -2.8390177104025622e+00,
       -9.0257355228139033e-02, 5.8953329248987874e-01,
       -2.8346784583856284e+00, -1.2134303541586777e-01,
       5.8778826281746221e-01, -2.8347862531209720e+00,
       -1.1348236255498198e-01, 5.8235726857582082e-01,
       -2.9333335328601242e+00, -3.7418435986328116e-02,
       5.9732236844965725e-01, -2.9962166672230488e+00,
       9.9397633168107763e-03, 6.8240734624921606e-01,
       -2.9697147125771299e+00, 3.8427151127390417e-02,
       7.4760956200940820e-01, -2.9879787941874194e+00,
       -5.6768929940126771e-02, 7.7602431639218894e-01,
       -2.9547041423169791e+00, 2.6276202392595956e-04,
       7.3217372725390550e-01, -2.8847750289229772e+00,
       -7.2081626916480387e-02, 1.0158753376133103e+00,
       -2.8820231515355839e+00, -7.3068476417571165e-02,
       1.0807162065323719e+00, -2.8007113628023972e+00,
       -5.5734159240527471e-02, 1.1895361613697857e+00,
       -2.7783836614873527e+00, -1.8009606318551513e-01,
       1.2884978278991346e+00, -2.7379003920800749e+00,
       -5.8905864979969476e-02, 1.4595499294626129e+00,
       -2.6521581012232818e+00, -4.6873053324611010e-02,
       1.5978024452034543e+00, -2.6148105430616901e+00,
       -9.4580274247362511e-02, 1.6783055076662254e+00,
       -2.6188233718354748e+00, -1.3617455386694227e-01,
       1.5686318363091829e+00, -2.6503775515255072e+00,
       -2.0494264730364278e-02, 1.5973618046758975e+00,
       -2.6878925389255177e+00, -5.0541385333531377e-02,
       1.5261858040570362e+00, -2.5885108044600127e+00,
       -1.1614179537908921e-02, 1.6027066388063942e+00,
       -2.5970132146375171e+00, -5.5182009934439322e-02,
       1.5962798838419763e+00, -2.5971520914049213e+00,
       -6.5973043980010498e-02, 1.5870938162371191e+00,
       -2.5718444919862162e+00, -4.6048536806234691e-02,
       1.5976816395382671e+00, -2.6611187272736605e+00,
       8.6994265232174947e-02, 1.6033910941159577e+00,
       2.7422472515245744e+00, -1.1903852504732840e-01,
       -1.5004985973677210e+00, -2.6884737241738188e+00,
       2.5478250023332896e-02, 1.5326068900288981e+00,
       -2.6726213355771997e+00, -1.8083691977053618e-02,
       1.5431089497034756e+00, -2.6206890166258576e+00,
       -2.1823354525315423e-02, 1.5991794997041942e+00,
       -2.7738500056661972e+00, 2.6278359391050410e-04,
       1.4093190970787404e+00, -2.7752056057066867e+00,
       -5.0323242744058805e-02, 1.4020859114595601e+00,
       -2.7303853303615453e+00, -5.3407794753971741e-02,
       1.3948188642599231e+00, -2.7522472718548343e+00,
       -7.8148150144529499e-02, 1.1733325085707216e+00,
       -2.7302107309123449e+00, -5.4194701447224193e-02,
       1.0839980522324628e+00, -2.7797262123607078e+00,
       -8.8261888929863919e-02, 9.5189570750645558e-01,
       -2.8193124398006999e+00, -7.9073387562414679e-02,
       6.5100807875678679e-01, -2.8217335141266360e+00,
       -9.4200562830859050e-02, 7.9084876301781448e-01,
       -2.9798941592936301e+00, -1.2022115562712284e-01,
       4.8515442095913236e-01, -3.0402819220104225e+00,
       -1.6653801111797958e-01, 2.9748149510446054e-01,
       -3.0378847974802152e+00, -9.0518451545887071e-02,
       2.5606410943045221e-01, -3.0461794260731598e+00,
       -3.5953135860733176e-02, 1.3875573734946747e-01,
       -3.0635751820713422e+00, 2.1363330201604899e-02,
       4.7284161788038448e-01, -3.0463828395518866e+00,
       5.7910803284229205e-03, 4.9907415772063624e-01,
       -3.0719067093901931e+00, -3.4039669701398462e-02,
       1.4917979438422002e-01, -2.9463962462612687e+00,
       7.9332225760619421e-02, -3.5188707772884292e-01,
       -2.9287850570717051e+00, 1.3271960373938432e-01,
       -9.5082664561523333e-01, -2.7941464052628477e+00,
       8.0761870014499457e-02, -1.1081876878053640e+00,
       -2.7391901194343657e+00, 1.2364284070450818e-01,
       -1.2755355964488748e+00, -2.7586157357022709e+00,
       1.1982568088608250e-01, -1.2517006970062927e+00,
       -2.8024500532141281e+00, 7.0080122153672431e-02,
       -1.1974295639857730e+00, -2.8828907197692555e+00,
       5.6089870987718032e-02, -1.0160862087164335e+00,
       -2.9413490159130182e+00, 8.0238147367137358e-02,
       -1.0289485571844126e+00, -2.9407842335277521e+00,
       4.9119619022376791e-02, -1.0751653419298379e+00,
       -2.9279616081134092e+00, 4.7503531700247938e-02,
       -1.0811889431607169e+00, 2.8300497222522298e+00,
       -8.3754500437009008e-02, 1.1350723607875743e+00,
       2.8108770021427976e+00, -2.9596753017258691e-02,
       1.1083663730671161e+00, 2.8118256747078010e+00,
       -1.2660824099150902e-02, 1.0507121339399230e+00,
       2.8009772246005635e+00, 6.7228266435241275e-03,
       1.1167989172065669e+00, 2.8051514293457998e+00,
       -2.1806085684304209e-03, 1.1346615716157409e+00,
       2.7872945891185741e+00, 1.2616609937918440e-02,
       1.1223837997750918e+00, 2.7507108970312322e+00,
       3.1654264562864472e-02, 1.1073427458798961e+00,
