%YAML:1.0
---
summary: "Filter by distance, md=200, ds=50."
init_cam_calib: C99-1010_3p_3
camera_matrix: !!opencv-matrix
   rows: 3
   cols: 3
   dt: d
   data: [ 2.5724927660576104e+03, 0., 1.8959809321440509e+03, 0.,
       2.5725628732637892e+03, 1.0903653371224186e+03, 0., 0., 1. ]
dist_coeff: !!opencv-matrix
   rows: 5
   cols: 1
   dt: d
   data: [ 2.2379671328752723e-02, -2.6673574652760702e-02,
       8.2379638131255934e-04, 1.0171828748897272e-04,
       4.2878865935185115e-03 ]
std_intrinsics: !!opencv-matrix
   rows: 18
   cols: 1
   dt: d
   data: [ 5.3052415110921991e-01, 5.0340423291245007e-01,
       9.7113554889997433e-01, 6.3136345099928237e-01,
       1.2351984960144236e-03, 4.4414954971337189e-03,
       8.4235591839645864e-05, 1.3083918573688746e-04,
       4.6991082864348607e-03, 0., 0., 0., 0., 0., 0., 0., 0., 0. ]
std_extrinsics: !!opencv-matrix
   rows: 1212
   cols: 1
   dt: d
   data: [ 1.0382272106470112e-03, 3.7387482580713064e-04,
       1.1051113908262242e-03, 1.3803920357049546e+00,
       9.1985149211067685e-01, 1.2239515656211286e+00,
       1.0354485466061492e-03, 3.7209497449555462e-04,
       1.0985529800106300e-03, 1.3777944226591237e+00,
       9.1834123480037899e-01, 1.2204525527271137e+00,
       9.9345379856676224e-04, 3.7494508918021032e-04,
       1.0612212180686289e-03, 1.3260014927211647e+00,
       8.8379505455033813e-01, 1.1788070338618180e+00,
       9.2813004243202154e-04, 3.6626913754855069e-04,
       9.8374439575269488e-04, 1.2732886469991471e+00,
       8.4725600135349943e-01, 1.0933969615295100e+00,
       8.6719723764591412e-04, 3.5970699671890831e-04,
       9.4284793011366287e-04, 1.2057340162620680e+00,
       8.0188600322203074e-01, 1.0115316413165469e+00,
       8.3617823404013095e-04, 3.5369723671863199e-04,
       9.3618952182186342e-04, 1.1561964871492092e+00,
       7.7043375513375534e-01, 9.6438261395943092e-01,
       8.1725231243981705e-04, 3.8088841606711107e-04,
       9.8934601325288414e-04, 1.0933666985600892e+00,
       7.2627682430425078e-01, 9.3866634340521771e-01,
       8.7280145549544375e-04, 4.0608921733601203e-04,
       1.0539515935363481e-03, 1.0495109819025379e+00,
       6.9738584719641084e-01, 9.5516866489110841e-01,
       9.9758016851516913e-04, 5.0226122019594811e-04,
       1.3312279964488754e-03, 1.0326434344113553e+00,
       6.8129497046355036e-01, 1.1462294225241623e+00,
       1.1429105877320443e-03, 5.1814319519724768e-04,
       1.4151297918693262e-03, 1.0211687936771578e+00,
       6.8272264504593327e-01, 1.1769701627275784e+00,
       1.3328507444395775e-03, 5.2786780500612340e-04,
       1.5727951459961376e-03, 1.0211399459860260e+00,
       7.0081563127757729e-01, 1.2323714583601744e+00,
       1.4792317220371843e-03, 5.5324020116509476e-04,
       1.6722666475121803e-03, 1.0095100951587010e+00,
       7.0933894926842167e-01, 1.2577555866073398e+00,
       1.4639188635856848e-03, 5.2056911484588478e-04,
       1.5916651922733651e-03, 9.8227743687611013e-01,
       7.0364967722095251e-01, 1.2139820584913450e+00,
       1.3516341296553435e-03, 4.3740142517442396e-04,
       1.2966813562261621e-03, 9.9710885807384020e-01,
       7.1207520850114681e-01, 1.0817573343465403e+00,
       8.5859026915741088e-04, 3.3208005913148113e-04,
       9.5719783093337291e-04, 1.0629915912924224e+00,
       7.3326017595400850e-01, 8.4473354421008762e-01,
       8.3391961635177086e-04, 3.3776193107899343e-04,
       9.6910146652782623e-04, 1.1363982314370520e+00,
       7.7744800538322578e-01, 8.5572503458805749e-01,
       8.5788028259054427e-04, 3.6101389343567048e-04,
       1.0144015758186561e-03, 1.2065772607755605e+00,
       8.2410742038696072e-01, 9.4157343484199740e-01,
       8.4087275209186632e-04, 3.6577039048588095e-04,
       1.0730110049127542e-03, 1.2855080982960214e+00,
       8.7412684211748948e-01, 1.0050274854001839e+00,
       8.5597146807940973e-04, 3.7292556115649521e-04,
       1.1013995933340784e-03, 1.3474949688579188e+00,
       9.1253735531237246e-01, 1.0464276708208828e+00,
       9.4039574377162774e-04, 3.9218770779227320e-04,
       1.1738595769187231e-03, 1.4231893718212534e+00,
       9.6047626614780601e-01, 1.1286562118271759e+00,
       9.6302521409412172e-04, 3.9560761685925136e-04,
       1.1834285747397198e-03, 1.4371437212858038e+00,
       9.7084440043424758e-01, 1.1474011353755809e+00,
       9.8863218089907516e-04, 4.0183742643154469e-04,
       1.2164901765673753e-03, 1.4611201323831324e+00,
       9.8466541977067423e-01, 1.1784503410539575e+00,
       9.2547561835243917e-04, 4.0824176636268782e-04,
       1.1900277203863367e-03, 1.4162969332027004e+00,
       9.5711723007880534e-01, 1.1069993969739416e+00,
       9.3825635432646882e-04, 3.8460977107345010e-04,
       1.1802602078179604e-03, 1.4150180569346806e+00,
       9.5571925577468142e-01, 1.1229704116220349e+00,
       9.4351701923240012e-04, 3.8565527938840043e-04,
       1.1856423811704138e-03, 1.4236646428962381e+00,
       9.6413140590174884e-01, 1.1591226682024389e+00,
       9.4202809279028080e-04, 3.7673466410101169e-04,
       1.1776197808139033e-03, 1.4373986971112305e+00,
       9.7419177248422240e-01, 1.1926333415031873e+00,
       9.2841579626376503e-04, 3.7424881299510411e-04,
       1.1838420231123504e-03, 1.4385444241744778e+00,
       9.7903588054141355e-01, 1.2354078887525932e+00,
       9.2774655530500122e-04, 3.7346486350972038e-04,
       1.1928963221348192e-03, 1.4370966885563490e+00,
       9.8290655951388450e-01, 1.2524581890810615e+00,
       9.1983191623514426e-04, 3.6553700427661691e-04,
       1.1860235423572236e-03, 1.4449129312109676e+00,
       9.8324584276672800e-01, 1.2625530036987063e+00,
       9.2444047565755111e-04, 3.7061355927708097e-04,
       1.1966976580047699e-03, 1.4467451281765458e+00,
       9.8181807277427335e-01, 1.2743143908163705e+00,
       9.1031533990650895e-04, 3.7255698471860957e-04,
       1.1906332858486921e-03, 1.4297665021508452e+00,
       9.6998003900405738e-01, 1.2516190938303864e+00,
       9.1533885720740935e-04, 3.8572272439078923e-04,
       1.2113813074043525e-03, 1.4343303243132561e+00,
       9.7055733110083264e-01, 1.2635789624613551e+00,
       9.6697930102354742e-04, 4.0145805714203095e-04,
       1.2367990572194705e-03, 1.4695886939038458e+00,
       9.9479750351557095e-01, 1.2575598804348467e+00,
       9.5631977523531005e-04, 4.0550865690081506e-04,
       1.2268116739073496e-03, 1.4649339255014691e+00,
       9.9201713850475637e-01, 1.2601091551882206e+00,
       9.2491617667988146e-04, 4.0745964623075488e-04,
       1.2126870328497748e-03, 1.4689262062143007e+00,
       9.9918451246697515e-01, 1.2933715808546300e+00,
       9.4573052473959605e-04, 4.2257626909628223e-04,
       1.2188436210189171e-03, 1.4978780056831813e+00,
       1.0188940785235372e+00, 1.3855168996190370e+00,
       9.7735862593356735e-04, 4.3533914449836615e-04,
       1.2234451626054756e-03, 1.5252528049835570e+00,
       1.0418200020932593e+00, 1.4401303461867063e+00,
       9.7613291784462647e-04, 4.5078997431382043e-04,
       1.2049113205776895e-03, 1.5242359925753688e+00,
       1.0384341737073564e+00, 1.4309390076219959e+00,
       9.5859144301716002e-04, 4.6693631393937931e-04,
       1.1615151343909115e-03, 1.5290464256193044e+00,
       1.0449774573666910e+00, 1.5194238940687057e+00,
       1.0116014352289007e-03, 5.3103418114567051e-04,
       1.1540266457821169e-03, 1.5382909042235398e+00,
       1.0655920168241968e+00, 1.6638945456548713e+00,
       1.0961952355374599e-03, 6.4472798792947704e-04,
       1.1375983935281680e-03, 1.5357279021802142e+00,
       1.0747410967400932e+00, 1.8245056889421472e+00,
       1.1868655929179524e-03, 7.6226191758022000e-04,
       1.1779188172904404e-03, 1.5663448172128223e+00,
       1.1081080561000818e+00, 2.0237775010730004e+00,
       1.1930181575330462e-03, 7.8874208664032994e-04,
       1.1599935787479159e-03, 1.5638196045678685e+00,
