%YAML:1.0
---
summary: "Filter by distance, md=250, ds=125."
init_cam_calib: C99-1010_3p_3
camera_matrix: !!opencv-matrix
   rows: 3
   cols: 3
   dt: d
   data: [ 2.5785927918647808e+03, 0., 1.8952434405180081e+03, 0.,
       2.5783538672902905e+03, 1.0886300147632535e+03, 0., 0., 1. ]
dist_coeff: !!opencv-matrix
   rows: 5
   cols: 1
   dt: d
   data: [ 1.8517663753980590e-02, -1.3982398252005186e-02,
       9.2106881752922459e-04, -9.4003351716499107e-05,
       -5.6825460967198363e-03 ]
rvec: !!opencv-matrix
   rows: 156
   cols: 3
   dt: d
   data: [ -3.0357159635522257e+00, -9.0027817437429540e-03,
       -2.2608967274811296e-02, -3.0419624318584653e+00,
       2.1649072188780195e-02, -4.9288781884320875e-04,
       -3.0205792470571908e+00, 6.4620233015872081e-02,
       -1.2212521977647796e-01, -3.0438936085051789e+00,
       9.5613724476044451e-02, -1.3462745969681483e-01,
       -3.0627933227978734e+00, 9.9913005444570893e-02,
       -1.5702911188416577e-01, -3.0800459326687304e+00,
       1.1102905221180717e-01, -2.3683859758332451e-01,
       -3.0842263091101625e+00, 1.3294180227593605e-01,
       -3.2683443011327973e-01, -3.0939039212015977e+00,
       1.0966735626849655e-01, -2.8556873684812062e-01,
       -3.0807661466788301e+00, 9.3849790592249960e-02,
       -2.5420381483525689e-01, -3.1218199130164450e+00,
       2.6129758570392871e-02, -1.4557675246471308e-01,
       -3.0959294268412090e+00, 1.7257312061870797e-02,
       4.4215592718621466e-02, -3.0693215381466925e+00,
       -6.9968404480528434e-02, 3.6556053453058457e-01,
       -3.0523264887977199e+00, -3.9420532733837638e-02,
       5.5562581083949392e-01, -3.0314430084405264e+00,
       4.8183488908716182e-02, 5.6705456402919407e-01,
       -2.9977504213073689e+00, -3.5400534286305504e-02,
       7.5708693762915003e-01, -2.9550600332074204e+00,
       -5.6243712273062428e-02, 8.3372963666420907e-01,
       -2.9171320304177861e+00, -9.0097940139138352e-03,
       8.4917849865844575e-01, -2.9524429063511355e+00,
       -1.4772275069262283e-02, 8.6648539134182312e-01,
       2.9885128550688207e+00, 1.6336165275696753e-02,
       -8.2416092590456902e-01, 3.0344075070303069e+00,
       -3.4560059921451190e-02, -7.9704184446951032e-01,
       3.0448552357065748e+00, -3.5851209562320417e-03,
       -7.6389560952848146e-01, -2.9732522422370780e+00,
       9.3195884227477020e-04, 7.4599080635167325e-01,
       -2.9322603888852243e+00, -3.3019402152232352e-03,
       7.3300901961888920e-01, -2.8945345338041131e+00,
       -1.2747171632286371e-02, 6.4846552052266271e-01,
       -2.8541955003163095e+00, -4.6111321184388536e-02,
       6.0094510075459417e-01, -2.7991858298216017e+00,
       -7.6293370043394426e-02, 5.4860284407079318e-01,
       -2.8257708438197624e+00, -8.8941118267703956e-02,
       5.7808298918593393e-01, -2.8671850798973439e+00,
       -1.0065265251432279e-01, 6.1044283586800308e-01,
       -2.9087796328539879e+00, -1.2567711642929130e-01,
       6.3041639030291796e-01, -2.9788016857491364e+00,
       -3.1890497643919033e-02, 6.2246048054035563e-01,
       -2.9570700129292722e+00, 2.8197009128551710e-02,
       6.8615191708917023e-01, -2.9702095850366210e+00,
       -4.5714327086745020e-02, 7.9385745822961962e-01,
       -2.9612460184321430e+00, -1.8143915302613531e-02,
       6.9592806999560364e-01, -2.9024957706281045e+00,
       -5.9642596879996436e-02, 8.7513313679429494e-01,
       -2.8884077865581341e+00, -5.4337962429288449e-02,
       1.0062986529548692e+00, -2.8667863914879113e+00,
       -8.4233004590469063e-02, 1.0982237384281646e+00,
       -2.8076061157260126e+00, -7.4613795064788324e-02,
       1.1447866411314109e+00, -2.8124145853228737e+00,
       -7.2184190272959983e-02, 1.2069277406778876e+00,
       -2.7683563395029602e+00, -1.7803817146531759e-01,
       1.2214516558594932e+00, -2.7810276567454810e+00,
       -1.8035027756489541e-01, 1.2823099540784544e+00,
       -2.7378617503073452e+00, -5.2792160380169637e-02,
       1.4597651416747679e+00, -2.6583014687260977e+00,
       -4.0722148125013735e-02, 1.5729595145684514e+00,
       -2.6234111489017069e+00, -1.4591186351874672e-01,
       1.5492130698664155e+00, -2.6481079926883813e+00,
       -7.8997072109520505e-02, 1.5712199135494302e+00,
       -2.6647516953222463e+00, 8.5479070672767360e-02,
       1.5950009823909799e+00, 2.7010610761885765e+00,
       -9.9384790360357286e-02, -1.5289041524489075e+00,
       2.7598870436271157e+00, -1.2806109398939283e-01,
       -1.4977408371744401e+00, -2.7122840933039760e+00,
       9.5792372056261774e-02, 1.5046823152828992e+00,
       -2.6794678700302565e+00, -1.0785700124692411e-02,
       1.5187418322740935e+00, -2.7811630130504064e+00,
       -7.0774025390417114e-03, 1.4043121984278595e+00,
       -2.7662437793210142e+00, -4.0796485075165215e-02,
       1.3833743990418770e+00, -2.7091281955795541e+00,
       -3.6924011410364159e-02, 1.4053493886002770e+00,
       -2.7631581004579626e+00, -1.2984887822636943e-02,
       1.2731192666456517e+00, -2.7605598643654656e+00,
       -6.1352632685693013e-02, 1.1977723031381016e+00,
       -2.7585550784627810e+00, -1.1627069057648673e-01,
       1.1282481930886599e+00, -2.7327841668859461e+00,
       -5.4452391373167285e-02, 1.0776358132693682e+00,
       -2.7663248182506899e+00, -8.2235372785921607e-02,
       1.0668861774903287e+00, -2.7816026211761748e+00,
       -8.8515758568008140e-02, 9.4591403017809961e-01,
       -2.8373105768942941e+00, -9.9849407240950622e-02,
       9.2038582442625971e-01, -2.8042051963688910e+00,
       -7.7565805220476805e-02, 8.1535377711204249e-01,
       -2.8335549017775059e+00, -5.7585860544845720e-02,
       6.2620046203783430e-01, -2.7910009792867814e+00,
       -6.0554743793117725e-02, 7.4140036385675878e-01,
       -2.8221886650580172e+00, -9.4636401605239256e-02,
       7.8623349139098886e-01, -2.8980573649506183e+00,
       -1.3361167850928349e-01, 7.5366470747849601e-01,
       -2.9768899604514298e+00, -1.3791187312911804e-01,
       6.4752740017445476e-01, -2.9764288694663290e+00,
       -1.1367321054148449e-01, 4.7815761284926434e-01,
       -2.9870565225391150e+00, -1.5615269380727539e-01,
       3.6630572113077531e-01, -3.0390797663773910e+00,
       -1.6665924997066756e-01, 2.9371006844871073e-01,
       -3.0491625877927588e+00, -1.3589768158049312e-01,
       3.1002139314547505e-01, -3.0291286567575648e+00,
       -7.5163127368741700e-02, 2.3555043125676253e-01,
       -3.0148345242336516e+00, -1.9945766513017839e-06,
       1.4090790460729255e-01, -3.0520538404690116e+00,
       -3.1084043773387842e-02, 1.6157300130402696e-01,
       -3.1028079607140260e+00, -1.3459927757329388e-02,
       2.8039679959838459e-01, -3.0563069498218387e+00,
       8.6247808488718204e-03, 4.8677363412835201e-01,
       -3.0317603202655472e+00, -4.0770636662407163e-02,
       5.5504584239398591e-01, -3.0727294401405172e+00,
       9.5641110586354580e-04, 4.5097842524482357e-01,
       -3.0648883392462443e+00, -4.3771474472908141e-02,
       2.3648740198515786e-01, -3.0566498187493414e+00,
       7.1517745509697894e-03, 5.7282027182199866e-02,
       -3.0144908620880111e+00, 2.8166447672341256e-02,
       -2.4130191094690270e-01, -2.8885928263577632e+00,
       1.6322319393880805e-01, -6.7687117521282569e-01,
       -2.9069727622623733e+00, 1.7089360823694671e-01,
       -9.0398003712558672e-01, -2.8978241999900467e+00,
       1.1872559404293398e-01, -1.0480876564573081e+00,
       -2.8232344740055790e+00, 8.8761000200546294e-02,
       -1.0705961562180188e+00, -2.7459968272672342e+00,
       1.1119374997164988e-01, -1.2793134011081500e+00,
       -2.7807022326553392e+00, 1.0403920186918482e-01,
       -1.2337970077207980e+00, -2.8732636701695791e+00,
       5.1140668792446754e-02, -1.0409725934410485e+00,
       -2.9165285185039007e+00, 7.5752712606419956e-02,
       -1.0186214125764490e+00, 2.9298169272291124e+00,
       -7.5295081045115800e-02, 1.1368232140747898e+00,
