%YAML:1.0
---
summary: "Filter by time, rd=10, rs=0."
init_cam_calib: C99-1010_3p_3
camera_matrix: !!opencv-matrix
   rows: 3
   cols: 3
   dt: d
   data: [ 2.5668680741799240e+03, 0., 1.8826934653888218e+03, 0.,
       2.5663633349795691e+03, 1.0857337577602498e+03, 0., 0., 1. ]
dist_coeff: !!opencv-matrix
   rows: 5
   cols: 1
   dt: d
   data: [ 1.4993968272823866e-02, -1.7467276665650896e-02,
       -5.2799416310968716e-04, -1.0469810839746109e-03,
       1.0029009256382634e-03 ]
std_intrinsics: !!opencv-matrix
   rows: 18
   cols: 1
   dt: d
   data: [ 3.7205806491723542e-01, 3.5050925409971789e-01,
       7.1369102716069976e-01, 4.6108494425613034e-01,
       8.9480524383074014e-04, 3.3257632089463518e-03,
       6.1627502295461814e-05, 9.5170213751753207e-05,
       3.6375071699070046e-03, 0., 0., 0., 0., 0., 0., 0., 0., 0. ]
std_extrinsics: !!opencv-matrix
   rows: 1380
   cols: 1
   dt: d
   data: [ 7.7486760358249046e-04, 2.7848914200103754e-04,
       8.1997653964258033e-04, 1.0145650850925232e+00,
       6.7384550184620629e-01, 8.9637870008361809e-01,
       7.7401377409510078e-04, 2.7796415027926848e-04,
       8.1764771490742310e-04, 1.0134582041575819e+00,
       6.7314778255176766e-01, 8.9479035285734343e-01,
       7.7204497721480967e-04, 2.7772216087045882e-04,
       8.1483413365277327e-04, 1.0124984684055072e+00,
       6.7255727889460404e-01, 8.9364141915716944e-01,
       7.7094458691452910e-04, 2.7515360040371821e-04,
       8.0811041151185856e-04, 1.0088517360482585e+00,
       6.7049224681963659e-01, 8.9155256847565312e-01,
       7.6131088066423052e-04, 2.7146462151183268e-04,
       7.9851578731746325e-04, 1.0005827207733882e+00,
       6.6531204022728019e-01, 8.8271309703513923e-01,
       7.4574565269813818e-04, 2.7114215782760915e-04,
       7.9091075000847061e-04, 9.8215940709777050e-01,
       6.5289260095999191e-01, 8.5796274768655256e-01,
       7.1684349271398961e-04, 2.8001179134601670e-04,
       7.6393712795045255e-04, 9.5980491290093506e-01,
       6.3677576485414544e-01, 8.3800946049961555e-01,
       6.8668898279912710e-04, 2.7260845237503958e-04,
       7.2244878032367654e-04, 9.2992635193687057e-01,
       6.1605307247666374e-01, 7.8453324940438951e-01,
       6.4694992232917209e-04, 2.6771877434328108e-04,
       6.9863680105446298e-04, 8.8614463731241300e-01,
       5.8734113125348975e-01, 7.3850123074029150e-01,
       6.1968706997502009e-04, 2.6277586931364779e-04,
       6.8994069757883356e-04, 8.4572943900484054e-01,
       5.6135640547788090e-01, 6.9551441373571299e-01,
       6.0658284766070892e-04, 2.7877966792439781e-04,
       7.2033359946992929e-04, 8.0736931767190712e-01,
       5.3450620203972232e-01, 6.7831422330038282e-01,
       6.7542735851018859e-04, 3.0890535751715764e-04,
       8.0966642860411716e-04, 7.7091245151985544e-01,
       5.1088312692789051e-01, 7.1845684317341763e-01,
       7.3991005136661147e-04, 3.7525746765246877e-04,
       9.9408939233998567e-04, 7.5844389535006940e-01,
       4.9877603570040491e-01, 8.4499610474053577e-01,
       9.0859921392234420e-04, 3.9133785387147674e-04,
       1.0974557442304143e-03, 7.5542865468800269e-01,
       5.0661388755070613e-01, 8.9023926415849064e-01,
       1.1204005306274713e-03, 4.2040171503728176e-04,
       1.2838659125426685e-03, 7.5493700066154956e-01,
       5.2685217320553057e-01, 9.4502463980944573e-01,
       1.1187255632119683e-03, 3.8841656840377683e-04,
       1.1896799408789233e-03, 7.3015201355004877e-01,
       5.1973211169297839e-01, 8.9645537426001265e-01,
       1.0421497270202006e-03, 3.4126294297005415e-04,
       1.0174215305138663e-03, 7.2590529912083335e-01,
       5.1887628008364828e-01, 8.0989691724010016e-01,
       6.5901859780575058e-04, 2.5330932529780953e-04,
       7.2684618206490434e-04, 7.7639737403051445e-01,
       5.3481516443533794e-01, 6.2671280691140607e-01,
       6.2622106716236220e-04, 2.5018162716067163e-04,
       7.1187216745361706e-04, 8.2395424796953831e-01,
       5.6284467688575479e-01, 6.2076144882628204e-01,
       6.5340344365399190e-04, 2.6680347828564067e-04,
       7.4754695300089551e-04, 8.6948190743791420e-01,
       5.9335525424147373e-01, 6.8436576679989525e-01,
       6.1723555974235744e-04, 2.6660849870060500e-04,
       7.6590468838585383e-04, 9.1474956897952053e-01,
       6.2027200285609418e-01, 6.9398681361955972e-01,
       6.2675535915342553e-04, 2.7272339285131213e-04,
       8.0327513212884031e-04, 9.5855897864033168e-01,
       6.4786590658547760e-01, 7.4001184403687081e-01,
       6.4795519046375607e-04, 2.8046026182271266e-04,
       8.2265740551578433e-04, 9.9392155697222528e-01,
       6.7035014475322274e-01, 7.6869410306597985e-01,
       6.6112871765713530e-04, 2.8591421069405564e-04,
       8.4004982421715443e-04, 1.0170459340951941e+00,
       6.8467674664040235e-01, 7.9963710214535422e-01,
       7.0388579682023969e-04, 2.9266772515460616e-04,
       8.7386155862946623e-04, 1.0472284113164130e+00,
       7.0380348592460273e-01, 8.2752569727432734e-01,
       7.3259484566550121e-04, 2.9782743156388713e-04,
       8.8995594622869132e-04, 1.0657311543730636e+00,
       7.1718889247554196e-01, 8.5675383494036450e-01,
       7.4093480985609923e-04, 3.0107077295819784e-04,
       9.0628414806614109e-04, 1.0791345991203904e+00,
       7.2508117614141498e-01, 8.7057113635368522e-01,
       7.4312922055451555e-04, 3.0361744465297877e-04,
       9.1205719408513487e-04, 1.0880757822919827e+00,
       7.3265961650185751e-01, 8.9484012014884295e-01,
       7.3776951760441190e-04, 3.0303992521212752e-04,
       9.0638803825770825e-04, 1.0833917832236746e+00,
       7.2955438645971982e-01, 8.8210155450286953e-01,
       7.4177586811177796e-04, 3.0124494196311850e-04,
       9.0386594390340737e-04, 1.0722543936203530e+00,
       7.1813405647637607e-01, 8.4803002685822870e-01,
       7.0646878280466638e-04, 3.0421259177882629e-04,
       8.9395431159271937e-04, 1.0489414423625489e+00,
       7.0585315429106255e-01, 8.2720466395957670e-01,
       5.5015501135979904e-04, 3.0824929612660492e-04,
       9.7163846469426780e-04, 1.0429852698327722e+00,
       7.0262525534199760e-01, 8.0445987464684987e-01,
       5.4814577923548017e-04, 3.1711503652897730e-04,
       9.6481820190069494e-04, 1.0499182064238226e+00,
       7.0792269401053354e-01, 8.1220906379067737e-01,
       5.4862930293882075e-04, 3.1759070844300031e-04,
       9.5762317825120015e-04, 1.0536508888259806e+00,
       7.0978647139971818e-01, 8.1561435073837107e-01,
       5.4131681288592634e-04, 3.1950234056896961e-04,
       9.4728310350598096e-04, 1.0490935664898720e+00,
       7.0789724977331947e-01, 8.1895280406349835e-01,
       5.4374030659258630e-04, 3.2207499312714052e-04,
       9.5603309023274197e-04, 1.0512865679316301e+00,
       7.0969907780735075e-01, 8.2415218891097519e-01,
       5.4411338293572180e-04, 3.2080335038395680e-04,
       9.5560828501332516e-04, 1.0503272804345560e+00,
       7.0885075350863780e-01, 8.2126819007411078e-01,
       5.3842865266005575e-04, 3.1506744141034625e-04,
       9.6612159406734926e-04, 1.0323188817309410e+00,
       6.9760473351570951e-01, 8.0706057441905343e-01,
       6.7730732526008724e-04, 2.9296932649612665e-04,
       8.7253399178806464e-04, 1.0251373115946811e+00,
       6.8934526680289088e-01, 7.9748158933139879e-01,
       7.0026161001228795e-04, 2.8850429142807213e-04,
       8.8793489108770943e-04, 1.0385333698351005e+00,
       6.9834177919845530e-01, 8.2740784507637055e-01,
       7.0335467702408599e-04, 2.8727356366682919e-04,
       8.7929886266586391e-04, 1.0441833162957166e+00,
       7.0410735644049827e-01, 8.4170566776147560e-01,
       6.9485345804491715e-04, 2.8303147659585371e-04,
       8.7262538538333909e-04, 1.0471305990351103e+00,
       7.0697499419193188e-01, 8.7377160182064462e-01,
       6.9511900213589065e-04, 2.7886467092016944e-04,
       8.8212025478854922e-04, 1.0579622673513491e+00,
