%YAML:1.0
---
summary: "Filter by time and points, rd=20, rs=10, sp=5, sf=0."
init_cam_calib: C99-1010_3p_3
camera_matrix: !!opencv-matrix
   rows: 3
   cols: 3
   dt: d
   data: [ 2.5661020034961898e+03, 0., 1.8932248531354974e+03, 0.,
       2.5655871221686784e+03, 1.0846050868199441e+03, 0., 0., 1. ]
dist_coeff: !!opencv-matrix
   rows: 5
   cols: 1
   dt: d
   data: [ 1.9669246837441218e-02, -3.7828175368365309e-02,
       -7.4707560857665471e-04, -1.1866325198624250e-04,
       2.7060108418752143e-02 ]
rvec: !!opencv-matrix
   rows: 115
   cols: 3
   dt: d
   data: [ -3.0357743814032578e+00, -4.5531259742619340e-03,
       -2.0719509099746257e-02, -3.0300083620581617e+00,
       1.1191509886464975e-02, -8.8792224475651854e-03,
       -3.0457221602382343e+00, 1.6241220009722494e-02,
       -1.4793492284327189e-02, -3.0134710629857704e+00,
       6.5893614735440906e-02, -1.3524891191981911e-01,
       -3.0618630404259704e+00, 1.0683028931191442e-01,
       -1.3678539770099693e-01, -3.0922671408689939e+00,
       1.1409688738865355e-01, -2.7005893818523391e-01,
       -3.0959999357826118e+00, 1.0877832833977481e-01,
       -2.8319101599878127e-01, -3.1399472033952840e+00,
       1.8729034804817881e-02, -1.0846885739674855e-01,
       -3.0640293469803028e+00, -6.7958356542265536e-02,
       3.6725370334906121e-01, -3.0507221467278924e+00,
       4.0104476457482004e-02, 5.1693652101218168e-01,
       -3.0060029614945725e+00, -1.8034404275138114e-02,
       7.0763963067097191e-01, -2.9615476675628534e+00,
       -5.1595564143400288e-02, 8.4516673299241696e-01,
       -2.9102779284236076e+00, 8.5237653654932407e-03,
       8.4818409203562695e-01, -2.9230215739604031e+00,
       -6.6126554972055621e-02, 8.5665668039499443e-01,
       -2.9549553327028706e+00, 2.3781969394663927e-03,
       8.7867795806964766e-01, 3.0171521810444331e+00,
       2.8802197118068123e-02, -8.1547315498811135e-01,
       2.9757554714143932e+00, -4.5974472091842924e-03,
       -8.2922184664436061e-01, 2.9934629991771149e+00,
       -3.0200192875026063e-02, -7.9341303086623516e-01,
       3.0346145895853778e+00, -1.0395634971859535e-02,
       -8.0245573501137857e-01, -2.9945634725459471e+00,
       -5.1693206792840954e-04, 7.4018263093243908e-01,
       -2.9032670006258998e+00, 1.9625438613437088e-02,
       6.7830779211381353e-01, -2.8117715439290003e+00,
       -8.6853294990602001e-02, 5.7063687207671798e-01,
       -2.8369185540262731e+00, -1.2177875718060945e-01,
       5.8209002149172395e-01, -2.9053350162703504e+00,
       -1.2385312359872094e-01, 6.3313274811341724e-01,
       -2.9865411983805328e+00, 3.0795767695174555e-02,
       5.9175755303031252e-01, -2.9723959892774992e+00,
       3.8571950950754788e-02, 7.4089605566038175e-01,
       -2.9702777433477947e+00, -4.4822207769183803e-02,
       7.5086038989433435e-01, -2.9042736019783852e+00,
       -5.8936631870562500e-02, 8.7292672224819534e-01,
       -2.8860545082378133e+00, -7.2505669543397586e-02,
       1.0729242564184474e+00, -2.8281847269753779e+00,
       -1.5854793236476039e-01, 1.1903379057710006e+00,
       -2.7452888636006478e+00, -6.6508871125773264e-02,
       1.4321408573964036e+00, -2.6558436982159792e+00,
       -4.6668300866648964e-02, 1.5915272616739984e+00,
       -2.6106456845878045e+00, -7.4217931410126101e-02,
       1.6375596388649778e+00, -2.6332494763403131e+00,
       -9.6566112938442070e-02, 1.5643942505669839e+00,
       -2.6896172665831810e+00, -4.9174599335780209e-02,
       1.5204450496382809e+00, -2.6082022575416572e+00,
       -3.1927881427654022e-02, 1.6008090738285918e+00,
       -2.5948984460201934e+00, -5.5256764819465190e-02,
       1.5882356441735588e+00, -2.5756222702312503e+00,
       -4.6239337927245258e-02, 1.5915790400780387e+00,
       2.7015435196280460e+00, -1.1323565744945445e-01,
       -1.5584712420903053e+00, -2.6955533986471267e+00,
       5.5046920698994334e-02, 1.5281630583499664e+00,
       -2.6665478945778056e+00, -1.0306363993125995e-02,
       1.5319911605734668e+00, -2.6671252557969352e+00,
       -1.8023333544472879e-02, 1.5879484420350101e+00,
       -2.7895360250956620e+00, -1.4643942394228563e-02,
       1.3997945881903278e+00, -2.7332882925632962e+00,
       -5.3138471141964017e-02, 1.3884473013966694e+00,
       -2.7652576991061113e+00, -1.1241496293321572e-01,
       1.1498137982255845e+00, -2.7890660040833715e+00,
       -8.8165943283862375e-02, 1.0137682073159309e+00,
       -2.8179587520751457e+00, -7.8934093387401566e-02,
       6.5089451169688461e-01, -2.9464155419205893e+00,
       -1.2945136556265915e-01, 6.6480154977807282e-01,
       -3.0082121329430778e+00, -1.5803487056694673e-01,
       3.6321871748440804e-01, -3.0396083698920671e+00,
       -9.0238174206957650e-02, 2.4863573663080046e-01,
       -3.0778171404237091e+00, -3.3294884319525750e-02,
       2.1154853030837922e-01, -3.0337207176676504e+00,
       -4.1967877561506092e-02, 5.5347409926464941e-01,
       -3.0710007304859843e+00, -3.3917513592072339e-02,
       1.4722389023925991e-01, -2.9184545050522832e+00,
       1.5002376013763824e-01, -6.0142355853233287e-01,
       -2.8749707965706781e+00, 1.1193268049352062e-01,
       -1.0481721275579836e+00, -2.7364010629926017e+00,
       1.2358871410364258e-01, -1.2817690230130443e+00,
       -2.7583585079838766e+00, 1.2083448222123122e-01,
       -1.2489351771773176e+00, -2.8710858118595293e+00,
       4.0358055841183037e-02, -1.0624615814941147e+00,
       -2.9391495006514585e+00, 8.0514304054636859e-02,
       -1.0352383177621258e+00, -2.9356044817690248e+00,
       4.9759182797587669e-02, -1.0782326278336116e+00,
       2.8646220886718106e+00, -8.4136935697896417e-02,
       1.1398708852769133e+00, 2.8078725890221965e+00,
       -2.9305296414801861e-02, 1.1145228858957219e+00,
       2.7937703530321465e+00, 6.9857620554862184e-03,
       1.1206035379291779e+00, 2.8044273732999860e+00,
       -1.4036610562010703e-02, 1.1301453525238176e+00,
       2.7848395639183665e+00, 1.2078566238503974e-02,
       1.1283376748504743e+00, 2.7467642134674550e+00,
       3.1354704266914737e-02, 1.1106226893322357e+00,
       2.8281363603373610e+00, 1.2019997200187274e-02,
       1.2093442848268485e+00, 2.8735413879359930e+00,
       -9.5160948050022107e-02, 1.2366479794292182e+00,
       -2.7763569534070038e+00, 1.2564819136558492e-01,
       -1.1585312892811634e+00, -2.7893502583729406e+00,
       1.1400238678975812e-01, -1.1336636413426235e+00,
       -2.7217008145282851e+00, 7.7212762117992370e-02,
       -1.1483650289327296e+00, -2.7146829281049838e+00,
       5.3989830946881166e-02, -1.1475407062983587e+00,
       -2.8548772663299751e+00, 1.0086505538309452e-02,
       -1.2403976631125910e+00, 2.9084261037961472e+00,
       -9.0111171953475774e-03, 1.1749340629316261e+00,
       2.8746572760466047e+00, 6.3126127370937580e-03,
       1.2215207204262108e+00, 2.7902043027517189e+00,
       -5.9573793143883149e-04, 1.3980061932731946e+00,
       2.7244325824298690e+00, 4.1792422125137771e-03,
       1.5343929856568819e+00, 2.6307915148032173e+00,
       -3.6504352452891103e-02, 1.6754287621434762e+00,
       2.5815753833777064e+00, 4.9164235956752927e-02,
       1.6235062047735551e+00, -2.4986450330646779e+00,
       1.0021922596076821e-01, -1.8160407023006231e+00,
       -2.5520624654640218e+00, 1.5793697117472077e-01,
       -1.6791355937414469e+00, -2.5380403276301950e+00,
       1.6991567838142735e-01, -1.6646117386813002e+00,
       -2.6270325132063364e+00, 7.5694623213600029e-02,
       -1.7627089216118250e+00, 2.5889504469068019e+00,
       1.0330716613509162e-02, 1.7243540104259252e+00,
       2.4757341264088017e+00, 1.5261068272734105e-01,
       1.5742352550112098e+00, 2.4261880840144361e+00,
       1.9321107835525564e-01, 1.5069947888003552e+00,
       2.4577199705577755e+00, 1.1538570808857301e-01,
       1.5783082210841930e+00, 2.5308942412361155e+00,
       3.2061644238174654e-02, 1.6361678266397957e+00,
