%YAML:1.0
---
summary: "Filter by time, rd=20, rs=15."
init_cam_calib: C99-1010_3p_3
camera_matrix: !!opencv-matrix
   rows: 3
   cols: 3
   dt: d
   data: [ 2.5596130228152897e+03, 0., 1.8775885213978454e+03, 0.,
       2.5592117403377765e+03, 1.0904245636124244e+03, 0., 0., 1. ]
dist_coeff: !!opencv-matrix
   rows: 5
   cols: 1
   dt: d
   data: [ 2.0275037723317488e-02, -3.5393523092123701e-02,
       2.6194678292268674e-04, -9.9318490087856775e-04,
       2.0012924368046990e-02 ]
rvec: !!opencv-matrix
   rows: 114
   cols: 3
   dt: d
   data: [ -3.0324063026810260e+00, -1.1903521906451287e-05,
       -1.6971003207259316e-02, -3.0374990924341563e+00,
       1.1972689379051264e-02, 9.0614938250600883e-03,
       -3.0455172702541953e+00, 2.9978364272151083e-02,
       -7.6215440797944345e-02, -3.0206645776162713e+00,
       7.2024031954500620e-02, -1.3238473592054001e-01,
       -3.0621202464973623e+00, 1.0406926475753772e-01,
       -1.6789348855232716e-01, -3.0935463409261552e+00,
       1.3176759091025336e-01, -2.9638478609976809e-01,
       -3.0888952977261512e+00, 8.5220563202420926e-02,
       -2.2260806039602765e-01, -3.1153488197378123e+00,
       -5.5280618766573820e-03, -3.7216468419754047e-02,
       -3.0513100495882850e+00, -9.6344375487162001e-02,
       4.5565938324000010e-01, -3.0414715987687222e+00,
       4.8334076961791553e-02, 5.6301718974641524e-01,
       -2.9887890565348973e+00, -4.8254886784342158e-02,
       7.7472004985500742e-01, -2.9632397999697395e+00,
       -6.2443685278499216e-02, 8.3820579676143969e-01,
       -2.9174495616956051e+00, -1.5331299471881166e-02,
       8.4275157526525024e-01, -2.9241042878876797e+00,
       -6.1835930542220023e-02, 8.5681125024083526e-01,
       -2.9858803100987132e+00, 2.2485999990208907e-02,
       8.6679597264185848e-01, 2.9988597227326625e+00,
       1.8092705394177747e-02, -8.2538809670312629e-01,
       2.9927804494381474e+00, -1.1023037075693199e-02,
       -8.0879045198036614e-01, 3.0032123835498101e+00,
       -2.4953158605571117e-02, -8.0231552448754628e-01,
       3.0491294973013923e+00, -3.4519696843913180e-03,
       -7.6590589472778636e-01, -2.9564091605464533e+00,
       -6.8660725456291096e-03, 7.4876885106930957e-01,
       -2.8947882359778569e+00, 2.1959798418050313e-03,
       6.8631346601476084e-01, -2.8375129330252378e+00,
       -9.1258924054166010e-02, 5.8838245987350757e-01,
       -2.8293993715904402e+00, -1.2070980976148446e-01,
       5.7929711529465189e-01, -2.9021581457942545e+00,
       -1.0627498852870274e-01, 5.5446452276476621e-01,
       -2.9949220659796914e+00, 8.8410658627321136e-03,
       6.8143509210183617e-01, -2.9647902250391858e+00,
       9.2385742528641301e-03, 7.6458099048432115e-01,
       -2.9645176968423006e+00, -2.8745900828279748e-02,
       7.0225553460119272e-01, -2.8831146283975935e+00,
       -7.3435858230397805e-02, 1.0150552677678368e+00,
       -2.8536333007147912e+00, -8.9358549202010265e-02,
       1.1046681368339744e+00, -2.7789630525572755e+00,
       -1.9529537164723620e-01, 1.2432353194263261e+00,
       -2.7353386849002170e+00, -6.0424424360840043e-02,
       1.4589637631881902e+00, -2.6040528614486016e+00,
       -7.7164656298377002e-02, 1.6610972209619215e+00,
       -2.6062959752282735e+00, -8.9283993547491294e-02,
       1.6352193429543926e+00, -2.6477991268618686e+00,
       -2.1998416993540347e-02, 1.5976662941528916e+00,
       -2.6578498083677156e+00, -3.5031284957877940e-02,
       1.5712461934468427e+00, -2.6018246539700769e+00,
       -4.2838280089579198e-02, 1.5986966988336244e+00,
       -2.5943695320865197e+00, -6.7398232213476669e-02,
       1.5874404865091110e+00, -2.6155396244399380e+00,
       -8.6457794078349498e-02, 1.5823161218908484e+00,
       2.7529991279197881e+00, -1.2988011446908418e-01,
       -1.4844566554571186e+00, -2.6860198837523663e+00,
       2.3704124664943770e-02, 1.5325861180843117e+00,
       -2.6614083832516418e+00, -2.8592495278274226e-02,
       1.5525971689655824e+00, -2.7387757128257650e+00,
       5.6710007512935376e-04, 1.4513533613170777e+00,
       -2.7728309431701761e+00, -5.1875123634129064e-02,
       1.4013698178559462e+00, -2.7630205205758305e+00,
       -3.5155790888054789e-02, 1.2950729275131212e+00,
       -2.7560936618485687e+00, -1.0886787394907099e-01,
       1.1215792217911129e+00, -2.7777242932778323e+00,
       -8.9766773124202295e-02, 9.5121303863647211e-01,
       -2.8594796364195698e+00, -6.4121675614554494e-02,
       6.2880208736741816e-01, -3.0463657050210631e+00,
       -1.5674075713395200e-01, 5.0431476745505088e-01,
       -3.0392856885637682e+00, -1.6698490495722240e-01,
       2.9615617375124459e-01, -3.0218652251173967e+00,
       -2.7050451370080306e-02, 1.8388386436721124e-01,
       -3.0944923118146805e+00, 1.6729711284571507e-02,
       3.5112447093487986e-01, -3.0435954242528385e+00,
       5.3428057123066511e-03, 5.0104201425215189e-01,
       -3.0589223017105089e+00, 6.4011637644148340e-03,
       4.7774412260263750e-02, -2.8907466057779225e+00,
       1.7251216609852513e-01, -8.5943657905555393e-01,
       -2.7936116808674862e+00, 8.2292822719516601e-02,
       -1.1050613453653724e+00, -2.7127030293917107e+00,
       1.1453655759421434e-01, -1.2879695927641348e+00,
       -2.7851765621949172e+00, 1.0543470213746234e-01,
       -1.2233874980173092e+00, -2.8822783295833343e+00,
       5.7484857884404432e-02, -1.0129490804144001e+00,
       -2.9364930480221760e+00, 6.6433395327276157e-02,
       -1.0525385068913649e+00, -2.9272947796744688e+00,
       5.3863666753218693e-02, -1.0668861858322953e+00,
       2.8323584660726580e+00, -8.5166776737677169e-02,
       1.1328518333194773e+00, 2.8347028339503026e+00,
       5.2323646809586365e-03, 1.1414942193374433e+00,
       2.8016544085038206e+00, 1.3213067829995383e-02,
       1.1119228727986898e+00, 2.8076571527785039e+00,
       -3.5279793406680715e-03, 1.1327603229041225e+00,
       2.7695358427620076e+00, 1.9006551844038946e-02,
       1.1197449136630058e+00, 2.7537505479119040e+00,
       3.2689631603372751e-02, 1.1072495803466869e+00,
       2.8590469807130283e+00, -6.1533783325846005e-02,
       1.2266226503894657e+00, -2.8471900132062893e+00,
       1.0909376194310282e-01, -1.2062755435632915e+00,
       -2.7693813071537883e+00, 1.4197983393861049e-01,
       -1.1541299270383465e+00, -2.7473691802477851e+00,
       8.1799048192064142e-02, -1.1268073250677171e+00,
       -2.7241612393654782e+00, 7.3845242125836610e-02,
       -1.1227801354986700e+00, -2.7383461982974673e+00,
       7.5732510218325846e-02, -1.1842334861620973e+00,
       2.8521766686900145e+00, 8.2879125252915166e-03,
       1.1321207279657703e+00, 2.8912843274155091e+00,
       -7.0534284294378434e-03, 1.1442834350248718e+00,
       2.8342456420049156e+00, -5.7154038890349958e-03,
       1.2837496790136085e+00, 2.7684052456234847e+00,
       -1.2070155866612236e-03, 1.4074875193641154e+00,
       2.7047176362219285e+00, -2.1482257855177544e-02,
       1.5751963933736020e+00, -2.7150073153888181e+00,
       -1.5343812984766877e-02, -1.7069406534035207e+00,
       2.5598853443954810e+00, 3.5077708348316611e-02,
       1.6850760641712921e+00, -2.4836665589358589e+00,
       1.6749172060665452e-01, -1.7647069221358274e+00,
       -2.5579429570015098e+00, 1.3685349188737003e-01,
       -1.6539347057676290e+00, -2.5450158466997470e+00,
       1.9701323968035939e-01, -1.6830388072198059e+00,
       2.6220736701731520e+00, -4.5532707507005910e-03,
       1.6937914337706943e+00, 2.5771656270248542e+00,
       4.5568757819934774e-02, 1.6528325987024650e+00,
       2.4557570738457897e+00, 1.6453290867551720e-01,
       1.5494346866822348e+00, 2.4152168058069186e+00,
       1.8520225871999985e-01, 1.5234016360644385e+00,
       2.4742474370763134e+00, 1.4258151617188364e-01,
       1.6355863385518536e+00, 2.5747008812512595e+00,
       1.3227640119363972e-02, 1.6585142380423004e+00,
