%YAML:1.0
---
summary: "Filter by time and points, rd=20, rs=0, sp=5, sf=1."
init_cam_calib: C99-1010_3p_3
camera_matrix: !!opencv-matrix
   rows: 3
   cols: 3
   dt: d
   data: [ 2.5667034068317516e+03, 0., 1.8719006247150371e+03, 0.,
       2.5672514723574022e+03, 1.0846118999598016e+03, 0., 0., 1. ]
dist_coeff: !!opencv-matrix
   rows: 5
   cols: 1
   dt: d
   data: [ 1.5011698963055880e-02, -1.1351762870154122e-02,
       -5.9217849250886871e-04, -1.8241127706470177e-03,
       -1.4557058590443988e-02 ]
std_intrinsics: !!opencv-matrix
   rows: 18
   cols: 1
   dt: d
   data: [ 1.1466305799954253e+00, 1.0803785516684012e+00,
       2.1041179422663863e+00, 1.3672479832677367e+00,
       2.7003583429327793e-03, 1.0202840839215462e-02,
       1.8027783472937932e-04, 2.7871500718923387e-04,
       1.1276045541908791e-02, 0., 0., 0., 0., 0., 0., 0., 0., 0. ]
std_extrinsics: !!opencv-matrix
   rows: 690
   cols: 1
   dt: d
   data: [ 1.6456467207361283e-03, 5.6972269865035083e-04,
       1.9318587111437095e-03, 2.9482648920307843e+00,
       1.9431452728003074e+00, 2.2131024971769242e+00,
       1.7610045881849366e-03, 5.3015225298464841e-04,
       1.7877408259267011e-03, 2.9580193902955023e+00,
       1.9417555028045841e+00, 2.1567162007452452e+00,
       1.6490239885232347e-03, 5.8101544715125672e-04,
       1.8284716906301580e-03, 2.9008790024366662e+00,
       1.9159437391663965e+00, 2.1951017751067741e+00,
       1.6433998004455744e-03, 6.1933460910627695e-04,
       1.8414954610546806e-03, 2.7796675435033542e+00,
       1.8373252784885681e+00, 2.2320905035303671e+00,
       1.4935228635548463e-03, 5.4372869835440246e-04,
       1.6693280381076812e-03, 2.5714240016186203e+00,
       1.6967755305722401e+00, 1.8288746953997530e+00,
       1.5718894388716206e-03, 6.2414590299688830e-04,
       1.8429126294319306e-03, 2.3430628647385352e+00,
       1.5470269389398585e+00, 1.7704237585377400e+00,
       2.2133580807736568e-03, 8.3606908876505070e-04,
       2.7179283885670914e-03, 2.1602882564320409e+00,
       1.4332352315630259e+00, 2.0464724573789894e+00,
       2.6595717956872295e-03, 9.1358282469308446e-04,
       2.6057877840828252e-03, 2.0764043885749746e+00,
       1.4224908357956434e+00, 2.3828174508276208e+00,
       2.2824541426699316e-03, 7.5135438217019293e-04,
       2.4346024605587198e-03, 2.0827024038228164e+00,
       1.4406950051619063e+00, 2.0085060803225323e+00,
       1.3574687031656274e-03, 5.5707378354119812e-04,
       1.6971760113940581e-03, 2.3889819364704379e+00,
       1.6076473531998183e+00, 1.6379198731171563e+00,
       1.2626269233035523e-03, 5.6564626168836678e-04,
       1.8112698621370294e-03, 2.6641110861468578e+00,
       1.7875973320322143e+00, 1.7559551540678671e+00,
       1.3566092188145541e-03, 5.9566017317282539e-04,
       1.8675285028774346e-03, 2.9043961641504299e+00,
       1.9268102464519126e+00, 1.7928728897812933e+00,
       1.5981736362368350e-03, 6.4631905679118917e-04,
       2.1404702414107067e-03, 3.0511448677969999e+00,
       2.0243211710935749e+00, 1.9540486149932708e+00,
       1.5907733014358803e-03, 6.3463766542556715e-04,
       2.1351632599157177e-03, 3.1416956182616635e+00,
       2.0836083235747576e+00, 2.1010306102525638e+00,
       1.6172874310570560e-03, 6.3282362828075774e-04,
       2.1268626658382354e-03, 3.1533922717317373e+00,
       2.0846323603298269e+00, 2.0252921397655634e+00,
       1.4753176889319580e-03, 6.3777834784744115e-04,
       1.9511392458063108e-03, 3.0541911549030023e+00,
       2.0280447953138356e+00, 1.9035723583233741e+00,
       1.1354856428255516e-03, 6.7947500591780175e-04,
       2.0402786753765259e-03, 3.0543864625995463e+00,
       2.0221947683797188e+00, 1.9680951645804001e+00,
       1.1360997284304650e-03, 6.5978635888812038e-04,
       2.1566639318041387e-03, 3.0471069807327225e+00,
       2.0187390591138521e+00, 1.9171643124640561e+00,
       1.2189288810296405e-03, 7.1868700235955968e-04,
       2.1620089980964635e-03, 3.0596043843742380e+00,
       2.0476444437676888e+00, 2.1409231226504004e+00,
       1.4537267515262731e-03, 6.2502051326942328e-04,
       2.0362320748845393e-03, 2.9885632528802799e+00,
       1.9847177416959663e+00, 1.9074189815035905e+00,
       1.4785744303069982e-03, 6.4959431981762266e-04,
       2.0930097823980459e-03, 3.0499830864760322e+00,
       2.0227878021227710e+00, 2.2307888338324906e+00,
       1.5166618575002671e-03, 6.3045789016381447e-04,
       2.0249424842991087e-03, 3.0886856784900636e+00,
       2.0517833021829004e+00, 2.2414425104552138e+00,
       1.5578213790748596e-03, 6.0256920008814100e-04,
       2.0660514273985681e-03, 3.1058186092796038e+00,
       2.0638056471745454e+00, 2.2418995384711349e+00,
       1.4907699420225258e-03, 5.7103809647353907e-04,
       1.9034783414092632e-03, 3.1054855434902486e+00,
       2.0704972960062960e+00, 2.1967715207538072e+00,
       1.4561930122422629e-03, 6.3887706358119482e-04,
       2.0124492542133031e-03, 3.1129382609432499e+00,
       2.0623153171441104e+00, 2.3235689933269743e+00,
       1.5953553610450850e-03, 6.9365321453128935e-04,
       2.2095062357766265e-03, 3.1787257056639531e+00,
       2.1021530469439016e+00, 2.4505839156474507e+00,
       1.5498752017733093e-03, 6.5969998427804690e-04,
       2.0699652654923512e-03, 3.1635937681638637e+00,
       2.0991166404900112e+00, 2.1117210365405232e+00,
       1.4451687057933538e-03, 6.4556918292205622e-04,
       1.9789049972591087e-03, 3.1602162225433656e+00,
       2.1017937317064157e+00, 2.2620973426845552e+00,
       1.5433967131200303e-03, 6.9073297096417256e-04,
       2.0158414746051772e-03, 3.2704722557556689e+00,
       2.1725318316935480e+00, 2.2875129348235350e+00,
       1.8104016708292577e-03, 9.5945654460726675e-04,
       2.0128418332145555e-03, 3.2734111181317811e+00,
       2.2032472933583200e+00, 3.0822757597600310e+00,
       1.9371790078824456e-03, 1.3716184746313754e-03,
       2.0824725657357739e-03, 3.2883523328976385e+00,
       2.2568357665572640e+00, 3.4881890707322274e+00,
       1.9496046603872674e-03, 1.5623699844127244e-03,
       2.0424670170463262e-03, 3.1907437736734661e+00,
       2.1420717303975705e+00, 3.0663338799997382e+00,
       1.6063054331609246e-03, 1.3501404165294343e-03,
       1.7732307471180063e-03, 3.0500456210149247e+00,
       2.0290016072491426e+00, 2.7221267173487274e+00,
       1.9134171016812623e-03, 1.6788179859163642e-03,
       2.0281332080634316e-03, 3.0435750882205488e+00,
       2.1175174842807176e+00, 3.7431239887694416e+00,
       1.5660690137342629e-03, 1.1779568983345317e-03,
       1.7617612188213594e-03, 2.9679834956475939e+00,
       1.9464858788182842e+00, 2.5331949804400127e+00,
       1.6103949897611949e-03, 1.0987543715092044e-03,
       1.7030639370992369e-03, 3.0054823663703090e+00,
       1.9573891453801735e+00, 2.4118995835877519e+00,
       1.6308606226903574e-03, 1.1594767552597794e-03,
       1.6884303447510208e-03, 3.0194562936481635e+00,
       1.9806696611439352e+00, 2.4639052527285927e+00,
       1.5013291791426359e-03, 1.1380256843911991e-03,
       1.7283141115050193e-03, 3.0494585694583880e+00,
       1.9918481890912296e+00, 2.1786174607116138e+00,
       1.4396497384928668e-03, 1.0161891709449646e-03,
       1.6218595019138050e-03, 2.9970891375506046e+00,
       1.9707363612289297e+00, 2.0880358144347135e+00,
       1.6001128358699135e-03, 1.1859044736494458e-03,
       1.8340209240168505e-03, 3.0513218140727520e+00,
       2.0127063602173942e+00, 2.4641306582989175e+00,
       1.8033586353690372e-03, 1.5178936766156626e-03,
       2.2080878950205547e-03, 3.1333413806731105e+00,
       2.1021796859638573e+00, 3.3118191333652862e+00,
       1.5558547570564943e-03, 1.2670327660601409e-03,
       1.8378229361335602e-03, 3.0727916234701977e+00,
       2.0640802068260875e+00, 3.3328919828428623e+00,
       1.7613613410587051e-03, 1.3714360298892803e-03,
       2.0243738615384390e-03, 3.0647089999696133e+00,
