%YAML:1.0
---
summary: "Filter by distance, md=200."
init_cam_calib: C99-1010_3p_3
camera_matrix: !!opencv-matrix
   rows: 3
   cols: 3
   dt: d
   data: [ 2.5724077456049631e+03, 0., 1.8957911889222582e+03, 0.,
       2.5725810738240252e+03, 1.0903728827150956e+03, 0., 0., 1. ]
dist_coeff: !!opencv-matrix
   rows: 5
   cols: 1
   dt: d
   data: [ 2.2375180744352532e-02, -2.6582139521767998e-02,
       8.2343191365559444e-04, 7.9796067088938889e-05,
       4.1843812909683363e-03 ]
std_intrinsics: !!opencv-matrix
   rows: 18
   cols: 1
   dt: d
   data: [ 5.3310765584381825e-01, 5.0550387526553464e-01,
       9.7679357867024696e-01, 6.3533061420507364e-01,
       1.2423578050177386e-03, 4.4650852171145223e-03,
       8.4766525749022274e-05, 1.3164323374174953e-04,
       4.7223003274026280e-03, 0., 0., 0., 0., 0., 0., 0., 0., 0. ]
std_extrinsics: !!opencv-matrix
   rows: 1206
   cols: 1
   dt: d
   data: [ 1.0415323149930973e-03, 3.7499735291494538e-04,
       1.1092638012439506e-03, 1.3882781027960378e+00,
       9.2533054569234596e-01, 1.2283491093418517e+00,
       9.8841653603126320e-04, 3.7625853764292614e-04,
       1.0580812376766895e-03, 1.3292299350937653e+00,
       8.8612289008751877e-01, 1.1781454843651122e+00,
       9.3111652081613670e-04, 3.6736585098608496e-04,
       9.8761759063907334e-04, 1.2805420539853714e+00,
       8.5229677676418114e-01, 1.0973901779924216e+00,
       8.7000552287016608e-04, 3.6078391482322828e-04,
       9.4663779604601758e-04, 1.2125871838166649e+00,
       8.0666299041314671e-01, 1.0152783395238698e+00,
       8.3889370889294766e-04, 3.5475686063734700e-04,
       9.3997983716934586e-04, 1.1627459302554002e+00,
       7.7502245749227194e-01, 9.6798956662333646e-01,
       8.1990951402548815e-04, 3.8202969134860807e-04,
       9.9324267321231042e-04, 1.0994831417966320e+00,
       7.3058088739833471e-01, 9.4215745358753133e-01,
       8.7561267889735652e-04, 4.0730601860115015e-04,
       1.0579853986510438e-03, 1.0553034842028359e+00,
       7.0148155444809956e-01, 9.5872348284199338e-01,
       1.0007547861145679e-03, 5.0376801295409811e-04,
       1.3359113982504614e-03, 1.0381242240824289e+00,
       6.8516852192937849e-01, 1.1503143066311905e+00,
       1.1465006634319914e-03, 5.1969291424281544e-04,
       1.4200351512659597e-03, 1.0265513816510501e+00,
       6.8655081125094897e-01, 1.1811804096763163e+00,
       1.3369933005485401e-03, 5.2944445633053641e-04,
       1.5781143854841102e-03, 1.0265022162368833e+00,
       7.0464607824137371e-01, 1.2367755277337651e+00,
       1.4838026764297226e-03, 5.5489054112444240e-04,
       1.6778915738192505e-03, 1.0147705794658983e+00,
       7.1314349609276628e-01, 1.2622974658863926e+00,
       1.4684516724001013e-03, 5.2213057040401839e-04,
       1.5970879968248244e-03, 9.8753006376110097e-01,
       7.0746332249577026e-01, 1.2184449710052645e+00,
       1.3558588044260407e-03, 4.3874102178276914e-04,
       1.3013613763002208e-03, 1.0026663720459577e+00,
       7.1609568891497755e-01, 1.0858768914898584e+00,
       8.6142497088986835e-04, 3.3314297752154378e-04,
       9.6108884557807276e-04, 1.0690637574852755e+00,
       7.3759484817926546e-01, 8.4819603682241818e-01,
       8.3670495656086553e-04, 3.3886444587916668e-04,
       9.7300303084548085e-04, 1.1429185713976500e+00,
       7.8206622290273409e-01, 8.5917234762877193e-01,
       8.6073495384117991e-04, 3.6220257564683754e-04,
       1.0184062209706605e-03, 1.2134951243221637e+00,
       8.2900384360345436e-01, 9.4526296135619869e-01,
       8.4369643250557390e-04, 3.6698120221083109e-04,
       1.0771203094367932e-03, 1.2928967758569321e+00,
       8.7932207007520125e-01, 1.0088331717022845e+00,
       8.5886373029172333e-04, 3.7416571788032439e-04,
       1.1055419070791200e-03, 1.3552594251311312e+00,
       9.1795018086429880e-01, 1.0502617876654046e+00,
       9.4353396258897606e-04, 3.9348162822184737e-04,
       1.1781629297489286e-03, 1.4313800759913897e+00,
       9.6616525237254314e-01, 1.1326990935821208e+00,
       9.6622580851678231e-04, 3.9691099700362375e-04,
       1.1877471333587592e-03, 1.4454122757069858e+00,
       9.7657666462760562e-01, 1.1514903026743477e+00,
       9.9191048421856838e-04, 4.0315781087385359e-04,
       1.2208956858954290e-03, 1.4695219716167356e+00,
       9.9049673157161189e-01, 1.1826357165324217e+00,
       9.2855772516473262e-04, 4.0957818141428514e-04,
       1.1944028247818693e-03, 1.4244375058393710e+00,
       9.6277480623231770e-01, 1.1110172256620561e+00,
       9.4137226252884209e-04, 3.8587195477549465e-04,
       1.1845854861322858e-03, 1.4231630621176634e+00,
       9.6138560219486091e-01, 1.1270268372574137e+00,
       9.4664405737135524e-04, 3.8692001575302873e-04,
       1.1899766935366601e-03, 1.4318611940483479e+00,
       9.6983079207645895e-01, 1.1632741014708949e+00,
       9.4514647870058330e-04, 3.7797216274193637e-04,
       1.1819281091733302e-03, 1.4456761939519609e+00,
       9.7995631711082232e-01, 1.1969059283570878e+00,
       9.3149140239677259e-04, 3.7547685999383067e-04,
       1.1881701133394445e-03, 1.4468157782220232e+00,
       9.8480353691263389e-01, 1.2398323616021383e+00,
       9.3082136416576305e-04, 3.7468721679135105e-04,
       1.1972474627765920e-03, 1.4453551021576658e+00,
       9.8865821283820610e-01, 1.2569438610224302e+00,
       9.2288551104771177e-04, 3.6674275196341393e-04,
       1.1903526749861460e-03, 1.4532175722167546e+00,
       9.8904959374469192e-01, 1.2670682426576412e+00,
       9.2751375579672136e-04, 3.7183688825594347e-04,
       1.2010625096486739e-03, 1.4550627297458423e+00,
       9.8763563044581770e-01, 1.2788397670822618e+00,
       9.1335307481328956e-04, 3.7378296634274093e-04,
       1.1950051236161005e-03, 1.4379826745791322e+00,
       9.7573943344764513e-01, 1.2560974187356537e+00,
       9.1838999490944880e-04, 3.8699276462938174e-04,
       1.2158300974664212e-03, 1.4425603275232812e+00,
       9.7634263543774047e-01, 1.2681157758431034e+00,
       9.7017326438932452e-04, 4.0276818382894422e-04,
       1.2412864952595576e-03, 1.4780366586594622e+00,
       1.0006935104002168e+00, 1.2620229921351231e+00,
       9.5950058887017296e-04, 4.0684201030384223e-04,
       1.2312665164685675e-03, 1.4733650450592688e+00,
       9.9789246750038196e-01, 1.2645262302794740e+00,
       9.2799544665864587e-04, 4.0879460765475960e-04,
       1.2171325414001950e-03, 1.4773624445467275e+00,
       1.0050795398380337e+00, 1.2979483563494438e+00,
       9.4889046520994628e-04, 4.2397415563191347e-04,
       1.2232915575155954e-03, 1.5064887154079476e+00,
       1.0249011545904143e+00, 1.3902774149115475e+00,
       9.8061938501610999e-04, 4.3678261285975267e-04,
       1.2278684966310152e-03, 1.5340302287040977e+00,
       1.0479170045180068e+00, 1.4449864602802618e+00,
       9.7940366092438814e-04, 4.5228893379370888e-04,
       1.2092798019930893e-03, 1.5330019804947228e+00,
       1.0445182520949332e+00, 1.4357506999849123e+00,
       9.6181792574920376e-04, 4.6850096473404515e-04,
       1.1657763746459049e-03, 1.5378326341605102e+00,
       1.0510835899289535e+00, 1.5244665811963580e+00,
       1.0149848658741619e-03, 5.3279556649905152e-04,
       1.1582615417390393e-03, 1.5470859069489113e+00,
       1.0717116872313379e+00, 1.6693223460582105e+00,
       1.0998204356924388e-03, 6.4684404444163000e-04,
       1.1417965005584097e-03, 1.5444113704550684e+00,
       1.0808120354823423e+00, 1.8303710826376445e+00,
       1.1907674108128533e-03, 7.6473720677847383e-04,
       1.1822359145397499e-03, 1.5751225261793900e+00,
       1.1142642421272817e+00, 2.0302317815023665e+00,
       1.1969365045860513e-03, 7.9129657458571422e-04,
       1.1642580246514378e-03, 1.5725477723884624e+00,
       1.1430432407104394e+00, 2.1284900220997747e+00,
       1.2124985676109036e-03, 9.1527307557638150e-04,
       1.1840159028224286e-03, 1.5782734878491878e+00,
