%YAML:1.0
---
summary: "Filter by time, rd=20, rs=15."
init_cam_calib: C99-1010_3p_3
camera_matrix: !!opencv-matrix
   rows: 3
   cols: 3
   dt: d
   data: [ 2.5596130228152897e+03, 0., 1.8775885213978454e+03, 0.,
       2.5592117403377765e+03, 1.0904245636124244e+03, 0., 0., 1. ]
dist_coeff: !!opencv-matrix
   rows: 5
   cols: 1
   dt: d
   data: [ 2.0275037723317488e-02, -3.5393523092123701e-02,
       2.6194678292268674e-04, -9.9318490087856775e-04,
       2.0012924368046990e-02 ]
std_intrinsics: !!opencv-matrix
   rows: 18
   cols: 1
   dt: d
   data: [ 4.7970443027392895e-01, 4.5153546242019416e-01,
       9.1276366628720296e-01, 5.9319452431691488e-01,
       1.1687837254214901e-03, 4.3560013869932994e-03,
       7.9855334414088503e-05, 1.2237723218856279e-04,
       4.7743310132710368e-03, 0., 0., 0., 0., 0., 0., 0., 0., 0. ]
std_extrinsics: !!opencv-matrix
   rows: 684
   cols: 1
   dt: d
   data: [ 7.1554568784103158e-04, 2.5226809690496863e-04,
       8.2212938522092742e-04, 1.2790077348657369e+00,
       8.4279748419437750e-01, 9.2679742477998461e-01,
       7.1227548627444764e-04, 2.4877401089608671e-04,
       8.1742852316360069e-04, 1.2719993679819195e+00,
       8.3874170506983381e-01, 9.2213932479941108e-01,
       6.8171554398214172e-04, 2.5341562152995874e-04,
       7.9528547208234355e-04, 1.2255782188582915e+00,
       8.0867337129904204e-01, 8.9177622714960503e-01,
       6.2178303756846851e-04, 2.4342782453871633e-04,
       7.3559177730462872e-04, 1.1453142073770863e+00,
       7.5460725318826394e-01, 8.0339833867734112e-01,
       5.6316186427599231e-04, 2.4351825444300136e-04,
       7.2751806146554947e-04, 1.0376598974817357e+00,
       6.8716064452881731e-01, 7.2080337872854428e-01,
       6.5142127876750974e-04, 3.0833036987191548e-04,
       8.9275523051370964e-04, 9.3673953289279999e-01,
       6.2020319616485187e-01, 7.9739006099360854e-01,
       8.3069969384725955e-04, 3.4874507745736119e-04,
       1.0634935105382900e-03, 9.0705003214690993e-01,
       6.1176052113671520e-01, 8.9420257641163725e-01,
       9.9207937397763389e-04, 3.3704220273479376e-04,
       1.1011717122331513e-03, 8.9152354040834547e-01,
       6.2287588293288398e-01, 9.0215372112087155e-01,
       5.9114661276168251e-04, 2.2888691392394141e-04,
       7.3412773592830929e-04, 1.0039665089499907e+00,
       6.8251623815936147e-01, 6.7965340766600202e-01,
       6.0049318794218114e-04, 2.5308151418646814e-04,
       7.8430875727171837e-04, 1.1284114136870116e+00,
       7.6051284527103546e-01, 7.4516320734124131e-01,
       6.0342419578992645e-04, 2.6094248433453451e-04,
       8.2678757314939540e-04, 1.2403335418630856e+00,
       8.2762583850740346e-01, 7.8899393602186529e-01,
       6.3989648519023699e-04, 2.7256165908137736e-04,
       8.6004165444792822e-04, 1.3048355324759453e+00,
       8.6806702577794637e-01, 8.4289092846761016e-01,
       6.8779281066388433e-04, 2.8046799248153772e-04,
       8.8815035792804591e-04, 1.3544361128107039e+00,
       8.9910279056905784e-01, 8.8067615182239156e-01,
       6.9808996284068863e-04, 2.8500517486504336e-04,
       9.0330623583234051e-04, 1.3785846852631432e+00,
       9.1548172806053896e-01, 9.0973727058528508e-01,
       6.7913113766310631e-04, 2.8551519295600704e-04,
       8.9235882443785923e-04, 1.3386690644740722e+00,
       8.8805309300080137e-01, 8.4940994712875784e-01,
       5.2424948136312304e-04, 2.8997315105754360e-04,
       9.4768545712641981e-04, 1.3245420705565691e+00,
       8.8004209133102629e-01, 8.3267115986922613e-01,
       5.1584963448066590e-04, 3.0040067033390230e-04,
       9.4032225803807653e-04, 1.3241376109593261e+00,
       8.8032613448133301e-01, 8.4731390327960643e-01,
       5.1688134493286153e-04, 3.0340133949151462e-04,
       9.5013074685326878e-04, 1.3256943335642934e+00,
       8.8163130141846480e-01, 8.5862275858074444e-01,
       5.1361426244887765e-04, 2.8149821047746893e-04,
       9.4467156175002281e-04, 1.2972393562646385e+00,
       8.6405289218398951e-01, 8.2835794876536195e-01,
       6.5660760108756787e-04, 2.6926501110468404e-04,
       8.7260688412209102e-04, 1.3174357045273606e+00,
       8.7624086031274473e-01, 8.5260390754475290e-01,
       6.6369454705990534e-04, 2.6458332096893479e-04,
       8.7043320740740396e-04, 1.3380771692912181e+00,
       8.9064950530300768e-01, 8.9450267716574650e-01,
       6.4633143185264304e-04, 2.5656723771239553e-04,
       8.7766530777568560e-04, 1.3436260298102298e+00,
       8.9814454411578137e-01, 9.4805149932571942e-01,
       6.5119201038762336e-04, 2.5673959375014250e-04,
       8.8844721760899192e-04, 1.3550218381551484e+00,
       9.0626835482068591e-01, 9.6601300296717318e-01,
       6.4001771223686128e-04, 2.6022909448643908e-04,
       8.9567643997896297e-04, 1.3416747921481433e+00,
       8.9787872361705001e-01, 9.6668242929848158e-01,
       6.9210450235802283e-04, 2.8233790315867509e-04,
       9.3194522800606726e-04, 1.3761947349172372e+00,
       9.1692883953316029e-01, 9.5784057484021679e-01,
       6.8016717135155379e-04, 2.8381606641350110e-04,
       9.0630510240891906e-04, 1.3694527959410494e+00,
       9.1155403128690571e-01, 9.3942570471694964e-01,
       6.5226548783706704e-04, 2.8534269903349185e-04,
       9.0000922467679671e-04, 1.3665134636701881e+00,
       9.1343683615133031e-01, 9.6711833723135787e-01,
       6.8898108914457819e-04, 3.1742739729174769e-04,
       8.8905349187505035e-04, 1.4193565330787761e+00,
       9.4626494104868153e-01, 1.0367884196494057e+00,
       7.2075786560772898e-04, 3.7723935855393131e-04,
       8.5465729863031035e-04, 1.4235895741181008e+00,
       9.5696033276110370e-01, 1.1571820466009468e+00,
       8.7195669696426344e-04, 6.1484514227268402e-04,
       8.8735735371401931e-04, 1.4376238739500420e+00,
       1.0028650776297625e+00, 1.5268632740606587e+00,
       8.0216367765424516e-04, 6.1297802297847950e-04,
       8.5246843812937197e-04, 1.4006225911842980e+00,
       9.3960210492111773e-01, 1.3260332829645203e+00,
       7.0430035194203101e-04, 5.6680168617325214e-04,
       7.7568197041161702e-04, 1.3472951855107838e+00,
       8.9642556651279925e-01, 1.1376786717951188e+00,
       7.0747924282361018e-04, 5.7602402017009938e-04,
       7.7991399139603886e-04, 1.3176659755990408e+00,
       8.8238753801710601e-01, 1.1107358244788894e+00,
       6.8469329566620625e-04, 5.0565050207746875e-04,
       7.6379654501785113e-04, 1.2976284637167708e+00,
       8.5391708519720311e-01, 9.5580652392200605e-01,
       6.9062058034684163e-04, 5.1209642504421724e-04,
       7.6717833875789357e-04, 1.2992235923384821e+00,
       8.5233089559341235e-01, 9.9447055611952206e-01,
       6.7120213810739745e-04, 5.0677891133038186e-04,
       7.4327588229444492e-04, 1.3133299416834232e+00,
       8.6181385485007289e-01, 9.9284418784058004e-01,
       6.8543179849659113e-04, 5.0397342754797793e-04,
       7.4589175846929273e-04, 1.3252839003739130e+00,
       8.7073785413812488e-01, 1.0006460592140070e+00,
       6.9846962794674003e-04, 5.1497061657289377e-04,
       7.5993185894711118e-04, 1.3235097163298917e+00,
       8.7191417755051448e-01, 1.0025469749810836e+00,
       7.4072700860112865e-04, 5.7000420636781459e-04,
       8.4549504016163187e-04, 1.3281288015477428e+00,
       8.7088330896148702e-01, 1.1692157714723836e+00,
       7.2009616508912145e-04, 5.3888838378783317e-04,
       8.1770398655328582e-04, 1.3365670055354895e+00,
       8.9217088482459572e-01, 1.1637542702365133e+00,
       7.1347405441759084e-04, 5.5318784690841646e-04,
       8.0492872924294457e-04, 1.3336550246768986e+00,
       8.9490394692175290e-01, 1.1784254382631010e+00,
       7.5492635603853118e-04, 5.7411547968303259e-04,
       8.3406762354485569e-04, 1.3262921065383806e+00,
       8.9144564511056168e-01, 1.2275258370604312e+00,
       8.1142559521400076e-04, 6.0454860565498612e-04,
       8.7422168990661123e-04, 1.3926445500156117e+00,
