%YAML:1.0
---
summary: "Filter by time and points, rd=20, rs=10, sp=5, sf=4."
init_cam_calib: C99-1010_3p_3
camera_matrix: !!opencv-matrix
   rows: 3
   cols: 3
   dt: d
   data: [ 2.5705824654078142e+03, 0., 1.8860737447296890e+03, 0.,
       2.5695229974642170e+03, 1.0875035173627184e+03, 0., 0., 1. ]
dist_coeff: !!opencv-matrix
   rows: 5
   cols: 1
   dt: d
   data: [ 2.8442282111819793e-03, 3.8545035000844483e-02,
       -1.0064555500676404e-04, -1.1149343736701893e-03,
       -6.5348958441110036e-02 ]
rvec: !!opencv-matrix
   rows: 115
   cols: 3
   dt: d
   data: [ -3.0347917365709716e+00, -4.5089813618303699e-03,
       -1.6846603090810441e-02, -3.0307532332554556e+00,
       1.1770487096740417e-02, -5.5797657115865817e-03,
       -3.0428882455220552e+00, 1.6125568568993841e-02,
       -9.1518427572336112e-03, -3.0126481528667139e+00,
       6.5944217245302431e-02, -1.3149090118070517e-01,
       -3.0622729628688550e+00, 1.0704572388132678e-01,
       -1.3207532411665926e-01, -3.0896619100214568e+00,
       1.1361183975795693e-01, -2.6152211602308389e-01,
       -3.0942553906519317e+00, 1.0912343078318627e-01,
       -2.8114904617038711e-01, -3.1334281167135511e+00,
       1.6919746456717139e-02, -1.0561862591809372e-01,
       -3.0756312864867059e+00, -7.0866865996774539e-02,
       3.6520997010175660e-01, -3.0490233608972468e+00,
       3.9387635911547154e-02, 5.2374570251932806e-01,
       -3.0031028641947812e+00, -1.9125736460935270e-02,
       7.1175712959308701e-01, -2.9576365227310877e+00,
       -5.2081262250205200e-02, 8.4970094190213341e-01,
       -2.9075550965124739e+00, 8.3203286704055454e-03,
       8.5211291547974766e-01, -2.9210387145070400e+00,
       -6.6393375435874480e-02, 8.6172475167295448e-01,
       -2.9520393481908265e+00, 2.4101141887026508e-03,
       8.8481664870337662e-01, 3.0164002836839043e+00,
       2.9611837262216219e-02, -8.2128115654600009e-01,
       2.9754305272727581e+00, -4.0914383704341428e-03,
       -8.3468411270124032e-01, 2.9936759153191583e+00,
       -2.9478070123737765e-02, -7.9829096590557203e-01,
       -3.0382654577852417e+00, 1.0841809489520925e-02,
       8.0485579975655297e-01, -2.9877881369085979e+00,
       -8.4883795204530454e-04, 7.4743376545282803e-01,
       -2.9027449981598434e+00, 1.9329675207594897e-02,
       6.8033713269110885e-01, -2.8074340072334683e+00,
       -8.6971260154426785e-02, 5.7595563458404131e-01,
       -2.8343538009031115e+00, -1.2202169206111926e-01,
       5.8731238466788038e-01, -2.9080400655669782e+00,
       -1.2577629582410269e-01, 6.3629626863693256e-01,
       -2.9808365668098542e+00, 3.3015767520906882e-02,
       6.0017368900765844e-01, -2.9683582875117418e+00,
       3.8073441559219885e-02, 7.4658451270080373e-01,
       -2.9673182205606823e+00, -4.5218578647244906e-02,
       7.5598570769178719e-01, -2.9016097654545430e+00,
       -5.9989236862331055e-02, 8.7865617048653322e-01,
       -2.8835394397590002e+00, -7.2750286883806956e-02,
       1.0763350907008464e+00, -2.8435846498735522e+00,
       -1.7326035147366473e-01, 1.2022778074548177e+00,
       -2.7418489570000313e+00, -6.6839831116239451e-02,
       1.4358276455971255e+00, -2.6537219064793529e+00,
       -4.7339536083865465e-02, 1.5938101172251831e+00,
       -2.6123357740467190e+00, -7.9921635622270684e-02,
       1.6427974334534914e+00, -2.6420696838988285e+00,
       -1.0670928688054442e-01, 1.5729903074726053e+00,
       -2.6898694726731103e+00, -5.2039154777872798e-02,
       1.5226010752450190e+00, -2.6047863784352883e+00,
       -3.2458231149306044e-02, 1.6043493875167518e+00,
       -2.5926167949905854e+00, -5.5895048610845363e-02,
       1.5911288223428111e+00, -2.5723075689829047e+00,
       -4.6619303777654643e-02, 1.5944003732880934e+00,
       2.7022602128369679e+00, -1.1488414443743011e-01,
       -1.5629660592243264e+00, -2.6922645843035125e+00,
       5.3361609096264057e-02, 1.5320860729177317e+00,
       -2.6796274928548374e+00, -2.3754075894585957e-02,
       1.5438474059043179e+00, -2.6676088012629506e+00,
       -2.2009369759721068e-02, 1.5895250383448936e+00,
       -2.7864399479669375e+00, -1.5774026336470796e-02,
       1.4052588143044411e+00, -2.7314754709032236e+00,
       -5.4130157568799159e-02, 1.3922913502252949e+00,
       -2.7495267013990117e+00, -1.0351368490232174e-01,
       1.1487656783356188e+00, -2.7839115059736637e+00,
       -8.8490450010507801e-02, 1.0209610667272779e+00,
       -2.8177404556207768e+00, -7.8338445172143931e-02,
       6.4826753035502449e-01, -2.9444725271590362e+00,
       -1.2928978326799354e-01, 6.6656989298489810e-01,
       -2.9968781358081373e+00, -1.5707711854948325e-01,
       3.7099132497912002e-01, -3.0368196045903524e+00,
       -9.0821028599294557e-02, 2.5665005483062631e-01,
       -3.0790196437281723e+00, -3.7411430429486379e-02,
       2.0894995245561468e-01, -3.0280952229558062e+00,
       -4.0680324804631150e-02, 5.5848925589896259e-01,
       -3.0696447287022721e+00, -3.1721135979662335e-02,
       1.4576360257741794e-01, -2.9274124507365475e+00,
       1.5513220458019700e-01, -5.9915446463988453e-01,
       -2.8738966741052114e+00, 1.1025810657415755e-01,
       -1.0410681663524868e+00, -2.7377225027946683e+00,
       1.2461152660850608e-01, -1.2769593997007309e+00,
       -2.7586342307211629e+00, 1.2118560004539428e-01,
       -1.2456435022039649e+00, -2.8716639687990306e+00,
       4.1751714872287439e-02, -1.0579101199850207e+00,
       -2.9398100983478148e+00, 8.1027655717117689e-02,
       -1.0305772646145532e+00, -2.9363948782985161e+00,
       5.0560643392557954e-02, -1.0747115230508097e+00,
       2.8684233443185576e+00, -8.3863334736135151e-02,
       1.1384659176568064e+00, 2.8108062237832816e+00,
       -3.0873680988523396e-02, 1.1112146140493089e+00,
       2.7964607404586692e+00, 6.8836719689274930e-03,
       1.1172302708691757e+00, 2.8071492880690769e+00,
       -1.3697497732844493e-02, 1.1274377084104086e+00,
       2.7872090825123146e+00, 1.1675153107284370e-02,
       1.1250312346829643e+00, 2.7495185503778132e+00,
       3.1421248780324852e-02, 1.1079278394640530e+00,
       2.8302722160625766e+00, 1.2144736017979312e-02,
       1.2064334778350789e+00, 2.8811209298377012e+00,
       -9.2944531751229617e-02, 1.2367275461538398e+00,
       -2.7754778359935020e+00, 1.2501960495808714e-01,
       -1.1546136546045089e+00, -2.7902024516919668e+00,
       1.1435902112438161e-01, -1.1298127376075746e+00,
       -2.7221137658014736e+00, 7.7878663062051823e-02,
       -1.1451134657232089e+00, -2.7157686510330925e+00,
       5.4436921787262983e-02, -1.1442993272222379e+00,
       -2.8622503383288924e+00, 1.4066105806052057e-02,
       -1.2377166406567577e+00, 2.9117312253488996e+00,
       -8.4734050889971428e-03, 1.1730322935562634e+00,
       2.8779855165113135e+00, 6.6199261925839904e-03,
       1.2193841063227446e+00, 2.7933577920202892e+00,
       -1.1317738048025872e-03, 1.3959119811373937e+00,
       2.7284550346135168e+00, 4.2313139809208008e-03,
       1.5307776380988294e+00, 2.6334977522421186e+00,
       -3.8656319623575693e-02, 1.6716156504233846e+00,
       2.5867047176578937e+00, 4.8910817776548432e-02,
       1.6165363832617825e+00, -2.5013078447776897e+00,
       1.0106574318649740e-01, -1.8128793948314956e+00,
       -2.5546838910916874e+00, 1.5942408082924897e-01,
       -1.6714559432935467e+00, -2.5348320103841337e+00,
       1.7139686085061426e-01, -1.6664897066769460e+00,
       2.5952029677449593e+00, -7.6539896556365741e-02,
       1.7324946311130993e+00, 2.5929472826242059e+00,
       1.0649451146642314e-02, 1.7212093319361401e+00,
       2.4773287245331890e+00, 1.5194964952772017e-01,
       1.5718586401816759e+00, 2.4297077761455173e+00,
       1.9305328835147761e-01, 1.5032708038892291e+00,
       2.4640778492382114e+00, 1.1703288823289316e-01,
       1.5745008730078534e+00, 2.5333526002223250e+00,
       3.0282995533500993e-02, 1.6320979304702998e+00,
