%YAML:1.0
---
summary: "Filter by time, rd=15, rs=5."
init_cam_calib: C99-1010_3p_3
camera_matrix: !!opencv-matrix
   rows: 3
   cols: 3
   dt: d
   data: [ 2.5667473500874198e+03, 0., 1.8895280752098688e+03, 0.,
       2.5662339018018542e+03, 1.0907648342814766e+03, 0., 0., 1. ]
dist_coeff: !!opencv-matrix
   rows: 5
   cols: 1
   dt: d
   data: [ 2.1590727156079008e-02, -3.8414211452636168e-02,
       -7.2889233124176796e-05, -1.6202793395823695e-04,
       2.1959541601242073e-02 ]
std_intrinsics: !!opencv-matrix
   rows: 18
   cols: 1
   dt: d
   data: [ 4.3702218081025518e-01, 4.1162998918383753e-01,
       8.3509536599605794e-01, 5.3988424180784111e-01,
       1.0527081251491452e-03, 3.8978051314445530e-03,
       7.2339080625269657e-05, 1.1160675328480850e-04,
       4.2381914730853822e-03, 0., 0., 0., 0., 0., 0., 0., 0., 0. ]
std_extrinsics: !!opencv-matrix
   rows: 918
   cols: 1
   dt: d
   data: [ 7.4905300717951248e-04, 2.6661346939897413e-04,
       8.2880788418913302e-04, 1.1764607071860125e+00,
       7.7502229723626204e-01, 9.2076160420503361e-01,
       7.4672605627337265e-04, 2.6653560947760514e-04,
       8.2527320114920966e-04, 1.1749982117078686e+00,
       7.7397635696240974e-01, 9.1913660227167282e-01,
       7.4427436407996080e-04, 2.6313770187786603e-04,
       8.2040019776975358e-04, 1.1687073982727898e+00,
       7.7024412879614679e-01, 9.1413609856305766e-01,
       7.2177327986967961e-04, 2.6016393620160728e-04,
       8.0395080113879419e-04, 1.1398258217708610e+00,
       7.5173318544032519e-01, 8.8412417704280133e-01,
       6.8281875015363872e-04, 2.6477572885606656e-04,
       7.6122521499145826e-04, 1.0975427797835902e+00,
       7.2258456047620057e-01, 8.4229841090344826e-01,
       6.2805512327931262e-04, 2.5709419707798883e-04,
       7.2111259288947969e-04, 1.0267063116185169e+00,
       6.7626684997121200e-01, 7.6689821156619820e-01,
       5.8544810620665677e-04, 2.5773544558752319e-04,
       7.1835179793044285e-04, 9.5575901343105418e-01,
       6.3130391072336267e-01, 7.0518654879047127e-01,
       6.5420253607000587e-04, 2.9675819887760497e-04,
       8.2134352218224329e-04, 8.8368283577139850e-01,
       5.8472793812068857e-01, 7.4287814947066699e-01,
       7.8460957030681232e-04, 3.6645403449999428e-04,
       1.0237801841712884e-03, 8.5125762307614994e-01,
       5.6474804319690797e-01, 8.6458411032757632e-01,
       1.0785074354314420e-03, 4.0414548400165154e-04,
       1.2592447327582689e-03, 8.4690236801911944e-01,
       5.8456735555017647e-01, 9.5663029083616047e-01,
       1.0434182909067548e-03, 3.5643722310461337e-04,
       1.1284814586701543e-03, 8.2678056811056322e-01,
       5.8137228823097531e-01, 8.9782853282815889e-01,
       6.4125889554090675e-04, 2.4526761218704007e-04,
       7.5084160652650971e-04, 8.9821353396154224e-01,
       6.1319846132663736e-01, 6.6765005862128524e-01,
       6.1999345264706490e-04, 2.5377176028727299e-04,
       7.5262671769559246e-04, 9.7771086323352319e-01,
       6.6187233570262682e-01, 6.8408158492991811e-01,
       6.0325618963649459e-04, 2.6067837337079275e-04,
       7.8366444974038501e-04, 1.0612920064078093e+00,
       7.1365141027409407e-01, 7.2902556930203222e-01,
       6.2221083540789433e-04, 2.6987265218325878e-04,
       8.2827298953409053e-04, 1.1376175853020167e+00,
       7.6012205005266820e-01, 7.8064840708169092e-01,
       6.4582024827692448e-04, 2.7931979425117691e-04,
       8.4729099608820129e-04, 1.1809689911175438e+00,
       7.8699441163129880e-01, 8.1986180078496851e-01,
       7.0133067464958241e-04, 2.8771529610007888e-04,
       8.8364746666271801e-04, 1.2275420921208580e+00,
       8.1642585064735840e-01, 8.5931938185549916e-01,
       7.2031825837652619e-04, 2.9310128686403316e-04,
       9.0705149041521633e-04, 1.2525392545268803e+00,
       8.3250844816021852e-01, 8.8728909735918227e-01,
       7.2347422533039095e-04, 2.9576117824554844e-04,
       9.1442088542294415e-04, 1.2646839232633478e+00,
       8.4190549437287654e-01, 9.1234897538687154e-01,
       7.2110648393959229e-04, 2.9341665058383936e-04,
       9.0471816735544633e-04, 1.2441085152858711e+00,
       8.2510616060464403e-01, 8.6567110060466002e-01,
       5.4333284483216310e-04, 2.9786426398348281e-04,
       9.7810134148364962e-04, 1.2099419019301112e+00,
       8.0573369624202651e-01, 8.3352974808183522e-01,
       5.3765330396221610e-04, 3.0915940101034102e-04,
       9.6402265542493983e-04, 1.2181159809684974e+00,
       8.1176121930581435e-01, 8.3578431426484645e-01,
       5.3028312506981918e-04, 3.1243089630818266e-04,
       9.5150578458600126e-04, 1.2153002421293722e+00,
       8.1034986859849134e-01, 8.4103084595801181e-01,
       5.3371318670661784e-04, 3.1377679465474195e-04,
       9.5582033019089212e-04, 1.2198827571268678e+00,
       8.1337261479895295e-01, 8.4793917878696157e-01,
       5.3133094431508012e-04, 3.1603978631485497e-04,
       9.7219806486986205e-04, 1.2118203583066689e+00,
       8.0887084596997738e-01, 8.5262544167034560e-01,
       6.6022141710437633e-04, 2.8572148232151190e-04,
       8.7858310918608341e-04, 1.1900274483267099e+00,
       7.9298357117263885e-01, 8.2356754328961623e-01,
       6.7991223170365243e-04, 2.7927304850658077e-04,
       8.7998754261518948e-04, 1.2084820725803294e+00,
       8.0528313261138651e-01, 8.4811551554252440e-01,
       6.7637768315694934e-04, 2.7652973428420106e-04,
       8.7673469061022005e-04, 1.2160706380171449e+00,
       8.1205918883000328e-01, 8.9470992208656730e-01,
       6.7888039539286979e-04, 2.7099145347371658e-04,
       8.9579096678211014e-04, 1.2206729939747583e+00,
       8.2213775671319256e-01, 9.5797697764158474e-01,
       6.7081177406914374e-04, 2.6634987784749829e-04,
       8.9739525598471741e-04, 1.2382711010312315e+00,
       8.3046068325885058e-01, 9.5846927743831267e-01,
       6.7443281569258095e-04, 2.6596818109258233e-04,
       8.9784581587104464e-04, 1.2435130026443406e+00,
       8.3432683428341758e-01, 9.6476698509227432e-01,
       6.6483355730267589e-04, 2.7098004126700895e-04,
       8.9171955628663104e-04, 1.2206745794075660e+00,
       8.1716353974124978e-01, 9.3862149393525662e-01,
       6.8559845942983070e-04, 2.8713563205502892e-04,
       9.2324785549705599e-04, 1.2337357635399080e+00,
       8.2510346005058066e-01, 9.6496627327143858e-01,
       7.0257104910991755e-04, 2.9336794908703569e-04,
       9.2827031105996709e-04, 1.2579445003716903e+00,
       8.3986006798303159e-01, 9.6280866960608835e-01,
       7.0477496824266706e-04, 2.9426975304954936e-04,
       9.1646343522561776e-04, 1.2562381511361167e+00,
       8.3766143799116777e-01, 9.4102032922671397e-01,
       6.8933134300066395e-04, 2.9490402461794253e-04,
       9.1404471827926444e-04, 1.2533835818128432e+00,
       8.3818221738207732e-01, 9.5023682341503080e-01,
       6.8364062233178540e-04, 3.0447403851996738e-04,
       9.0917285676731191e-04, 1.2744780839093541e+00,
       8.5443285419627679e-01, 1.0286858610056362e+00,
       7.0425202079400177e-04, 3.3351875748926265e-04,
       8.8876920488302057e-04, 1.3042398631889216e+00,
       8.7459105800618508e-01, 1.0882531030775975e+00,
       7.4538297030559374e-04, 3.9082825943106785e-04,
       8.6056212674559941e-04, 1.3071391046382628e+00,
       8.8402662018332423e-01, 1.1903533860128301e+00,
       8.4512932937471426e-04, 5.5035221901912450e-04,
       8.7937578769432432e-04, 1.3208041685186263e+00,
       9.1804010564944272e-01, 1.4691952891210307e+00,
       8.9231681447147213e-04, 6.6175156248117408e-04,
       8.8678720661980774e-04, 1.3316986953518117e+00,
       9.1513364096988159e-01, 1.5560640108402526e+00,
       8.1799972032479691e-04, 6.4280218773265694e-04,
       8.5733498521541865e-04, 1.2813164837808646e+00,
       8.6384888665384096e-01, 1.3735080117395544e+00,
       7.2338305894706009e-04, 5.8977335717267190e-04,
       7.7994910259106005e-04, 1.2463778759098949e+00,
