%YAML:1.0
---
summary: "Filter by time, rd=15, rs=5."
init_cam_calib: C99-1010_3p_3
camera_matrix: !!opencv-matrix
   rows: 3
   cols: 3
   dt: d
   data: [ 2.5667473500874198e+03, 0., 1.8895280752098688e+03, 0.,
       2.5662339018018542e+03, 1.0907648342814766e+03, 0., 0., 1. ]
dist_coeff: !!opencv-matrix
   rows: 5
   cols: 1
   dt: d
   data: [ 2.1590727156079008e-02, -3.8414211452636168e-02,
       -7.2889233124176796e-05, -1.6202793395823695e-04,
       2.1959541601242073e-02 ]
rvec: !!opencv-matrix
   rows: 153
   cols: 3
   dt: d
   data: [ -3.0349773071846231e+00, -7.6217941847358936e-03,
       -1.8654366341657368e-02, -3.0308673879254293e+00,
       -4.3756386399628555e-03, -2.4117845733942510e-02,
       -3.0375205048367873e+00, 1.2091705950159565e-02,
       4.3759724236595030e-03, -3.0434519974737531e+00,
       1.6311079753392427e-02, -1.2150555528856384e-02,
       -3.0264204359041065e+00, 5.4357139085458715e-02,
       -1.1738054625327481e-01, -3.0415856249116500e+00,
       9.8060026846992568e-02, -1.3590385520868140e-01,
       -3.0616289788251612e+00, 1.0421066884799023e-01,
       -1.7241216146829488e-01, -3.0909429170529936e+00,
       1.1460090798914144e-01, -2.6758272573802738e-01,
       -3.0882845146632265e+00, 1.4569158771811686e-01,
       -3.3234691257937993e-01, -3.0823042919685286e+00,
       9.4511691749150181e-02, -2.5489172896141638e-01,
       -3.1160867687502316e+00, -5.2995368474599543e-03,
       -4.0971492656222824e-02, -3.0705998685195697e+00,
       -7.0061218716973378e-02, 3.6410101531543060e-01,
       -3.0755741067267399e+00, -7.5565310816292398e-03,
       5.4005422630716315e-01, -3.0190599623536927e+00,
       2.6551631186095274e-02, 6.1117382182053126e-01,
       -2.9900018605138543e+00, -4.8205899740275462e-02,
       7.7081964007276516e-01, -2.9587598248322822e+00,
       -5.2682221745640898e-02, 8.4606425545903474e-01,
       -2.9165744877157747e+00, -9.6349787461965791e-03,
       8.4960852118422925e-01, -2.9359451223213946e+00,
       -2.8561687881234844e-02, 8.5471649346012291e-01,
       -2.9257034922439629e+00, -6.1831155457536625e-02,
       8.5249851181860747e-01, -2.9520948584296538e+00,
       1.6607120598220787e-03, 8.8101788749929622e-01,
       3.0322687478901282e+00, 9.9633198704102317e-03,
       -8.1826682356970115e-01, 2.9903384070340477e+00,
       3.0039888870534580e-03, -8.1900493265632124e-01,
       2.9936801397859756e+00, -1.1542796468771712e-02,
       -8.0409168819642751e-01, 2.9948569752411505e+00,
       -2.9157374411453729e-02, -7.9547829524750246e-01,
       3.0233373397560008e+00, -3.1489456442115933e-02,
       -7.8575302614774845e-01, -3.0439047691078613e+00,
       2.4927759110305019e-03, 7.6814579565907093e-01,
       -2.9576439515592519e+00, -6.8727489942708477e-03,
       7.4477497033790785e-01, -2.9029127719163914e+00,
       1.8550743072646748e-02, 6.7779731822767519e-01,
       -2.8206189748680401e+00, -7.2115945915116650e-02,
       5.6687233517898683e-01, -2.8498786279477217e+00,
       -1.0348652305196679e-01, 5.5774131788746428e-01,
       -2.8308126859666669e+00, -1.2083840579161258e-01,
       5.7573266916337196e-01, -2.9094949671234711e+00,
       -1.2603322043749815e-01, 6.2964890447357802e-01,
       -2.9974230603528595e+00, -1.3994045730098494e-02,
       6.2841508479997854e-01, -2.9737184267094818e+00,
       3.5058534152464189e-02, 6.5429021304034440e-01,
       -2.9660450119982631e+00, 9.2238041338903801e-03,
       7.6043887249442743e-01, -2.9679401262506468e+00,
       -4.5905043851297692e-02, 7.5221299664347119e-01,
       -2.9394374778600976e+00, -2.2795155041149439e-02,
       7.6245816005201261e-01, -2.8846472657076800e+00,
       -5.0500384145349915e-02, 1.0095495229574356e+00,
       -2.8562359768053196e+00, -8.9170123302303075e-02,
       1.0997012177666725e+00, -2.8334932994564976e+00,
       -1.6591437898055239e-01, 1.1939709650176249e+00,
       -2.7359313367362224e+00, -9.7696927580369977e-02,
       1.3651320905753319e+00, -2.7097126778967735e+00,
       -5.2172231760067016e-02, 1.4797255327039340e+00,
       -2.6079854632569308e+00, -7.6842694729172184e-02,
       1.6550937817591038e+00, -2.6103745215725089e+00,
       -7.9009639193825823e-02, 1.6400580477082569e+00,
       -2.6388665806220306e+00, -1.2942531851143035e-01,
       1.5400144106912861e+00, -2.6546071292693934e+00,
       -5.3404028049763623e-02, 1.5765532827521858e+00,
       -2.6612604237714601e+00, -3.5352383582610378e-02,
       1.5653816378369791e+00, -2.6049808138361605e+00,
       -3.3393775065223508e-02, 1.6017046977417746e+00,
       -2.5939613821237835e+00, -5.5453816170453571e-02,
       1.5860479961863518e+00, -2.5866488514078254e+00,
       -6.5401196410210458e-02, 1.5827477724538812e+00,
       -2.6192691661767666e+00, -8.6663553419362369e-02,
       1.5764479000724769e+00, 2.7044175391210281e+00,
       -1.1390352237365389e-01, -1.5612875324126048e+00,
       -2.7099571099551674e+00, 9.5129233366809618e-02,
       1.5065873970088826e+00, -2.6881632199136489e+00,
       1.6479069667843325e-02, 1.5267101753263224e+00,
       -2.6648431383896387e+00, -2.8315075943127394e-02,
       1.5468153086033127e+00, -2.6665639452706746e+00,
       -2.1911135160733980e-02, 1.5878558655151578e+00,
       -2.7926030372144530e+00, -1.7727686426157227e-02,
       1.4072672011266369e+00, -2.7198448909669750e+00,
       -4.0065973728041979e-02, 1.3979745983780101e+00,
       -2.7658791635199207e+00, -3.4937208323386440e-02,
       1.2900482198481145e+00, -2.7577500526018239e+00,
       -1.1072790983951718e-01, 1.1496189789309887e+00,
       -2.7229226850958952e+00, -5.8277878821861764e-02,
       1.0636732231014343e+00, -2.8383411133828407e+00,
       -1.1010834611834266e-01, 8.4052546412032225e-01,
       -2.8610565083110706e+00, -6.3936932437902327e-02,
       6.2514126773038858e-01, -2.9444485073000997e+00,
       -1.3031247787286954e-01, 6.6484098339778663e-01,
       -2.9654849735257311e+00, -1.4590305391840097e-01,
       3.7347419767296508e-01, -3.0430714056723787e+00,
       -1.4302316503684293e-01, 3.0835330429889685e-01,
       -3.0220905190153800e+00, -2.6962891786675488e-02,
       1.8017155473668472e-01, -3.0690550619059564e+00,
       -3.3754777356291149e-02, 2.1407296430217601e-01,
       -3.0283480150825297e+00, -1.8552048785794542e-02,
       5.2035431260325682e-01, -3.0742875312574478e+00,
       -2.9655707207240114e-02, 4.0663449672460344e-01,
       -3.0589152821295764e+00, 6.8924898215345955e-03,
       4.0644638444163161e-02, -2.9205329838579788e+00,
       1.5345764941508913e-01, -6.0300367263257348e-01,
       -2.9111845849695346e+00, 1.1575462884233868e-01,
       -1.0300249285092020e+00, -2.7851519557170716e+00,
       8.8517132507390003e-02, -1.1738409134146142e+00,
       -2.7092896748568061e+00, 1.1403508588449589e-01,
       -1.2943920480437519e+00, -2.7568265517452066e+00,
       1.2198097292860685e-01, -1.2471536119249704e+00,
       -2.8343912774251327e+00, 4.5131478921895750e-02,
       -1.1333768528104979e+00, -2.9133411809862966e+00,
       7.3381923459818379e-02, -1.0125412110210836e+00,
       -2.9332753743790811e+00, 6.6322259093731947e-02,
       -1.0593272995581124e+00, -2.9342480057673832e+00,
       5.1136285981979369e-02, -1.0759003377628586e+00,
       -2.9223734522276170e+00, 7.5037963079995676e-02,
       -1.1160678128873673e+00, 2.7972826469388923e+00,
       -5.5701873664757311e-02, 1.1165489384450245e+00,
       2.8324645840707179e+00, 4.8796908407868203e-03,
       1.1483026152774336e+00, 2.7965837495868167e+00,
       5.7809927716730341e-03, 1.1193829672857818e+00,
       2.8037519874900085e+00, -1.1414063008555105e-02,
       1.1142232257470737e+00, 2.8016697969169706e+00,
       -3.8163582524561759e-03, 1.1382776348974510e+00,
       2.7675088614318697e+00, 1.8523956517246570e-02,
       1.1263987533126663e+00, 2.7498297184576930e+00,
       3.0418194853101727e-02, 1.1098380008017490e+00,
