%YAML:1.0
---
summary: "Filter by time, rd=10, rs=0."
init_cam_calib: C99-1010_3p_3
camera_matrix: !!opencv-matrix
   rows: 3
   cols: 3
   dt: d
   data: [ 2.5680239079606476e+03, 0., 1.8818602839479213e+03, 0.,
       2.5645882712906496e+03, 1.0841008209834581e+03, 0., 0., 1. ]
dist_coeff: !!opencv-matrix
   rows: 5
   cols: 1
   dt: d
   data: [ 2.4305780273356083e-02, -5.6719432964175906e-02,
       -7.2880439578101842e-04, -7.5234907669651202e-04,
       4.3058763202481566e-02 ]
std_intrinsics: !!opencv-matrix
   rows: 18
   cols: 1
   dt: d
   data: [ 7.4095333642382322e-01, 6.9971798898609261e-01,
       1.1598819862578471e+00, 7.1978382511117822e-01,
       1.4963595017223530e-03, 5.3827443460802236e-03,
       8.9408236298072088e-05, 1.5291002591059591e-04,
       5.6451167067791842e-03, 0., 0., 0., 0., 0., 0., 0., 0., 0. ]
std_extrinsics: !!opencv-matrix
   rows: 504
   cols: 1
   dt: d
   data: [ 8.2125678374462565e-04, 3.4018249488195461e-04,
       1.0468698585968264e-03, 1.4551522731646966e+00,
       9.2322113499536640e-01, 1.1392234842149502e+00,
       8.1708575066608490e-04, 3.4516104533757676e-04,
       1.0296241954579704e-03, 1.4666501972243553e+00,
       9.3007803812864354e-01, 1.1548448282562203e+00,
       8.2837785749468229e-04, 3.3895930608450020e-04,
       1.0544434691617611e-03, 1.4601393756569876e+00,
       9.2692014914262622e-01, 1.1467410096980890e+00,
       8.3321591696867113e-04, 3.3486431182042732e-04,
       1.0538586951383336e-03, 1.4586530418790247e+00,
       9.2561904849008814e-01, 1.1436612039988963e+00,
       8.3088818677368994e-04, 3.3504403144828842e-04,
       1.0485244874011972e-03, 1.4564923718711225e+00,
       9.2419114266310076e-01, 1.1424533626423627e+00,
       8.3385165696916433e-04, 3.3225560011959637e-04,
       1.0460688063574160e-03, 1.4558131856737062e+00,
       9.2408398531010993e-01, 1.1450130917262167e+00,
       8.2825712738867567e-04, 3.2911008345379696e-04,
       1.0443652144592273e-03, 1.4504523424373819e+00,
       9.2164625970043557e-01, 1.1425255371163092e+00,
       8.2806808827207471e-04, 3.2759554459615059e-04,
       1.0419544244557901e-03, 1.4499635604676229e+00,
       9.2146492310661632e-01, 1.1449148580649540e+00,
       8.2796258914970256e-04, 3.2245263781351027e-04,
       1.0407776979908380e-03, 1.4435161486548287e+00,
       9.1947465239220749e-01, 1.1444237920770746e+00,
       7.8581251013973567e-04, 3.1212548278207518e-04,
       1.0033502622167759e-03, 1.4241607327416654e+00,
       9.0921020180566925e-01, 1.1413664435033537e+00,
       7.8083303988869259e-04, 3.1888095665766504e-04,
       9.8446372915926257e-04, 1.4179251222138147e+00,
       9.0846628318717881e-01, 1.1637389272495775e+00,
       7.1611377188020590e-04, 3.1803982194743367e-04,
       9.4347787941406118e-04, 1.4315728228109528e+00,
       9.1239335005665212e-01, 1.1432102489747762e+00,
       6.8651356431947887e-04, 3.1632200360786749e-04,
       9.2893685843015541e-04, 1.4356438930499966e+00,
       9.1549967574330759e-01, 1.1356347770661828e+00,
       6.8282350663146480e-04, 3.1256486286028305e-04,
       9.3020221836649251e-04, 1.4501298727453988e+00,
       9.2523616760703908e-01, 1.1561537019742019e+00,
       6.8499131157697258e-04, 3.1352134686893883e-04,
       9.4110340798205167e-04, 1.4532088126539728e+00,
       9.2848845622329013e-01, 1.1642431028399387e+00,
       6.8530197265755848e-04, 3.1575947778545647e-04,
       9.2714361013377722e-04, 1.4508804427656894e+00,
       9.2494214577357714e-01, 1.1521345390032436e+00,
       6.8498189164391504e-04, 3.1839102818889464e-04,
       9.3239664620787361e-04, 1.4516628724997358e+00,
       9.2509142021140789e-01, 1.1521690512961476e+00,
       6.9432120645311277e-04, 3.2582559564029188e-04,
       9.2714292053782527e-04, 1.4505989526456020e+00,
       9.2114551984752735e-01, 1.1239517202330991e+00,
       7.3499548791441504e-04, 3.2679984320288215e-04,
       9.4795922040379586e-04, 1.4350160872800033e+00,
       9.1276799280239618e-01, 1.1359703464128241e+00,
       7.7960964895519471e-04, 3.3388013328552308e-04,
       9.9591723514932127e-04, 1.4382208355107362e+00,
       9.1294359263710223e-01, 1.1404282508926096e+00,
       8.2732286325378369e-04, 3.2703063951748700e-04,
       1.0058384807409798e-03, 1.4443730424431396e+00,
       9.1632156733050674e-01, 1.1366502746278613e+00,
       8.6723879971286125e-04, 3.2669433153175689e-04,
       1.0134088292795146e-03, 1.4699680350525470e+00,
       9.3040682124386609e-01, 1.1523872938687578e+00,
       9.0555123241877172e-04, 3.1749632819323464e-04,
       9.9264373593254220e-04, 1.4599067080186716e+00,
       9.2317292502083947e-01, 1.1302835029817151e+00,
       9.5217024307414925e-04, 3.0991309028845698e-04,
       9.8802781643463284e-04, 1.4871009099202692e+00,
       9.3990321578219893e-01, 1.1520924112652573e+00,
       9.6786418441926537e-04, 3.1365218627317195e-04,
       1.0067278867898215e-03, 1.4903360926333855e+00,
       9.4352761843637167e-01, 1.1673133785446350e+00,
       9.4935214018974966e-04, 3.1998565290657381e-04,
       1.0224912663152818e-03, 1.4821217634561201e+00,
       9.3936635358884957e-01, 1.1627616537351808e+00,
       9.5037954710896501e-04, 3.1407408690631002e-04,
       1.0395651828887184e-03, 1.4744653130938987e+00,
       9.3690546318988355e-01, 1.1823720570359719e+00,
       1.3267731996134419e-03, 3.7223580398764735e-04,
       1.2581875019409654e-03, 1.4865003341852616e+00,
       9.5710173775283069e-01, 1.3155484239622901e+00,
       1.2963047242112663e-03, 3.4779164907164703e-04,
       1.2055883394395902e-03, 1.4701358161817950e+00,
       9.6194504874769160e-01, 1.3578390801448530e+00,
       9.6292978874604597e-04, 3.5688957292939131e-04,
       1.1808157959148950e-03, 1.4663992294923656e+00,
       9.4383397150783854e-01, 1.2790762943781506e+00,
       9.5875214460838690e-04, 3.4815909088583966e-04,
       1.0894028445055984e-03, 1.4780028887770869e+00,
       9.4702301621281937e-01, 1.2688474563293786e+00,
       8.6015365510013896e-04, 3.3697876094863227e-04,
       1.0605453655279527e-03, 1.4773655815431126e+00,
       9.4237877510569679e-01, 1.2013255112761330e+00,
       8.4353582416588915e-04, 3.3095549735451512e-04,
       1.0544025443328061e-03, 1.4779314393604881e+00,
       9.4208874817101218e-01, 1.1995785981384151e+00,
       8.3456268418922899e-04, 3.1552504475916961e-04,
       1.0175920691270490e-03, 1.4733814409835362e+00,
       9.3670846281997222e-01, 1.1767633604331769e+00,
       8.2998740148011035e-04, 3.0868264289547265e-04,
       9.8064016650590766e-04, 1.4656041030254254e+00,
       9.2889640041981447e-01, 1.1500400344895638e+00,
       8.2228092948519150e-04, 3.1530256668889383e-04,
       9.9039329330966779e-04, 1.4567505381079329e+00,
       9.2458027174791635e-01, 1.1506938905644171e+00,
       8.0724812248272903e-04, 3.1691032679784134e-04,
       9.5911819761444327e-04, 1.4508138356943927e+00,
       9.1865306824684045e-01, 1.1266959241222050e+00,
       7.8336460381844635e-04, 3.1387259165416927e-04,
       9.2786925598072555e-04, 1.4202677470948200e+00,
       8.9769272281370849e-01, 1.0790381917884726e+00,
       7.4339166021847791e-04, 3.1096593716165613e-04,
       9.2342620802273682e-04, 1.3593886540379001e+00,
       8.6163101763472627e-01, 1.0353936496230201e+00,
       7.1905620272358665e-04, 2.9322864702639360e-04,
       9.3728039225876591e-04, 1.2896895476666250e+00,
       8.2161146431157284e-01, 9.8062308313155366e-01,
       9.0784338780625562e-04, 3.3543252391578037e-04,
       1.0189122246626252e-03, 1.2183560580040151e+00,
       7.7850861558438633e-01, 1.0348624952410896e+00,
       1.5062923727555294e-03, 4.5536070067125141e-04,
       1.5347302938897962e-03, 1.2066125521357274e+00,
       7.8565190043932620e-01, 1.2928949712165447e+00,
       1.3948681820638807e-03, 4.6592545122714485e-04,
       1.4734047391247920e-03, 1.1835549729313686e+00,
