%YAML:1.0
---
summary: "Filter by time, rd=15, rs=10."
init_cam_calib: C99-1010_3p_3
camera_matrix: !!opencv-matrix
   rows: 3
   cols: 3
   dt: d
   data: [ 2.5800736758425783e+03, 0., 1.8786041333338133e+03, 0.,
       2.5763001560064849e+03, 1.0800910361571796e+03, 0., 0., 1. ]
dist_coeff: !!opencv-matrix
   rows: 5
   cols: 1
   dt: d
   data: [ 2.4101898036895164e-02, -5.4907099603849860e-02,
       -2.9818924255780953e-04, -1.3607374592341933e-03,
       3.9800882612462472e-02 ]
std_intrinsics: !!opencv-matrix
   rows: 18
   cols: 1
   dt: d
   data: [ 8.7759379873554011e-01, 8.2835651607490868e-01,
       1.3851106422299690e+00, 8.6293178479691957e-01,
       1.7489895524962795e-03, 6.2537599598539466e-03,
       1.0666366744940315e-04, 1.8221446820567758e-04,
       6.4864135306736490e-03, 0., 0., 0., 0., 0., 0., 0., 0., 0. ]
std_extrinsics: !!opencv-matrix
   rows: 336
   cols: 1
   dt: d
   data: [ 8.1721973587744806e-04, 3.3115179695206273e-04,
       1.1149235787931975e-03, 1.7263409502695808e+00,
       1.0950942039136771e+00, 1.2427126606506762e+00,
       8.6203556125726954e-04, 3.3866513057349194e-04,
       1.1158848021998033e-03, 1.7341667326665406e+00,
       1.1028483798807016e+00, 1.2701506989758935e+00,
       8.2876852478805515e-04, 3.2586980334969298e-04,
       1.1208933956644903e-03, 1.7307592551365192e+00,
       1.0979594305311753e+00, 1.2471706903097979e+00,
       8.2841209396975098e-04, 3.2460350926270473e-04,
       1.1161395491288396e-03, 1.7285025656102706e+00,
       1.0965514506824652e+00, 1.2469006434088106e+00,
       8.2422565466176430e-04, 3.2026265708943877e-04,
       1.1126514300597290e-03, 1.7216916666106046e+00,
       1.0932597071737302e+00, 1.2449554750861818e+00,
       8.1814446944540695e-04, 3.1577577489686181e-04,
       1.1143605959708384e-03, 1.7122955987678703e+00,
       1.0889067397810115e+00, 1.2454934319076749e+00,
       7.8393126780009913e-04, 3.0463198126333456e-04,
       1.0760913677092070e-03, 1.6911319353752241e+00,
       1.0783249983125456e+00, 1.2432365153826468e+00,
       7.2351469687449460e-04, 3.0694316900436904e-04,
       1.0199639484834574e-03, 1.6907102553287219e+00,
       1.0794922749179672e+00, 1.2422301528018689e+00,
       6.9133946467885184e-04, 3.1055761610662632e-04,
       1.0054584276762825e-03, 1.7055635523510240e+00,
       1.0862311425187223e+00, 1.2381792979759336e+00,
       6.9248816730031857e-04, 3.0947231962946030e-04,
       1.0203158872687022e-03, 1.7263754393786859e+00,
       1.1012002149353608e+00, 1.2654660471300458e+00,
       6.9016999191970775e-04, 3.1002569424598271e-04,
       1.0036348567247064e-03, 1.7241128754643631e+00,
       1.0975877359662058e+00, 1.2555325529588215e+00,
       6.9020235530159034e-04, 3.1295119253980816e-04,
       1.0130948514184390e-03, 1.7264163572827989e+00,
       1.0975403494650282e+00, 1.2495888753120783e+00,
       7.3778864502835654e-04, 3.1977317565357803e-04,
       1.0244286539618200e-03, 1.7039368074224379e+00,
       1.0827918413735287e+00, 1.2377573218882429e+00,
       8.1471700847538973e-04, 3.1241624083268380e-04,
       1.0548021377249398e-03, 1.7150708486092203e+00,
       1.0843727174545581e+00, 1.2236109121249878e+00,
       8.6192889679406412e-04, 3.1775797414113684e-04,
       1.0814371327253118e-03, 1.7450671745586419e+00,
       1.1036115125191304e+00, 1.2538744242457724e+00,
       9.1813995952683147e-04, 3.0727011006323202e-04,
       1.0651064683273690e-03, 1.7518985962363569e+00,
       1.1073517427138886e+00, 1.2555474909897753e+00,
       9.5836391180069641e-04, 3.0614233614372356e-04,
       1.0698868522864803e-03, 1.7697733026580598e+00,
       1.1190810160164208e+00, 1.2692182515909225e+00,
       9.3731953369500728e-04, 3.0387280939014953e-04,
       1.0738124644936197e-03, 1.7587447172472912e+00,
       1.1139791715662779e+00, 1.2726205131092345e+00,
       1.3027119964236441e-03, 3.6251217587451856e-04,
       1.3029397666718910e-03, 1.7556975663279584e+00,
       1.1281691823142161e+00, 1.4075725020921679e+00,
       9.1458954619106194e-04, 3.4906546973246665e-04,
       1.2155460023047385e-03, 1.7374959628014115e+00,
       1.1170071402944806e+00, 1.3715530713717141e+00,
       9.4908954533106011e-04, 3.3891143965357874e-04,
       1.1494504500310710e-03, 1.7529034488519777e+00,
       1.1217202058809488e+00, 1.3658201426356094e+00,
       8.5808094025788609e-04, 3.2696802003761649e-04,
       1.1278489460251112e-03, 1.7551133700235462e+00,
       1.1176129314885963e+00, 1.3044283256177580e+00,
       8.3179545506270093e-04, 3.0736941699514191e-04,
       1.0889295017685978e-03, 1.7503363194742481e+00,
       1.1114520543914475e+00, 1.2793110293472190e+00,
       8.1945598944085918e-04, 3.0249816767468919e-04,
       1.0490537221350077e-03, 1.7350385652977092e+00,
       1.0983735423749001e+00, 1.2455327122828617e+00,
       8.0526115475019599e-04, 3.0874744500967581e-04,
       1.0340634841914328e-03, 1.7236529478337503e+00,
       1.0899221870500431e+00, 1.2272133087164829e+00,
       7.6728149532672113e-04, 3.0450637585720475e-04,
       9.9964392980510849e-04, 1.6545792381967863e+00,
       1.0449960336553779e+00, 1.1581525418737195e+00,
       7.2099145204560476e-04, 2.8518341684726439e-04,
       1.0192405612674288e-03, 1.5304338794797046e+00,
       9.7421220978262080e-01, 1.0777881136955214e+00,
       1.1141486062099333e-03, 3.9026281365361551e-04,
       1.2532806231678828e-03, 1.4080978886971327e+00,
       9.0161766184285663e-01, 1.2401898849808262e+00,
       1.3694745140887179e-03, 4.5327841475568297e-04,
       1.5066045470734741e-03, 1.3774248319393965e+00,
       8.9425035600642466e-01, 1.3952636238935756e+00,
       1.6237514532774766e-03, 5.9251079840765377e-04,
       1.9145242438130428e-03, 1.3261724119385008e+00,
       8.8990663654848234e-01, 1.7606554686078713e+00,
       1.3400266348676470e-03, 4.4465899722366401e-04,
       1.5244676400534532e-03, 1.3241386840215283e+00,
       8.9700651374714035e-01, 1.3871830464986417e+00,
       7.1218836395931971e-04, 3.0041257983837557e-04,
       1.0107417373265812e-03, 1.5472085565146596e+00,
       9.8508322967574524e-01, 9.5734781313499995e-01,
       7.6318340512812708e-04, 3.2530209249658951e-04,
       1.0519549787237012e-03, 1.6143014360043999e+00,
       1.0330825040574756e+00, 1.0603786022827624e+00,
       7.7304483951258398e-04, 3.3866579639982021e-04,
       1.0566654475946894e-03, 1.6787648557891108e+00,
       1.0658622410470939e+00, 1.0387378731584818e+00,
       6.7311722298533689e-04, 3.5170852935144273e-04,
       1.1629398008974482e-03, 1.6848092931755241e+00,
       1.0776927106608931e+00, 1.1198754569715634e+00,
       7.8709655463789566e-04, 3.4802362883705804e-04,
       1.0660917886332842e-03, 1.6993932407725700e+00,
       1.0821458008208735e+00, 1.0781602007438573e+00,
       7.8466570368195205e-04, 3.4652849485797846e-04,
       1.0625890409788512e-03, 1.7074254454815463e+00,
       1.0850128451423533e+00, 1.0675270828362577e+00,
       7.8343407844600540e-04, 3.4865451409023560e-04,
       1.0578468480705080e-03, 1.7197987938621271e+00,
       1.0889284575221054e+00, 1.0386697327297947e+00,
       7.8480274649696388e-04, 3.5250681146860362e-04,
       1.0597149334964767e-03, 1.7305710422255085e+00,
       1.0903271409626649e+00, 1.0334289215168906e+00,
       8.0800383407983413e-04, 3.6776545513369098e-04,
       1.0799150760100937e-03, 1.7332373883011347e+00,
       1.0881533045941414e+00, 1.0818276744851067e+00,
       7.6434800767936808e-04, 3.4728740286321208e-04,
       1.0599466855626320e-03, 1.7147649782858032e+00,
       1.0810847562368933e+00, 1.0263020121166984e+00,
       7.5469067226915151e-04, 3.3814250131160008e-04,
       1.0675553414740599e-03, 1.6929443483819513e+00,
       1.0782523520510072e+00, 1.0884403381549947e+00,
       7.8202468852610850e-04, 3.4052253511099339e-04,
       1.0560521858286364e-03, 1.6903488876392503e+00,
