%YAML:1.0
---
summary: "Filter by time and points, rd=20, rs=10, sp=5, sf=3."
init_cam_calib: C99-1010_3p_3
camera_matrix: !!opencv-matrix
   rows: 3
   cols: 3
   dt: d
   data: [ 2.5848602774557567e+03, 0., 1.8838199560721569e+03, 0.,
       2.5767261701740517e+03, 1.0812477364756717e+03, 0., 0., 1. ]
dist_coeff: !!opencv-matrix
   rows: 5
   cols: 1
   dt: d
   data: [ 2.3768579075020654e-02, -5.8439434021618608e-02,
       -2.6973044744340409e-04, -7.9850212214853411e-04,
       4.5444500244001589e-02 ]
std_intrinsics: !!opencv-matrix
   rows: 18
   cols: 1
   dt: d
   data: [ 2.5917284632500968e+00, 2.4520898675480742e+00,
       4.0561855109318214e+00, 2.5037151151850296e+00,
       5.1122489244301208e-03, 1.8454631765431516e-02,
       3.1022946775453419e-04, 5.2873804711629942e-04,
       1.9419005435036007e-02, 0., 0., 0., 0., 0., 0., 0., 0., 0. ]
std_extrinsics: !!opencv-matrix
   rows: 252
   cols: 1
   dt: d
   data: [ 2.2520181483885438e-03, 8.6897625300652245e-04,
       3.0044175183143213e-03, 5.0675019872793099e+00,
       3.1821594428785267e+00, 3.6070544282729626e+00,
       2.1441871261457207e-03, 7.9971396854538427e-04,
       2.8930430552043789e-03, 5.0416894405419219e+00,
       3.1686834084266136e+00, 3.4708022647478423e+00,
       1.9040954963666830e-03, 8.2988447473131917e-04,
       2.8514458442182766e-03, 5.0175519489278910e+00,
       3.1539476202604502e+00, 3.4509665668873395e+00,
       2.4137959051086146e-03, 7.7144461246258253e-04,
       3.0696050292316804e-03, 5.0350099225223026e+00,
       3.1754451534973294e+00, 3.5023739225120885e+00,
       1.8392086702877697e-03, 7.5938244477582594e-04,
       2.9012646295933772e-03, 4.9214724181542664e+00,
       3.1055390636312428e+00, 3.4773753915441969e+00,
       2.1333898626162062e-03, 7.6464622225763603e-04,
       2.8001725287808716e-03, 4.9754578161864451e+00,
       3.1354995282457172e+00, 3.6117849801168438e+00,
       1.8535769754954811e-03, 8.4804595919690004e-04,
       2.8776044479170114e-03, 5.0211648322758249e+00,
       3.1628536331554380e+00, 3.6560880365365178e+00,
       1.8634282598682685e-03, 8.0757870814384520e-04,
       2.6544161540475049e-03, 5.0162050702269791e+00,
       3.1775508575422662e+00, 3.6184017153089716e+00,
       1.8686388326778632e-03, 8.4462210187332071e-04,
       3.0958071503926210e-03, 5.0364497457571238e+00,
       3.1581875865779527e+00, 3.5739212351923424e+00,
       1.8059438331884886e-03, 8.0772897651492433e-04,
       2.8824981348242371e-03, 4.9799608250093597e+00,
       3.1162796190488220e+00, 3.4017002022469267e+00,
       2.4364933898355177e-03, 8.0336448327424006e-04,
       3.0148845285259702e-03, 5.0906517024375271e+00,
       3.1882533755514277e+00, 3.5056604250431915e+00,
       2.3057792844474721e-03, 7.0963505009746298e-04,
       2.9362291531150005e-03, 5.1671850325216981e+00,
       3.2273900043154748e+00, 3.4531582334110325e+00,
       2.4915049524110522e-03, 7.7336715953956619e-04,
       2.9136621027472595e-03, 5.1511264132504717e+00,
       3.2212883848435339e+00, 3.4182593341359597e+00,
       2.8630614186964890e-03, 8.7094283484381277e-04,
       3.6840294216059005e-03, 5.1366829608300941e+00,
       3.2560570518790959e+00, 3.8667439297103008e+00,
       2.3063686035567918e-03, 8.6570290695398488e-04,
       3.3023301831362952e-03, 5.0550731802897593e+00,
       3.2093317717722294e+00, 3.8851314043525553e+00,
       1.9872474455078599e-03, 8.1350357061467870e-04,
       3.0276527852867120e-03, 5.1189278400777765e+00,
       3.2203815693451801e+00, 3.5257156427930973e+00,
       2.0468094621773165e-03, 7.4607505684116113e-04,
       2.8670803526937710e-03, 5.0983666016202767e+00,
       3.2172499653314928e+00, 3.5849374042201809e+00,
       2.2939484720343882e-03, 7.4783940217360402e-04,
       3.3701278118941241e-03, 5.0913102689881562e+00,
       3.1981471548184000e+00, 3.5004802470331020e+00,
       2.1718426705807465e-03, 7.4923752158169432e-04,
       2.8160130810516910e-03, 4.9264498280186144e+00,
       3.0862561508049251e+00, 3.3552562249588211e+00,
       1.6726591877461727e-03, 6.7364114419920477e-04,
       2.6804957630276486e-03, 4.4562432938503767e+00,
       2.8027841786045888e+00, 3.0320612006625702e+00,
       4.2512908391212642e-03, 1.1635079722767741e-03,
       4.2413866126203665e-03, 4.0076284875434744e+00,
       2.5748653081562076e+00, 3.6624793370499757e+00,
       4.0934013683015724e-03, 1.3790835828545358e-03,
       4.5285835041127265e-03, 3.8348492165456984e+00,
       2.5339572179651806e+00, 4.1554369327122540e+00,
       4.3988960198367150e-03, 1.0571594304925162e-03,
       3.9168776392563926e-03, 3.8261252401118999e+00,
       2.5894065342269044e+00, 4.1652673566995153e+00,
       1.9316216221221486e-03, 8.2467586121038423e-04,
       2.8775677715154394e-03, 4.5778301075978511e+00,
       2.8797698007963408e+00, 2.8669428587612802e+00,
       2.3281981974832759e-03, 9.3484964157409026e-04,
       2.8800075690237530e-03, 4.8654496045704967e+00,
       3.0411282369753803e+00, 2.9991343489571984e+00,
       1.6694119752833146e-03, 8.5089277251900212e-04,
       3.0083137079079752e-03, 4.9069337458615205e+00,
       3.1179731747285278e+00, 3.0564066570331234e+00,
       2.1109381831958844e-03, 8.9531743623691678e-04,
       2.8126529694447815e-03, 4.9487110637005749e+00,
       3.1264104639122996e+00, 3.0093351688176231e+00,
       2.0659888809968579e-03, 9.0180102097432659e-04,
       2.9809877301890629e-03, 4.9941859667113233e+00,
       3.1313781169947004e+00, 2.9066828767060362e+00,
       1.8938984115564267e-03, 8.6771516405330547e-04,
       2.8019415240229328e-03, 5.0683296692265989e+00,
       3.1683768419062388e+00, 2.7604274310909060e+00,
       2.1423675685660602e-03, 9.8276924740190006e-04,
       3.0205369028146406e-03, 5.0386490614287149e+00,
       3.1296064351088417e+00, 3.0139623212090831e+00,
       1.9812850383583050e-03, 8.3007093728137277e-04,
       2.7653779936028791e-03, 4.9441968979971627e+00,
       3.1110769877008591e+00, 2.9177595916382706e+00,
       2.0719625253329895e-03, 8.4902446010602433e-04,
       2.7954403796614591e-03, 4.9272623929691619e+00,
       3.1105598529476284e+00, 2.9981786981588439e+00,
       1.9841212266014036e-03, 8.5111763879041746e-04,
       2.7051183541832568e-03, 4.9801704853859237e+00,
       3.1320155198819872e+00, 2.9526752618212524e+00,
       1.9988777737637029e-03, 8.5172981274774765e-04,
       2.7345060687222066e-03, 5.0266776758336267e+00,
       3.1196423382422829e+00, 2.7932154739022312e+00,
       2.2648523378096092e-03, 9.3344280361809496e-04,
       2.8144683212923127e-03, 5.0435395431640178e+00,
       3.1244595219287157e+00, 2.7621816170686575e+00,
       2.1469752712458654e-03, 8.9911184478892942e-04,
       2.8797154609690439e-03, 5.0463593338586179e+00,
       3.1514846686796401e+00, 2.9322995936083855e+00,
       1.9648389477579021e-03, 9.0245688187160281e-04,
       2.8180608733802790e-03, 5.0040063927316236e+00,
       3.1187422218925236e+00, 2.8487973479515558e+00,
       2.1053662869879165e-03, 9.4857783836347536e-04,
       2.9343252267134477e-03, 4.9139893372921328e+00,
       3.0380205484011626e+00, 2.8434522897024777e+00,
       2.0974771162915670e-03, 1.0164499392801541e-03,
       3.1635592974913760e-03, 4.7383070086949628e+00,
       2.9477199302107819e+00, 2.8198089800103006e+00,
       1.6214770667506951e-03, 8.4850900487278252e-04,
       2.8600814858265929e-03, 4.7946349020819525e+00,
       3.0151972441364028e+00, 2.7588797044201714e+00,
       1.6613666069677884e-03, 9.2691129775526575e-04,
       3.0599483559586491e-03, 4.8253975062862029e+00,
       3.0385521874973156e+00, 2.9436823002904817e+00,
       1.5915918125469341e-03, 8.7081211472199644e-04,
       2.8466774072403909e-03, 4.8424388229916984e+00,
       3.0396541080735524e+00, 2.7595332023182868e+00 ]
