%YAML:1.0
---
summary: "Filter by time, rd=10, rs=0."
init_cam_calib: C99-1010_3p_3
camera_matrix: !!opencv-matrix
   rows: 3
   cols: 3
   dt: d
   data: [ 2.5680239079606476e+03, 0., 1.8818602839479213e+03, 0.,
       2.5645882712906496e+03, 1.0841008209834581e+03, 0., 0., 1. ]
dist_coeff: !!opencv-matrix
   rows: 5
   cols: 1
   dt: d
   data: [ 2.4305780273356083e-02, -5.6719432964175906e-02,
       -7.2880439578101842e-04, -7.5234907669651202e-04,
       4.3058763202481566e-02 ]
rvec: !!opencv-matrix
   rows: 84
   cols: 3
   dt: d
   data: [ -3.1350472513565091e+00, -1.4798292971117490e-02,
       -1.4767147607888137e-01, -3.1354468634302739e+00,
       3.0888684048814143e-02, -1.5137939650148780e-01,
       -3.1398470466039696e+00, -7.9016412033562165e-03,
       -1.2018833473321935e-01, -3.1288888380955266e+00,
       -2.3721908283760855e-02, -1.1257464998535333e-01,
       -3.1264939178354392e+00, -1.1560608042120533e-02,
       -1.1511634832346369e-01, -3.1238875576757237e+00,
       1.1989407523338639e-03, -9.3923725405113470e-02,
       -3.1330431789119824e+00, -2.8323955519687738e-03,
       -7.4867078376839008e-02, -3.1310024505191518e+00,
       5.4851325485253278e-03, -6.3273168651823100e-02,
       3.1327387033879650e+00, -8.7515485353747268e-03,
       2.6787517563260661e-02, 3.1008530822146163e+00,
       -8.8398653736045413e-02, 9.0445798099181851e-03,
       3.0216224210117444e+00, -9.0361679047339119e-02,
       6.3970008762763070e-02, 3.0336035759416462e+00,
       -7.3184036974735897e-02, 7.2406747955475761e-02,
       3.0116578001701089e+00, -4.3226474194612473e-02,
       5.6685250452120521e-02, 3.0044925747496465e+00,
       -2.4789839526393007e-02, 1.4888629792954664e-03,
       2.9918510062743695e+00, -2.0527857073576385e-02,
       -4.7638372003368486e-03, 3.0068079103924017e+00,
       -3.0815899789430674e-02, 2.8503460265372302e-02,
       3.0150638288437137e+00, -3.2732486690801731e-03,
       3.0887155232086426e-02, 3.0519667681580533e+00,
       4.6677847959819492e-04, 9.0207455275685897e-02,
       3.0628014904393210e+00, -3.4396294330650022e-02,
       1.2374648915694653e-01, -3.1339941124494244e+00,
       1.0322697443670611e-01, -9.0666729260512710e-02,
       -3.0960896126939010e+00, 5.6395566009135756e-02,
       -1.0039018161962475e-01, -3.0576608741684028e+00,
       3.7627205256891609e-02, -1.0155372583935271e-01,
       -3.0020785062017201e+00, 8.7804732545508357e-02,
       -7.8284446746041098e-02, -2.9527711207708500e+00,
       9.9934825811151526e-02, -3.4529562737468690e-02,
       -2.9575740481897723e+00, 1.5742386788473817e-01,
       4.5725821141504690e-03, -2.9926935513438067e+00,
       1.0273965359639826e-01, -3.8891188787691190e-02,
       -3.0014489891446448e+00, 1.3346538691700091e-01,
       4.5724416508876591e-02, 3.0586036925200282e+00,
       -3.2281336460125314e-02, 1.5866901418672316e-01,
       2.9996371762864751e+00, -7.2057224671146836e-02,
       1.0730964253134750e-02, 3.0721684781246448e+00,
       -1.0326985745401043e-01, -1.4866651089151947e-01,
       3.0716593704116404e+00, 1.1243071050385627e-02,
       6.7491016310467722e-02, 3.1172943900679875e+00,
       3.4072057057974454e-02, 5.6889728089590315e-02,
       3.1341920706584538e+00, 2.0764091546531537e-02,
       2.8241934528510849e-02, -3.1049585604047123e+00,
       8.4979731976462455e-03, 7.0605679809635034e-03,
       -3.0669039479671438e+00, 5.8895417231600517e-03,
       -3.2028761977573698e-02, -3.0809722533976660e+00,
       2.5286751643745230e-02, -5.8725149410434684e-02,
       -3.0724706965703334e+00, 4.4479305610196224e-02,
       -1.0552532581335175e-01, -3.0440447569147731e+00,
       5.4431913869866261e-02, -1.5588831927891680e-01,
       -3.0794012039778194e+00, 1.0696464664375954e-01,
       -1.3416020016162394e-01, -3.1158315779500678e+00,
       1.3242149392749297e-01, -1.8739751938895089e-02,
       3.0902901918399195e+00, -1.3101713349729793e-01,
       2.3438878828475973e-01, 3.0346812131554595e+00,
       -1.7800544987808312e-01, 4.0316301432540463e-01,
       3.0797810794891420e+00, -9.7320897445495130e-02,
       2.7057181068267816e-01, 3.0934645623358308e+00,
       -3.4868454819864038e-02, 2.8225366516555489e-01,
       3.0452616971662390e+00, 1.2008449427491953e-01,
       2.1207949528864678e-01, 3.1226042408709000e+00,
       -9.0399778901895690e-03, -9.6501388459236573e-02,
       -3.0164136326338435e+00, -6.4569372447482329e-02,
       5.3952340205097249e-01, -3.0129302831022957e+00,
       -9.4036412860036764e-02, 7.1856160286150939e-01,
       -3.0412089321687423e+00, -7.9495047249248194e-03,
       6.7846495515972793e-01, -2.9831265805347127e+00,
       9.1610505211510481e-03, 7.7404343237959605e-01,
       -3.0234039503536629e+00, -3.0212452588963476e-02,
       8.0528356758728048e-01, 3.0419685695794421e+00,
       4.4664837915787362e-02, -7.6273967192137304e-01,
       -3.0159232894968295e+00, -2.8892396366304335e-02,
       7.8551080304368237e-01, -2.9970324239973998e+00,
       -2.1047990354659329e-02, 8.0314368084215404e-01,
       -2.9736955663157723e+00, -1.4641315760849439e-02,
       8.1799038712854832e-01, -2.9546557197370560e+00,
       -9.9688223419651858e-03, 8.6541105486466119e-01,
       -2.9331951740993505e+00, -1.5127017117359840e-02,
       9.1236579580614141e-01, -2.9088702603691003e+00,
       -2.2044818705920673e-02, 9.7459864182059031e-01,
       -2.8727480737675744e+00, -2.4049966016892570e-02,
       1.0420466522318139e+00, -2.8724707533460094e+00,
       -3.1975387977183384e-02, 1.0649799129066280e+00,
       -2.9247670834817385e+00, -2.7310270765621630e-02,
       9.6550793179229788e-01, -2.9804129642694894e+00,
       -1.3431109247151633e-02, 8.0062851011489222e-01,
       -2.9765876246234773e+00, -1.0422797328169751e-02,
       7.6111813601726408e-01, -2.9699045193046341e+00,
       -1.0264104503841368e-02, 7.6362842552972177e-01,
       -2.9035486882245976e+00, -2.1844485371506964e-02,
       7.7082790154107306e-01, -2.7977244929331082e+00,
       1.8548882439070980e-02, 7.7251960233201211e-01,
       -2.8202329216964421e+00, 3.1502717546537315e-02,
       7.8915897733372764e-01, -2.8074671022558895e+00,
       6.3166674108487489e-02, 8.2511708830452268e-01,
       -2.8187666369606896e+00, 3.3232609990832614e-02,
       8.5629233176608543e-01, -2.8192695412461317e+00,
       8.0952005563433210e-02, 8.8163472734653070e-01,
       -2.9133788237773044e+00, 1.4119976819020663e-01,
       9.5957963105575939e-01, -2.9633187360393722e+00,
       7.7059324425291661e-02, 8.9981910178887692e-01,
       -2.9484050164595326e+00, 5.8921885614872715e-02,
       1.0124733545823315e+00, -2.9755566650157763e+00,
       1.9984574108139051e-02, 9.8534243071387784e-01,
       2.9703802506838226e+00, -2.6520851487501298e-02,
       -9.9884158763681929e-01, -2.9436833269860272e+00,
       -6.7434149093945220e-03, 1.0502274053597032e+00,
       -2.9355363750648324e+00, 9.2323331082288962e-02,
       1.0630987081934113e+00, 2.7795056325350282e+00,
       -1.3901450445614799e-01, -9.9737074674233761e-01,
       2.7462707189674531e+00, -1.1746711742075057e-01,
       -8.8563528469968145e-01, 2.8020712149763911e+00,
       -1.5021891417451810e-01, -8.2790092024358330e-01,
       2.8213602655741488e+00, -1.0165502285636795e-01,
       -8.4232406681186922e-01, 2.8250836037416054e+00,
       -1.1695488551202110e-01, -8.4084125026877510e-01,
       2.8177835427548894e+00, -9.3388197926429745e-02,
       -8.2961550856226318e-01, 2.8168917437575893e+00,
       -9.3515862593016738e-02, -8.3918996639211318e-01 ]
