%YAML:1.0
---
summary: "Filter by time and points, rd=20, rs=0, sp=5, sf=4."
init_cam_calib: C99-1010_3p_3
camera_matrix: !!opencv-matrix
   rows: 3
   cols: 3
   dt: d
   data: [ 2.5570632754435342e+03, 0., 1.8768955805812391e+03, 0.,
       2.5585499677207617e+03, 1.0833445787179287e+03, 0., 0., 1. ]
dist_coeff: !!opencv-matrix
   rows: 5
   cols: 1
   dt: d
   data: [ 2.8306548049789004e-02, -6.3286548671977985e-02,
       -1.3162788637828915e-03, -7.7384165561520703e-04,
       3.8434872552398608e-02 ]
rvec: !!opencv-matrix
   rows: 42
   cols: 3
   dt: d
   data: [ -3.1368884124552494e+00, -1.4528206222398440e-02,
       -1.4741218370202319e-01, -3.1428478815818832e+00,
       -7.5102212547648942e-03, -1.2188538231817525e-01,
       -3.1293147799393899e+00, -1.1026441351906403e-02,
       -1.1506975843474716e-01, -3.1373431881564029e+00,
       -3.0067012809413818e-03, -7.6097108011062509e-02,
       3.1303353399368281e+00, -9.4993347755149248e-03,
       2.4631368810117845e-02, 3.0196958451859457e+00,
       -8.9885609395612964e-02, 6.2426043434876587e-02,
       3.0027354527770420e+00, -4.2104498607285497e-02,
       5.6738939626591760e-02, 2.9896652541493771e+00,
       -2.0246357503125024e-02, -5.9956321975856691e-03,
       3.0128273881526875e+00, -3.0190625748935220e-03,
       2.9542666637237976e-02, 3.0603512908826151e+00,
       -3.4218392304512929e-02, 1.2242686216434671e-01,
       -3.0988123342653315e+00, 5.5331428292428639e-02,
       -9.8823905952286212e-02, -3.0044643111205844e+00,
       8.5743643454091148e-02, -7.7212571274103428e-02,
       -2.9584976730535675e+00, 1.5675111095603944e-01,
       5.9216286999887032e-03, -3.0018142467563393e+00,
       1.3410414647359764e-01, 4.9155655075476763e-02,
       2.9994037954358013e+00, -7.1996896194309171e-02,
       1.0173300043617136e-02, 3.0690517927993528e+00,
       1.0005827875607016e-02, 6.5635835705012788e-02,
       3.1329058925214750e+00, 2.1834420959633418e-02,
       2.5791186000637446e-02, -3.0689070481409004e+00,
       5.5875532286993688e-03, -3.0243117042611570e-02,
       -3.0740533737217044e+00, 4.4485141385792605e-02,
       -1.0369698048082632e-01, -3.0851911706633972e+00,
       1.0773677549664756e-01, -1.3346403963389222e-01,
       3.0853820078243341e+00, -1.3143644125547868e-01,
       2.3744425760142290e-01, 3.0781566192933023e+00,
       -9.8831862617702271e-02, 2.7070261826793107e-01,
       3.0442135149367848e+00, 1.1993505485862381e-01,
       2.0979428516795387e-01, -3.0262699869101448e+00,
       -6.5417414168173094e-02, 5.3273818486818869e-01,
       -3.0436158083682083e+00, -8.4155986614760873e-03,
       6.7790764369255363e-01, -3.0246184480184755e+00,
       -3.0590013202114623e-02, 8.0542966746173228e-01,
       -3.0177855696838427e+00, -2.9033012887250059e-02,
       7.8472256584083455e-01, -2.9752062117855766e+00,
       -1.4313642405464774e-02, 8.1588692316815215e-01,
       -2.9349084939371166e+00, -1.5377951434810043e-02,
       9.1117006095625663e-01, -2.8736883384915668e+00,
       -2.4478863908132056e-02, 1.0414238470792545e+00,
       -2.9250969956373147e+00, -2.6627613304598750e-02,
       9.6521056724225351e-01, -2.9784505485835879e+00,
       -1.0708990531471231e-02, 7.6071469517932389e-01,
       -2.9051196856765795e+00, -2.2420343231319327e-02,
       7.6971403956380635e-01, -2.8209236411104182e+00,
       3.1344254331444443e-02, 7.8725911895643352e-01,
       -2.8193613586417450e+00, 3.3040478998725961e-02,
       8.5657899614211253e-01, -2.9197339442219330e+00,
       1.3939782369090062e-01, 9.5343240515273209e-01,
       -2.9496975709616762e+00, 5.8675724295412367e-02,
       1.0127845714042307e+00, 2.9685235560499206e+00,
       -2.5399692914393365e-02, -9.9462868976317520e-01,
       -2.9365806151832321e+00, 9.2363135008559957e-02,
       1.0625305333858657e+00, 2.7432710373339591e+00,
       -1.1647233616760082e-01, -8.8252600311071994e-01,
       2.8198605392624354e+00, -1.0097617579658857e-01,
       -8.4179531959004683e-01, 2.8164250921660532e+00,
       -9.2846177455572956e-02, -8.2856398658684682e-01 ]
tvec: !!opencv-matrix
   rows: 42
   cols: 3
   dt: d
   data: [ -1.1810178708693181e+02, 1.6957603732941735e+02,
       3.1230632915337264e+03, -8.9289531365064619e+01,
       1.8013933266725650e+02, 3.1322992036825481e+03,
       -7.8735104526770954e+01, 1.4720886091645207e+02,
       3.1253686501353886e+03, 1.2059232151506448e+01,
       1.6399968190664930e+02, 3.1126145192082699e+03,
       1.1594643618901681e+02, 2.0829423363795607e+02,
       3.1001896169968350e+03, 1.2647275561264696e+02,
       2.6784652121475244e+02, 3.0439889163229714e+03,
       1.4322774540040606e+02, 4.2072969528415818e+01,
       3.0899642271177590e+03, 2.4660791252898053e+02,
       8.7517830921808581e+01, 3.1362170364213598e+03,
       1.6890761093256648e+02, 5.6043445601444235e+00,
       3.1348370156594433e+03, 1.0276163522141102e+01,
       3.6044229667140478e+01, 3.0905795316623530e+03,
       5.8070055508404124e+01, 7.3088317464288082e+01,
       3.1064851209945737e+03, 4.9555988186516913e+01,
       1.6378378197090253e+01, 3.1363808994695269e+03,
       2.3494549412105445e+02, 5.5200839962521655e+01,
       3.2062146817628163e+03, 3.1440467177337524e+02,
       1.5846835365508218e+02, 3.1695513861947334e+03,
       2.2728907968441490e+02, 6.9000146248793919e+02,
       3.0891205049791020e+03, 8.7313720925359263e+01,
       4.1056817883392978e+02, 3.1651237695102795e+03,
       1.9213985942646241e+02, 2.1111854836511353e+02,
       3.1825356871374911e+03, 2.1913083979343517e+02,
       -5.9175760482182277e+01, 3.1577934847039533e+03,
       1.4420566499095600e+02, -4.8963508858523447e+01,
       3.1250224134597083e+03, 7.0560006682036914e+01,
       -5.5076969095013993e+01, 2.9173982618999976e+03,
       -3.3447187855146109e+02, 2.7723369769666596e+02,
       2.5574611880635885e+03, -9.0048294806765716e+02,
       2.8778218244159518e+02, 2.3613245023268842e+03,
       -1.4357595038945767e+03, 1.7973370949524744e+02,
       2.1317641732848574e+03, -6.6724972127315073e+02,
       -3.0502323052135626e+01, 2.7207352006190299e+03,
       -6.2878714598172644e+02, 1.2789975470902536e+02,
       2.9244310194313784e+03, -4.9578578406659830e+02,
       1.2612644017165363e+02, 3.0460238144980995e+03,
       -5.5550902004066018e+02, 1.2416629672399404e+02,
       3.0823536774572590e+03, -4.5994726955771461e+02,
       4.1748161154591806e+01, 3.1009230400808838e+03,
       -2.3758613164695257e+02, -2.4502197666927259e+00,
       3.1304124524556000e+03, 7.7993217887551054e+01,
       -5.7415919960518266e+01, 3.1348687365253863e+03,
       -1.1654649722008433e+02, -3.8529230532125098e+01,
       3.1076895703939531e+03, -5.6721464624261750e+02,
       -7.2216946177785708e+00, 3.0697490452197885e+03,
       -4.8326420692813269e+02, -6.7493307301068430e+00,
       3.0797342636950548e+03, -3.7604296750736319e+02,
       -1.7889025042418625e+00, 3.1155774621650371e+03,
       -2.3136107299911905e+02, 3.7830114077283184e+01,
       3.1229845377044871e+03, -3.4303025762004793e+01,
       2.4223737644397207e+02, 3.1152727297548499e+03,
       1.2240298629410312e+01, 2.0441523990216612e+02,
       3.1166064546385342e+03, 3.2812736075199922e+01,
       2.0311502980796297e+02, 3.0987024382856830e+03,
       1.9173721937959706e+02, -1.9453506892720391e+01,
       2.9952420214611548e+03, 2.1972325797871516e+01,
       4.1102764407392010e+02, 2.9605934293311611e+03,
       -1.3372866343401566e+02, 1.7439487695135327e+02,
       2.9878521926895137e+03, -1.5351352945560444e+02,
       1.9541960991586845e+02, 2.9858862680889101e+03 ]
