%YAML:1.0
---
summary: "Filter by time and points, rd=20, rs=0, sp=5, sf=0."
init_cam_calib: C99-1010_3p_3
camera_matrix: !!opencv-matrix
   rows: 3
   cols: 3
   dt: d
   data: [ 2.5465544076347419e+03, 0., 1.8832808390179678e+03, 0.,
       2.5479060234336143e+03, 1.0899319397226493e+03, 0., 0., 1. ]
dist_coeff: !!opencv-matrix
   rows: 5
   cols: 1
   dt: d
   data: [ 1.7714767748010105e-02, -2.3754019579065436e-02,
       -1.2209664001327201e-03, -1.8306880510922887e-04,
       3.9392147905308638e-03 ]
std_intrinsics: !!opencv-matrix
   rows: 18
   cols: 1
   dt: d
   data: [ 2.2489076497390998e+00, 2.1219591259624746e+00,
       3.5402695396486048e+00, 2.2207554124657616e+00,
       4.7242756834797632e-03, 1.6901480676207829e-02,
       2.7630845768958899e-04, 4.7047477844352955e-04,
       1.7645113153826619e-02, 0., 0., 0., 0., 0., 0., 0., 0., 0. ]
std_extrinsics: !!opencv-matrix
   rows: 252
   cols: 1
   dt: d
   data: [ 2.3720405355227596e-03, 8.3283350442056104e-04,
       2.9942020562017165e-03, 4.4146609620145476e+00,
       2.8060511849165186e+00, 3.1728839022614861e+00,
       1.7866186407277680e-03, 7.8443743322598918e-04,
       3.0065424203175491e-03, 4.4437188390733962e+00,
       2.8136249614520303e+00, 3.0189378917440122e+00,
       1.8657229995334480e-03, 7.7166516384338216e-04,
       2.5749758132851356e-03, 4.3954397641446805e+00,
       2.7958779383221373e+00, 3.0728001451606586e+00,
       1.8371130267469404e-03, 7.1297389384689385e-04,
       2.6401580537506403e-03, 4.3948017939961765e+00,
       2.8057448685782220e+00, 2.9645759002805376e+00,
       1.9094584113001612e-03, 7.0537230774884519e-04,
       2.6000348779972354e-03, 4.3862828726456309e+00,
       2.7845944859920273e+00, 3.0273043349575706e+00,
       1.8924195378502875e-03, 7.1087120119680950e-04,
       2.6611364683162718e-03, 4.3002308740072213e+00,
       2.7627568496167543e+00, 3.0584780346948741e+00,
       1.5365479538194701e-03, 6.8212997378374555e-04,
       2.4054412829492906e-03, 4.3438206281343783e+00,
       2.7750053831514134e+00, 3.0242055714246887e+00,
       1.5773417431071393e-03, 7.4187096718252509e-04,
       2.6311195496565958e-03, 4.4123772823006249e+00,
       2.8083394098583443e+00, 3.0894455329653976e+00,
       1.4633912894328942e-03, 7.1444990224216989e-04,
       2.5763005544375971e-03, 4.4125555259743621e+00,
       2.8015429961767651e+00, 3.0594561086196017e+00,
       1.6177132802537620e-03, 7.3562774954553922e-04,
       2.4582977804456802e-03, 4.3426987371587487e+00,
       2.7698055051443351e+00, 2.9304282323928841e+00,
       2.0747353794185589e-03, 7.0002721205842690e-04,
       2.5606861661212977e-03, 4.3860799767526606e+00,
       2.7845983718000431e+00, 3.0296367843042238e+00,
       2.4701812645552480e-03, 7.2087464318415365e-04,
       2.7789717625270631e-03, 4.4359262245175746e+00,
       2.8092392248409288e+00, 3.1145313251305016e+00,
       2.0964634092988229e-03, 6.5298709745577788e-04,
       2.5135283435803279e-03, 4.5263384973306175e+00,
       2.8744185542467240e+00, 3.0387638264126178e+00,
       2.3749383129662897e-03, 7.1542473755960832e-04,
       2.6680019950838965e-03, 4.4639104772148377e+00,
       2.8477236337513707e+00, 3.2722347365481252e+00,
       2.6316409124009588e-03, 8.1733940271632582e-04,
       3.1940935931179131e-03, 4.4133872995994343e+00,
       2.8680510897743678e+00, 3.5187368981933123e+00,
       2.4906895133923034e-03, 7.5034197908868487e-04,
       2.9183348687938050e-03, 4.4975435661917116e+00,
       2.8862375784280441e+00, 3.3960766341964082e+00,
       1.9288866976538569e-03, 7.6650079784002369e-04,
       2.7254924402157566e-03, 4.4788379894199020e+00,
       2.8425049279134882e+00, 3.3068598172804959e+00,
       2.2778932620098977e-03, 7.0529363820543822e-04,
       2.6093753533398176e-03, 4.4451318950480232e+00,
       2.8199569318682030e+00, 3.0956310028745189e+00,
       1.6559920309435411e-03, 7.1020959802102599e-04,
       2.5764770920141625e-03, 4.4027787208779001e+00,
       2.7822191106294256e+00, 2.8860438905779136e+00,
       1.9282834619200274e-03, 7.3268952473590112e-04,
       2.4657966525428437e-03, 4.1282536405007741e+00,
       2.6125824772638246e+00, 2.7433678311287322e+00,
       2.1598748204590497e-03, 7.5525691846197720e-04,
       2.5005635732121699e-03, 3.6496124131540117e+00,
       2.3398664101099333e+00, 2.9454322996993363e+00,
       2.5294552101601774e-03, 1.0031109474892925e-03,
       3.1990191147560289e-03, 3.4851769382329114e+00,
       2.2328751766024770e+00, 3.5160308596007357e+00,
       3.8735579525475024e-03, 1.5277038821509472e-03,
       4.7351281369698130e-03, 3.2851832148182427e+00,
       2.2040017176278628e+00, 4.6980080086124705e+00,
       1.7221263901810091e-03, 6.5169199232645422e-04,
       2.5258395385807935e-03, 3.8606074078861092e+00,
       2.4801903980150062e+00, 2.5375736249803107e+00,
       1.7370947478764704e-03, 7.2400165990966743e-04,
       2.5068332733594587e-03, 4.1371814425448443e+00,
       2.6462368191802157e+00, 2.6345510082815973e+00,
       1.8474148530416060e-03, 8.3001281359079617e-04,
       2.6169316251292954e-03, 4.3005148227586156e+00,
       2.7424599076330392e+00, 2.6610301160830829e+00,
       1.7065861572131984e-03, 7.8645666861023938e-04,
       2.6421193429679592e-03, 4.3514787641341304e+00,
       2.7755031652143898e+00, 2.7287902817626017e+00,
       1.7725663015866334e-03, 7.9022828096069896e-04,
       2.5373709407388004e-03, 4.3742967404778801e+00,
       2.7787333185933059e+00, 2.6498093326952885e+00,
       1.7578351203915636e-03, 7.8041247030281174e-04,
       2.5861753591980940e-03, 4.4173839704716071e+00,
       2.7937382476864192e+00, 2.4876866531004627e+00,
       1.8940197024909318e-03, 9.0927617094578247e-04,
       2.7036768730720104e-03, 4.4480814719688988e+00,
       2.8006533851910835e+00, 2.7086937576333443e+00,
       1.7503200906724933e-03, 7.6716525630913862e-04,
       2.4942548543465935e-03, 4.4075823597842421e+00,
       2.7674632852102365e+00, 2.4596940827609743e+00,
       1.7512650570315200e-03, 7.9455253172415290e-04,
       2.5711675519032940e-03, 4.3400705276298579e+00,
       2.7632120369672473e+00, 2.7044914637996604e+00,
       1.9404869597337926e-03, 8.0509370718132164e-04,
       2.6969184391100330e-03, 4.3465232838464098e+00,
       2.7537041403654627e+00, 2.6997110936487090e+00,
       1.9580845859082730e-03, 8.4870854548268159e-04,
       2.5499304682268025e-03, 4.3963715551642126e+00,
       2.7942980850951447e+00, 2.5613475560647130e+00,
       1.8327759193931740e-03, 7.9769293629254883e-04,
       2.5776487126361928e-03, 4.4105150042665997e+00,
       2.7719585120182906e+00, 2.4739076258945021e+00,
       2.0274365364943291e-03, 8.7731689687509703e-04,
       2.5136656802147621e-03, 4.4150037224084615e+00,
       2.7658556147072120e+00, 2.5733866706768289e+00,
       1.8986137418926840e-03, 8.8313105772825620e-04,
       2.6853643023058101e-03, 4.4202920580428522e+00,
       2.7746455730816728e+00, 2.8053876083996454e+00,
       1.6736498976564597e-03, 8.8372147450914342e-04,
       2.9729505260880688e-03, 4.3842553004559557e+00,
       2.7631547314159413e+00, 2.5878512089107755e+00,
       1.8462197249739418e-03, 8.4767607539577980e-04,
       2.6129005279956412e-03, 4.2725760964183221e+00,
       2.6815439774070620e+00, 2.4793296764260226e+00,
       1.6949708279095645e-03, 8.1245721983137797e-04,
       2.5053376389814041e-03, 4.2295536603791692e+00,
       2.6891638206801596e+00, 2.5061770103917280e+00,
       1.4902020093243622e-03, 7.5502737378116197e-04,
       2.5338773077682479e-03, 4.2378722259251003e+00,
       2.6987257575480643e+00, 2.3908056612256225e+00,
       1.5134668197847208e-03, 7.5869949501338710e-04,
       2.4961032478770617e-03, 4.2435950898936481e+00,
       2.7004880735295025e+00, 2.4332162905425005e+00 ]
