%YAML:1.0
---
summary: "Filter by distance, md=200, ds=100."
init_cam_calib: C99-1010_3p_3
camera_matrix: !!opencv-matrix
   rows: 3
   cols: 3
   dt: d
   data: [ 2.5803931599753719e+03, 0., 1.8662093132013576e+03, 0.,
       2.5840547627574811e+03, 1.0864830450112163e+03, 0., 0., 1. ]
dist_coeff: !!opencv-matrix
   rows: 5
   cols: 1
   dt: d
   data: [ 1.0862979682321834e-02, -1.2105977140464103e-02,
       2.9544780809560422e-04, -3.6868584471770878e-03,
       2.6418724850964938e-03 ]
std_intrinsics: !!opencv-matrix
   rows: 18
   cols: 1
   dt: d
   data: [ 1.3208823140544774e+00, 1.2570706434514685e+00,
       2.0143823163913566e+00, 1.2738545431460331e+00,
       2.5391838390252616e-03, 9.1706809279758911e-03,
       1.5082937119907793e-04, 2.6274827105610620e-04,
       9.6292966113786915e-03, 0., 0., 0., 0., 0., 0., 0., 0., 0. ]
std_extrinsics: !!opencv-matrix
   rows: 414
   cols: 1
   dt: d
   data: [ 1.2736876046708691e-03, 5.1696775454121685e-04,
       1.6821687562025786e-03, 2.5173611240209568e+00,
       1.6139417274171739e+00, 1.9126826715686425e+00,
       1.2584185010545120e-03, 5.1884107716746559e-04,
       1.6957932373790098e-03, 2.5153492579645702e+00,
       1.6151867944384515e+00, 1.9253290415226085e+00,
       1.3202174758240118e-03, 5.0873200806551984e-04,
       1.6764107595874354e-03, 2.5268511134308826e+00,
       1.6179397342114457e+00, 1.9185123500438428e+00,
       1.3963924482136374e-03, 5.2789625210672311e-04,
       1.7236121379116515e-03, 2.5173334654369612e+00,
       1.6162285484907790e+00, 1.9501839819716722e+00,
       1.2904169403982072e-03, 5.0107743472340219e-04,
       1.6647696904811629e-03, 2.5162836471526564e+00,
       1.6132809365625476e+00, 1.9142051141688756e+00,
       1.2991521852693843e-03, 4.9458128202034340e-04,
       1.6934867325957208e-03, 2.4911089731758973e+00,
       1.6052844888628961e+00, 1.9296834648336518e+00,
       1.2322258544172401e-03, 4.8248293719226710e-04,
       1.6251815672956554e-03, 2.4502246730757840e+00,
       1.5851663769791089e+00, 1.9427576782572524e+00,
       1.0787990991131505e-03, 4.9371677882862220e-04,
       1.4927571395769558e-03, 2.4934034058981269e+00,
       1.6016257867850752e+00, 1.8945044944543450e+00,
       1.0713183567936525e-03, 4.8381705889574477e-04,
       1.5231262611332622e-03, 2.4921642766828316e+00,
       1.6083946671549254e+00, 1.9273355894101925e+00,
       1.0653356737214358e-03, 4.8794042641568046e-04,
       1.5232045928554104e-03, 2.5138011570383294e+00,
       1.6172905951528165e+00, 1.9272074231234788e+00,
       1.2119233249683408e-03, 4.8900322896203218e-04,
       1.5931778162154736e-03, 2.4925703768959000e+00,
       1.6003465365931369e+00, 1.9265218249404621e+00,
       1.2406158280270838e-03, 4.9352376477029640e-04,
       1.5825518354983289e-03, 2.5046939458622841e+00,
       1.6014221606686392e+00, 1.8859557279983123e+00,
       1.3090046331767798e-03, 4.9725158489706404e-04,
       1.6565165165434419e-03, 2.5127135768864801e+00,
       1.6127715986232001e+00, 1.9296142239957057e+00,
       1.3440017960097996e-03, 4.9611526363335537e-04,
       1.6309351655722163e-03, 2.5435118516876210e+00,
       1.6262564171857288e+00, 1.9352704943744263e+00,
       1.4745022702560525e-03, 4.7399101092614204e-04,
       1.6161969587875631e-03, 2.5771300434321676e+00,
       1.6467467223017538e+00, 1.9483198776788264e+00,
       1.4688130799027953e-03, 4.8681891545376881e-04,
       1.6412120060603184e-03, 2.5642963664844194e+00,
       1.6421343800576460e+00, 1.9523108627435890e+00,
       1.4570937350754211e-03, 4.8471864164470994e-04,
       1.6939497526381572e-03, 2.5399487827447502e+00,
       1.6336951547182879e+00, 1.9736174999751301e+00,
       1.7667234732728109e-03, 5.4091130211935832e-04,
       1.8561717808383801e-03, 2.5208651433547313e+00,
       1.6329597318337512e+00, 2.1131563046913517e+00,
       2.0665844528356624e-03, 5.6219019367803353e-04,
       2.0124222995119281e-03, 2.5707422032941731e+00,
       1.6738107631034336e+00, 2.2094545967442891e+00,
       1.5492246231833269e-03, 5.3484828997598375e-04,
       1.7609937538714444e-03, 2.5366926387503037e+00,
       1.6363114971969526e+00, 2.0553863520207059e+00,
       1.6766409125345944e-03, 5.3514114863295853e-04,
       1.7805193200995395e-03, 2.5250362628977419e+00,
       1.6384220770917530e+00, 2.1339708129768939e+00,
       1.7810798299323462e-03, 5.2804347005376302e-04,
       1.8407503867123969e-03, 2.5157793563755000e+00,
       1.6440810406034876e+00, 2.1732320583047873e+00,
       1.9891696306023224e-03, 5.3093050151120375e-04,
       1.9154764726811860e-03, 2.5345407196533771e+00,
       1.6719053208369650e+00, 2.2331685691603194e+00,
       1.4737608315624896e-03, 5.3935396118328705e-04,
       1.8024721593520399e-03, 2.5303235475207173e+00,
       1.6550537736112343e+00, 2.1595189695264971e+00,
       1.4821069048898444e-03, 5.4548648543066970e-04,
       1.8839684128059734e-03, 2.5314534365272561e+00,
       1.6472479671672275e+00, 2.1207822351089636e+00,
       1.6434753769029179e-03, 5.2467838214903994e-04,
       1.8249087539811944e-03, 2.5459031865210640e+00,
       1.6624388655965410e+00, 2.1771526999715287e+00,
       1.5426793615732526e-03, 5.2799550681569116e-04,
       1.7782558002828748e-03, 2.5517680319546940e+00,
       1.6557829840418230e+00, 2.1309134499426476e+00,
       1.4356786427091224e-03, 5.2943254378248360e-04,
       1.7311529433236071e-03, 2.5535030527293303e+00,
       1.6489458774016186e+00, 2.0734923036220212e+00,
       1.3335136153552268e-03, 5.1113853122746952e-04,
       1.7105696257789385e-03, 2.5567950829295514e+00,
       1.6474205651641438e+00, 2.0130087035285604e+00,
       1.3078466659479035e-03, 4.8744232341793023e-04,
       1.6707657672790483e-03, 2.5523014653132332e+00,
       1.6418881638448839e+00, 2.0024228774256674e+00,
       1.2976027054343465e-03, 4.7297209733559802e-04,
       1.6107783283877807e-03, 2.5504054826983125e+00,
       1.6351649593023099e+00, 1.9539206963401383e+00,
       1.2480476437562815e-03, 4.8070480112403304e-04,
       1.5427216591314000e-03, 2.5043063658348941e+00,
       1.6007016809403520e+00, 1.8879474520085953e+00,
       1.1679538185263058e-03, 4.7493636779118289e-04,
       1.5065490064797465e-03, 2.3629969236430246e+00,
       1.5122279378748882e+00, 1.7567788707861185e+00,
       1.1378365880435096e-03, 4.4989516135811422e-04,
       1.5083590729421063e-03, 2.2838649227886965e+00,
       1.4672929234012151e+00, 1.7032248578689624e+00,
       1.1110363954261941e-03, 4.4770731023570604e-04,
       1.5168576820747818e-03, 2.1928299290237234e+00,
       1.4111777631975673e+00, 1.6127767258915588e+00,
       1.2578413182051014e-03, 4.7024586101540177e-04,
       1.5732694613812322e-03, 2.1251550788181821e+00,
       1.3703113302091778e+00, 1.6318452690027418e+00,
       1.6679774794308567e-03, 5.4611837258869390e-04,
       1.7924902426190959e-03, 2.0725726719152773e+00,
       1.3437537776177502e+00, 1.7644450074338567e+00,
       2.3455246849689508e-03, 6.9591859412545924e-04,
       2.4340308344345026e-03, 2.0522109915971645e+00,
       1.3473684487539985e+00, 2.0805136771111803e+00,
       2.1401723591752213e-03, 7.0487010196934195e-04,
       2.2943796378357855e-03, 2.0391562795939904e+00,
       1.3298758260403813e+00, 2.1192881271774384e+00,
       2.4994901716855608e-03, 7.8531505460796374e-04,
       2.6323257272212867e-03, 2.0278370854741863e+00,
       1.3502274728270109e+00, 2.2524733280501708e+00,
       2.5340348923380551e-03, 8.5994896060581226e-04,
       2.8430837823094539e-03, 2.0023844475718473e+00,
       1.3429951218922356e+00, 2.4697768828238909e+00,
       2.6256580753145071e-03, 9.4212134364361376e-04,
       3.1555478793650433e-03, 1.9848207311620727e+00,
       1.3375855519162470e+00, 2.7681829601961154e+00,
       2.5390639296222310e-03, 9.7085601567193757e-04,
       3.0461549194663417e-03, 1.9267617994745794e+00,
