%YAML:1.0
---
summary: "Filter by time, rd=15, rs=10."
init_cam_calib: C99-1010_3p_3
camera_matrix: !!opencv-matrix
   rows: 3
   cols: 3
   dt: d
   data: [ 2.5744454952890487e+03, 0., 1.8813268758810523e+03, 0.,
       2.5697910542221289e+03, 1.0836158995838246e+03, 0., 0., 1. ]
dist_coeff: !!opencv-matrix
   rows: 5
   cols: 1
   dt: d
   data: [ 2.3388976716573438e-02, -5.1378060693878645e-02,
       -6.0635248023774811e-04, -9.5206428199611089e-04,
       3.7752583907263500e-02 ]
std_intrinsics: !!opencv-matrix
   rows: 18
   cols: 1
   dt: d
   data: [ 8.6122183483645443e-01, 8.1228900642732671e-01,
       1.3503814391586599e+00, 8.3826646817655426e-01,
       1.7703111130014080e-03, 6.4576820426470657e-03,
       1.0420366588348871e-04, 1.7802628302710365e-04,
       6.8925327776232790e-03, 0., 0., 0., 0., 0., 0., 0., 0., 0. ]
std_extrinsics: !!opencv-matrix
   rows: 336
   cols: 1
   dt: d
   data: [ 7.9121969478840727e-04, 3.2738162561812563e-04,
       1.0702691668612091e-03, 1.6972034442530413e+00,
       1.0722714123620012e+00, 1.2266258188019374e+00,
       8.1061059621667609e-04, 3.1639796811323937e-04,
       1.0903084149017580e-03, 1.6877310054709924e+00,
       1.0671219286320799e+00, 1.2165463225357167e+00,
       8.0361134301323335e-04, 3.1767146440863102e-04,
       1.0864435007825533e-03, 1.6850228291585401e+00,
       1.0653496218486376e+00, 1.2151214019207235e+00,
       8.0483782753521037e-04, 3.1426607911362841e-04,
       1.0806900888191391e-03, 1.6846931050778802e+00,
       1.0650156168334497e+00, 1.2136824169388909e+00,
       8.0107135574856720e-04, 3.1054238090362269e-04,
       1.0811927241591228e-03, 1.6782020341815520e+00,
       1.0621637120326044e+00, 1.2170087386447761e+00,
       7.8322634871793759e-04, 3.0299750730478298e-04,
       1.0546521546200705e-03, 1.6573764408748994e+00,
       1.0508669483317330e+00, 1.2064661649672019e+00,
       7.5792550606357766e-04, 3.0400418554922700e-04,
       1.0266382686605565e-03, 1.6406196944481943e+00,
       1.0463202295682561e+00, 1.2341203115605155e+00,
       6.8649829129557470e-04, 3.0873810296488935e-04,
       9.7332296965987376e-04, 1.6712479396786284e+00,
       1.0582089811136781e+00, 1.1961592232550600e+00,
       6.6861177358956312e-04, 2.9913931878496221e-04,
       9.8058935151896479e-04, 1.6803142022785602e+00,
       1.0669131675855750e+00, 1.2300503961422038e+00,
       6.6559498789647191e-04, 3.0033462853734861e-04,
       9.7181424378018071e-04, 1.6787921213581516e+00,
       1.0656955615623873e+00, 1.2271323051239524e+00,
       6.7108328112686869e-04, 3.0462650333890973e-04,
       9.8302112552229649e-04, 1.6819583015461717e+00,
       1.0666846259725107e+00, 1.2254674708519437e+00,
       6.9344946466185517e-04, 3.2199599779149911e-04,
       9.7033688420222134e-04, 1.6686529838785622e+00,
       1.0544767456457433e+00, 1.1843944936932189e+00,
       7.5719346529483941e-04, 3.1676488477846320e-04,
       1.0435298665815160e-03, 1.6652610411202640e+00,
       1.0522836144010590e+00, 1.2113143902665593e+00,
       8.2442884820214631e-04, 3.1117367255271327e-04,
       1.0614002635751913e-03, 1.6890699332099828e+00,
       1.0665710575319258e+00, 1.2181669088823457e+00,
       8.7272549885620708e-04, 3.0104220958846465e-04,
       1.0311617768438445e-03, 1.6899438063883456e+00,
       1.0640167713931783e+00, 1.2016302745619694e+00,
       9.2032365793266453e-04, 3.0332768535027029e-04,
       1.0450285418626476e-03, 1.7324781408929570e+00,
       1.0917290397310524e+00, 1.2451407840102711e+00,
       9.1333518103955990e-04, 3.0387415156467106e-04,
       1.0562715030551807e-03, 1.7157475657255270e+00,
       1.0826907783207622e+00, 1.2343181056036796e+00,
       8.9004297227708758e-04, 3.1019363506694082e-04,
       1.1042132901448527e-03, 1.7076995132381141e+00,
       1.0833712871948264e+00, 1.2704142452039857e+00,
       1.2379766268775917e-03, 3.3030938892022105e-04,
       1.2206066044137087e-03, 1.6944340743561450e+00,
       1.0996481437210146e+00, 1.4139924361275049e+00,
       9.5535487195781612e-04, 3.2682108620688926e-04,
       1.1362352706003503e-03, 1.7088215592456970e+00,
       1.0936856606415832e+00, 1.3525481948809446e+00,
       8.3135561221004870e-04, 3.1958527326021816e-04,
       1.0961952878945215e-03, 1.7100576477058862e+00,
       1.0859711617830243e+00, 1.2713969554628897e+00,
       8.1221447901696120e-04, 3.0540423819253634e-04,
       1.0790210224296615e-03, 1.7092593775636868e+00,
       1.0832407466984766e+00, 1.2677576609406205e+00,
       8.0383991093477985e-04, 2.9289526407950690e-04,
       1.0260048840840575e-03, 1.6978744658577591e+00,
       1.0707692989994513e+00, 1.2218819500819120e+00,
       7.9607792317013448e-04, 3.0657202964460049e-04,
       1.0377111484150146e-03, 1.6848786712041359e+00,
       1.0642934499813299e+00, 1.2279223835916260e+00,
       7.6048109166384375e-04, 2.9798575247928219e-04,
       9.7924987990921403e-04, 1.6448769466739956e+00,
       1.0345893447553325e+00, 1.1494643617402953e+00,
       7.1168300458561440e-04, 2.8064435994363320e-04,
       9.8161866368014412e-04, 1.5288791981192720e+00,
       9.6788924045467406e-01, 1.0786919232109673e+00,
       8.7548278873797252e-04, 3.1916221683204863e-04,
       1.0610707203560828e-03, 1.4018105970672829e+00,
       8.9379213175213090e-01, 1.0966131431273025e+00,
       1.5455310592069661e-03, 4.4582607576823503e-04,
       1.5334910565453978e-03, 1.3503623433787593e+00,
       8.8711992945058860e-01, 1.3653057247643603e+00,
       1.5878309087940861e-03, 5.5102240476167348e-04,
       1.8241399084371753e-03, 1.3202009967967108e+00,
       8.7678499986618685e-01, 1.6145072219167584e+00,
       1.4435602693373328e-03, 5.3542009350431670e-04,
       1.8089902889504247e-03, 1.2622117192609099e+00,
       8.6144880321096595e-01, 1.6431110319845821e+00,
       7.2576447136567788e-04, 2.8934561247150986e-04,
       9.9966518646670108e-04, 1.4659704891343104e+00,
       9.3889607808767162e-01, 9.8915830353403289e-01,
       7.4049692916024060e-04, 3.1475703622993754e-04,
       1.0145706064552437e-03, 1.5481170829797133e+00,
       9.8777352591242795e-01, 1.0120860700132817e+00,
       7.3957307866518590e-04, 3.1722650686104921e-04,
       1.0140990818172321e-03, 1.6276105947809372e+00,
       1.0297094842913361e+00, 1.0066308899503167e+00,
       7.7091586437140372e-04, 3.3974176653428674e-04,
       1.0494662165845480e-03, 1.6366818156541683e+00,
       1.0430706386000284e+00, 1.0757952578878689e+00,
       7.6159835664208625e-04, 3.3679500890069954e-04,
       1.0452962107009587e-03, 1.6551719956078215e+00,
       1.0525517389161121e+00, 1.0688983604307476e+00,
       7.5255459572697589e-04, 3.3419144920374008e-04,
       1.0373206465576928e-03, 1.6555747105427321e+00,
       1.0507524563500579e+00, 1.0521380757789807e+00,
       7.5677800911172152e-04, 3.3804061927003451e-04,
       1.0323290528798160e-03, 1.6728600465922250e+00,
       1.0570342416199789e+00, 1.0224463736150684e+00,
       7.6161080386624030e-04, 3.4269370358600395e-04,
       1.0346299483918577e-03, 1.6851176386889801e+00,
       1.0596771927760036e+00, 1.0145125120456882e+00,
       7.8592986221096787e-04, 3.5558598519132739e-04,
       1.0474543084442900e-03, 1.6913468565527843e+00,
       1.0593924528587144e+00, 1.0471542114603192e+00,
       7.7113425022141871e-04, 3.5138537246355594e-04,
       1.0483682974455136e-03, 1.6819473567828989e+00,
       1.0539511047480941e+00, 1.0387095678556315e+00,
       7.4438003032780537e-04, 3.3198963844667095e-04,
       1.0350984674539147e-03, 1.6533226077379748e+00,
       1.0479937752258048e+00, 1.0417863189679579e+00,
       7.4181388176267646e-04, 3.3064194531310791e-04,
       1.0360195912036986e-03, 1.6484197817109965e+00,
       1.0470907607666284e+00, 1.0619345493386581e+00,
       7.5477871392307680e-04, 3.2197301771746235e-04,
       1.0066737661169594e-03, 1.6542278964759607e+00,
