%YAML:1.0
---
summary: "Filter by distance, md=100."
init_cam_calib: C99-1010_3p_3
camera_matrix: !!opencv-matrix
   rows: 3
   cols: 3
   dt: d
   data: [ 2.5710325455113179e+03, 0., 1.8747291601593242e+03, 0.,
       2.5717624727761477e+03, 1.0885422419637941e+03, 0., 0., 1. ]
dist_coeff: !!opencv-matrix
   rows: 5
   cols: 1
   dt: d
   data: [ 1.3065063537745438e-02, -2.0599002943287242e-02,
       3.3883554666267263e-05, -2.5083991202751546e-03,
       1.2079687254750483e-02 ]
std_intrinsics: !!opencv-matrix
   rows: 18
   cols: 1
   dt: d
   data: [ 7.8627453590533125e-01, 7.5017080437027905e-01,
       1.2283775322420363e+00, 7.7148985282925875e-01,
       1.5504932508615303e-03, 5.5460131865586538e-03,
       9.3822127142341804e-05, 1.6115198392028149e-04,
       5.7869464748867352e-03, 0., 0., 0., 0., 0., 0., 0., 0., 0. ]
std_extrinsics: !!opencv-matrix
   rows: 888
   cols: 1
   dt: d
   data: [ 1.1206980623174488e-03, 4.6895129323391453e-04,
       1.3260426390127806e-03, 1.5628406191117858e+00,
       1.0080868041039199e+00, 1.4029133133142369e+00,
       1.1064831785052335e-03, 4.7034785409555196e-04,
       1.3372946594320679e-03, 1.5611248133291742e+00,
       1.0090173936576357e+00, 1.4152892564360562e+00,
       1.1398206629309681e-03, 4.5583334491650779e-04,
       1.3315868023598999e-03, 1.5668009439550630e+00,
       1.0124879865069836e+00, 1.4164910543674205e+00,
       1.1639233222596446e-03, 4.6243888224966625e-04,
       1.3229049390071862e-03, 1.5684739784606379e+00,
       1.0108493045156814e+00, 1.4065457708634752e+00,
       1.1546565149964853e-03, 4.6591495665977532e-04,
       1.3353505399910505e-03, 1.5630299159710570e+00,
       1.0069942333010782e+00, 1.3930082412340048e+00,
       1.2348326224015313e-03, 4.7962027770114576e-04,
       1.3670568263383384e-03, 1.5663543240117799e+00,
       1.0107226243642795e+00, 1.4369752237671980e+00,
       1.2367885725627745e-03, 4.8667759544642505e-04,
       1.3472669935273591e-03, 1.5680900859283318e+00,
       1.0130440173937776e+00, 1.4613116663472132e+00,
       1.1704775160141629e-03, 4.7216156793703163e-04,
       1.3364690807647665e-03, 1.5671382019488436e+00,
       1.0115843310164181e+00, 1.4061700911186643e+00,
       1.1376971236586539e-03, 4.6239428634887368e-04,
       1.3327636816842109e-03, 1.5654978942936304e+00,
       1.0107059308424866e+00, 1.4110125886839624e+00,
       1.1478490697895472e-03, 4.4818149495232915e-04,
       1.3294643919026384e-03, 1.5444443732917665e+00,
       1.0021821142251488e+00, 1.4161792437864582e+00,
       1.0745763739233236e-03, 4.3182445404997468e-04,
       1.2735392398615906e-03, 1.5242391367788157e+00,
       9.9188595082751174e-01, 1.4046764477903777e+00,
       1.0735040651573494e-03, 4.3267768025401308e-04,
       1.2666816250143044e-03, 1.5186086166013932e+00,
       9.8971061795424609e-01, 1.4210602173349463e+00,
       1.0742542245924431e-03, 4.3554602911914842e-04,
       1.2635535242993649e-03, 1.5215363306978515e+00,
       9.9331447360698522e-01, 1.4386108743928385e+00,
       1.0593718623963203e-03, 4.3852190209812633e-04,
       1.2405639763301425e-03, 1.5210725673316339e+00,
       9.9350267848804552e-01, 1.4395129186157556e+00,
       9.7638278064196148e-04, 4.3117648399289271e-04,
       1.1850894721123909e-03, 1.5291189023469645e+00,
       9.9601419528708834e-01, 1.4100101645284795e+00,
       9.6622620184608080e-04, 4.3646058008850572e-04,
       1.1752118118722461e-03, 1.5331021206820414e+00,
       9.9620343550794821e-01, 1.4100742813155975e+00,
       9.3703644177270265e-04, 4.3839556638822295e-04,
       1.1388082421223218e-03, 1.5402896032386408e+00,
       9.9837041476770516e-01, 1.3865328315969569e+00,
       9.2392057066567287e-04, 4.3345755336212039e-04,
       1.1547135514708379e-03, 1.5363832088478808e+00,
       9.9920861663774840e-01, 1.3999143911348477e+00,
       9.2746799735989776e-04, 4.3391108169845344e-04,
       1.1700418863298152e-03, 1.5431603821479798e+00,
       1.0066645219390438e+00, 1.4395883809707162e+00,
       9.1846182786111806e-04, 4.2817926507174124e-04,
       1.1569366795730455e-03, 1.5536859471740776e+00,
       1.0119342413965557e+00, 1.4287504824416679e+00,
       9.2137248912147222e-04, 4.3642689226710402e-04,
       1.1593673476096836e-03, 1.5527044754304544e+00,
       1.0095470390862638e+00, 1.4212014622113818e+00,
       9.2899592401665622e-04, 4.3993609652758588e-04,
       1.1694313709200994e-03, 1.5545929377805150e+00,
       1.0092923833933498e+00, 1.4085943974965638e+00,
       9.5433409493088860e-04, 4.5570822472015300e-04,
       1.1664262796977670e-03, 1.5577725036059165e+00,
       1.0073902615253305e+00, 1.3835680481524353e+00,
       9.4483270732686098e-04, 4.5428963667512882e-04,
       1.1228595404057528e-03, 1.5397736394300112e+00,
       9.9548922790672800e-01, 1.3666145326837387e+00,
       1.0111017696348846e-03, 4.4153326736197124e-04,
       1.1947340165450269e-03, 1.5319716371923746e+00,
       9.9420551508747490e-01, 1.4009070955602798e+00,
       1.0368902773116126e-03, 4.4197841731268592e-04,
       1.2062936563724666e-03, 1.5425600867814784e+00,
       1.0002218748737595e+00, 1.4185570074728522e+00,
       1.0612846260767321e-03, 4.4142455754349585e-04,
       1.2282324894195306e-03, 1.5434373747260042e+00,
       9.9976365526292654e-01, 1.4176688703569080e+00,
       1.0739993800770195e-03, 4.5480578289837760e-04,
       1.2481320941176469e-03, 1.5441423454043306e+00,
       9.9875684002293663e-01, 1.4076891374963230e+00,
       1.0880133289229627e-03, 4.4809123436407845e-04,
       1.2232230081854814e-03, 1.5504153823630391e+00,
       1.0002597444487022e+00, 1.3806391102538484e+00,
       1.1287135261635617e-03, 4.5109742018297546e-04,
       1.2663447866087534e-03, 1.5481854540744000e+00,
       1.0005404682406815e+00, 1.4045495735803164e+00,
       1.1751786640809864e-03, 4.5421601878327373e-04,
       1.2902990672974352e-03, 1.5732976820350968e+00,
       1.0149702226731800e+00, 1.4261675333536685e+00,
       1.1852949199551589e-03, 4.5068980960806992e-04,
       1.2808401094034738e-03, 1.5761300622162187e+00,
       1.0160983701924926e+00, 1.4246885686224393e+00,
       1.1809714220248442e-03, 4.4610605467624296e-04,
       1.2373223526499068e-03, 1.5693821361015565e+00,
       1.0101164804967973e+00, 1.3936762406906920e+00,
       1.3064006440743675e-03, 4.2914142532009833e-04,
       1.2775113570407158e-03, 1.5951347869907855e+00,
       1.0290191084404998e+00, 1.4326791294048113e+00,
       1.3057104396665810e-03, 4.2676879063108421e-04,
       1.2522970463721287e-03, 1.5925134691640142e+00,
       1.0268750037096002e+00, 1.4236502226584558e+00,
       1.3081160349247888e-03, 4.3662272477119186e-04,
       1.2737263359399776e-03, 1.5916855180889429e+00,
       1.0270106296430068e+00, 1.4367536070593905e+00,
       1.3021030828586160e-03, 4.4080316025575932e-04,
       1.3015850105381915e-03, 1.5883004502076981e+00,
       1.0259290119927871e+00, 1.4376716144754633e+00,
       1.3173396894422700e-03, 4.2887002313951963e-04,
       1.2736851435475286e-03, 1.5933551410494939e+00,
       1.0292775511495165e+00, 1.4407875577970759e+00,
       1.2813461647392134e-03, 4.2662607140461718e-04,
       1.2807360601480638e-03, 1.5765228874955515e+00,
       1.0203464397205859e+00, 1.4371413029310529e+00,
       1.2952286157101936e-03, 4.3676176352316096e-04,
       1.3309814406463033e-03, 1.5812733949321895e+00,
       1.0247301649677796e+00, 1.4692171710818462e+00,
       1.2943565960552967e-03, 4.4908855247391747e-04,
       1.3718678037595233e-03, 1.5832780021834516e+00,
       1.0277772870547839e+00, 1.4775608339801571e+00,
       1.5783690048570889e-03, 4.9121298251881141e-04,
       1.5029065140089327e-03, 1.5698203093632872e+00,
       1.0252329981979365e+00, 1.6038073186189052e+00,
       1.5437430920999245e-03, 4.8973492268128242e-04,
       1.5235958555778052e-03, 1.5897273917334869e+00,
