%YAML:1.0
---
summary: "Filter by time, rd=15, rs=10."
init_cam_calib: C99-1010_3p_3
camera_matrix: !!opencv-matrix
   rows: 3
   cols: 3
   dt: d
   data: [ 2.5744454952890487e+03, 0., 1.8813268758810523e+03, 0.,
       2.5697910542221289e+03, 1.0836158995838246e+03, 0., 0., 1. ]
dist_coeff: !!opencv-matrix
   rows: 5
   cols: 1
   dt: d
   data: [ 2.3388976716573438e-02, -5.1378060693878645e-02,
       -6.0635248023774811e-04, -9.5206428199611089e-04,
       3.7752583907263500e-02 ]
rvec: !!opencv-matrix
   rows: 56
   cols: 3
   dt: d
   data: [ -3.1350005144820647e+00, 3.0799457468698825e-02,
       -1.5075076674506230e-01, -3.1246780339287117e+00,
       -1.2136826415821681e-02, -1.0098375216231660e-01,
       -3.1260832088236352e+00, -1.1630151370857574e-02,
       -1.1446881131925758e-01, -3.1212322161682140e+00,
       1.0660515778299420e-02, -8.8756562599090191e-02,
       -3.1305841045282397e+00, 5.4581473374754122e-03,
       -6.2693927040803413e-02, 3.1298789517442267e+00,
       -3.4612704984129272e-02, 4.5837682412433481e-02,
       3.0220971304447777e+00, -9.0356308500483873e-02,
       6.3394757381042666e-02, 3.0276810835582522e+00,
       -2.9119992647794364e-02, 9.9729530358360241e-02,
       3.0048399027698589e+00, -2.4790993888875148e-02,
       1.0143390562319930e-03, 2.9980832612444872e+00,
       -4.7032170263531486e-02, 2.2154428711449597e-02,
       3.0154076263293832e+00, -3.2353240580892755e-03,
       3.0374762849124951e-02, 3.0584556105470564e+00,
       -1.7652691742852528e-02, 1.8856738691113306e-01,
       -3.1335834065716073e+00, 1.0318173063038381e-01,
       -9.0101854138931958e-02, -3.0863720244254718e+00,
       4.2114983662612626e-02, -9.3497063058188098e-02,
       -3.0017472698053038e+00, 8.7815807338255794e-02,
       -7.7845136972193474e-02, -2.9814203584778158e+00,
       1.1343488843748191e-01, -3.7348610819785577e-02,
       -2.9923546124558134e+00, 1.0278822850708651e-01,
       -3.8526701907050195e-02, -3.0676309111366664e+00,
       1.2270079024335896e-01, 7.8208568888635185e-03,
       3.0000675898112235e+00, -7.2110602112151284e-02,
       1.0293031461822488e-02, 3.0570855492311235e+00,
       -4.7136473318228154e-04, 1.9144888766002253e-02,
       3.1177385206193180e+00, 3.4091880240257999e-02,
       5.6441896467046650e-02, -3.1251636224795525e+00,
       -1.1599065529289068e-02, 2.2738495059800965e-03,
       -3.0665409580904583e+00, 5.9034912093741858e-03,
       -3.1696196185906508e-02, -3.0854294365473733e+00,
       2.9981402708122568e-02, -1.0162421319231436e-01,
       -3.0437049513139574e+00, 5.4367892978477037e-02,
       -1.5554016927810543e-01, -3.0993440137117876e+00,
       1.0277085181159054e-01, -5.3663217712521485e-02,
       3.0908148378588369e+00, -1.3092289849835326e-01,
       2.3370151072758405e-01, 3.0275591123701537e+00,
       -1.2027916953332259e-01, 3.4408242140445106e-01,
       3.0935220512747938e+00, -3.4757511599174833e-02,
       2.8173115177995262e-01, 3.0841973512909839e+00,
       2.8956659482157379e-02, 6.2553225777803270e-02,
       -3.0157917362227624e+00, -6.4451249033762342e-02,
       5.4163262080840169e-01, -3.0313874716092815e+00,
       -3.9245581857690635e-02, 6.8666281655883421e-01,
       -2.9824210224483849e+00, 9.3717157080289923e-03,
       7.7599731149364648e-01, -3.0385486203820169e+00,
       -5.5669737157560337e-02, 7.7127740269894485e-01,
       -3.0152066746152060e+00, -2.8702862076923279e-02,
       7.8749573468148548e-01, -2.9886143868959736e+00,
       -1.8084540793826667e-02, 7.9864142303183028e-01,
       -2.9539841002362968e+00, -9.7247446167872103e-03,
       8.6727268372622535e-01, -2.9165885402160292e+00,
       -1.6215677764186819e-02, 9.5026818477214037e-01,
       -2.8721761688189571e+00, -2.3747100009318737e-02,
       1.0435829490774626e+00, -2.8865814475913303e+00,
       -3.3953526879601167e-02, 1.0451710237472955e+00,
       -2.9797481582472236e+00, -1.3219353534232117e-02,
       8.0258413787007854e-01, -2.9732442754592308e+00,
       -6.2641300079489242e-03, 7.6280502361703362e-01,
       -2.9029131868523894e+00, -2.1583008259668177e-02,
       7.7274643849090896e-01, -2.8014675872294719e+00,
       3.7062856238074003e-02, 7.7120416358590593e-01,
       -2.8069547196103808e+00, 6.3474189789976723e-02,
       8.2683107953218637e-01, -2.8115450974427199e+00,
       3.6271211888321116e-02, 8.7548202153778543e-01,
       -2.9128265103787054e+00, 1.4143136312773064e-01,
       9.6116807735367404e-01, -2.9448391069474895e+00,
       4.4941356120784905e-02, 9.4350711572697465e-01,
       -2.9748198394880148e+00, 2.0220202102399630e-02,
       9.8704300520466659e-01, -2.9674322882444799e+00,
       1.2928864502626515e-02, 9.9537634629764205e-01,
       -2.9350146037365135e+00, 9.2602939396413078e-02,
       1.0645055123394975e+00, 2.7331504995135303e+00,
       -1.2881110010866345e-01, -9.1943119886179148e-01,
       2.8017538247798770e+00, -1.5028450754721551e-01,
       -8.2957386841168557e-01, 2.8292320691763084e+00,
       -1.1240985297347487e-01, -8.4216998791269093e-01,
       2.8174629537299705e+00, -9.3465039706731326e-02,
       -8.3130522316222799e-01, 2.8282199197996909e+00,
       -8.3400828369829261e-02, -8.5697219031803240e-01 ]
