%YAML:1.0
---
summary: "Filter by time and points, rd=20, rs=10, sp=5, sf=2."
init_cam_calib: C99-1010_3p_3
camera_matrix: !!opencv-matrix
   rows: 3
   cols: 3
   dt: d
   data: [ 2.5790241794719705e+03, 0., 1.8920671112872417e+03, 0.,
       2.5718826026928168e+03, 1.0838151788700834e+03, 0., 0., 1. ]
dist_coeff: !!opencv-matrix
   rows: 5
   cols: 1
   dt: d
   data: [ 1.9699618802428966e-02, -4.3873007976912043e-02,
       -6.1755202602319266e-04, 8.3461590466960326e-05,
       3.1262440830835340e-02 ]
std_intrinsics: !!opencv-matrix
   rows: 18
   cols: 1
   dt: d
   data: [ 2.4957500963681793e+00, 2.3458616161658972e+00,
       3.9956227206591075e+00, 2.4270163321685927e+00,
       5.4798714574623934e-03, 2.0643288450847428e-02,
       3.0562591641650297e-04, 5.2763484081895593e-04,
       2.2657588599321935e-02, 0., 0., 0., 0., 0., 0., 0., 0., 0. ]
std_extrinsics: !!opencv-matrix
   rows: 252
   cols: 1
   dt: d
   data: [ 2.1429046740108902e-03, 8.3260665324871169e-04,
       3.0724611886670085e-03, 5.0162837002443270e+00,
       3.1022347486367927e+00, 3.3785719046531315e+00,
       2.3381765616381626e-03, 7.9667570769049079e-04,
       2.9609869620630621e-03, 4.9680101234001395e+00,
       3.0812842012920805e+00, 3.5002462153022540e+00,
       2.4839722149216973e-03, 7.8203515734664585e-04,
       3.2616316799091811e-03, 5.0031549905481834e+00,
       3.1009648629617477e+00, 3.4315796393481222e+00,
       1.9220721130995845e-03, 8.2847968395962290e-04,
       3.0666805218692410e-03, 4.9388712951747467e+00,
       3.0585724880518863e+00, 3.2633787563650105e+00,
       1.9254996875505293e-03, 7.2112956593720849e-04,
       2.9689583681932080e-03, 4.8786082780777038e+00,
       3.0248574807955286e+00, 3.2283673980422485e+00,
       1.7521690250632970e-03, 7.3995602735861857e-04,
       2.7607244997871054e-03, 4.8982548879753578e+00,
       3.0379295368488051e+00, 3.3629831760398035e+00,
       1.7268013678036365e-03, 7.2336846014893496e-04,
       2.7494874880500033e-03, 4.9829015535901853e+00,
       3.0797248984659400e+00, 3.4166516673654663e+00,
       1.7987025804987796e-03, 7.3005883141446853e-04,
       2.7321471888018724e-03, 4.9800944863424546e+00,
       3.0976331648612487e+00, 3.3091003860505315e+00,
       1.7451107608065710e-03, 7.8026628018924426e-04,
       2.6489911876579580e-03, 4.9586431643722886e+00,
       3.0558293804714425e+00, 3.2035546255696876e+00,
       1.8678781698602553e-03, 8.1835838501728437e-04,
       2.9177772957426074e-03, 4.8933559839962113e+00,
       3.0342500777417198e+00, 3.3230666153968564e+00,
       2.0656149907554637e-03, 7.8863637502293372e-04,
       2.8528116249716988e-03, 5.0130512566673184e+00,
       3.0920964241792697e+00, 3.2794952620301929e+00,
       2.2687820499513464e-03, 7.9506968910195218e-04,
       2.8298168745639484e-03, 5.0700650870076762e+00,
       3.1088930790551537e+00, 3.4109389330484157e+00,
       2.5673077671965346e-03, 8.3071471572601597e-04,
       3.1139522889584281e-03, 5.0340729924793761e+00,
       3.1051127319931746e+00, 3.7115143728227458e+00,
       2.8261477294269557e-03, 8.7565165429282854e-04,
       3.0158001841377622e-03, 4.9822860178770441e+00,
       3.1202942617903089e+00, 3.8127575423757287e+00,
       2.5221326004809400e-03, 8.2269906179807087e-04,
       3.3006468735337093e-03, 4.9788891074804420e+00,
       3.1249863660021848e+00, 3.6773146687908080e+00,
       2.1717285599209702e-03, 7.9021147661686151e-04,
       2.9957695547446293e-03, 5.0456220204482483e+00,
       3.1318307175845543e+00, 3.4516823030232504e+00,
       2.0228531511145898e-03, 7.7830322359319533e-04,
       2.9833986281066335e-03, 5.0303873920212823e+00,
       3.1023224838645445e+00, 3.5253041025556544e+00,
       2.0459596359353239e-03, 7.9872677907659527e-04,
       2.8696480328197411e-03, 4.9667488898471683e+00,
       3.0572257017970044e+00, 3.4926086968410401e+00,
       1.9024956751542844e-03, 7.2770835296836339e-04,
       2.6369658600389379e-03, 4.8526738889923999e+00,
       2.9801312772590380e+00, 3.1537484599658741e+00,
       1.8124347394974972e-03, 7.0896426936991697e-04,
       2.8251851665078670e-03, 4.3991288658629628e+00,
       2.7340826034503865e+00, 2.7978918316010275e+00,
       4.8307356022908319e-03, 1.3538276384529137e-03,
       4.4318801786223791e-03, 3.9694118013412325e+00,
       2.5215639525200917e+00, 4.3460933658338421e+00,
       4.6172898527816328e-03, 1.4727760859164628e-03,
       4.5334039754236638e-03, 3.9207253126421331e+00,
       2.4956898966240648e+00, 4.9377856333456434e+00,
       2.9942254647341970e-03, 1.2238170818001997e-03,
       4.3109177060948745e-03, 3.8073239717281675e+00,
       2.4680022592528617e+00, 3.7280289820514350e+00,
       1.8412223107590938e-03, 7.7724338721236606e-04,
       2.7627233683338690e-03, 4.5049031230375505e+00,
       2.8040125071091277e+00, 2.7133841663941545e+00,
       1.8877943384927492e-03, 8.0859995712669562e-04,
       2.8062256814592756e-03, 4.7994860284823089e+00,
       2.9638633854390863e+00, 2.8163129344483071e+00,
       1.5488037625230994e-03, 8.0952626644827910e-04,
       3.1725266138830930e-03, 4.8370356611385574e+00,
       3.0211196750461498e+00, 2.9180776250828533e+00,
       1.9842663186746051e-03, 8.3455389407535144e-04,
       2.8642294576713958e-03, 4.8814798156352150e+00,
       3.0215151157297218e+00, 2.8671710078809824e+00,
       2.0354133470147314e-03, 9.1588203124485915e-04,
       2.8932934391641876e-03, 4.9376493384030402e+00,
       3.0495261706725434e+00, 2.8536195714592489e+00,
       1.9911134152478895e-03, 8.4001688325629716e-04,
       2.7441862816371385e-03, 4.9729955389299407e+00,
       3.0397332052531723e+00, 2.7277341889841633e+00,
       2.0293629508613673e-03, 8.6500086238279711e-04,
       2.9072943711755720e-03, 4.9826625895530086e+00,
       3.0244851502844847e+00, 2.7695449831767762e+00,
       1.9812688084991674e-03, 9.0489851068409485e-04,
       2.9305430448152985e-03, 4.8849591346575814e+00,
       3.0055847285593882e+00, 3.0543965312971704e+00,
       1.9642549298471588e-03, 8.8110670936026323e-04,
       2.9334560774907526e-03, 4.8575782739712832e+00,
       3.0107421917842303e+00, 3.0105171239750117e+00,
       1.9755192688848213e-03, 8.6387369457089692e-04,
       2.8139865691185493e-03, 4.9122559393752105e+00,
       3.0231687980049506e+00, 2.9907271981311094e+00,
       2.1341059730167300e-03, 8.8230928448323055e-04,
       2.7695596059412321e-03, 4.9564402504159899e+00,
       3.0280420264287824e+00, 2.8893158260422904e+00,
       2.0936135947429942e-03, 9.0430553231968355e-04,
       2.7601004105409746e-03, 4.9768231735571042e+00,
       3.0314722564633549e+00, 2.7942051726175317e+00,
       2.2986339912929809e-03, 1.0036622216795434e-03,
       2.9296923188569472e-03, 4.9775519781153559e+00,
       3.0610807817688346e+00, 2.7703581873679410e+00,
       1.9622725231987002e-03, 8.4985856656692163e-04,
       2.7637627384386825e-03, 4.9511700592134105e+00,
       3.0152700376042825e+00, 2.6178049245746289e+00,
       2.0297928692744054e-03, 9.3493690016300927e-04,
       2.9775878507183281e-03, 4.8509510092698926e+00,
       2.9718340199225008e+00, 2.7914528880167100e+00,
       1.8615025165910535e-03, 1.0091070607392231e-03,
       2.9340478910218478e-03, 4.6794175914134710e+00,
       2.8818726684042395e+00, 2.9549086659595956e+00,
       1.7546487249668243e-03, 9.2052393693674631e-04,
       2.7754404226152329e-03, 4.7306233853505697e+00,
       2.9275085106896128e+00, 2.8316327069420861e+00,
       1.5961997926856963e-03, 8.6735005423601642e-04,
       2.8366431551484928e-03, 4.7338692040608104e+00,
       2.9337579862972674e+00, 2.6772015820789021e+00,
       1.7042135816201069e-03, 8.8844687695977713e-04,
       2.9063259660793333e-03, 4.7652602069889545e+00,
       2.9456042636309538e+00, 2.7416668334681682e+00 ]
