%YAML:1.0
---
summary: "Filter by time, rd=20, rs=5."
init_cam_calib: C99-1010_3p_3
camera_matrix: !!opencv-matrix
   rows: 3
   cols: 3
   dt: d
   data: [ 2.5851257140547041e+03, 0., 1.8744877562699166e+03, 0.,
       2.5809352017085171e+03, 1.0856746669388058e+03, 0., 0., 1. ]
dist_coeff: !!opencv-matrix
   rows: 5
   cols: 1
   dt: d
   data: [ 1.9920807336869413e-02, -3.0231744070266270e-02,
       5.3669159764240329e-04, -2.8168396292620906e-03,
       1.3725723472476173e-02 ]
std_intrinsics: !!opencv-matrix
   rows: 18
   cols: 1
   dt: d
   data: [ 8.7608975945562739e-01, 8.2375197618265850e-01,
       1.3577895368223936e+00, 8.6226023248814399e-01,
       1.7229952966917271e-03, 6.1429053781861575e-03,
       1.0657765916938785e-04, 1.8117614438636440e-04,
       6.3493198607272889e-03, 0., 0., 0., 0., 0., 0., 0., 0., 0. ]
std_extrinsics: !!opencv-matrix
   rows: 252
   cols: 1
   dt: d
   data: [ 7.3542437319248206e-04, 2.7515945402052465e-04,
       1.0340758483402149e-03, 1.6961251252711371e+00,
       1.0942416042628693e+00, 1.1871950953327357e+00,
       7.3229207312603230e-04, 2.7861846286116591e-04,
       1.0317070320762227e-03, 1.6938993669679232e+00,
       1.0919909280940576e+00, 1.1809253251476630e+00,
       7.2778288971203848e-04, 2.7855395369072352e-04,
       1.0286376736863647e-03, 1.6914618392807521e+00,
       1.0904631252770689e+00, 1.1805881933561493e+00,
       7.2393568301161925e-04, 2.7445803467088703e-04,
       1.0288259580916027e-03, 1.6862796109764233e+00,
       1.0886266690710014e+00, 1.1822905834497370e+00,
       7.0807323070842983e-04, 2.6763319160377422e-04,
       1.0042865033300823e-03, 1.6634370965537768e+00,
       1.0752339944252445e+00, 1.1710181094161052e+00,
       6.3958525212430030e-04, 2.6542703443214213e-04,
       9.4915598423846864e-04, 1.6544680522836610e+00,
       1.0731472259074377e+00, 1.1773449297835556e+00,
       6.1536756020245942e-04, 2.6857070311556635e-04,
       9.4344335213793586e-04, 1.6751976932428732e+00,
       1.0852238363278461e+00, 1.1850240304120734e+00,
       6.0780169508691580e-04, 2.6704072109479305e-04,
       9.3180527602149143e-04, 1.6852778026052959e+00,
       1.0905828901302954e+00, 1.1916348636943936e+00,
       6.1310360678457933e-04, 2.7089020261244199e-04,
       9.4593210859212739e-04, 1.6899923938954136e+00,
       1.0914490612978653e+00, 1.1849503866327338e+00,
       6.7140869668004771e-04, 2.7187653731742834e-04,
       9.6989054003018208e-04, 1.6688658095542821e+00,
       1.0795753570122899e+00, 1.1829176971388284e+00,
       7.4439082270757724e-04, 2.7403268957202004e-04,
       1.0062371524371611e-03, 1.6954004869126778e+00,
       1.0914559943433555e+00, 1.1816382289635428e+00,
       8.0317677867267621e-04, 2.6391856593989171e-04,
       9.8231626579933264e-04, 1.7145247155632517e+00,
       1.1009530190169501e+00, 1.1887743757039420e+00,
       8.4271444873639195e-04, 2.7057492094779365e-04,
       9.9923580612015176e-04, 1.7394841513503674e+00,
       1.1173263892671770e+00, 1.2007370099461534e+00,
       8.0128969423229096e-04, 2.7357502769306260e-04,
       1.0414099304419495e-03, 1.7133103488142627e+00,
       1.1081981415546744e+00, 1.2294337064376786e+00,
       7.9871774393188929e-04, 3.0093792346422955e-04,
       1.1094478538812762e-03, 1.6977380647686600e+00,
       1.1088497196854139e+00, 1.2910214194273080e+00,
       8.0005339660359719e-04, 2.9113516013006517e-04,
       1.0454166538256869e-03, 1.7143413400904530e+00,
       1.1115051466320969e+00, 1.2559655704891313e+00,
       7.3442279266453653e-04, 2.6949022920871646e-04,
       1.0232251694769763e-03, 1.7154727932572906e+00,
       1.1084595920569071e+00, 1.2275656574259490e+00,
       7.2071234310735002e-04, 2.5994927110007277e-04,
       9.7365688452247213e-04, 1.6983084318066688e+00,
       1.0922050046641076e+00, 1.1802362064396326e+00,
       7.0381158392437135e-04, 2.6317497093204909e-04,
       9.4874464650136628e-04, 1.6750292946167893e+00,
       1.0743397443026643e+00, 1.1462636841732268e+00,
       6.4727512427825945e-04, 2.4724970950798590e-04,
       9.4289079915363427e-04, 1.5344912335965053e+00,
       9.9040517858480925e-01, 1.0519815924939957e+00,
       9.6977374972303295e-04, 3.3621999513054401e-04,
       1.1413357077508484e-03, 1.3697020015036312e+00,
       8.9156568171928918e-01, 1.1537678407339216e+00,
       1.3798425303757262e-03, 4.4475744300986864e-04,
       1.5446749974799916e-03, 1.3248512078293264e+00,
       8.8820765232456000e-01, 1.3909771482365312e+00,
       1.2802555076744228e-03, 4.7205258223373777e-04,
       1.6577862760240555e-03, 1.2569491168888409e+00,
       8.6528135183655874e-01, 1.5397454270359747e+00,
       6.3672418637268895e-04, 2.6570971645323798e-04,
       9.4515490931868374e-04, 1.5156200784994802e+00,
       9.7815444661189777e-01, 9.1954178438702239e-01,
       6.8889210644870573e-04, 2.8975148589220411e-04,
       9.7772232519429520e-04, 1.6113908854431322e+00,
       1.0410722546816773e+00, 1.0061018828533019e+00,
       7.0473948307924286e-04, 3.0896360015753585e-04,
       1.0009468182999924e-03, 1.6443759167689675e+00,
       1.0654171260806937e+00, 1.0452852528355734e+00,
       6.9921578814169123e-04, 3.0877278476728405e-04,
       9.9006741312754245e-04, 1.6642068584625744e+00,
       1.0744398373923179e+00, 1.0226148575265934e+00,
       6.8851430256797034e-04, 3.0734309386801938e-04,
       9.8185363409302286e-04, 1.6769767170695207e+00,
       1.0782685280011346e+00, 9.9601023946671752e-01,
       6.9557648279807295e-04, 3.1332942818295783e-04,
       9.8061731005775403e-04, 1.6907623871850506e+00,
       1.0817773016421006e+00, 9.8157435213952304e-01,
       7.1766378450386237e-04, 3.2749824439410615e-04,
       9.9051021585307565e-04, 1.6950350296424261e+00,
       1.0799918346621105e+00, 1.0154995675139555e+00,
       6.8084381101822197e-04, 3.0449058113973603e-04,
       9.7851115634709288e-04, 1.6686828968102734e+00,
       1.0719007268876992e+00, 9.7884634809537441e-01,
       6.7853786334531711e-04, 3.0181016040816810e-04,
       9.8771769234093257e-04, 1.6561661362916493e+00,
       1.0691438485516818e+00, 1.0318810143142934e+00,
       6.8886400072692413e-04, 2.9947800801811638e-04,
       9.4996491731744322e-04, 1.6684499343687662e+00,
       1.0691694191846290e+00, 1.0031992703619192e+00,
       7.1485366833493329e-04, 3.0599507746678081e-04,
       9.2710558517270392e-04, 1.6872904592697742e+00,
       1.0780004078054912e+00, 9.7722689638193749e-01,
       6.9543759229342376e-04, 3.0551003368872720e-04,
       9.3075008945203328e-04, 1.6810089321227821e+00,
       1.0723435351482480e+00, 9.6823425232481142e-01,
       7.2145418059737685e-04, 3.1716650291477278e-04,
       9.6425554549427802e-04, 1.6872553982148852e+00,
       1.0766417906546322e+00, 9.6143662693440901e-01,
       7.1049045326810039e-04, 3.2044404563048721e-04,
       9.8128617707991805e-04, 1.6768683015807231e+00,
       1.0707798086921629e+00, 9.6149164290739086e-01,
       7.1119303986509760e-04, 3.1826586445899801e-04,
       9.9622538247955594e-04, 1.6653472359545023e+00,
       1.0630320791295365e+00, 9.6939048768553426e-01,
       6.0889286879012815e-04, 3.2246086168088658e-04,
       1.0143307071892209e-03, 1.5890433197557803e+00,
       1.0148464984564185e+00, 9.2145446699566713e-01,
       6.0373187912247603e-04, 3.0615039016165503e-04,
       9.6040149943508752e-04, 1.6037506845597906e+00,
       1.0347504562898076e+00, 9.4538186420920312e-01,
       5.6768628881243065e-04, 3.0626897907950768e-04,
       9.8402660583779837e-04, 1.6161693190730633e+00,
       1.0438290258640519e+00, 9.4756254652640470e-01,
       5.6681150353252044e-04, 3.0104225397220553e-04,
       9.7314239260545496e-04, 1.6196090624796462e+00,
       1.0471009919443990e+00, 9.4848889794834290e-01 ]
