%YAML:1.0
---
summary: "Filter by distance, md=150."
init_cam_calib: C99-1010_3p_3
camera_matrix: !!opencv-matrix
   rows: 3
   cols: 3
   dt: d
   data: [ 2.5815729577097886e+03, 0., 1.8838981022475773e+03, 0.,
       2.5816409072972660e+03, 1.0864472896738007e+03, 0., 0., 1. ]
dist_coeff: !!opencv-matrix
   rows: 5
   cols: 1
   dt: d
   data: [ 1.1529335233279113e-02, -1.4218693123919815e-02,
       3.2612009118551482e-04, -1.4984230959278829e-03,
       3.9994181720845214e-03 ]
std_intrinsics: !!opencv-matrix
   rows: 18
   cols: 1
   dt: d
   data: [ 1.0388117745003222e+00, 9.9273595512701340e-01,
       1.5915926169695553e+00, 9.9682324932432986e-01,
       2.0364697275580958e-03, 7.4209711701299771e-03,
       1.1969458104861415e-04, 2.0763038801344599e-04,
       7.9050345369759360e-03, 0., 0., 0., 0., 0., 0., 0., 0., 0. ]
std_extrinsics: !!opencv-matrix
   rows: 570
   cols: 1
   dt: d
   data: [ 1.1656078489661130e-03, 4.8239439864346690e-04,
       1.4653678276748028e-03, 2.0007870041287785e+00,
       1.2775832430186629e+00, 1.6218542682043520e+00,
       1.2095293511098254e-03, 4.7534780095800705e-04,
       1.4612232316651623e-03, 2.0081444460477509e+00,
       1.2808140179297263e+00, 1.6261839272199343e+00,
       1.2833688933992272e-03, 4.9309376793751306e-04,
       1.5043689299459946e-03, 2.0021770370005116e+00,
       1.2799703659240378e+00, 1.6565945827863717e+00,
       1.1913479957214202e-03, 4.7500606013795992e-04,
       1.4782601033202323e-03, 2.0083738081147744e+00,
       1.2824565064871714e+00, 1.6292833514343756e+00,
       1.1924717541369322e-03, 4.6115359819945363e-04,
       1.4735730483645525e-03, 1.9794004039870849e+00,
       1.2708857663847504e+00, 1.6376686821067434e+00,
       1.1291808383478191e-03, 4.4821567375920480e-04,
       1.4090010746902930e-03, 1.9472525725683001e+00,
       1.2554381380293227e+00, 1.6502524616915186e+00,
       1.1000490248762947e-03, 4.5242158526327296e-04,
       1.3767203680251315e-03, 1.9497181232830281e+00,
       1.2585064866858249e+00, 1.6576422872469496e+00,
       1.0205130044898159e-03, 4.4578053538691325e-04,
       1.3174345282392986e-03, 1.9619515987221698e+00,
       1.2608395827104146e+00, 1.6192681408364054e+00,
       9.8004260572696553e-04, 4.5728062743186998e-04,
       1.2779231982910817e-03, 1.9798039096016720e+00,
       1.2674705985212951e+00, 1.6047924368083519e+00,
       9.7036745321419260e-04, 4.4830550202749881e-04,
       1.2975869751713552e-03, 1.9720374998706787e+00,
       1.2667418593834343e+00, 1.6173680169767259e+00,
       9.7276663174652458e-04, 4.4764489732270830e-04,
       1.3152896280199571e-03, 1.9877239185194466e+00,
       1.2812001927919576e+00, 1.6705126254321980e+00,
       9.6504389659084807e-04, 4.4296024869661690e-04,
       1.2998866427673006e-03, 1.9913528940471839e+00,
       1.2800699889112970e+00, 1.6455080245550662e+00,
       9.6789399827464887e-04, 4.5211742064946289e-04,
       1.3071907773674893e-03, 1.9955127700338386e+00,
       1.2797370363415377e+00, 1.6324089829831914e+00,
       1.0023062973205943e-03, 4.7084917055777994e-04,
       1.3115184025898866e-03, 1.9979241037368072e+00,
       1.2765966515548171e+00, 1.6021699721114531e+00,
       9.9315451620913967e-04, 4.6988052810757156e-04,
       1.2683570543168192e-03, 1.9746321699887937e+00,
       1.2620192651351492e+00, 1.5820024647258233e+00,
       1.1084953537847813e-03, 4.5469151174547343e-04,
       1.3732468719416433e-03, 1.9796517536056439e+00,
       1.2667758741434210e+00, 1.6345571774849319e+00,
       1.1429815140489180e-03, 4.6326921325794872e-04,
       1.3945720175894435e-03, 1.9835563329074657e+00,
       1.2664342666248312e+00, 1.6203394825128017e+00,
       1.2315888671051288e-03, 4.6340930184177572e-04,
       1.4182435678322396e-03, 2.0203611413889009e+00,
       1.2872838744273170e+00, 1.6426591504129284e+00,
       1.2635111013671548e-03, 4.5196936462653186e-04,
       1.3857826447310126e-03, 2.0031775319060583e+00,
       1.2752659186459325e+00, 1.6167067596401530e+00,
       1.3605366755323584e-03, 4.3934275422727141e-04,
       1.3935298997317640e-03, 2.0482034021853308e+00,
       1.3035807579967744e+00, 1.6475392038785444e+00,
       1.3560129524090904e-03, 4.4951456344576615e-04,
       1.4055308232236137e-03, 2.0415204534173541e+00,
       1.3008533409806269e+00, 1.6557597674579829e+00,
       1.3427846659925823e-03, 4.5557019745202861e-04,
       1.4329179929767465e-03, 2.0431177981894448e+00,
       1.3049991087276771e+00, 1.6722654295465260e+00,
       1.3663738209961430e-03, 4.4151698941104645e-04,
       1.4065507701567618e-03, 2.0439907999231708e+00,
       1.3037320144700104e+00, 1.6608541501095075e+00,
       1.3305689544944673e-03, 4.3887223713133273e-04,
       1.4164056177943646e-03, 2.0217237982098202e+00,
       1.2923795013494610e+00, 1.6559971364311112e+00,
       1.3326603317896292e-03, 4.5075432363096755e-04,
       1.4764250877596246e-03, 2.0234214819010719e+00,
       1.2965336573270092e+00, 1.6927152997126214e+00,
       1.3131984382595714e-03, 4.6375826030934124e-04,
       1.5031099059601323e-03, 2.0272772856197556e+00,
       1.3011912195527657e+00, 1.7066797822233979e+00,
       1.6308472564894225e-03, 5.0442509172240004e-04,
       1.6366937347046138e-03, 2.0058249493408806e+00,
       1.2947766362545929e+00, 1.8150490599442857e+00,
       1.9150652083456481e-03, 5.2418704750149358e-04,
       1.7923148347499976e-03, 2.0516813320002392e+00,
       1.3326316807547949e+00, 1.9064290221013462e+00,
       1.4464604148325415e-03, 5.0462809144911577e-04,
       1.5533607616837019e-03, 2.0303530223490602e+00,
       1.3046518386818839e+00, 1.7666689396654804e+00,
       1.5486132481232549e-03, 4.9878704727493385e-04,
       1.5646894757385106e-03, 2.0106113130389147e+00,
       1.3003043374474552e+00, 1.8338117242633203e+00,
       1.6477129303758477e-03, 4.9165026566876330e-04,
       1.6246784847439842e-03, 2.0047676690754539e+00,
       1.3070721146246924e+00, 1.8722247979123892e+00,
       1.8434964144402165e-03, 4.9304970455951009e-04,
       1.6987621777740318e-03, 2.0214577161010339e+00,
       1.3330864293292379e+00, 1.9275907614343883e+00,
       1.4258296898309235e-03, 4.8625930918248230e-04,
       1.5574436906341371e-03, 2.0057634216556646e+00,
       1.3147773967074108e+00, 1.8717092462396550e+00,
       1.3101725697975217e-03, 5.0652780479267239e-04,
       1.6327114899937292e-03, 2.0125066111943717e+00,
       1.3061532529615285e+00, 1.8007433210603143e+00,
       1.4337429020883881e-03, 5.1823133124531272e-04,
       1.6656436119381443e-03, 2.0115018331752164e+00,
       1.3110701648531571e+00, 1.8652886828525888e+00,
       1.3666723710361397e-03, 5.0607724123529266e-04,
       1.6637455639042632e-03, 2.0135669815485815e+00,
       1.3059805494741679e+00, 1.8137453850683116e+00,
       1.5183368420501478e-03, 4.8847807639696534e-04,
       1.6079033277401011e-03, 2.0260337626778178e+00,
       1.3198526462046900e+00, 1.8716258444702123e+00,
       1.4226108955670220e-03, 4.9244167118724124e-04,
       1.5614323457062891e-03, 2.0297407605628663e+00,
       1.3127725126855141e+00, 1.8285218604092541e+00,
       1.3231121122379698e-03, 4.9099473331528233e-04,
       1.5161985346958890e-03, 2.0306945276056179e+00,
       1.3077808464803373e+00, 1.7737656216902904e+00,
       1.2238634915026415e-03, 4.8060341229881658e-04,
       1.4894453041180470e-03, 2.0314141848246821e+00,
       1.3050672409250177e+00, 1.7118129305196983e+00,
       1.1862604513991585e-03, 4.6638666541406727e-04,
       1.4838330488203021e-03, 2.0294641552777866e+00,
       1.3028108074880689e+00, 1.7041720181188220e+00,
       1.1972166018029567e-03, 4.5386023086410392e-04,
       1.4519085118886474e-03, 2.0265013630303281e+00,
       1.2991652308300585e+00, 1.7021630046736786e+00,
       1.1881202218248039e-03, 4.4452921787594031e-04,
       1.4194932024530792e-03, 2.0249978174386523e+00,
