%YAML:1.0
---
summary: "Filter by time and points, rd=20, rs=10, sp=5, sf=1."
init_cam_calib: C99-1010_3p_3
camera_matrix: !!opencv-matrix
   rows: 3
   cols: 3
   dt: d
   data: [ 2.5793469673053437e+03, 0., 1.8874427365158049e+03, 0.,
       2.5714542769861287e+03, 1.0828931987199880e+03, 0., 0., 1. ]
dist_coeff: !!opencv-matrix
   rows: 5
   cols: 1
   dt: d
   data: [ 2.4058611253065118e-02, -5.7369211758107441e-02,
       -3.1162372089875266e-04, -7.5678549796577229e-04,
       4.5799159133659596e-02 ]
rvec: !!opencv-matrix
   rows: 42
   cols: 3
   dt: d
   data: [ -3.1215945555516176e+00, 2.5973869038642350e-02,
       -1.5326123067029479e-01, -3.1271032345730547e+00,
       -2.3863605036413875e-02, -1.1371952852927018e-01,
       -3.1224169762828424e+00, 1.1693834328049132e-03,
       -9.5735003357390852e-02, -3.1301701404181634e+00,
       5.5059948112736465e-03, -6.5442313770657512e-02,
       3.1026659285829248e+00, -8.8475226510743410e-02,
       1.0652075327079100e-02, 3.0347181763174595e+00,
       -7.3384091229661524e-02, 7.4318556372312480e-02,
       3.0057068415562926e+00, -2.5279954898405701e-02,
       2.9387854779548434e-03, 3.0081394296661621e+00,
       -3.1298210116233752e-02, 2.9579934451149953e-02,
       3.0537714507700513e+00, 6.3544582976271004e-04,
       9.0964415278304372e-02, -3.1330639972176879e+00,
       1.0318645760111914e-01, -9.3385222932286002e-02,
       -3.0545353774312871e+00, 3.8534482417191693e-02,
       -1.0195164039622231e-01, -2.9494847648618228e+00,
       9.9685016806500784e-02, -3.6760998752550622e-02,
       -2.9937462707898481e+00, 1.0311272822354579e-01,
       -3.9201887988534419e-02, 3.1113508185853544e+00,
       -2.9312732297992070e-02, 1.3528697403986673e-01,
       3.0731303230576335e+00, -1.0471395382788157e-01,
       -1.4843171142673231e-01, 3.1189818103910811e+00,
       3.3970047599542058e-02, 5.7847447927484641e-02,
       -3.1042151672543374e+00, 8.7018810066390537e-03,
       5.3460355939440084e-03, -3.0812880791472468e+00,
       2.5588707921990375e-02, -6.0869557837421852e-02,
       -3.0418203576610812e+00, 5.5011305376461567e-02,
       -1.5737754700137058e-01, -3.1144531378645346e+00,
       1.3255958364221573e-01, -2.0875951534787451e-02,
       3.0331577211288154e+00, -1.7716318949903997e-01,
       4.0945037527562955e-01, 3.1117268671450411e+00,
       -3.3400164592696471e-02, 2.8839824079698023e-01,
       3.1338409447712574e+00, -7.8227078094097388e-03,
       -9.4194416461887295e-02, -3.0125258732867901e+00,
       -9.2576969848677387e-02, 7.1928313917935971e-01,
       -2.9813492525644474e+00, 9.8564409548679184e-03,
       7.7564943861938651e-01, 3.0420140824452719e+00,
       4.4127660934321696e-02, -7.6474148663887487e-01,
       -2.9962210625003389e+00, -2.0515251259547680e-02,
       8.0403538747669667e-01, -2.9540435570428589e+00,
       -9.6670162467143734e-03, 8.6585043342609558e-01,
       -2.9078748581470943e+00, -2.1054279877790062e-02,
       9.7530352027671108e-01, -2.8719041973743984e+00,
       -3.1167007960690274e-02, 1.0656998907094726e+00,
       -2.9774342537990339e+00, -1.2010390656427788e-02,
       8.0214845153751035e-01, -2.9682558733734949e+00,
       -9.5796423026882661e-03, 7.6481695935047322e-01,
       -2.7969175876752734e+00, 1.9203584945595657e-02,
       7.7350616634511671e-01, -2.8074589139821033e+00,
       6.3831070520427372e-02, 8.2593830829030435e-01,
       -2.8227558389818266e+00, 7.9495952623216681e-02,
       8.8340480437150337e-01, -2.9612872578767835e+00,
       7.8847917276640478e-02, 8.9837603564083313e-01,
       -2.9741045803580546e+00, 2.0804258715757723e-02,
       9.8615986654978749e-01, -2.9480694656499575e+00,
       -7.0774147087863228e-03, 1.0450644705635945e+00,
       2.7801991746279953e+00, -1.3958168685481800e-01,
       -9.9892747964728668e-01, 2.8026520143427960e+00,
       -1.5103055673795632e-01, -8.2951529181545225e-01,
       2.8255364858040348e+00, -1.1721642087418246e-01,
       -8.4301833364170442e-01, 2.8176076716490881e+00,
       -9.4663491922177961e-02, -8.4015409357271276e-01 ]
tvec: !!opencv-matrix
   rows: 42
   cols: 3
   dt: d
   data: [ -9.3501587619050909e+01, 1.2941738419788342e+02,
       3.1805372177921536e+03, -9.9534459867905227e+01,
       1.5929493633986246e+02, 3.1553010603277166e+03,
       -4.8264465992802144e+01, 1.3851841646961029e+02,
       3.1509059926527275e+03, 2.6763438783636129e+01,
       1.4991670718354720e+02, 3.1391958990930930e+03,
       2.1420959243528912e+02, 1.8833094558631811e+02,
       3.0850100647499248e+03, 8.3165464168817934e+01,
       6.4163788456720965e+01, 3.1096504297581928e+03,
       2.2713979406403399e+02, 4.5501570196943710e+01,
       3.1549405300004537e+03, 1.6781230127784755e+02,
       3.2399562975528795e+01, 3.1571494797943583e+03,
       2.7514094978714834e+01, -9.1501848659064947e+01,
       3.1536977198875225e+03, 6.6214452638913542e+01,
       2.7562089555103291e+00, 3.1187715803636988e+03,
       -1.3132282488505949e+01, 6.4247620262261105e+00,
       3.1888280348515314e+03, 1.4252787706560608e+02,
       -3.1266239755748771e+01, 3.2242864856045821e+03,
       1.3843158485552780e+02, 1.3284454618781436e+02,
       3.2122673788264160e+03, -1.9254174854452177e+01,
       4.8628691611799587e+02, 3.1702236673606708e+03,
       5.0037052523037539e+02, 4.2242885169068416e+02,
       3.1497758588750012e+03, 1.1164449154431988e+02,
       2.6996856027810986e+02, 3.2007880075040148e+03,
       2.6807781498327557e+02, 6.1997606928582861e+01,
       3.1969137297320121e+03, 1.8877659600262746e+02,
       -4.5702148252918535e+00, 3.1610535379346125e+03,
       4.8553915678685179e+01, -1.3468883293696459e+02,
       3.0764781161967207e+03, 1.4872565736022747e+02,
       7.6977852150105633e+01, 2.7815910970220498e+03,
       -7.8279925646632387e+02, 3.7530134182527252e+02,
       2.3794395351524176e+03, -1.2568726264945424e+03,
       2.1413854476165471e+02, 2.2695927631184786e+03,
       -1.2091564099345865e+03, 2.7870851057293038e+02,
       2.3827348731549769e+03, -5.4347351313101092e+02,
       -3.8736431752575720e+00, 2.8585562209188442e+03,
       -4.5721851845076736e+02, 7.3371226336667789e+01,
       3.0414928628079183e+03, -6.2936912188015867e+02,
       1.9343417159849639e+02, 3.0731822036666435e+03,
       -5.2355781334814060e+02, 7.1026837003440065e+01,
       3.0962627894662983e+03, -3.6431368906477087e+02,
       1.9085010206906194e+01, 3.1299391350626729e+03,
       -1.0339790814202250e+02, -2.8782802645374812e+01,
       3.1513734281560119e+03, 1.2067853941136099e+02,
       -6.2359260993345167e+01, 3.1388294597192412e+03,
       -4.9944093548332705e+02, 2.8502681485991945e+00,
       3.0905887704226320e+03, -5.6864209053130560e+02,
       1.2780538248945343e+01, 3.0818744770735243e+03,
       -4.1298194006886717e+02, -1.6401737722665914e+02,
       3.1103956539087053e+03, -2.8767477657484636e+02,
       1.9703413854377011e+01, 3.1459369065251512e+03,
       -1.4443229987624338e+02, 7.6922561817350839e+01,
       3.1561278732252226e+03, -2.0314291607678786e+02,
       2.0671279658263165e+02, 3.1535804931250987e+03,
       -6.1056221039701647e+01, 2.0195571479525745e+02,
       3.1164431630179197e+03, 1.2307892011962585e+02,
       9.5442906276952840e+01, 3.0668139610290532e+03,
       1.5147101040154635e+02, 4.3889110833331370e+02,
       2.9329480440486632e+03, -1.7359109782137190e+02,
       2.7574252779313338e+02, 2.9947420822972463e+03,
       -1.5949869317038301e+02, 1.9009575950812317e+02,
       3.0027989988319000e+03, -1.3958385040508398e+02,
       1.9240946009872394e+02, 3.0090857061868292e+03 ]
