%YAML:1.0
---
summary: "First calibration test for video C50Finf."
init_cam_calib: res-C99Finf1010_3p_3
camera_matrix: !!opencv-matrix
   rows: 3
   cols: 3
   dt: d
   data: [ 2.5543106625659775e+03, 0., 1.8761072946968861e+03, 0.,
       2.5552938600054349e+03, 1.0863863944130940e+03, 0., 0., 1. ]
dist_coeff: !!opencv-matrix
   rows: 5
   cols: 1
   dt: d
   data: [ 3.0262810413980223e-02, -7.4941654230298776e-02,
       -1.0000101993035847e-03, -1.0079651403482942e-03,
       6.0243827654305519e-02 ]
std_intrinsics: !!opencv-matrix
   rows: 18
   cols: 1
   dt: d
   data: [ 9.7006988819178508e-01, 9.1797245383890991e-01,
       1.5269010127357538e+00, 9.4538700469937320e-01,
       1.9536259195572611e-03, 6.9409552951720938e-03,
       1.1784182121555590e-04, 2.0228852217897390e-04,
       7.1955711663704344e-03, 0., 0., 0., 0., 0., 0., 0., 0., 0. ]
std_extrinsics: !!opencv-matrix
   rows: 252
   cols: 1
   dt: d
   data: [ 8.0039765558192609e-04, 3.2106195543576277e-04,
       1.1547029677071385e-03, 1.8982853375001298e+00,
       1.1925956029575719e+00, 1.3055366713196355e+00,
       8.0665823938806972e-04, 3.1968068102719273e-04,
       1.1610222732697129e-03, 1.9051574587940361e+00,
       1.1973285502444468e+00, 1.3131784376509776e+00,
       8.0897702272906028e-04, 3.1595085070903274e-04,
       1.1556341259924773e-03, 1.9004881997819267e+00,
       1.1938275706414281e+00, 1.3080763235545847e+00,
       8.0660078651410936e-04, 3.1024481264834124e-04,
       1.1527154453730242e-03, 1.8935883509639566e+00,
       1.1905486834114090e+00, 1.3064116527572691e+00,
       8.0631543245158685e-04, 3.0389928147558329e-04,
       1.1495460378513232e-03, 1.8850478586293287e+00,
       1.1876040369988614e+00, 1.3075958237037411e+00,
       7.6493274206007220e-04, 3.0398250609755514e-04,
       1.0958904388440147e-03, 1.8498658126012502e+00,
       1.1718638760993627e+00, 1.3233905112827402e+00,
       6.8360432789362402e-04, 3.0403150738740202e-04,
       1.0534620855951612e-03, 1.8766312820908191e+00,
       1.1830218168091946e+00, 1.2981552830596808e+00,
       6.8149694918811848e-04, 3.0119299386343468e-04,
       1.0615225669130097e-03, 1.9001333999073375e+00,
       1.1999719074760156e+00, 1.3285922643347403e+00,
       6.8265990226186663e-04, 3.0575536039620469e-04,
       1.0570766354206897e-03, 1.8982846723148648e+00,
       1.1955782622440705e+00, 1.3156757994412924e+00,
       7.2735416631750484e-04, 3.1193963170785850e-04,
       1.0721713280937002e-03, 1.8742904930257271e+00,
       1.1791009027005375e+00, 1.2979558771946762e+00,
       8.0633298241291230e-04, 3.0820262988126215e-04,
       1.1192971285112409e-03, 1.8864953370318556e+00,
       1.1838033959154433e+00, 1.2973660339856634e+00,
       8.7636267799639969e-04, 2.9901616456347888e-04,
       1.0983900684271731e-03, 1.9070860730807651e+00,
       1.1925769487006923e+00, 1.2927217688558805e+00,
       9.3370976566529193e-04, 2.9653444590292655e-04,
       1.1056586206468245e-03, 1.9477874758723301e+00,
       1.2189457688417813e+00, 1.3310429624376412e+00,
       9.1838867824169871e-04, 2.9678844258716817e-04,
       1.1381592093037296e-03, 1.9256692529977431e+00,
       1.2101555819728829e+00, 1.3445470836716873e+00,
       1.2310564796160820e-03, 3.2881771808449466e-04,
       1.2750313641652624e-03, 1.9066228674962018e+00,
       1.2272457576179763e+00, 1.4989088720717880e+00,
       9.2526051098380140e-04, 3.2825443590993715e-04,
       1.1817462564270907e-03, 1.9263472785919042e+00,
       1.2205298856660229e+00, 1.4211178557745039e+00,
       8.2134879163112649e-04, 3.1198971876880032e-04,
       1.1612038729503344e-03, 1.9308916666115559e+00,
       1.2169237767855499e+00, 1.3616702096389619e+00,
       8.0998747420637878e-04, 2.9139615086366897e-04,
       1.0976752421180808e-03, 1.9167435520839087e+00,
       1.2003355244706919e+00, 1.3120533462411719e+00,
       7.8937015019799614e-04, 2.9925940848206091e-04,
       1.0801705290114337e-03, 1.8972378253638513e+00,
       1.1871974168132042e+00, 1.2869200740623652e+00,
       7.3189035346027549e-04, 2.9368567900946033e-04,
       1.0560864687752952e-03, 1.7759247456521954e+00,
       1.1129513314614909e+00, 1.1921825724765582e+00,
       8.7812406648542078e-04, 3.1837096622525926e-04,
       1.1306509689334452e-03, 1.5764880210601415e+00,
       9.9947617791270860e-01, 1.1803300155557870e+00,
       1.3220991393082071e-03, 4.3965818641859323e-04,
       1.5070440101530786e-03, 1.5001484946717758e+00,
       9.6472027985156550e-01, 1.4367304920248967e+00,
       1.5452259150778680e-03, 6.1107556691689482e-04,
       1.9309309824322341e-03, 1.4034237112865264e+00,
       9.3750980969033249e-01, 1.8031623265704275e+00,
       7.4278661399541403e-04, 2.9403856166352791e-04,
       1.0891415931625873e-03, 1.6565055413896683e+00,
       1.0521887630606861e+00, 1.0888743717825549e+00,
       7.6086567980579998e-04, 3.2350041629096682e-04,
       1.1116211449248750e-03, 1.7790469779529847e+00,
       1.1263829980169242e+00, 1.1334689364059454e+00,
       7.7940957175041546e-04, 3.4267915189190420e-04,
       1.1199576112045945e-03, 1.8517709860356020e+00,
       1.1663870383834678e+00, 1.1253055288177118e+00,
       7.8225549399232690e-04, 3.4432440736799781e-04,
       1.1286271249124325e-03, 1.8719950893437718e+00,
       1.1807429947553649e+00, 1.1599763902877978e+00,
       7.8385389112675902e-04, 3.4515220233322314e-04,
       1.1168131875468467e-03, 1.8834141463218776e+00,
       1.1834248677069743e+00, 1.1287312756602570e+00,
       7.6310345506752414e-04, 3.4202499404936671e-04,
       1.1012496460332778e-03, 1.9044025909396594e+00,
       1.1897624247815535e+00, 1.0833334380230160e+00,
       8.0802525183352927e-04, 3.6495567119569091e-04,
       1.1194380282582496e-03, 1.9135588550311364e+00,
       1.1888701878228682e+00, 1.1152649677172741e+00,
       7.6643399993009983e-04, 3.4708805929460878e-04,
       1.1090007287972330e-03, 1.8927085913813695e+00,
       1.1798066176282391e+00, 1.0788163477205535e+00,
       7.7006652320837172e-04, 3.4080304779742198e-04,
       1.1216334285267594e-03, 1.8668956717829919e+00,
       1.1756582695863933e+00, 1.1551563253376864e+00,
       7.7495428007735595e-04, 3.3027721674343036e-04,
       1.0870773497155272e-03, 1.8715440206001297e+00,
       1.1732201169577381e+00, 1.1206137244546628e+00,
       8.0222619967599532e-04, 3.3974105276569086e-04,
       1.0583058919481168e-03, 1.8929894104037208e+00,
       1.1816158754716595e+00, 1.1065705816798619e+00,
       7.8077954528716275e-04, 3.3832945715769463e-04,
       1.0461377766878602e-03, 1.9000350631756440e+00,
       1.1818021432244068e+00, 1.0705689589207785e+00,
       8.5408958279165927e-04, 3.7262519958382285e-04,
       1.1066088992524035e-03, 1.8965674057961703e+00,
       1.1769094577464614e+00, 1.0817367120345971e+00,
       8.0837925055319648e-04, 3.6251034738364477e-04,
       1.1138332103876958e-03, 1.9045398127642699e+00,
       1.1837413593221440e+00, 1.0722109452215485e+00,
       6.9491143123612525e-04, 3.6272832365414476e-04,
       1.2102449201627950e-03, 1.8922002909094371e+00,
       1.1775674421701081e+00, 1.0831537638307467e+00,
       8.0690880787624318e-04, 3.7913369426027766e-04,
       1.1535462164542153e-03, 1.8366397161486583e+00,
       1.1397648060257206e+00, 1.0976548484784809e+00,
       7.1676017612983358e-04, 3.5844692115112597e-04,
       1.0888656404810623e-03, 1.8170691477661185e+00,
       1.1407310537408109e+00, 1.0795784869953180e+00,
       6.4561076980183330e-04, 3.4742651431430649e-04,
       1.1083897901238316e-03, 1.8228998751275505e+00,
       1.1480551271353199e+00, 1.0608317610904223e+00,
       6.4049532185246367e-04, 3.4003205189283284e-04,
       1.0966444300493381e-03, 1.8223414225605417e+00,
       1.1487782565124924e+00, 1.0559843193926013e+00 ]
