%YAML:1.0
---
summary: "Filter by time and points, rd=20, rs=0, sp=5, sf=1."
init_cam_calib: C99-1010_3p_3
camera_matrix: !!opencv-matrix
   rows: 3
   cols: 3
   dt: d
   data: [ 2.5521207946204977e+03, 0., 1.8793957833798013e+03, 0.,
       2.5533026097643669e+03, 1.0886405231761380e+03, 0., 0., 1. ]
dist_coeff: !!opencv-matrix
   rows: 5
   cols: 1
   dt: d
   data: [ 2.9619826059037558e-02, -7.9625808437671891e-02,
       -7.9490189527629655e-04, -5.8733965407621852e-04,
       7.1217649064963001e-02 ]
rvec: !!opencv-matrix
   rows: 42
   cols: 3
   dt: d
   data: [ -3.1368308792452533e+00, -1.5098631074546072e-02,
       -1.4529205299705908e-01, -3.1413066283764302e+00,
       -7.8387753546459698e-03, -1.1952623210389406e-01,
       -3.1264086830911082e+00, -1.1450204729873487e-02,
       -1.1404473715669174e-01, -3.1332180114344159e+00,
       -2.1787795891393016e-03, -7.4006992527905338e-02,
       3.1326529757220096e+00, -9.0203272202304900e-03,
       2.6852501674515895e-02, 3.0221442543315877e+00,
       -9.0150964298732428e-02, 6.4548958389744421e-02,
       3.0104077640002980e+00, -4.3971793653216712e-02,
       5.5977844497523632e-02, 2.9915026003413363e+00,
       -2.0093408563813222e-02, -5.5167786551372274e-03,
       3.0142611338589322e+00, -3.4045012617784092e-03,
       3.0517379310823212e-02, 3.0631154385460344e+00,
       -3.4816844408067420e-02, 1.2356107198749475e-01,
       -3.0904020687277836e+00, 5.6034713961520245e-02,
       -9.6753739371752523e-02, -3.0028574091133651e+00,
       8.7316215885815632e-02, -7.8567932151732231e-02,
       -2.9596989506667040e+00, 1.5649554058087159e-01,
       2.3664070349445096e-03, -3.0036799726917107e+00,
       1.3346526774556958e-01, 4.1386283934808317e-02,
       3.0022042292723028e+00, -7.1973951502048258e-02,
       1.0365149404863955e-02, 3.0673648187374201e+00,
       1.0324261425544667e-02, 6.7346645618685544e-02,
       3.1339792301208909e+00, 2.0167598756608368e-02,
       2.9353738808579125e-02, -3.0665663924684479e+00,
       5.8548639892697938e-03, -3.0381177886803116e-02,
       -3.0698077310074359e+00, 4.4721869371885464e-02,
       -1.0639674523011354e-01, -3.0836309101615154e+00,
       1.0737506383771553e-01, -1.3391619429256640e-01,
       3.0886637993683577e+00, -1.3194617445668499e-01,
       2.3298529604120002e-01, 3.0822836094189321e+00,
       -9.4862530597934425e-02, 2.6990096235741051e-01,
       3.0497315893328070e+00, 1.1931571002800140e-01,
       2.1532503393341645e-01, -3.0173035196006812e+00,
       -6.5629290260198106e-02, 5.3466085478146952e-01,
       -3.0410657856384180e+00, -8.9732716645777016e-03,
       6.7544274545781890e-01, -3.0239989603751618e+00,
       -3.0989090405031502e-02, 8.0047193335604461e-01,
       -3.0174204976029779e+00, -3.0341629612606412e-02,
       7.8153509185564318e-01, -2.9747362032480349e+00,
       -1.5923433440968315e-02, 8.1428748402597562e-01,
       -2.9341516305239748e+00, -1.6312124236106888e-02,
       9.0871997893999168e-01, -2.8736512588174361e+00,
       -2.5062137669908877e-02, 1.0394612173704889e+00,
       -2.9244993649746722e+00, -2.8491473602357067e-02,
       9.6339372033686921e-01, -2.9766857819404406e+00,
       -1.1279088114133407e-02, 7.5774394064818862e-01,
       -2.9030370467967277e+00, -2.2731626958391316e-02,
       7.6874764230724124e-01, -2.8213458878758004e+00,
       2.9643760144598012e-02, 7.8670447632762330e-01,
       -2.8197262268224939e+00, 3.1694732183603767e-02,
       8.5133762374710642e-01, -2.9092662380884082e+00,
       1.4025573019521592e-01, 9.5948506931653987e-01,
       -2.9493654028263778e+00, 5.7675288324787334e-02,
       1.0073425599141039e+00, 2.9717113850453485e+00,
       -2.5855142018525634e-02, -9.9287609880699068e-01,
       -2.9360115618664202e+00, 9.1505358937731138e-02,
       1.0608260047406410e+00, 2.7500921750851997e+00,
       -1.1710119342657362e-01, -8.8488889423829109e-01,
       2.8222480758684982e+00, -1.0035259859782800e-01,
       -8.3792229752330438e-01, 2.8198306986836155e+00,
       -9.2624304688567916e-02, -8.2631940886071364e-01 ]
tvec: !!opencv-matrix
   rows: 42
   cols: 3
   dt: d
   data: [ -1.2183420246883345e+02, 1.6384715868804054e+02,
       3.1107936846787579e+03, -9.1820445299269096e+01,
       1.7374123166811867e+02, 3.1250680243260881e+03,
       -8.1667823412611199e+01, 1.4085291878119705e+02,
       3.1210413473654494e+03, 8.8632945591506420e+00,
       1.5806994040839581e+02, 3.1104917329937844e+03,
       1.1349423727078762e+02, 2.0162961545326914e+02,
       3.0947843635943191e+03, 1.2389116311014028e+02,
       2.6145536955936598e+02, 3.0380112415355870e+03,
       1.4236527920503960e+02, 3.7005179757148689e+01,
       3.0926231374903314e+03, 2.4382226111461082e+02,
       8.0638279860069389e+01, 3.1311495263715278e+03,
       1.6611491352769286e+02, -1.1684833360075091e+00,
       3.1280768244830106e+03, 7.8991994501708902e+00,
       2.9760503267173210e+01, 3.0845220157506928e+03,
       5.3339136601506745e+01, 6.5371594548012098e+01,
       3.1063080940849773e+03, 4.6295102328803324e+01,
       9.1037937293031881e+00, 3.1306409974613653e+03,
       2.3289892627393215e+02, 4.7729468090755560e+01,
       3.1976462381730275e+03, 3.1180978688248717e+02,
       1.5170340721175711e+02, 3.1580828673881269e+03,
       2.2454010504271724e+02, 6.8336160418255099e+02,
       3.0879179696106107e+03, 8.4739889651383479e+01,
       4.0388787579244922e+02, 3.1550278744776174e+03,
       1.8904011322221444e+02, 2.0424577123250586e+02,
       3.1744860882181665e+03, 2.1635667898930203e+02,
       -6.6062326093954781e+01, 3.1530926417374130e+03,
       1.4213607275224905e+02, -5.4805540230163921e+01,
       3.1194460003684262e+03, 6.7205281669293115e+01,
       -6.1411790801299425e+01, 2.9114193607041316e+03,
       -3.3643083988563473e+02, 2.7105547651825435e+02,
       2.5535282523504352e+03, -9.0432410695315070e+02,
       2.8260682163536325e+02, 2.3571853486437753e+03,
       -1.4370392805949284e+03, 1.7681988605968141e+02,
       2.1252428763544017e+03, -6.6879700311201213e+02,
       -3.6056561499034707e+01, 2.7158723338821396e+03,
       -6.3173785368761787e+02, 1.2153218847225061e+02,
       2.9199007108233877e+03, -4.9860211492824834e+02,
       1.1980841640505355e+02, 3.0441941055353018e+03,
       -5.5881960985874071e+02, 1.1733306018998309e+02,
       3.0772665309502172e+03, -4.6332506557184865e+02,
       3.4885339851719472e+01, 3.0949287337734477e+03,
       -2.4098481697671718e+02, -9.2254936845088853e+00,
       3.1262520734598220e+03, 7.4866346844206916e+01,
       -6.3242895799383192e+01, 3.1291903356877679e+03,
       -1.1995516673158575e+02, -4.5248968559870278e+01,
       3.1004769000310171e+03, -5.7044542201695094e+02,
       -1.3777717042099008e+01, 3.0641690083763065e+03,
       -4.8567655338215656e+02, -1.2974649175974449e+01,
       3.0717132225484647e+03, -3.7980711227746212e+02,
       -8.8484798781181038e+00, 3.1095800840936404e+03,
       -2.3451068645214283e+02, 3.1122479179930966e+01,
       3.1210649798110876e+03, -3.8985784597096746e+01,
       2.3669048470274211e+02, 3.0954798389828206e+03,
       9.2137764070054935e+00, 1.9724229758440825e+02,
       3.1155240230734512e+03, 2.9053427018714725e+01,
       1.9684285345966845e+02, 3.0944052291531248e+03,
       1.8873052874194116e+02, -2.6722785554994260e+01,
       2.9921660034852353e+03, 1.8994108002732460e+01,
       4.0288216310738113e+02, 2.9564947297418530e+03,
       -1.3635204731160104e+02, 1.6764223854982211e+02,
       2.9847986111810965e+03, -1.5601086741778104e+02,
       1.8853289264071185e+02, 2.9843134040231171e+03 ]
