%YAML:1.0
---
summary: "Filter by time, rd=10, rs=5."
init_cam_calib: C99-1010_3p_3
camera_matrix: !!opencv-matrix
   rows: 3
   cols: 3
   dt: d
   data: [ 2.5777409923212258e+03, 0., 1.8755735796532570e+03, 0.,
       2.5740420439214859e+03, 1.0830877684564423e+03, 0., 0., 1. ]
dist_coeff: !!opencv-matrix
   rows: 5
   cols: 1
   dt: d
   data: [ 2.2340529417268936e-02, -4.6983514630983311e-02,
       9.7396565808828163e-05, -2.1394432081289589e-03,
       3.2470895429835854e-02 ]
rvec: !!opencv-matrix
   rows: 84
   cols: 3
   dt: d
   data: [ -3.1287479238310110e+00, -1.9328043730900649e-02,
       -6.3198698542027934e-02, 3.1036642825688214e+00,
       2.2699036238555220e-02, 1.4195175325111895e-01,
       -3.1241660124834421e+00, -1.2213856645339003e-02,
       -9.6507055182861012e-02, -3.1169047771147649e+00,
       -1.9264803742399094e-02, -1.0753192579365267e-01,
       -3.1248229031466521e+00, -1.0132537669475108e-02,
       -1.0007688508412972e-01, -3.1206798581288648e+00,
       1.0591484093526490e-02, -8.4209858907785248e-02,
       -3.1391552127143898e+00, -3.5907785631126440e-03,
       -5.5623504639005637e-02, -3.1397842868065662e+00,
       6.9742575542754972e-03, -3.3712561581918994e-02,
       3.1305851181865663e+00, -3.4608704747854893e-02,
       4.1145105226709409e-02, 3.0645413031145852e+00,
       -8.6947006924743608e-02, 2.3749864212642857e-02,
       3.0117800349902235e+00, -9.4713622671484698e-02,
       5.4213769746490836e-02, 3.0280796416908675e+00,
       -2.8834679919460409e-02, 9.5544219225588811e-02,
       3.0034355553149474e+00, -2.5016758823865150e-02,
       3.2537188477995388e-02, 3.0003350841732392e+00,
       8.0244928702822276e-03, -3.2647293012073282e-03,
       2.9983017045674818e+00, -4.6799291627020248e-02,
       1.7778380983215870e-02, 3.0083275503099407e+00,
       -1.8028184315277796e-02, 4.6212383007136855e-03,
       3.0281466552554570e+00, -4.9035418238690953e-04,
       2.4251584233582119e-02, 3.0590463460175763e+00,
       -1.7283484406654805e-02, 1.8448716151464109e-01,
       3.0619816450137436e+00, -6.3169160609576516e-02,
       9.3676059663766659e-02, -3.0719636871510785e+00,
       6.6264329972697947e-02, -8.2484173908301595e-02,
       -3.0857646373313963e+00, 4.2103324144661801e-02,
       -8.8939374740099136e-02, -3.0191489575175510e+00,
       8.0565552931063267e-02, -9.2482902332383876e-02,
       -2.9930541383381235e+00, 1.0671216542222665e-01,
       -3.7219315957660995e-02, -2.9802282804198885e+00,
       1.1365371857269843e-01, -3.2546541029663617e-02,
       -2.9668223473956723e+00, 1.1418581456873388e-01,
       -3.7741477017242613e-02, -2.9809690726940876e+00,
       1.5179772520857682e-01, 3.1839168540912614e-02,
       -3.0664651200289650e+00, 1.2290439109096120e-01,
       1.2822152854306304e-02, 3.1105700134635041e+00,
       -5.5400677439833117e-02, 1.3411427353510011e-01,
       3.0587294855076754e+00, -1.6539421203651461e-01,
       -1.4248236889427401e-01, 3.0575010453315774e+00,
       -4.6227972963360604e-04, 1.4596605926587510e-02,
       3.0999736576400965e+00, 3.5585219738617904e-02,
       7.6856610340684389e-02, 3.1318568543236975e+00,
       3.0956424823263159e-02, 4.0788136283094918e-02,
       -3.1243667205987697e+00, -1.1481627691584661e-02,
       7.1611779878145458e-03, -3.0786910569900745e+00,
       6.3433573804230672e-03, 2.5581847830012478e-03,
       -3.0739143613022732e+00, 1.4656019626654847e-02,
       -4.0395851125599576e-02, -3.0848534103617387e+00,
       2.9983895517611998e-02, -9.7016758072763040e-02,
       -3.0431462540910896e+00, 4.8727265729226456e-02,
       -1.2672652951360638e-01, -3.0473062401920918e+00,
       8.7834826350471781e-02, -1.4727785203578886e-01,
       -3.0985936507107077e+00, 1.0274284267256126e-01,
       -4.8772305495887319e-02, 3.1505645789870140e+00,
       -1.2747562171642043e-01, 9.4056415623232026e-02,
       3.0527176130793285e+00, -1.4268899769804719e-01,
       3.3132933994523733e-01, 3.0288409652897559e+00,
       -1.1973605308207047e-01, 3.3991775477967529e-01,
       3.0971023260027253e+00, -5.7108896989590124e-02,
       3.0001284832804792e-01, 3.0654203859205280e+00,
       5.4535271568671946e-02, 2.2471733222106097e-01,
       3.0862925138632678e+00, 2.9598753081399785e-02,
       5.8314141943114454e-02, -3.0894990122544184e+00,
       2.7043240795350905e-03, 2.8800827576254545e-01,
       -2.9769283838635920e+00, -1.1133624452187640e-01,
       7.1314139317038161e-01, -3.0296638541653134e+00,
       -3.9181090416221524e-02, 6.9125485427652311e-01,
       -3.0092871807956656e+00, -3.8499786708599743e-03,
       7.1986985025829875e-01, -2.9990490513945245e+00,
       1.5003197147691355e-02, 8.1758630333468296e-01,
       -3.0368495910342168e+00, -5.5609829492590704e-02,
       7.7570935757818948e-01, -3.0355618450468307e+00,
       -3.4013711937276647e-02, 7.6904271045794170e-01,
       -2.9979046697518044e+00, -2.1282896205036372e-02,
       8.1060333433538212e-01, -2.9869218887789675e+00,
       -1.7943768271208669e-02, 8.0303196547283962e-01,
       -2.9601294629625401e+00, -8.6674500625657982e-03,
       8.5656905266455330e-01, -2.9432097589094277e+00,
       -1.1515541740523836e-02, 8.8713518445306205e-01,
       -2.9150699978329149e+00, -1.5952782061533645e-02,
       9.5437099532115588e-01, -2.8887041427102633e+00,
       -2.5645494445971535e-02, 1.0073448886904490e+00,
       -2.8660553307358456e+00, -2.3965276067011026e-02,
       1.0730590237487256e+00, -2.8852495948237866e+00,
       -3.3698589738310858e-02, 1.0489626695972980e+00,
       -2.9577168050901355e+00, -2.2216749907858494e-02,
       8.7685532308613612e-01, -2.9811085159701283e+00,
       -1.1974205756659388e-02, 7.6809366166316173e-01,
       -2.9715516713187062e+00, -6.1095645054609730e-03,
       7.6723422050919465e-01, -2.9323728813233965e+00,
       -3.2416414708274700e-02, 7.5835812782327083e-01,
       -2.8215116202200079e+00, 4.7505022223542663e-03,
       7.9486294453440265e-01, -2.7998207662022359e+00,
       3.7606420031278724e-02, 7.7537417621002180e-01,
       -2.8049115698146703e+00, 5.9187972320624907e-02,
       8.3018556560313284e-01, -2.7948658836513980e+00,
       5.5685151759560930e-02, 8.5854092394183534e-01,
       -2.8098492451052239e+00, 3.6801823403472531e-02,
       8.7952096510560362e-01, -2.8231788730209395e+00,
       1.1288492464303632e-01, 1.0148137950337204e+00,
       -2.9209444392020023e+00, 1.2519080600114738e-01,
       9.3657980478353275e-01, -2.9431022091838073e+00,
       4.5140245428685055e-02, 9.4777053229335628e-01,
       -2.9549585569822541e+00, 3.7395784905693709e-02,
       1.0017674604387905e+00, 2.9726752209271146e+00,
       -2.9004967610766170e-02, -1.0031684278308417e+00,
       -2.9660711027261160e+00, 1.3059706441615856e-02,
       9.9924942775458403e-01, 2.9236205265857937e+00,
       -2.0781597546315141e-02, -1.0954871551488619e+00,
       2.9052888351200656e+00, -1.0269058537605942e-01,
       -1.0321136755237483e+00, 2.7316970349698102e+00,
       -1.2825411184836369e-01, -9.2318273333579670e-01,
       2.8033182202875220e+00, -1.4724252299766841e-01,
       -8.5418448179833517e-01, 2.8362832958053303e+00,
       -1.0735880823850058e-01, -8.1060609710830589e-01,
       2.8280184801655732e+00, -1.1196893677103568e-01,
       -8.4656345262644894e-01, 2.8051369013340928e+00,
       -1.0302331810436104e-01, -8.4286753826765015e-01,
       2.8134722534900276e+00, -9.0161539147303432e-02,
       -8.3593973268798993e-01, 2.8269623015090568e+00,
       -8.3004343390847474e-02, -8.6111656530233505e-01 ]
