%YAML:1.0
---
summary: "Filter by distance, md=200, ds=150."
init_cam_calib: C99-1010_3p_3
camera_matrix: !!opencv-matrix
   rows: 3
   cols: 3
   dt: d
   data: [ 2.5784662248145537e+03, 0., 1.8648364755243360e+03, 0.,
       2.5820067877998599e+03, 1.0866215458342642e+03, 0., 0., 1. ]
dist_coeff: !!opencv-matrix
   rows: 5
   cols: 1
   dt: d
   data: [ 8.5941088839027839e-03, -4.5404831820138221e-03,
       2.9638406101326520e-04, -4.0039588214461526e-03,
       -4.1495994354083634e-03 ]
std_intrinsics: !!opencv-matrix
   rows: 18
   cols: 1
   dt: d
   data: [ 1.3227137692998063e+00, 1.2577620836066006e+00,
       2.0127911165332790e+00, 1.2747944438374534e+00,
       2.5261295237243215e-03, 9.0797297128206791e-03,
       1.5093276729040092e-04, 2.6300919469862336e-04,
       9.4875430283097549e-03, 0., 0., 0., 0., 0., 0., 0., 0., 0. ]
std_extrinsics: !!opencv-matrix
   rows: 408
   cols: 1
   dt: d
   data: [ 1.2669563820700998e-03, 5.1356756293496756e-04,
       1.6759177147544207e-03, 2.5152778657491530e+00,
       1.6148165252817135e+00, 1.9087763753761120e+00,
       1.3130673899440001e-03, 5.0533671985323518e-04,
       1.6700283924043636e-03, 2.5247475707311793e+00,
       1.6188232929580662e+00, 1.9147995763759429e+00,
       1.3885171008346268e-03, 5.2439911522189945e-04,
       1.7171150494232014e-03, 2.5151736472446999e+00,
       1.6170419324449627e+00, 1.9461058917069609e+00,
       1.2834305829512941e-03, 4.9776645057172670e-04,
       1.6585914872339251e-03, 2.5141455480480208e+00,
       1.6141397843537704e+00, 1.9106938016743213e+00,
       1.2916132876007254e-03, 4.9136437279667807e-04,
       1.6873145559469921e-03, 2.4888572881422757e+00,
       1.6060568120686765e+00, 1.9263282824803745e+00,
       1.2251428230621441e-03, 4.7944692989387085e-04,
       1.6195412583670003e-03, 2.4479079462591593e+00,
       1.5858708011092131e+00, 1.9395063087870961e+00,
       1.0734753989509209e-03, 4.9065866257520536e-04,
       1.4885061746166431e-03, 2.4912934930764417e+00,
       1.6025317136099535e+00, 1.8912155806350808e+00,
       1.0657484791496922e-03, 4.8080854346662581e-04,
       1.5185204859741021e-03, 2.4899098994170332e+00,
       1.6092201742400736e+00, 1.9242273421822012e+00,
       1.0599003307258578e-03, 4.8489218706939405e-04,
       1.5187209001814134e-03, 2.5115760387958144e+00,
       1.6181601801546690e+00, 1.9241858285999389e+00,
       1.2052996739866739e-03, 4.8589831431922182e-04,
       1.5880817720847094e-03, 2.4903776817781038e+00,
       1.6011841958741875e+00, 1.9232559055341689e+00,
       1.2339782253860602e-03, 4.9022945466383654e-04,
       1.5771836691777185e-03, 2.5025946214199077e+00,
       1.6023114340151787e+00, 1.8827251383996328e+00,
       1.3017757386455402e-03, 4.9397517991032244e-04,
       1.6504190894443167e-03, 2.5105149671756317e+00,
       1.6136012591735711e+00, 1.9262011095082645e+00,
       1.3366513085314496e-03, 4.9281256311489794e-04,
       1.6248896869225755e-03, 2.5413807568006210e+00,
       1.6271587217263379e+00, 1.9316853459907113e+00,
       1.4659382096575547e-03, 4.7089413462772707e-04,
       1.6099784740634846e-03, 2.5749031708906864e+00,
       1.6476096106959510e+00, 1.9452457033056154e+00,
       1.4603066473501899e-03, 4.8363848935591380e-04,
       1.6348330717946471e-03, 2.5620578163688883e+00,
       1.6429770848110254e+00, 1.9490820863807685e+00,
       1.4485504926278381e-03, 4.8161151150466128e-04,
       1.6873031558002534e-03, 2.5375899364823633e+00,
       1.6344658538629808e+00, 1.9705502078582298e+00,
       1.7559624152610018e-03, 5.3738808689412121e-04,
       1.8481590119219259e-03, 2.5184279062611092e+00,
       1.6335877438557245e+00, 2.1084310422912238e+00,
       2.0534260790163569e-03, 5.5848587966850368e-04,
       2.0028574512965191e-03, 2.5680295168085583e+00,
       1.6741631650282753e+00, 2.2037144171292673e+00,
       1.5401386231232476e-03, 5.3135139434689065e-04,
       1.7540432489582850e-03, 2.5343523420782397e+00,
       1.6369832104020989e+00, 2.0508292394797150e+00,
       1.6665333580586912e-03, 5.3166375859528049e-04,
       1.7732812644748876e-03, 2.5225877314339096e+00,
       1.6389779315264563e+00, 2.1288814174000099e+00,
       1.7699155208877344e-03, 5.2465915346543179e-04,
       1.8328285531380387e-03, 2.5132223319896632e+00,
       1.6445085170494775e+00, 2.1678244850133002e+00,
       1.9761995233444477e-03, 5.2766795690156125e-04,
       1.9066411073155180e-03, 2.5318764321356708e+00,
       1.6721403340951888e+00, 2.2273496229652334e+00,
       1.4645558954719516e-03, 5.3609230917274269e-04,
       1.7948467496635466e-03, 2.5276864074763536e+00,
       1.6556309382258079e+00, 2.1550710983997998e+00,
       1.4727883000535190e-03, 5.4213838585024613e-04,
       1.8757781887594994e-03, 2.5288458794501576e+00,
       1.6478959162062117e+00, 2.1166356607191035e+00,
       1.6331751844677351e-03, 5.2132395875954015e-04,
       1.8171613792232343e-03, 2.5433716290143455e+00,
       1.6629573111526685e+00, 2.1721469618184432e+00,
       1.5333876123330857e-03, 5.2454194444617698e-04,
       1.7711185520311297e-03, 2.5493211763071657e+00,
       1.6564088161891055e+00, 2.1260998386200205e+00,
       1.4273306512157101e-03, 5.2593978613709532e-04,
       1.7245642427623532e-03, 2.5511509586613417e+00,
       1.6496705627246460e+00, 2.0690700319862438e+00,
       1.3258025223843769e-03, 5.0779384609646306e-04,
       1.7042983253085591e-03, 2.5544844337991193e+00,
       1.6482162943760124e+00, 2.0092482735253268e+00,
       1.3005253323320042e-03, 4.8431989157815829e-04,
       1.6646992537121320e-03, 2.5499688066454715e+00,
       1.6427151700637317e+00, 1.9990863185433734e+00,
       1.2903699499501307e-03, 4.6990849735136560e-04,
       1.6051826944111401e-03, 2.5481352110442010e+00,
       1.6360275946938230e+00, 1.9508579899982086e+00,
       1.2413396387456390e-03, 4.7753758169920025e-04,
       1.5377054869651452e-03, 2.5021792937356548e+00,
       1.6015968371212843e+00, 1.8847499605289439e+00,
       1.1618679877748283e-03, 4.7178878149817987e-04,
       1.5018812009621745e-03, 2.3610156156250115e+00,
       1.5130940149484966e+00, 1.7538469889942696e+00,
       1.1317951026896386e-03, 4.4693765637663691e-04,
       1.5037984973896453e-03, 2.2818218107264929e+00,
       1.4680614479532534e+00, 1.7009117070747142e+00,
       1.1050884900562347e-03, 4.4473432991730139e-04,
       1.5120568203399992e-03, 2.1909011402554559e+00,
       1.4118976531472411e+00, 1.6105306832153627e+00,
       1.2507532562800532e-03, 4.6724102470836482e-04,
       1.5680653715878469e-03, 2.1233175727545581e+00,
       1.3709480177550954e+00, 1.6282480793400289e+00,
       1.6579820604908525e-03, 5.4248633802283282e-04,
       1.7852498050411189e-03, 2.0704293744825142e+00,
       1.3440997205273408e+00, 1.7589817539531176e+00,
       2.3315710699256960e-03, 6.9113218968700006e-04,
       2.4209790825749228e-03, 2.0492781412840602e+00,
       1.3469823613196852e+00, 2.0716717962592415e+00,
       2.1268219741788839e-03, 7.0012484357054479e-04,
       2.2823461577849433e-03, 2.0365850171968001e+00,
       1.3296891415246050e+00, 2.1103225471439298e+00,
       2.4826788916060029e-03, 7.7974768902658938e-04,
       2.6169264626801250e-03, 2.0250223907226315e+00,
       1.3498644721777890e+00, 2.2425092659800585e+00,
       2.5164633527183125e-03, 8.5395535617205137e-04,
       2.8266172674567612e-03, 1.9989907558401059e+00,
       1.3424632019103877e+00, 2.4582097856528589e+00,
       2.6069497407656488e-03, 9.3558682441273824e-04,
       3.1363901070750994e-03, 1.9810143296738574e+00,
       1.3366448459614968e+00, 2.7540359084837123e+00,
       2.5203358605557489e-03, 9.6401964752191921e-04,
       3.0279417693131949e-03, 1.9234609522827741e+00,
       1.3242011848015387e+00, 2.7294817635593178e+00,
       2.2874745289921195e-03, 8.5771302204375871e-04,
       2.9322376250879656e-03, 1.9063115070394525e+00,
