%YAML:1.0
---
summary: "Filter by time and points, rd=20, rs=10, sp=5, sf=0."
init_cam_calib: C99-1010_3p_3
camera_matrix: !!opencv-matrix
   rows: 3
   cols: 3
   dt: d
   data: [ 2.5854859927926441e+03, 0., 1.8868120300232495e+03, 0.,
       2.5768744714457348e+03, 1.0802425910693319e+03, 0., 0., 1. ]
dist_coeff: !!opencv-matrix
   rows: 5
   cols: 1
   dt: d
   data: [ 1.6119774244054662e-02, -2.9484435784683793e-02,
       -4.8327561902392952e-04, -5.1660400928691124e-04,
       1.2132373999020890e-02 ]
std_intrinsics: !!opencv-matrix
   rows: 18
   cols: 1
   dt: d
   data: [ 2.7011182059617322e+00, 2.5451820782589532e+00,
       4.0442409309678897e+00, 2.5946424941373865e+00,
       5.4844236992690060e-03, 2.0228358976127236e-02,
       3.1772864597981486e-04, 5.2693992440751541e-04,
       2.1699029976615502e-02, 0., 0., 0., 0., 0., 0., 0., 0., 0. ]
std_extrinsics: !!opencv-matrix
   rows: 252
   cols: 1
   dt: d
   data: [ 1.9618839044379523e-03, 8.7098383083077081e-04,
       2.9392725195673455e-03, 5.0677850618348756e+00,
       3.2889633658811297e+00, 3.6164524106505036e+00,
       2.3476356894500099e-03, 8.4827364029392452e-04,
       3.0741363838802916e-03, 5.0196221275708970e+00,
       3.2831363166835530e+00, 3.6815504653913864e+00,
       2.3428632804214410e-03, 8.5123049556581063e-04,
       3.0435007501382495e-03, 5.0282411565344587e+00,
       3.2739622586281540e+00, 3.6088666842184058e+00,
       2.0551109212444503e-03, 8.0086783526987749e-04,
       2.9350757217442712e-03, 5.0034552545971520e+00,
       3.2601082729490329e+00, 3.5860605370273553e+00,
       2.5584097369379965e-03, 7.7420976056204909e-04,
       3.1790129842805396e-03, 4.9497876313260045e+00,
       3.2568609183744819e+00, 3.6168997440896247e+00,
       2.0621050177548829e-03, 8.7723191152977290e-04,
       2.7610511251464692e-03, 4.9445622079980671e+00,
       3.2256291977012346e+00, 3.6123141112802841e+00,
       2.0733094605953849e-03, 8.0034057813691570e-04,
       2.9023167428492767e-03, 5.0253715245101169e+00,
       3.3002278963906484e+00, 3.7237955046175681e+00,
       1.7067383710511581e-03, 7.9043526961866542e-04,
       2.8497267596763604e-03, 5.0205499496424810e+00,
       3.2781705209434393e+00, 3.5328552431928499e+00,
       1.7820560651716204e-03, 8.1356443833938651e-04,
       2.7711347059879688e-03, 5.0162019710999850e+00,
       3.2686164566857530e+00, 3.5138113515430796e+00,
       2.0063585301238946e-03, 8.1793353364324555e-04,
       2.8113768256038878e-03, 4.9613824026100746e+00,
       3.2396773921033999e+00, 3.6166513202358850e+00,
       2.1072041581982523e-03, 8.0824324274947400e-04,
       2.9723672029253090e-03, 5.0890115462134098e+00,
       3.2968935286446563e+00, 3.6671883997844161e+00,
       3.1558843955151869e-03, 7.8736813530497977e-04,
       2.8653448851557735e-03, 5.1200029981970738e+00,
       3.3423962738840745e+00, 4.0127690552692359e+00,
       2.4521319687594869e-03, 7.7079709430363786e-04,
       2.8722234371834979e-03, 5.1209175730652987e+00,
       3.3317121688597200e+00, 3.6257180498479609e+00,
       3.3569333888378810e-03, 9.2389200385904519e-04,
       3.3397147553635960e-03, 5.0837635171956377e+00,
       3.3575798805645607e+00, 4.0728801651894635e+00,
       2.6064642506017175e-03, 8.9988617701312705e-04,
       3.5384552064771069e-03, 5.0715937761450851e+00,
       3.3526307938668931e+00, 3.8238801739547488e+00,
       2.1612569544121598e-03, 8.4705715543813374e-04,
       2.9862858218021996e-03, 5.0882312043708771e+00,
       3.3373539241568668e+00, 3.7563749659590902e+00,
       1.9662241895193481e-03, 7.6148709828882839e-04,
       2.9364708877430952e-03, 5.1001082474850028e+00,
       3.3214184741750516e+00, 3.5618369676793469e+00,
       2.3380437186281463e-03, 7.9600572581835726e-04,
       2.9476761856528145e-03, 5.0379353527473887e+00,
       3.2847595745254323e+00, 3.6062662229423670e+00,
       2.0219709193424647e-03, 7.9640416083977673e-04,
       2.7346199128512327e-03, 4.9036802291387556e+00,
       3.1717914917366032e+00, 3.3847744030542448e+00,
       1.9463425637511107e-03, 6.9278988731477761e-04,
       2.7444818433276911e-03, 4.4565353067996565e+00,
       2.9241105625429307e+00, 3.2124158141445891e+00,
       3.6906493271889633e-03, 1.0810411031310064e-03,
       4.0870714200820207e-03, 4.0251735180168442e+00,
       2.6833149220277468e+00, 3.7658851621091345e+00,
       3.7346462518523223e-03, 1.3162528897189048e-03,
       5.8987611370265279e-03, 3.8793421732217688e+00,
       2.6509317948451878e+00, 4.2326950984723570e+00,
       3.8772649218214508e-03, 1.0441172629047410e-03,
       3.8907005999693927e-03, 3.8385200357608062e+00,
       2.6561334142166300e+00, 3.7788797509145939e+00,
       1.9588491457289510e-03, 7.9578091452396562e-04,
       2.8968079238820351e-03, 4.5474413975260024e+00,
       2.9745475403640684e+00, 2.8398141981817888e+00,
       2.0039396653275961e-03, 8.4572253620216614e-04,
       2.8716413140283011e-03, 4.8689952936839260e+00,
       3.1638833846119745e+00, 2.9658430164561524e+00,
       1.9796361213976306e-03, 9.7980476524442005e-04,
       3.2750644628753590e-03, 4.9060211946401093e+00,
       3.2253682743817356e+00, 3.3466569566139319e+00,
       2.0105122173495870e-03, 8.8159388893968463e-04,
       2.9847871587653789e-03, 4.9296904603523384e+00,
       3.2257210025122336e+00, 3.0946702258135765e+00,
       2.0401711397052195e-03, 9.2168973662753876e-04,
       2.9724379868470794e-03, 4.9910669834267392e+00,
       3.2341692754008733e+00, 3.1194793375455543e+00,
       2.1730497136068635e-03, 9.7907597624805553e-04,
       3.0214532115368843e-03, 5.0293515357694751e+00,
       3.2629142092287720e+00, 3.2256250222688254e+00,
       2.1000646890673856e-03, 9.7391554560309623e-04,
       2.8849905240673139e-03, 5.0189810110960122e+00,
       3.2494227123196495e+00, 3.0608379469949680e+00,
       2.0249438415143838e-03, 9.2335346574919162e-04,
       2.9790552454527991e-03, 4.9432868925229467e+00,
       3.2187345976026274e+00, 3.1684344615997064e+00,
       1.9628964963856136e-03, 8.5908626646238558e-04,
       2.9004221822546256e-03, 4.9193688532420721e+00,
       3.2098778997195434e+00, 3.1210515742031433e+00,
       1.9592579066513406e-03, 8.9412737495365980e-04,
       2.8745638865285668e-03, 4.9767978556029577e+00,
       3.2059454028997632e+00, 3.2039178401413442e+00,
       2.0125568004742650e-03, 8.6945170060729379e-04,
       2.7353970405765613e-03, 5.0169040376556433e+00,
       3.2469942527343636e+00, 2.9383802250081841e+00,
       2.2470431353902040e-03, 9.8884362631772543e-04,
       2.9629109199582403e-03, 5.0389252485442420e+00,
       3.2661181946199500e+00, 3.2467003727439629e+00,
       2.1003927880210360e-03, 9.5542088112414241e-04,
       2.9387086500235137e-03, 5.0350843653742814e+00,
       3.2537607398692092e+00, 3.1004998376531638e+00,
       2.3672236211491637e-03, 1.1482575571972453e-03,
       3.0413316020440405e-03, 4.9689785981143615e+00,
       3.2186683384935857e+00, 3.4549652298928701e+00,
       1.9847487786417068e-03, 8.7851099809537988e-04,
       2.8441381519975651e-03, 4.9182699952927758e+00,
       3.1632490305801135e+00, 2.9107226080771520e+00,
       2.1634516471789396e-03, 1.1220298927757495e-03,
       2.9354014176014593e-03, 4.7605912243581168e+00,
       3.0742693589618355e+00, 2.9925625044319717e+00,
       2.0327962517571524e-03, 1.0057154261868414e-03,
       2.8290518757502223e-03, 4.8127459112369841e+00,
       3.1569348689271388e+00, 3.0052646939745897e+00,
       1.7186835775072420e-03, 9.3541646828082417e-04,
       2.9377683405091897e-03, 4.8066519487942552e+00,
       3.1314159317436099e+00, 2.9095812923508619e+00,
       1.6723487314478118e-03, 8.9850548310700423e-04,
       3.0135794464191462e-03, 4.8311272609399873e+00,
       3.1626709662211097e+00, 2.9113516570848388e+00 ]
