%YAML:1.0
---
summary: "Filter by time, rd=20, rs=15."
init_cam_calib: C99-1010_3p_3
camera_matrix: !!opencv-matrix
   rows: 3
   cols: 3
   dt: d
   data: [ 2.5705405384195196e+03, 0., 1.8768016983349435e+03, 0.,
       2.5672553835055151e+03, 1.0804199988544838e+03, 0., 0., 1. ]
dist_coeff: !!opencv-matrix
   rows: 5
   cols: 1
   dt: d
   data: [ 2.4753648970133733e-02, -6.3879367550751340e-02,
       -3.5332153054823157e-04, -1.4553365385591274e-03,
       5.1899132683576113e-02 ]
rvec: !!opencv-matrix
   rows: 42
   cols: 3
   dt: d
   data: [ 3.1019038196610804e+00, 2.2706676128479382e-02,
       1.4407226783802579e-01, -3.1184591005556364e+00,
       -1.9343058184604051e-02, -1.0974222992854755e-01,
       -3.1222129021227314e+00, 1.0508447407611005e-02,
       -8.6329909579410835e-02, -3.1412998813625737e+00,
       6.8461921487181212e-03, -3.5603944966046928e-02,
       3.0630652270980367e+00, -8.6789077698716369e-02,
       2.5474994264416965e-02, 3.0265693213023166e+00,
       -2.8812832761384626e-02, 9.7361459048503698e-02,
       2.9989969366117273e+00, 8.1048406934961601e-03,
       -1.6944561222481983e-03, 3.0069928131610046e+00,
       -1.7947882715409862e-02, 6.2207320118245349e-03,
       3.0573706740057762e+00, -1.7340452541570687e-02,
       1.8653840403139879e-01, -3.0734012336735086e+00,
       6.6175436329453718e-02, -8.4476711069444765e-02,
       -3.0206135756950223e+00, 8.0448549997946942e-02,
       -9.4440438448352731e-02, -2.9817378141862068e+00,
       1.1347614140815994e-01, -3.4219736235070519e-02,
       -2.9826040157264355e+00, 1.5162044929291163e-01,
       3.0142888217905672e-02, 3.1088168508046161e+00,
       -5.5279949849023145e-02, 1.3611619442257245e-01,
       3.0559089230798255e+00, -3.5164404604613416e-04,
       1.6278985283382716e-02, 3.1302934375375431e+00,
       3.1089229277153213e-02, 4.2469102821908439e-02,
       -3.0801431737084499e+00, 6.1572194121572799e-03,
       9.4153223451313073e-04, -3.0862950628396986e+00,
       2.9846359984041761e-02, -9.8761372647495127e-02,
       -3.0486946994748116e+00, 8.7752408732804571e-02,
       -1.4921860088629224e-01, 3.1490316044009301e+00,
       -1.2736254046514006e-01, 9.6498579129137035e-02,
       3.0279019732228298e+00, -1.1970679346053419e-01,
       3.4266415024969321e-01, 3.0643393228063669e+00,
       5.4310836144151768e-02, 2.2750881181429058e-01,
       -3.0909401350410226e+00, 3.1038204040827067e-03,
       2.8369955120619894e-01, -3.0317424342532515e+00,
       -3.8877121388888040e-02, 6.8800130665411752e-01,
       -3.0011533480575605e+00, 1.5335511700473856e-02,
       8.1488242223966101e-01, -3.0377313310745730e+00,
       -3.3662602302718621e-02, 7.6608512623650615e-01,
       -2.9890083334105984e+00, -1.7637945819930931e-02,
       8.0023235182565955e-01, -2.9451283051641339e+00,
       -1.1232276797036034e-02, 8.8467766297594308e-01,
       -2.8904775778665752e+00, -2.5360699952182826e-02,
       1.0053409187207147e+00, -2.8868970209366824e+00,
       -3.3392536685916699e-02, 1.0471605166546674e+00,
       -2.9832253956151829e+00, -1.1685163276899708e-02,
       7.6512414448965516e-01, -2.9343669472648455e+00,
       -3.2208020413965782e-02, 7.5542884160537815e-01,
       -2.8015959918439046e+00, 3.7703708956831179e-02,
       7.7268467307569577e-01, -2.7967195271123306e+00,
       5.5822394773952011e-02, 8.5612615308453188e-01,
       -2.8248792626706050e+00, 1.1321053324532925e-01,
       1.0130889138439589e+00, -2.9451885618325124e+00,
       4.5493231599895219e-02, 9.4549359513784914e-01,
       2.9722920130558874e+00, -2.9386594112694047e-02,
       -1.0003494221602245e+00, 2.9233512109281055e+00,
       -2.1190397749515498e-02, -1.0936090229760906e+00,
       2.7310985612644192e+00, -1.2887329558454877e-01,
       -9.2088506413316951e-01, 2.8357439844541696e+00,
       -1.0789829870328932e-01, -8.0774446197664485e-01,
       2.8045877675420998e+00, -1.0359625646620046e-01,
       -8.4008651819770885e-01, 2.8264806930858617e+00,
       -8.3522507356278752e-02, -8.5851242873962208e-01 ]
tvec: !!opencv-matrix
   rows: 42
   cols: 3
   dt: d
   data: [ -1.4031935700963243e+02, 2.8063679398813383e+02,
       3.1429593237961058e+03, -8.6783470643978717e+01,
       1.3099247055389847e+02, 3.1430272423588767e+03,
       -2.6871036217826546e+01, 1.3030168151997970e+02,
       3.1409097546666148e+03, 1.0670194989545750e+02,
       1.7939696667115427e+02, 3.1137432038356051e+03,
       1.9193097385107779e+02, 2.4452659010614187e+02,
       3.0569428511570190e+03, 1.6361572056519933e+01,
       3.3623663033797918e+01, 3.1236836078736137e+03,
       2.2989935669260677e+02, 8.6843862590854599e+01,
       3.1501441063780385e+03, 2.0700806716712628e+02,
       3.5809091492429467e+01, 3.1467929943252129e+03,
       -1.1206026186199026e+02, -7.3337864269321244e+01,
       3.1139252324132513e+03, 4.6516111503263041e+01,
       -5.6008346726341308e+01, 3.1188563351691187e+03,
       3.1220635823604091e+01, -4.0250844073941742e+01,
       3.1532873404695970e+03, 1.7543304527514888e+02,
       7.7642571321638471e+01, 3.2345073448687144e+03,
       3.0098985692493744e+02, 8.2276283007993513e+01,
       3.1993241879821280e+03, -1.8589217330870841e+01,
       4.4790255176529803e+02, 3.1317206909183428e+03,
       1.5417554250152298e+02, 4.9565930045753487e+02,
       3.1721923785354611e+03, 1.4725841272520327e+02,
       2.3893535423669229e+02, 3.1940430852619938e+03,
       2.5203769795551662e+02, -6.3328225032530590e+00,
       3.1868878871923253e+03, 1.3452710378280727e+02,
       6.7997538409131772e+00, 3.1480061455482683e+03,
       5.2490706330995543e+01, -1.3337162404273317e+02,
       3.0039941998265340e+03, -5.6735303941071749e+01,
       1.4376679524971016e+02, 2.6842736505359248e+03,
       -8.4517665145066815e+02, 3.9652371451308375e+02,
       2.3597290124493857e+03, -1.3160925895642479e+03,
       1.9767200565229481e+02, 2.1969099831367939e+03,
       -1.0065780669167901e+03, 1.4058476605163847e+02,
       2.5448996701052993e+03, -6.1267659616795368e+02,
       6.9768826124833495e+01, 2.8882649201674435e+03,
       -4.2523913448607539e+02, 1.2638555223913957e+02,
       3.0549165583720510e+03, -6.1192090968943160e+02,
       1.5856478877625457e+02, 3.0803087496495968e+03,
       -5.1749989866354917e+02, 6.0015660663781944e+01,
       3.0918408791884140e+03, -3.0940718442201381e+02,
       9.3547995063907639e+00, 3.1312297955640502e+03,
       -2.0641696253722937e+01, -4.6874086946107951e+01,
       3.1460198118801445e+03, 7.4887793812384757e+01,
       -5.6041619931016392e+01, 3.1249355009892333e+03,
       -5.6756936608101876e+02, 6.0191501450208236e+00,
       3.0795850072745784e+03, -5.4155763144553327e+02,
       -4.8672921547873102e+01, 3.0783652791529162e+03,
       -4.0016310466676140e+02, -7.2830232262117136e+01,
       3.1218075552328837e+03, -2.2634850863385566e+02,
       2.0030571939682545e+01, 3.1365586383501800e+03,
       9.1997362635750108e+01, 1.3632730716610487e+02,
       3.1126289108537226e+03, -1.2359650605547510e+02,
       1.4787506396990804e+02, 3.1310242721015438e+03,
       -6.0005163864481688e+00, 2.5101966567113305e+02,
       3.1071054977766476e+03, 2.4100482670978099e+02,
       1.4370117846498889e+02, 3.0224671029916699e+03,
       7.2236522042116491e+01, 5.4857317724067923e+02,
       2.9329807204363178e+03, -2.1997223320955968e+02,
       1.7618132020923306e+02, 2.9969014669185271e+03,
       -1.3161003156618457e+02, 2.2809561945205448e+02,
       2.9963801494832956e+03, -8.6449218625529824e+01,
       1.3920413290442650e+02, 3.0133293162300697e+03 ]
std_intrinsics: !!opencv-matrix
   rows: 18
   cols: 1
   dt: d
   data: [ 8.6977768423898183e-01, 8.2186752828002607e-01,
       1.3870642972195291e+00, 8.5761351508733408e-01,
       1.7553579914170389e-03, 6.2781612125655060e-03,
       1.0601489355168863e-04, 1.8183367862206767e-04,
       6.5674433864313375e-03, 0., 0., 0., 0., 0., 0., 0., 0., 0. ]
