%YAML:1.0
---
summary: "Filter by time, rd=20, rs=5."
init_cam_calib: C99-1010_3p_3
camera_matrix: !!opencv-matrix
   rows: 3
   cols: 3
   dt: d
   data: [ 2.5851257140547041e+03, 0., 1.8744877562699166e+03, 0.,
       2.5809352017085171e+03, 1.0856746669388058e+03, 0., 0., 1. ]
dist_coeff: !!opencv-matrix
   rows: 5
   cols: 1
   dt: d
   data: [ 1.9920807336869413e-02, -3.0231744070266270e-02,
       5.3669159764240329e-04, -2.8168396292620906e-03,
       1.3725723472476173e-02 ]
rvec: !!opencv-matrix
   rows: 42
   cols: 3
   dt: d
   data: [ -3.1272314464150157e+00, -1.9215436598707721e-02,
       -6.1210962868079519e-02, -3.1226307293741025e+00,
       -1.2132929347225681e-02, -9.4364508966977817e-02,
       -3.1232895786836603e+00, -1.0051829102132964e-02,
       -9.7962529186657016e-02, -3.1376401471681556e+00,
       -3.4781365544381323e-03, -5.3713399844232020e-02,
       3.1321107882245918e+00, -3.4762597309613029e-02,
       3.9445356795891534e-02, 3.0132393853766666e+00,
       -9.4830211135605788e-02, 5.2591685749184262e-02,
       3.0048072590436496e+00, -2.5097907283615738e-02,
       3.0970126463153006e-02, 2.9996337436790350e+00,
       -4.6899340825765350e-02, 1.6287125434147603e-02,
       3.0294608256914648e+00, -5.4803141653541796e-04,
       2.2644923891324654e-02, 3.0635288497977564e+00,
       -6.3263374763236305e-02, 9.1924481921300066e-02,
       -3.0842740070153112e+00, 4.2214198343409740e-02,
       -8.7022391185033215e-02, -2.9916064170060124e+00,
       1.0687164931000948e-01, -3.5531297489464618e-02,
       -2.9653627487367991e+00, 1.1436110104913259e-01,
       -3.6043151701544318e-02, -3.0648926697726533e+00,
       1.2306467965229939e-01, 1.4388438180105965e-02,
       3.0601535396509383e+00, -1.6566805273843330e-01,
       -1.4401478741773510e-01, 3.1016295240353844e+00,
       3.5503401256190080e-02, 7.5142508178290088e-02,
       -3.1228946369652997e+00, -1.1290753375777968e-02,
       8.6509893088953273e-03, -3.0725179282217963e+00,
       1.4832049199322173e-02, -3.8869435691824925e-02,
       -3.0417876261310060e+00, 4.8851214954532145e-02,
       -1.2502361987708588e-01, -3.0971290174690065e+00,
       1.0284767659224030e-01, -4.6902516757118200e-02,
       3.0542894574342969e+00, -1.4273849127538410e-01,
       3.2895568028272898e-01, 3.0978877572704882e+00,
       -5.7052134259487609e-02, 2.9680493903919031e-01,
       3.0871969595629047e+00, 2.9904603759734336e-02,
       5.4621449632462328e-02, -2.9748651077225987e+00,
       -1.1148793787932057e-01, 7.1633028049016367e-01,
       -3.0072041973309687e+00, -4.1216428452836807e-03,
       7.2288728851929773e-01, -3.0347134494741432e+00,
       -5.5921963083922756e-02, 7.7861360086409437e-01,
       -2.9958670252495563e+00, -2.1583014150410154e-02,
       8.1333835012992162e-01, -2.9581642266547110e+00,
       -8.9383901886222247e-03, 8.5909988110995028e-01,
       -2.9132985568530567e+00, -1.6217284208989748e-02,
       9.5648962025437256e-01, -2.8645912304473389e+00,
       -2.4248809244110825e-02, 1.0745921090386277e+00,
       -2.9558246267401977e+00, -2.2487976033485062e-02,
       8.7935875259909868e-01, -2.9695040517144724e+00,
       -6.3686312941647633e-03, 7.7018274121317243e-01,
       -2.8197901911067476e+00, 4.6551008110465898e-03,
       7.9753025049750248e-01, -2.8031961247723021e+00,
       5.9056918835600831e-02, 8.3257445742715719e-01,
       -2.8080012910223551e+00, 3.6652605173295147e-02,
       8.8182668238747641e-01, -2.9189753756651871e+00,
       1.2483984510097168e-01, 9.3874790750596127e-01,
       -2.9530593731251815e+00, 3.7019316191339205e-02,
       1.0037646914853839e+00, -2.9643095624199818e+00,
       1.2717473279345118e-02, 1.0010512086898722e+00,
       2.9055691073266985e+00, -1.0227153298057370e-01,
       -1.0346832161117963e+00, 2.8038316571184314e+00,
       -1.4670108081505481e-01, -8.5691041737461593e-01,
       2.8285212417978580e+00, -1.1144957485141402e-01,
       -8.4936070904997230e-01, 2.8140204556474191e+00,
       -8.9623623179618528e-02, -8.3870013459330162e-01 ]
tvec: !!opencv-matrix
   rows: 42
   cols: 3
   dt: d
   data: [ -3.0069020797514684e-01, 1.7458199580497777e+02,
       3.1694344804580887e+03, -7.1000651623754266e+01,
       1.5415908897846748e+02, 3.1638445267837646e+03,
       -5.6892592870538785e+01, 1.4272658563803907e+02,
       3.1600847024011423e+03, 3.9849630338734109e+01,
       1.7887967676816257e+02, 3.1513569888874363e+03,
       1.3489470153214981e+02, 1.6783843946302233e+02,
       3.1094540656924141e+03, 1.3846828258125856e+02,
       1.8704468179904518e+02, 3.0949638411372616e+03,
       1.7708855445972605e+02, 8.1121714077256726e+01,
       3.1397830118109719e+03, 2.1482867652938634e+02,
       3.8868633287330425e+01, 3.1591623514482562e+03,
       1.6237133828815666e+02, -4.2239135265231113e+01,
       3.1679977334762721e+03, 6.4001764323749853e+01,
       1.4294982500435435e+02, 3.1225856438519027e+03,
       2.7380771641798152e+01, 8.9301207634564221e+01,
       3.1691927265369718e+03, 1.4245644862868821e+02,
       1.6136451029976371e+01, 3.2052392885003819e+03,
       1.0924076577366846e+02, 1.0214897995536602e+02,
       3.2521903898855658e+03, 2.7333250802483002e+02,
       2.5857665680885469e+02, 3.1993732816475235e+03,
       5.4688343347316879e+02, 4.1053878999644888e+02,
       3.1505695203726632e+03, 6.3085963513752333e+01,
       3.3114145541901928e+02, 3.2028819166686621e+03,
       2.6694198198751383e+02, 1.2606827957389233e+02,
       3.2108909887976279e+03, 2.2232002427145275e+02,
       -3.6906207835230404e+01, 3.1768545743310146e+03,
       1.0461115159224627e+02, -1.4545874804982989e+02,
       3.1281985996204389e+03, 1.6136750782435087e+02,
       2.4631220815250419e+01, 2.8624846931954821e+03,
       -5.8552143760944011e+02, 3.7264092123044094e+02,
       2.4845213205379532e+03, -1.1163704313547969e+03,
       2.3589263077171086e+02, 2.3401779054528884e+03,
       -1.3290509906278367e+03, 2.1331718781380172e+02,
       2.2651055988102826e+03, -4.6599195216679738e+02,
       -9.3259027342303753e+01, 2.8250956439071333e+03,
       -5.4869334672865261e+02, 8.4844827913584936e+01,
       3.0093567740205795e+03, -5.9103477480227571e+02,
       1.4406044022882375e+02, 3.0748202093223713e+03,
       -5.0401505118883159e+02, 8.7291633287866730e+01,
       3.1112552888370569e+03, -3.8295486921694169e+02,
       2.5935926981274410e+01, 3.1328278144514184e+03,
       -1.5017946704570053e+02, -2.1714082899899257e+01,
       3.1547933924896802e+03, 1.4454996641746428e+02,
       -6.3447819595489477e+01, 3.1499793546177534e+03,
       -3.2726801474758236e+02, -1.8883034402416499e+01,
       3.1165565675339562e+03, -5.6193619201965794e+02,
       -3.1607323710158344e+00, 3.0917888008700525e+03,
       -3.9356387022062285e+02, -1.2406302875611507e+02,
       3.1136761989445617e+03, -2.7738157472013518e+02,
       1.0732115201176716e+01, 3.1520459403986997e+03,
       -1.9079418052489180e+02, 2.9508992595784942e+01,
       3.1379026027204272e+03, -1.1438906111888747e+02,
       2.0996332164530315e+02, 3.1423719301574743e+03,
       -3.5100407019700370e+01, 1.6867289277922723e+02,
       3.1214205174115950e+03, 2.9484436613822417e+01,
       1.2364198762915123e+02, 3.0974899182619160e+03,
       8.0683622085630489e+01, 1.8098558431322351e+02,
       2.9456404552731356e+03, -1.3342544434577908e+02,
       3.0682724970139191e+02, 2.9800482376632249e+03,
       -1.4668610842248953e+02, 1.6439823874279020e+02,
       3.0087438925993451e+03, -1.4162194374869662e+02,
       2.0314159611995072e+02, 3.0153266927928530e+03 ]
std_intrinsics: !!opencv-matrix
   rows: 18
   cols: 1
   dt: d
   data: [ 8.7608975945562739e-01, 8.2375197618265850e-01,
       1.3577895368223936e+00, 8.6226023248814399e-01,
       1.7229952966917271e-03, 6.1429053781861575e-03,
       1.0657765916938785e-04, 1.8117614438636440e-04,
       6.3493198607272889e-03, 0., 0., 0., 0., 0., 0., 0., 0., 0. ]
