%YAML:1.0
---
summary: "Filter by time, rd=15, rs=5."
init_cam_calib: C99-1010_3p_3
camera_matrix: !!opencv-matrix
   rows: 3
   cols: 3
   dt: d
   data: [ 2.5641125409894348e+03, 0., 1.8766943516438221e+03, 0.,
       2.5618549874740766e+03, 1.0870163305033116e+03, 0., 0., 1. ]
dist_coeff: !!opencv-matrix
   rows: 5
   cols: 1
   dt: d
   data: [ 2.2520482354488412e-02, -4.9721775350181178e-02,
       -4.4361845815867755e-05, -1.9802216944129823e-03,
       3.6826050971616731e-02 ]
rvec: !!opencv-matrix
   rows: 56
   cols: 3
   dt: d
   data: [ -3.1285630937989168e+00, -1.9124858773953868e-02,
       -6.3925936313801821e-02, -3.1387201848118815e+00,
       -7.7981727565671040e-03, -1.1577645890541717e-01,
       -3.1166285935593727e+00, -1.8976238187664880e-02,
       -1.0818636795412825e-01, -3.1227102261722584e+00,
       1.3238506967185582e-03, -8.9455430175723091e-02,
       -3.1390016074413687e+00, -3.4078024424658163e-03,
       -5.6359538486568675e-02, 3.1339829605020402e+00,
       -8.8882970361199194e-03, 2.2321713799266101e-02,
       3.0646249032757966e+00, -8.7033150205041251e-02,
       2.4552433168133603e-02, 3.0347077868656336e+00,
       -7.3138825708162269e-02, 6.8284072568954676e-02,
       3.0038653371517143e+00, -2.5185080757604849e-02,
       3.3310253559326812e-02, 2.9928239352827664e+00,
       -2.0423192528470375e-02, -8.8706803143819412e-03,
       3.0087673880256136e+00, -1.8161421082917160e-02,
       5.4288492497834495e-03, 3.0533369235802148e+00,
       5.3706207467170528e-04, 8.6068399214631858e-02,
       3.0621959875896949e+00, -6.3418366714380059e-02,
       9.4394651963976769e-02, -3.0949208548693719e+00,
       5.6555732444822808e-02, -9.5793368747822460e-02,
       -3.0189502960407180e+00, 8.0768735554644353e-02,
       -9.2930618236367418e-02, -2.9512105589738478e+00,
       1.0026621463778781e-01, -2.9897143987902254e-02,
       -2.9668510357297118e+00, 1.1424251136818772e-01,
       -3.8221765531103923e-02, -2.9999681685855277e+00,
       1.3378236093038562e-01, 5.0380727307388642e-02,
       3.1105940218546841e+00, -5.5615550457038566e-02,
       1.3458548016529143e-01, 3.0727618347236496e+00,
       -1.0333182916348703e-01, -1.5301213860477292e-01,
       3.1000298470565038e+00, 3.5392851316661228e-02,
       7.7523902567329384e-02, 3.1354055004765033e+00,
       2.0587603442176462e-02, 2.3741539387108681e-02,
       -3.0786163406149094e+00, 6.4158603091059594e-03,
       1.9392453866510348e-03, -3.0797124916514660e+00,
       2.5508191864457446e-02, -5.4077728522601710e-02,
       -3.0428814966909594e+00, 4.9023775688155261e-02,
       -1.2696896562651561e-01, -3.0782210708604327e+00,
       1.0708386880673340e-01, -1.2946820097492251e-01,
       3.1506358902273783e+00, -1.2772244694560336e-01,
       9.4824053713535181e-02, 3.0363963681389317e+00,
       -1.7789940994640344e-01, 3.9755990773876226e-01,
       3.0967588242192705e+00, -5.7569881273823904e-02,
       2.9900277159594940e-01, 3.0476450280143865e+00,
       1.2072867541288849e-01, 2.0716070896991676e-01,
       -3.0898369297569439e+00, 2.4201072914738346e-03,
       2.8549138260501522e-01, -3.0105141167487819e+00,
       -9.4460639279781156e-02, 7.2147289374660761e-01,
       -3.0092983293573141e+00, -4.6002535051523387e-03,
       7.1625907620406160e-01, -3.0210775792749200e+00,
       -3.0727798506267757e-02, 8.0795034370089536e-01,
       -3.0355852902524876e+00, -3.4755163138320430e-02,
       7.6533697079566543e-01, -2.9947225527371062e+00,
       -2.1547496569117624e-02, 8.0578629578582817e-01,
       -2.9602633020955635e+00, -9.5890722840179399e-03,
       8.5288507807358982e-01, -2.9310245080803110e+00,
       -1.5600304712174325e-02, 9.1482984074625706e-01,
       -2.8888421660772590e+00, -2.6722983804103807e-02,
       1.0038911725152675e+00, -2.8706666939008985e+00,
       -3.2515182403180472e-02, 1.0669431754957230e+00,
       -2.9578203769719051e+00, -2.3144517714066001e-02,
       8.7313080781077967e-01, -2.9742454916203078e+00,
       -1.0899564113174371e-02, 7.6386616953957875e-01,
       -2.9323716577757395e+00, -3.3299932223388132e-02,
       7.5480755885194528e-01, -2.7955494669642276e+00,
       1.8319042838735672e-02, 7.7519243070954147e-01,
       -2.8049305333328309e+00, 5.8100320093824903e-02,
       8.2685618097147484e-01, -2.8166132978193952e+00,
       3.3000064709614016e-02, 8.5870524800981851e-01,
       -2.8231633945175467e+00, 1.1182708625501958e-01,
       1.0118326909059681e+00, -2.9612160251081852e+00,
       7.6567092570965181e-02, 9.0228626960593095e-01,
       -2.9552685268803875e+00, 3.6455332701425917e-02,
       9.9820399943741334e-01, 2.9705609238125734e+00,
       -2.5943927440872705e-02, -1.0016915845168175e+00,
       2.9255739750906673e+00, -1.9814851541458824e-02,
       -1.0934436834070149e+00, 2.7794502909920058e+00,
       -1.3817051674253336e-01, -9.9987750903547690e-01,
       2.8051828182185385e+00, -1.4682365945302123e-01,
       -8.5118212140447114e-01, 2.8216905716293477e+00,
       -1.0080197720201220e-01, -8.4540317457489955e-01,
       2.8069915480776499e+00, -1.0257076322132809e-01,
       -8.3994201120072820e-01, 2.8172324950472731e+00,
       -9.2655228030680353e-02, -8.4227358108673467e-01 ]
