%YAML:1.0
---
summary: "Filter by time and points, rd=20, rs=10, sp=5, sf=0."
init_cam_calib: C99-1010_3p_3
camera_matrix: !!opencv-matrix
   rows: 3
   cols: 3
   dt: d
   data: [ 2.5854859927926441e+03, 0., 1.8868120300232495e+03, 0.,
       2.5768744714457348e+03, 1.0802425910693319e+03, 0., 0., 1. ]
dist_coeff: !!opencv-matrix
   rows: 5
   cols: 1
   dt: d
   data: [ 1.6119774244054662e-02, -2.9484435784683793e-02,
       -4.8327561902392952e-04, -5.1660400928691124e-04,
       1.2132373999020890e-02 ]
rvec: !!opencv-matrix
   rows: 42
   cols: 3
   dt: d
   data: [ -3.1353002833121431e+00, 3.4326142762658128e-02,
       -1.4592726966137859e-01, -3.1283698369091963e+00,
       -2.3856285697037072e-02, -1.1440066593467617e-01,
       -3.1222733275130921e+00, 6.6580339247904305e-04,
       -9.5773781038519301e-02, -3.1302427443831982e+00,
       5.5559513199894368e-03, -6.5034195136473322e-02,
       3.1016487979507454e+00, -8.8720664303072641e-02,
       1.0735670758123771e-02, 3.0327799573972651e+00,
       -7.3429047184193477e-02, 7.3138201157952776e-02,
       3.0045132831718870e+00, -2.5260388428462361e-02,
       3.7671276162962817e-03, 3.0071465474354420e+00,
       -3.0989210441112205e-02, 3.0048001972327834e-02,
       3.0522635609705260e+00, 2.9950187611964101e-04,
       9.2222269859236719e-02, -3.1321085679112932e+00,
       1.0352781648961981e-01, -9.2212256232316506e-02,
       -3.0507702169226669e+00, 3.7240593725826665e-02,
       -1.0301181312886491e-01, -2.9517144577216174e+00,
       9.9363319834782138e-02, -3.5916712117384689e-02,
       -2.9935110928698188e+00, 1.0195618524485055e-01,
       -4.1063476570621885e-02, 3.0338106300232184e+00,
       -3.5165082230269103e-02, 1.5922876372151193e-01,
       3.0759520256269401e+00, -1.0363901906783429e-01,
       -1.4676821352966582e-01, 3.1175108711457704e+00,
       3.4215491684633885e-02, 5.8835162792133112e-02,
       -3.1044512039886927e+00, 8.8583214020518698e-03,
       4.6630088233188113e-03, -3.0795414658765399e+00,
       2.5449128983557397e-02, -6.0005913683453149e-02,
       -3.0424961785232298e+00, 5.3852140463644095e-02,
       -1.5786631728348324e-01, -3.1138047229329664e+00,
       1.3279405008115150e-01, -1.9947148322072266e-02,
       3.0356116351266054e+00, -1.7779484356213207e-01,
       4.0562022190910457e-01, 3.0904558461462268e+00,
       -3.2257125390978025e-02, 2.8759280068493270e-01,
       3.1081796947635913e+00, -1.0409400890796228e-02,
       -9.7163090774452329e-02, -3.0082770703618680e+00,
       -9.2588042392109854e-02, 7.2286491556388244e-01,
       -2.9830457502558878e+00, 1.0433438374054780e-02,
       7.7598609301444177e-01, 3.0417872001541006e+00,
       4.3637476550036629e-02, -7.6470227594774720e-01,
       -2.9964918457267991e+00, -1.9993181397889553e-02,
       8.0546824182759957e-01, -2.9540657500800993e+00,
       -8.7499914551257482e-03, 8.6809098593357703e-01,
       -2.9087331764578996e+00, -2.0621738024077688e-02,
       9.7634589114291870e-01, -2.8718797800563252e+00,
       -3.0163815548110075e-02, 1.0669334733681928e+00,
       -2.9793777477274750e+00, -1.2670801635425664e-02,
       8.0289318215928418e-01, -2.9695112091549372e+00,
       -9.3416843121403685e-03, 7.6557957944920740e-01,
       -2.7979883963625247e+00, 1.9504425106722529e-02,
       7.7517308192089029e-01, -2.8075726830036456e+00,
       6.4163634448463069e-02, 8.2766253868465911e-01,
       -2.8205981978411363e+00, 8.2218898746314620e-02,
       8.8268598962431832e-01, -2.9647048966603538e+00,
       7.7801567075382050e-02, 9.0116652725218349e-01,
       -2.9746584469400577e+00, 2.1038924110910150e-02,
       9.8745643566678964e-01, -2.9431815813194206e+00,
       -5.5577633571865220e-03, 1.0540498692245455e+00,
       2.7784817098780605e+00, -1.3978499777614722e-01,
       -9.9933613104918040e-01, 2.8010439521444241e+00,
       -1.5098224664334037e-01, -8.3204359784960114e-01,
       2.8240171210250256e+00, -1.1852644573375135e-01,
       -8.4242626937433962e-01, 2.8156921026586113e+00,
       -9.4348449367470305e-02, -8.4175045951703509e-01 ]
tvec: !!opencv-matrix
   rows: 42
   cols: 3
   dt: d
   data: [ -8.8913169519710877e+01, 1.2893624031303764e+02,
       3.1852281314562806e+03, -9.8849982318173090e+01,
       1.6268035280073704e+02, 3.1584927081272385e+03,
       -4.7751275863318519e+01, 1.4168279167378620e+02,
       3.1554164779819016e+03, 2.7116277609357741e+01,
       1.5316596814565264e+02, 3.1455420991475175e+03,
       2.1519683168039015e+02, 1.9143160068899473e+02,
       3.0896213737853400e+03, 8.3682012651819178e+01,
       6.7785874309697434e+01, 3.1128329142282942e+03,
       2.2756357138016139e+02, 4.8510719191348606e+01,
       3.1601542895114171e+03, 1.6901328909279400e+02,
       3.6183096198797074e+01, 3.1606511970230913e+03,
       2.7797213202263510e+01, -8.8636448569032197e+01,
       3.1556697506604060e+03, 6.6037961564885450e+01,
       6.0010576845607320e+00, 3.1252655075529142e+03,
       -1.3280721568047598e+01, 9.8918514435590179e+00,
       3.1964999529204606e+03, 1.4253402756544526e+02,
       -2.7337150251523354e+01, 3.2282682367144544e+03,
       1.3811387205915346e+02, 1.3731209517658579e+02,
       3.2154832788509357e+03, -1.5212305111795642e+01,
       4.8050219736767997e+02, 3.1581527952364136e+03,
       5.0065712398785257e+02, 4.2577992343702516e+02,
       3.1561572291478064e+03, 1.1190692834168026e+02,
       2.7326719847076384e+02, 3.2045905343924596e+03,
       2.6895026041303555e+02, 6.5117371821198304e+01,
       3.2038565591986103e+03, 1.8881729079781516e+02,
       -8.7708248739945138e-01, 3.1676495933136680e+03,
       4.8912706810104879e+01, -1.3049947905154687e+02,
       3.0783777961607511e+03, 1.4989517681713585e+02,
       7.9218317293578863e+01, 2.7893804258434438e+03,
       -7.8351166668785993e+02, 3.7860251843129601e+02,
       2.3880391655865628e+03, -1.2570734765260936e+03,
       2.1286992625845906e+02, 2.2571406634862587e+03,
       -1.2060114796745529e+03, 2.8293013015513310e+02,
       2.3760365872693451e+03, -5.4191573784277273e+02,
       -5.3475148048112242e-01, 2.8599371115413642e+03,
       -4.5699909555353469e+02, 7.6458610063181197e+01,
       3.0468182411302760e+03, -6.2861545076343191e+02,
       1.9639062697735395e+02, 3.0792804015961860e+03,
       -5.2274167052368614e+02, 7.4572163526942859e+01,
       3.0990907390544648e+03, -3.6342284771390536e+02,
       2.2167325234026130e+01, 3.1331483738098736e+03,
       -1.0268799630483585e+02, -2.5347229799155858e+01,
       3.1543566291511797e+03, 1.2182668366250884e+02,
       -5.9035269047905956e+01, 3.1430716118156674e+03,
       -4.9901687683267841e+02, 6.2192251538291794e+00,
       3.0962696088724042e+03, -5.6780600595609337e+02,
       1.6050810630508469e+01, 3.0863109481723436e+03,
       -4.1216225641490428e+02, -1.6066879459276566e+02,
       3.1154747947894416e+03, -2.8662393766330791e+02,
       2.2907589431120769e+01, 3.1480029220652932e+03,
       -1.4351640799907850e+02, 8.0792909480429060e+01,
       3.1611004852706501e+03, -2.0386777704809401e+02,
       2.0899229442583061e+02, 3.1596390810009261e+03,
       -6.0528579972722859e+01, 2.0526524179539874e+02,
       3.1200241632169987e+03, 1.2371195017528441e+02,
       1.0014217705502546e+02, 3.0583532490146454e+03,
       1.5253725378147263e+02, 4.4239388132070872e+02,
       2.9390164372564536e+03, -1.7339584693759340e+02,
       2.7930381913191013e+02, 2.9957068820939521e+03,
       -1.5840202956709288e+02, 1.9325307347587412e+02,
       3.0059402758956339e+03, -1.3974298391009418e+02,
       1.9566199614823003e+02, 3.0123724808482225e+03 ]
