%YAML:1.0
---
summary: "Filter by time, rd=20, rs=10."
init_cam_calib: C99-1010_3p_3
camera_matrix: !!opencv-matrix
   rows: 3
   cols: 3
   dt: d
   data: [ 2.5824161491646996e+03, 0., 1.8876621824808981e+03, 0.,
       2.5744141084121748e+03, 1.0816843541583844e+03, 0., 0., 1. ]
dist_coeff: !!opencv-matrix
   rows: 5
   cols: 1
   dt: d
   data: [ 1.8421599905162241e-02, -3.8710763146317911e-02,
       -4.8730738394313843e-04, -4.8347928245445629e-04,
       2.5723447065227868e-02 ]
std_intrinsics: !!opencv-matrix
   rows: 18
   cols: 1
   dt: d
   data: [ 1.1082769957456207e+00, 1.0442258145169052e+00,
       1.7226804564582867e+00, 1.0722268466817779e+00,
       2.2443817119257477e-03, 8.1814783901813706e-03,
       1.3265575179791344e-04, 2.2596448402707097e-04,
       8.6916665294919475e-03, 0., 0., 0., 0., 0., 0., 0., 0., 0. ]
std_extrinsics: !!opencv-matrix
   rows: 252
   cols: 1
   dt: d
   data: [ 8.8976866972947336e-04, 3.6124061939869160e-04,
       1.2749278494416543e-03, 2.1577630027637489e+00,
       1.3655030299963979e+00, 1.4965522813116379e+00,
       9.0483610718995690e-04, 3.5017786357179975e-04,
       1.2959120821030966e-03, 2.1450330223703240e+00,
       1.3586521064695909e+00, 1.4859861491460051e+00,
       9.0569440981251603e-04, 3.4725423410969844e-04,
       1.2889315313453101e-03, 2.1415230572153905e+00,
       1.3563414072112745e+00, 1.4865924082241644e+00,
       9.0000495684316442e-04, 3.4232457695684495e-04,
       1.2861053084539365e-03, 2.1337912295262353e+00,
       1.3524165025230381e+00, 1.4861440142874980e+00,
       8.5861469608639876e-04, 3.2773593355190132e-04,
       1.2514775766709542e-03, 2.0968278338602944e+00,
       1.3338875471396598e+00, 1.4826755521288209e+00,
       7.9339420302970470e-04, 3.3742577103790743e-04,
       1.1928706131831147e-03, 2.1085816900052090e+00,
       1.3393203876601369e+00, 1.4850350181522662e+00,
       7.6013031849063841e-04, 3.3257514241095184e-04,
       1.1790885309695166e-03, 2.1377554687723861e+00,
       1.3586868800570955e+00, 1.5030698777201725e+00,
       7.6319330510661294e-04, 3.3611748860662590e-04,
       1.1759366630961386e-03, 2.1387342753038077e+00,
       1.3582921725487593e+00, 1.4976115050890217e+00,
       7.7508435309309480e-04, 3.4617378710192072e-04,
       1.1804401921868765e-03, 2.1374618220259496e+00,
       1.3525318460801556e+00, 1.4638713858794437e+00,
       8.5394829738917263e-04, 3.4951926031795124e-04,
       1.2499190544716765e-03, 2.1177813161589620e+00,
       1.3398896184587072e+00, 1.4786119824929242e+00,
       9.3977299848485921e-04, 3.4138210036740784e-04,
       1.2531907253330551e-03, 2.1634281743278141e+00,
       1.3655300424616588e+00, 1.4923111104567797e+00,
       1.0243567501179013e-03, 3.2536736649913959e-04,
       1.2180529566804964e-03, 2.1898962473819150e+00,
       1.3787479050745397e+00, 1.4944348036955506e+00,
       1.0206652616463834e-03, 3.3566922343887290e-04,
       1.2522783202016012e-03, 2.1816424509468257e+00,
       1.3783533530926160e+00, 1.5060462591724941e+00,
       1.4055282964421623e-03, 3.8991753895858424e-04,
       1.4741247945169317e-03, 2.1706461401012782e+00,
       1.3914439099681588e+00, 1.6535295103625713e+00,
       1.0357405425311451e-03, 3.7341522254536336e-04,
       1.4101139329688772e-03, 2.1538165475288085e+00,
       1.3802468124602192e+00, 1.6289557854305050e+00,
       9.3393454855180422e-04, 3.5239399520501123e-04,
       1.2995503566310400e-03, 2.1744751357284580e+00,
       1.3824548700717212e+00, 1.5475990277277589e+00,
       9.0847534860460423e-04, 3.3004413829351541e-04,
       1.2645984137913300e-03, 2.1706842845995902e+00,
       1.3749968462185396e+00, 1.5235843395787403e+00,
       8.9577794337725896e-04, 3.3010589586586069e-04,
       1.2374885880219292e-03, 2.1460780431065949e+00,
       1.3569970136268172e+00, 1.4903513246652564e+00,
       8.5714083202851818e-04, 3.2916145110926709e-04,
       1.1785489117028091e-03, 2.0919756719479725e+00,
       1.3172677592219229e+00, 1.4055795746181450e+00,
       7.9195434328602817e-04, 3.0622647190668240e-04,
       1.1980174219971440e-03, 1.8969225674955283e+00,
       1.2050095862303483e+00, 1.2935443376827707e+00,
       1.5877692535227531e-03, 4.7990597445181647e-04,
       1.7480297083517825e-03, 1.7083646262626213e+00,
       1.1102821479138654e+00, 1.5722946703824936e+00,
       1.7577588195384348e-03, 6.0800400882045130e-04,
       2.0788770095971393e-03, 1.6485816682098613e+00,
       1.0934763852386504e+00, 1.8959371871173443e+00,
       1.4438013389247390e-03, 4.7905922828600614e-04,
       1.7201254765107598e-03, 1.6325592808734055e+00,
       1.0978938806728717e+00, 1.6385753360644248e+00,
       8.1665901006550471e-04, 3.4531359834359806e-04,
       1.2045601409945664e-03, 1.9414230178387435e+00,
       1.2356292602172527e+00, 1.1967722552338595e+00,
       8.4503387745989568e-04, 3.6155435504104435e-04,
       1.2195351440231078e-03, 2.0686875695032101e+00,
       1.3094578578062857e+00, 1.2438537217158114e+00,
       7.4609241851267922e-04, 3.9025014336221291e-04,
       1.3527738267348447e-03, 2.0872296254846336e+00,
       1.3322615026432667e+00, 1.3451040135021202e+00,
       8.6811728078675426e-04, 3.8409861205926073e-04,
       1.2481290876001742e-03, 2.1023901190733811e+00,
       1.3347714596681777e+00, 1.2941186631142179e+00,
       8.6405100736115705e-04, 3.8502122383618189e-04,
       1.2367313101763237e-03, 2.1259382916531040e+00,
       1.3435128587128933e+00, 1.2537739060346569e+00,
       8.7246715076646597e-04, 3.9141814322628493e-04,
       1.2313015433063313e-03, 2.1449466082884836e+00,
       1.3473860680632581e+00, 1.2313979077128132e+00,
       8.9363217123685022e-04, 4.0662253684207311e-04,
       1.2471401747865506e-03, 2.1444409749231896e+00,
       1.3426710359908876e+00, 1.2736297720501815e+00,
       8.5115737085460349e-04, 3.7815012558423231e-04,
       1.2427540254279549e-03, 2.1013211465920105e+00,
       1.3322360777280942e+00, 1.2813179940871033e+00,
       8.6781434803938449e-04, 3.7732160415420330e-04,
       1.2364618542420906e-03, 2.0945226907430774e+00,
       1.3298405842588741e+00, 1.3013034936302443e+00,
       8.5749749030268477e-04, 3.7151266486640727e-04,
       1.1995885700598920e-03, 2.1170607864177913e+00,
       1.3336967928560917e+00, 1.2809279189443961e+00,
       8.8270066718796150e-04, 3.7862088150557961e-04,
       1.1673725277265305e-03, 2.1375472375288620e+00,
       1.3419037746272910e+00, 1.2322329806936967e+00,
       9.0412872963371697e-04, 3.8830806133284123e-04,
       1.1824878719529546e-03, 2.1474331007759315e+00,
       1.3445697471985629e+00, 1.2289114425828065e+00,
       9.0465449979580984e-04, 3.9112501561056626e-04,
       1.2354152306450585e-03, 2.1457128242609995e+00,
       1.3496732107692164e+00, 1.2353632399014098e+00,
       8.9031318710099951e-04, 3.9937717977151367e-04,
       1.2474530418075198e-03, 2.1249276250172011e+00,
       1.3349808310675699e+00, 1.2194213801273941e+00,
       8.8024640080423496e-04, 3.9827819518948991e-04,
       1.2422484634765577e-03, 2.0931329586277001e+00,
       1.3091969900076001e+00, 1.2122424610977067e+00,
       8.4487758750407280e-04, 4.3489811326530628e-04,
       1.2576762644583412e-03, 2.0228116981333653e+00,
       1.2698939202173560e+00, 1.2314366720926644e+00,
       7.4104210577535833e-04, 3.8246915010720382e-04,
       1.2114806605486791e-03, 2.0441306080276833e+00,
       1.2980121274581073e+00, 1.2043592486718617e+00,
       7.1485382772305860e-04, 3.8320389157244276e-04,
       1.2369852440965094e-03, 2.0479361490248853e+00,
       1.3001881430638675e+00, 1.1990046461457029e+00,
       7.1540399675180163e-04, 3.8418199018387737e-04,
       1.2343347414153524e-03, 2.0518206268679489e+00,
       1.3029724467374992e+00, 1.2037273747765009e+00 ]
