%YAML:1.0
---
summary: "Filter by time and points, rd=20, rs=0, sp=5, sf=4."
init_cam_calib: C99-1010_3p_3
camera_matrix: !!opencv-matrix
   rows: 3
   cols: 3
   dt: d
   data: [ 2.5570632754435342e+03, 0., 1.8768955805812391e+03, 0.,
       2.5585499677207617e+03, 1.0833445787179287e+03, 0., 0., 1. ]
dist_coeff: !!opencv-matrix
   rows: 5
   cols: 1
   dt: d
   data: [ 2.8306548049789004e-02, -6.3286548671977985e-02,
       -1.3162788637828915e-03, -7.7384165561520703e-04,
       3.8434872552398608e-02 ]
std_intrinsics: !!opencv-matrix
   rows: 18
   cols: 1
   dt: d
   data: [ 2.1749264213737893e+00, 2.0554241660374570e+00,
       3.3249939412076572e+00, 2.0922774007448077e+00,
       4.3971135961835385e-03, 1.5791455837569385e-02,
       2.5520236538011803e-04, 4.3320324095964423e-04,
       1.6570389588325258e-02, 0., 0., 0., 0., 0., 0., 0., 0., 0. ]
std_extrinsics: !!opencv-matrix
   rows: 252
   cols: 1
   dt: d
   data: [ 1.7292633349091330e-03, 6.7615957971567007e-04,
       2.5670044821791108e-03, 4.1518096834571434e+00,
       2.6479874743498009e+00, 2.8329413070386313e+00,
       1.7136689636779387e-03, 7.1941800454792420e-04,
       2.5120728860641129e-03, 4.1349863768443971e+00,
       2.6373573829616128e+00, 2.8598105677018841e+00,
       1.6804769340204282e-03, 7.1576795253486464e-04,
       2.5349768748781313e-03, 4.1399029590038463e+00,
       2.6223054221840427e+00, 2.8204632625863391e+00,
       1.7969693290698560e-03, 6.5659242411687335e-04,
       2.5753107257835742e-03, 4.1260688707504620e+00,
       2.6298152774349948e+00, 2.9116757799463353e+00,
       1.9297623417337177e-03, 6.5340168826296123e-04,
       2.6498428747700913e-03, 4.1094619943239614e+00,
       2.6332774694002525e+00, 2.8318814918310862e+00,
       1.6220003999025681e-03, 6.3193770124460628e-04,
       2.2604161525568590e-03, 4.0232219293519984e+00,
       2.5897827771822648e+00, 2.8857916352372146e+00,
       2.0101633338173970e-03, 6.8083142092283458e-04,
       2.5051593466631564e-03, 4.1122339174821700e+00,
       2.6324516479410351e+00, 3.0037385021196870e+00,
       1.4461715057100307e-03, 6.3457471620859856e-04,
       2.2637426408173788e-03, 4.1296090064975424e+00,
       2.6602823957952566e+00, 2.8360442741036458e+00,
       1.5650292485221849e-03, 6.4745950175774654e-04,
       2.2261469786225480e-03, 4.1177041831284029e+00,
       2.6456373796328281e+00, 2.9592576029377500e+00,
       1.6594014703749064e-03, 6.9175848245893164e-04,
       2.3970478939315419e-03, 4.0836646426346679e+00,
       2.6007562825957447e+00, 2.9559865215680139e+00,
       1.6795492744904866e-03, 6.2700474046747945e-04,
       2.3455731085182579e-03, 4.1093921092116545e+00,
       2.6288079408002876e+00, 2.8041089241154933e+00,
       1.8878089779441802e-03, 6.7030349777544144e-04,
       2.4606511230916435e-03, 4.1532842648501269e+00,
       2.6331460960681476e+00, 2.7242046427645374e+00,
       1.6897294543186401e-03, 6.5004428562371881e-04,
       2.2986516913876811e-03, 4.2340463689261503e+00,
       2.6910547189160514e+00, 2.8936782662639895e+00,
       1.9310460276508606e-03, 6.1710887483520374e-04,
       2.3546064436600327e-03, 4.1854761534572935e+00,
       2.6725460623396757e+00, 3.0290854539749574e+00,
       3.9103431749971081e-03, 7.6963686637601442e-04,
       3.0516653928082172e-03, 4.1635856313607400e+00,
       2.7557536371635853e+00, 3.7886851070752208e+00,
       1.9436151182893654e-03, 7.4523489768867340e-04,
       2.4822467708629295e-03, 4.1774137373873916e+00,
       2.6855723139766647e+00, 3.1898518251627674e+00,
       1.7507118737908043e-03, 7.1236351033390505e-04,
       2.5649399198519104e-03, 4.1937196794693481e+00,
       2.6875194874344230e+00, 3.0312119209663342e+00,
       1.7171799791855956e-03, 6.4132706668843431e-04,
       2.3583368872521862e-03, 4.1560334239640877e+00,
       2.6504230455700841e+00, 2.8758513036895423e+00,
       1.8941296276358596e-03, 6.4302629310710358e-04,
       2.3759484615324491e-03, 4.1330109546034626e+00,
       2.6278495427246535e+00, 2.8996076145534762e+00,
       1.5650711006054301e-03, 6.1325450729041934e-04,
       2.3094546777712149e-03, 3.8742644017818715e+00,
       2.4615729859157778e+00, 2.6337738196244582e+00,
       1.9871224703963482e-03, 6.7576391982608142e-04,
       2.5032592718672625e-03, 3.4339346569743974e+00,
       2.2190446241207766e+00, 2.5568936611645587e+00,
       3.6117853466656981e-03, 1.0080225712253506e-03,
       3.5178266924855714e-03, 3.2773916912563812e+00,
       2.1540426966454880e+00, 3.4511928648471830e+00,
       3.3194021107109265e-03, 1.2548967222741406e-03,
       4.0951446930883074e-03, 3.0186631561928774e+00,
       2.0799212763881192e+00, 3.9444838874449375e+00,
       1.6013104209690900e-03, 6.4995246631374822e-04,
       2.4000365209565027e-03, 3.6043557286325840e+00,
       2.3184472992119365e+00, 2.4127955886955705e+00,
       1.5779970339536340e-03, 7.0279093498516374e-04,
       2.4177825593625244e-03, 3.8711113486403201e+00,
       2.4886295453275178e+00, 2.4724895461442919e+00,
       1.7072859901484732e-03, 7.3586130673099497e-04,
       2.4452527835544750e-03, 4.0220938961581609e+00,
       2.5705425479242052e+00, 2.4497745940743028e+00,
       1.6020022725940061e-03, 7.3017779767748172e-04,
       2.4879666840904326e-03, 4.0793994008495282e+00,
       2.5979091713583551e+00, 2.5365566363826937e+00,
       1.7222588909237724e-03, 7.5151506884305844e-04,
       2.4297090946936990e-03, 4.1068997514625458e+00,
       2.6059887456066781e+00, 2.4581932236721591e+00,
       1.6866293089351724e-03, 7.6261088907774702e-04,
       2.3836745576797532e-03, 4.1429115792613027e+00,
       2.6361124953855013e+00, 2.4428613115218547e+00,
       1.8052325952425271e-03, 8.0820424880216678e-04,
       2.3835175925106303e-03, 4.1700675575949600e+00,
       2.6383085734639620e+00, 2.4276977066054277e+00,
       1.6374522667780909e-03, 7.4653103606177427e-04,
       2.4180452711174689e-03, 4.1126300745156144e+00,
       2.6119194625945203e+00, 2.3136423229319774e+00,
       1.6030563333123090e-03, 7.2630396016587538e-04,
       2.4309633681271823e-03, 4.0573012420559547e+00,
       2.5968567863846443e+00, 2.4756476426436831e+00,
       1.6300502828463380e-03, 6.9858180569778788e-04,
       2.3894455238400785e-03, 4.0755748231815589e+00,
       2.5861964775159532e+00, 2.4232437692137681e+00,
       1.7236718926539824e-03, 7.5961473373528079e-04,
       2.3838362975054277e-03, 4.1149954353897265e+00,
       2.6074832400662005e+00, 2.5584066481257777e+00,
       1.6433707960627024e-03, 7.1029482471166277e-04,
       2.2252865431044294e-03, 4.1379823007274208e+00,
       2.6061187314031544e+00, 2.3689382556815857e+00,
       2.0981527456676954e-03, 9.2581264191944894e-04,
       2.5051617835459760e-03, 4.1555458355285984e+00,
       2.5992085350930294e+00, 2.5402296555935782e+00,
       1.7677973768482696e-03, 7.9308686452409362e-04,
       2.4156417644757176e-03, 4.1369747705410198e+00,
       2.6096729727226786e+00, 2.3433924920416640e+00,
       1.4530677249421011e-03, 7.9497884054452244e-04,
       2.7790289283625767e-03, 4.1118622132419542e+00,
       2.6020956015782413e+00, 2.4557428089228988e+00,
       1.7553902187624406e-03, 8.4491102893150753e-04,
       2.6625880899455380e-03, 3.9888940816334744e+00,
       2.5264089715488587e+00, 2.3906584232388934e+00,
       1.5310017624083506e-03, 8.0402989170139496e-04,
       2.4507491349116438e-03, 3.9504557765479476e+00,
       2.5176555781737338e+00, 2.4465545196975271e+00,
       1.4717051823389298e-03, 8.3220437645808228e-04,
       2.5240050976459965e-03, 3.9528220950172419e+00,
       2.5294666519834386e+00, 2.4930914278165592e+00,
       1.3382696181523468e-03, 7.1419965558737844e-04,
       2.4105184175372174e-03, 3.9668029608014672e+00,
       2.5412840497014630e+00, 2.2951513576349920e+00 ]
