%YAML:1.0
---
summary: "Filter by time, rd=15, rs=5."
init_cam_calib: C99-1010_3p_3
camera_matrix: !!opencv-matrix
   rows: 3
   cols: 3
   dt: d
   data: [ 2.5641125409894348e+03, 0., 1.8766943516438221e+03, 0.,
       2.5618549874740766e+03, 1.0870163305033116e+03, 0., 0., 1. ]
dist_coeff: !!opencv-matrix
   rows: 5
   cols: 1
   dt: d
   data: [ 2.2520482354488412e-02, -4.9721775350181178e-02,
       -4.4361845815867755e-05, -1.9802216944129823e-03,
       3.6826050971616731e-02 ]
std_intrinsics: !!opencv-matrix
   rows: 18
   cols: 1
   dt: d
   data: [ 7.6607294428938866e-01, 7.2269242426506497e-01,
       1.1959362747468156e+00, 7.4920618308674092e-01,
       1.5162315611435624e-03, 5.3656328145534051e-03,
       9.2828689217280700e-05, 1.5875238750153169e-04,
       5.5349537120383489e-03, 0., 0., 0., 0., 0., 0., 0., 0., 0. ]
std_extrinsics: !!opencv-matrix
   rows: 336
   cols: 1
   dt: d
   data: [ 7.2947515471342213e-04, 2.7957203403667470e-04,
       9.7655995187955673e-04, 1.4979779121730006e+00,
       9.5542557315435794e-01, 1.0930403656628405e+00,
       7.1782195848635235e-04, 2.8761198264307082e-04,
       9.7537986898314365e-04, 1.4974912487048742e+00,
       9.5465076884583733e-01, 1.0894910823853257e+00,
       7.2204634153942235e-04, 2.8224053305734095e-04,
       9.6549744631438319e-04, 1.4954416662601360e+00,
       9.5215890039880857e-01, 1.0802551434840120e+00,
       7.2241210422949696e-04, 2.8185425259873647e-04,
       9.6844988032743988e-04, 1.4932594460530328e+00,
       9.5170517459368409e-01, 1.0876178329383126e+00,
       7.1753650529380101e-04, 2.7884181317866524e-04,
       9.7029082710939840e-04, 1.4891986995803232e+00,
       9.5053765102516441e-01, 1.0885100788283737e+00,
       7.1682000382781563e-04, 2.7383710691724028e-04,
       9.6559464815039280e-04, 1.4808891068381302e+00,
       9.4678854591536488e-01, 1.0872686486181504e+00,
       6.9106322761994926e-04, 2.6934818251167752e-04,
       9.3591664002340186e-04, 1.4533659367859777e+00,
       9.3343592689242316e-01, 1.0997088621446389e+00,
       6.2590148699689496e-04, 2.7207927413184271e-04,
       8.8724097486923598e-04, 1.4691993259849641e+00,
       9.3960425358404154e-01, 1.0862776737030122e+00,
       6.0366988177506966e-04, 2.7074577756578278e-04,
       8.8081553923542505e-04, 1.4788946054968397e+00,
       9.4744492539739644e-01, 1.0904831368410486e+00,
       5.9984288629890466e-04, 2.6855741971380879e-04,
       8.8373704846372760e-04, 1.4918806455494298e+00,
       9.5641311616550329e-01, 1.1063137513088217e+00,
       5.9970387799973014e-04, 2.6939345959101644e-04,
       8.7775142002908375e-04, 1.4899127900358842e+00,
       9.5323907198847135e-01, 1.0969318606215510e+00,
       6.0940818523040684e-04, 2.7882861594311998e-04,
       8.7591208921690097e-04, 1.4895074348604571e+00,
       9.4891255095887206e-01, 1.0698013637220287e+00,
       6.6210651438769117e-04, 2.7498406871234027e-04,
       9.0807534263728491e-04, 1.4736071863126583e+00,
       9.4261451051288858e-01, 1.0892730232758312e+00,
       7.1722967040847938e-04, 2.7741304735699182e-04,
       9.3621670760998636e-04, 1.4821167733482461e+00,
       9.4375423184629470e-01, 1.0790473512197361e+00,
       7.5954088665238005e-04, 2.7185889644173631e-04,
       9.1592663378355424e-04, 1.4993172711463962e+00,
       9.5098104707038389e-01, 1.0781655821786134e+00,
       8.2096705062284113e-04, 2.6340472652959252e-04,
       9.1475280818739050e-04, 1.5265018145844742e+00,
       9.6774026145385306e-01, 1.0946356396105357e+00,
       8.4069901766760261e-04, 2.7395791393339058e-04,
       9.4616570082711954e-04, 1.5362997851694562e+00,
       9.7568303994019978e-01, 1.1069666371544082e+00,
       8.1988210153552627e-04, 2.6700639694266794e-04,
       9.5825381873027135e-04, 1.5123234920469595e+00,
       9.6454601448866306e-01, 1.1208988282796444e+00,
       9.0407299673181027e-04, 3.0035824388701928e-04,
       1.0132018353439802e-03, 1.4965862359892916e+00,
       9.6083650494406436e-01, 1.1762167953383695e+00,
       8.2792241056657849e-04, 3.0360656549554101e-04,
       1.0738433377760859e-03, 1.5015265493089811e+00,
       9.6966478802713696e-01, 1.2019641480851913e+00,
       7.9577367792103945e-04, 2.9551200704440390e-04,
       9.8939754236542009e-04, 1.5143225969933449e+00,
       9.7090393126862362e-01, 1.1636396035327832e+00,
       7.3020926464898524e-04, 2.8110908021263518e-04,
       9.7662159975686071e-04, 1.5165511353567787e+00,
       9.7011289380775723e-01, 1.1355583002049177e+00,
       7.2673067467501256e-04, 2.6297237743549132e-04,
       9.2591792194721481e-04, 1.5121293736136774e+00,
       9.6216189756720583e-01, 1.1016559726195516e+00,
       7.1343858705670798e-04, 2.6774859256541064e-04,
       9.2424641010347883e-04, 1.4954754108386734e+00,
       9.5226238466543467e-01, 1.0921526883193202e+00,
       6.9559064311721340e-04, 2.6698818754251126e-04,
       8.8574005255788067e-04, 1.4789695934850891e+00,
       9.3812482310686396e-01, 1.0552335159774957e+00,
       6.4808489363167338e-04, 2.6399837461621564e-04,
       8.7364767565441292e-04, 1.3952123850535323e+00,
       8.8733627949783478e-01, 9.8833334811401496e-01,
       6.4775560248779237e-04, 2.4527698556876684e-04,
       8.9404965998468523e-04, 1.2846886613938735e+00,
       8.2325255436863487e-01, 9.0928974167738530e-01,
       1.2863498254884495e-03, 3.8748540713139725e-04,
       1.3596650582748621e-03, 1.2092746619970356e+00,
       7.8992109473095007e-01, 1.1836278947279333e+00,
       1.3867446659870343e-03, 4.5173251570439004e-04,
       1.5010743096661246e-03, 1.1868789684179524e+00,
       7.8803639605583609e-01, 1.3116293410935327e+00,
       1.3886126795747270e-03, 5.4998350337722465e-04,
       1.7109364383533167e-03, 1.1214902569832519e+00,
       7.6345841254281277e-01, 1.5363901690365755e+00,
       9.8221261484390571e-04, 3.2727120436489812e-04,
       1.0899370531213867e-03, 1.2163190824741732e+00,
       8.0800144000394114e-01, 1.0654332631318340e+00,
       6.3652736328969305e-04, 2.7249941472250807e-04,
       8.8839162316871063e-04, 1.3552647894244265e+00,
       8.6856030268182172e-01, 8.5828998582427407e-01,
       6.7517894664481171e-04, 2.8498622111797640e-04,
       9.1309193103555984e-04, 1.4228702831912345e+00,
       9.1084908552005517e-01, 9.1783215087478853e-01,
       6.7905901605924939e-04, 3.0032886619344633e-04,
       9.2516503947481863e-04, 1.4524763298670607e+00,
       9.2937897305089034e-01, 9.2262717208164335e-01,
       6.9461204484316309e-04, 3.0614108013385187e-04,
       9.4053784599823108e-04, 1.4626328630815080e+00,
       9.3920093619203071e-01, 9.7233283388693625e-01,
       6.8007433689991001e-04, 3.0234942740159436e-04,
       9.2788013282392012e-04, 1.4676526743572340e+00,
       9.3853758387067976e-01, 9.3782866616998672e-01,
       6.7427965009531023e-04, 3.0148822100110396e-04,
       9.2071840041920978e-04, 1.4816746152510247e+00,
       9.4404382586512681e-01, 9.1433545424096441e-01,
       6.6307567859478578e-04, 2.9868193591901207e-04,
       9.1356897003922887e-04, 1.4928782719154170e+00,
       9.4768404659817573e-01, 8.9359428111060191e-01,
       6.8920754415142992e-04, 3.1211575329689498e-04,
       9.2898242916959143e-04, 1.4994283354881959e+00,
       9.4806646446194820e-01, 9.1798041070240122e-01,
       7.0123954906373836e-04, 3.1949663934616781e-04,
       9.4051825801119476e-04, 1.4975702346730002e+00,
       9.4498048913075672e-01, 9.4075157181571689e-01,
       6.6614598273390883e-04, 2.9871589380715005e-04,
       9.1741346929338525e-04, 1.4745132667511245e+00,
       9.3851010502468069e-01, 8.9763063973431667e-01,
       6.7069772529875860e-04, 2.9823709720317690e-04,
       9.2671695396112478e-04, 1.4644850035840082e+00,
       9.3707949988216377e-01, 9.4872027912358048e-01,
       6.6612208383661788e-04, 2.8732956118711350e-04,
       9.0899082800071089e-04, 1.4637398566470861e+00,
