%YAML:1.0
---
summary: "Filter by distance, md=250, ds=125."
init_cam_calib: C99-1010_3p_3
camera_matrix: !!opencv-matrix
   rows: 3
   cols: 3
   dt: d
   data: [ 2.5784557461946683e+03, 0., 1.8625233771092990e+03, 0.,
       2.5838314634987642e+03, 1.0844700518234404e+03, 0., 0., 1. ]
dist_coeff: !!opencv-matrix
   rows: 5
   cols: 1
   dt: d
   data: [ 5.1956400838978649e-03, 7.8607926503448857e-03,
       4.0029406033832010e-04, -3.7527874967229979e-03,
       -1.9238461096662968e-02 ]
std_intrinsics: !!opencv-matrix
   rows: 18
   cols: 1
   dt: d
   data: [ 1.6182117386983921e+00, 1.5467890546499081e+00,
       2.4441241408426806e+00, 1.5541892632933314e+00,
       3.0226505034128817e-03, 1.0762077501246223e-02,
       1.8483937903745448e-04, 3.1731631709129370e-04,
       1.1184263820806369e-02, 0., 0., 0., 0., 0., 0., 0., 0., 0. ]
std_extrinsics: !!opencv-matrix
   rows: 282
   cols: 1
   dt: d
   data: [ 1.3097831668713812e-03, 5.2013007096092501e-04,
       1.8520176796719835e-03, 3.0389321353983485e+00,
       1.9536835927910112e+00, 2.1835024595002688e+00,
       1.3552804842748192e-03, 5.1100486020241474e-04,
       1.8442917581164603e-03, 3.0505465087851804e+00,
       1.9585951523827136e+00, 2.1908796038156169e+00,
       1.4310046217244205e-03, 5.3017981812189053e-04,
       1.8891617165416425e-03, 3.0371122608015484e+00,
       1.9556431882343923e+00, 2.2219713204977962e+00,
       1.2694786513344663e-03, 4.8715954123599203e-04,
       1.7986953029678395e-03, 2.9586799378585931e+00,
       1.9178932697491482e+00, 2.2154168704215458e+00,
       1.1174640855073858e-03, 5.0177205696244685e-04,
       1.6951354614405138e-03, 3.0414359993651603e+00,
       1.9575150131015364e+00, 2.1833460804953115e+00,
       1.2650530692089013e-03, 5.0422926379196963e-04,
       1.7932204671869793e-03, 3.0124750859998093e+00,
       1.9353821095346002e+00, 2.1856667546809763e+00,
       1.3851293884770044e-03, 4.9344780615813368e-04,
       1.7724283499696983e-03, 3.0616446248957967e+00,
       1.9598112420235714e+00, 2.1856023072474500e+00,
       1.5136216563844968e-03, 4.7509100338947931e-04,
       1.7610745138439484e-03, 3.1171964820532994e+00,
       1.9939644862709123e+00, 2.2197870751234627e+00,
       1.5008649714851846e-03, 4.9042536283937840e-04,
       1.8024067715600961e-03, 3.0977245875909158e+00,
       1.9882694747343248e+00, 2.2282868377581111e+00,
       1.4940212687663042e-03, 4.9879154706537949e-04,
       1.8840670447044718e-03, 3.0834141015598826e+00,
       1.9892838336365175e+00, 2.2786632912647233e+00,
       1.7939886720397251e-03, 5.4355846045734226e-04,
       2.0150024716207296e-03, 3.0409250576936335e+00,
       1.9735707861256904e+00, 2.3796775717211909e+00,
       2.0889992696658238e-03, 5.6541579360841184e-04,
       2.1521926743541327e-03, 3.0938291162973925e+00,
       2.0159579064132291e+00, 2.4721800070969495e+00,
       1.5801536583228406e-03, 5.3780788024812673e-04,
       1.9209337161200249e-03, 3.0596401493352658e+00,
       1.9781543385201645e+00, 2.3257368316309215e+00,
       1.6844427819384768e-03, 5.3265605371644021e-04,
       1.9344552148059481e-03, 3.0428977095724838e+00,
       1.9813612141824717e+00, 2.4070182037854244e+00,
       2.0145622665981825e-03, 5.3350175649557183e-04,
       2.0616126743527451e-03, 3.0405027870230881e+00,
       1.9989270112563520e+00, 2.4861767728393400e+00,
       1.4562532042052992e-03, 5.5158805349815382e-04,
       2.0096524591093202e-03, 3.0531955765432075e+00,
       1.9910102461337467e+00, 2.3971725676904501e+00,
       1.4145753532841679e-03, 5.2717490228514356e-04,
       1.8842671309798509e-03, 3.0868119930758797e+00,
       1.9961431407663259e+00, 2.3105023964558233e+00,
       1.3347480285685435e-03, 5.0154984392620811e-04,
       1.8756443462548944e-03, 3.0863960166561215e+00,
       1.9920333510381703e+00, 2.2836899327452955e+00,
       1.3389139122301486e-03, 4.8111671818178864e-04,
       1.8209349714845070e-03, 3.0811899828962837e+00,
       1.9833818477866785e+00, 2.2532869060005418e+00,
       1.2891658055891209e-03, 4.8526355252609887e-04,
       1.7287926869840660e-03, 3.0314670299785078e+00,
       1.9422804482931904e+00, 2.1629538241876682e+00,
       1.1818623341393821e-03, 4.6624607305252515e-04,
       1.6909422045537107e-03, 2.8035631406365895e+00,
       1.8016684789084199e+00, 1.9879424048743399e+00,
       1.1615207156937396e-03, 4.4785921626315397e-04,
       1.7168408815113651e-03, 2.6915589232277228e+00,
       1.7371015831174057e+00, 1.9137708544554923e+00,
       1.2927739495408473e-03, 4.6913062425036164e-04,
       1.7469207241500900e-03, 2.5763672647367142e+00,
       1.6663076033618109e+00, 1.8842081659288832e+00,
       1.6956252610340992e-03, 5.5089465017829403e-04,
       1.9552461722966287e-03, 2.4845709469189532e+00,
       1.6170156407397902e+00, 1.9919751291482166e+00,
       2.4564403474798577e-03, 7.1453945273212396e-04,
       2.5608783267115397e-03, 2.4264770082120592e+00,
       1.5998544657898772e+00, 2.3140608839613006e+00,
       2.1559350447056718e-03, 7.0258959838090103e-04,
       2.4094397558950794e-03, 2.4201057302918882e+00,
       1.5832266886458841e+00, 2.3086162679859887e+00,
       2.5363807793024186e-03, 8.3640094235613437e-04,
       2.9281579935455772e-03, 2.3838857980109185e+00,
       1.5871944475515500e+00, 2.5867741873594583e+00,
       2.6469576367308682e-03, 9.4560933908793940e-04,
       3.2603779208692759e-03, 2.3359257740270660e+00,
       1.5655819331061789e+00, 2.9542766109218155e+00,
       2.5651227704736757e-03, 9.7627921571508710e-04,
       3.1551054492605945e-03, 2.2757916868474570e+00,
       1.5517760335017285e+00, 2.9521397976987203e+00,
       2.2367389360218835e-03, 8.2970457093510519e-04,
       2.9214201809742561e-03, 2.2704798865850324e+00,
       1.5535103613755030e+00, 2.6489382981539373e+00,
       1.8113601878347028e-03, 6.2515509558488047e-04,
       2.2330935695608909e-03, 2.4576816758580806e+00,
       1.6403133590651906e+00, 2.1514968923480633e+00,
       1.2006981542350547e-03, 4.7741370131810812e-04,
       1.7246614918416223e-03, 2.6491656379170374e+00,
       1.7195190069352837e+00, 1.7794079583018290e+00,
       1.1809043332826317e-03, 5.0504842896027823e-04,
       1.7224289626887705e-03, 2.7587507610516910e+00,
       1.7811324482801101e+00, 1.7357485895782470e+00,
       1.2569437410897067e-03, 5.5778758421354345e-04,
       1.7901936549463285e-03, 2.9573173426300134e+00,
       1.9072248571387309e+00, 1.8533855525754805e+00,
       1.2482593003043127e-03, 5.6159960652897014e-04,
       1.7791263654162999e-03, 3.0166706934389595e+00,
       1.9369623972769139e+00, 1.8373883465983571e+00,
       1.2686986083260655e-03, 5.4581559501929843e-04,
       1.7333602758752478e-03, 2.9936189784327625e+00,
       1.9202408981077541e+00, 1.8558087977422257e+00,
       1.2635821247202572e-03, 5.4877321824026181e-04,
       1.7258255253625909e-03, 2.9997782582240871e+00,
       1.9210091797131419e+00, 1.8611807245160006e+00,
       1.3126369185626980e-03, 5.7274082234049981e-04,
       1.7075659164451590e-03, 3.0312375403364946e+00,
       1.9288030814393620e+00, 1.7982418760229064e+00,
       1.3161133484931138e-03, 5.9988710086439985e-04,
       1.7200212179304423e-03, 2.9925947816065093e+00,
       1.8979027071281032e+00, 1.7536289574568644e+00,
       1.3183762348519612e-03, 5.9200089921657671e-04,
       1.7919010964097435e-03, 3.0454872203378249e+00,
       1.9400536086583020e+00, 1.7994796339806702e+00,
       1.3039772061696755e-03, 6.1729761099635762e-04,
       1.8506282719737098e-03, 2.9323714150432680e+00,
       1.8645503085588275e+00, 1.8448340548513995e+00,
       1.1148237973128508e-03, 6.0682787721135520e-04,
       1.8896129698262830e-03, 2.8680129298829447e+00,
       1.8261147887184803e+00, 1.7530736125162010e+00,
       1.1623485934018712e-03, 6.0417985863032715e-04,
       1.8358138313616411e-03, 2.8687498411605459e+00,
