%YAML:1.0
---
summary: "Filter by distance, md=250, ds=0."
init_cam_calib: C99-1010_3p_3
camera_matrix: !!opencv-matrix
   rows: 3
   cols: 3
   dt: d
   data: [ 2.5713618330756226e+03, 0., 1.8553510244778568e+03, 0.,
       2.5783356918526265e+03, 1.0853069038925134e+03, 0., 0., 1. ]
dist_coeff: !!opencv-matrix
   rows: 5
   cols: 1
   dt: d
   data: [ 8.3143982492586439e-03, -1.8134171309439884e-03,
       4.4588192045843920e-04, -4.9396516321453992e-03,
       -1.0475588955250283e-02 ]
std_intrinsics: !!opencv-matrix
   rows: 18
   cols: 1
   dt: d
   data: [ 1.7254971328037609e+00, 1.6438126665604742e+00,
       2.5964745730060179e+00, 1.6648988301396574e+00,
       3.1706984751600949e-03, 1.1088317409044229e-02,
       1.9751797822688459e-04, 3.3891085120158696e-04,
       1.1305671168311156e-02, 0., 0., 0., 0., 0., 0., 0., 0., 0. ]
std_extrinsics: !!opencv-matrix
   rows: 276
   cols: 1
   dt: d
   data: [ 1.3929782757506704e-03, 5.5125058332539264e-04,
       1.9698101536202834e-03, 3.2291457583560534e+00,
       2.0913040683283359e+00, 2.3214790809851467e+00,
       1.3383006111070208e-03, 5.1315799825011449e-04,
       1.9157300240085263e-03, 3.1418316605228966e+00,
       2.0496631883769303e+00, 2.3437766473598844e+00,
       1.2228986121490734e-03, 5.4508579104536696e-04,
       1.8206019121137552e-03, 3.2289942112092520e+00,
       2.0902328161305030e+00, 2.3017077646333459e+00,
       1.2762547683556550e-03, 5.2591537505787035e-04,
       1.8406849090201415e-03, 3.1735819946314314e+00,
       2.0627966328847611e+00, 2.3162727722550276e+00,
       1.3304615621788632e-03, 5.2369560539734924e-04,
       1.8879077912056896e-03, 3.1988250736046120e+00,
       2.0737353367957359e+00, 2.3387746022170415e+00,
       1.3604299780151320e-03, 5.2569496623727677e-04,
       1.8734865689533594e-03, 3.2151459908809739e+00,
       2.0756295580690138e+00, 2.2939812685214869e+00,
       1.5165864393502694e-03, 5.1634066878369586e-04,
       1.8737126149201990e-03, 3.2461494579577073e+00,
       2.0930445036474117e+00, 2.3221621450214633e+00,
       1.5921708005910615e-03, 5.1546635582341903e-04,
       1.9591481347724974e-03, 3.2739394892124070e+00,
       2.1245950492597792e+00, 2.4119384202117549e+00,
       1.7337193948401683e-03, 5.3765890405446084e-04,
       2.0359830253304833e-03, 3.2314251340833833e+00,
       2.1061885883258027e+00, 2.4588783983532880e+00,
       1.9050854780340689e-03, 5.7634943281403448e-04,
       2.1414158969477906e-03, 3.2300936937650646e+00,
       2.1123678556160104e+00, 2.5300771098956667e+00,
       2.2162765870455347e-03, 5.9935702736898893e-04,
       2.2870823694523743e-03, 3.2863521087877712e+00,
       2.1573178974902474e+00, 2.6279868915421285e+00,
       1.6776414767782392e-03, 5.7011139348666284e-04,
       2.0427953986830037e-03, 3.2505683948766753e+00,
       2.1172380074808590e+00, 2.4726448761875752e+00,
       1.7874215583419074e-03, 5.6485771230268059e-04,
       2.0566741069362898e-03, 3.2321623454386437e+00,
       2.1205266983021112e+00, 2.5589425731543751e+00,
       2.1369143347385118e-03, 5.6626062514382014e-04,
       2.1910081744652638e-03, 3.2291961041058035e+00,
       2.1389971533427388e+00, 2.6422916015762135e+00,
       1.5450000295336209e-03, 5.8602618010413171e-04,
       2.1353908232920132e-03, 3.2422911919255690e+00,
       2.1310101680357620e+00, 2.5490978496944132e+00,
       1.5023822679535791e-03, 5.5874606784084063e-04,
       2.0042046487306390e-03, 3.2792828303968391e+00,
       2.1366841704263058e+00, 2.4567414901436098e+00,
       1.4194794781810284e-03, 5.3199670193924953e-04,
       1.9941758379994124e-03, 3.2786838632657660e+00,
       2.1323661948588599e+00, 2.4292449384170913e+00,
       1.4239393584197348e-03, 5.1026329687051933e-04,
       1.9356952705013352e-03, 3.2732134978013598e+00,
       2.1231274029002307e+00, 2.3976497712569707e+00,
       1.3712771467766923e-03, 5.1429354654934254e-04,
       1.8393329632774296e-03, 3.2209000014883564e+00,
       2.0791301370452846e+00, 2.3015790314031355e+00,
       1.2574916873752794e-03, 4.9407420877221322e-04,
       1.7994977182829307e-03, 2.9786716617805076e+00,
       1.9285034543395738e+00, 2.1154206103477211e+00,
       1.2356828389541259e-03, 4.7470698151711187e-04,
       1.8256286589971825e-03, 2.8595209622795701e+00,
       1.8593046706187635e+00, 2.0364086720770556e+00,
       1.3734626979941887e-03, 4.9757704546515196e-04,
       1.8596246733578151e-03, 2.7375298864805711e+00,
       1.7833363671934050e+00, 2.0022775325926618e+00,
       1.7998933465364524e-03, 5.8363869547068965e-04,
       2.0784688987999832e-03, 2.6407590031500066e+00,
       1.7302527082610220e+00, 2.1143085746953805e+00,
       2.6081327842434185e-03, 7.5606959732536945e-04,
       2.7183688408528354e-03, 2.5795582687944316e+00,
       1.7111951842408590e+00, 2.4554014427141708e+00,
       2.2873928044886459e-03, 7.4408909019057069e-04,
       2.5592379650362421e-03, 2.5728981148213017e+00,
       1.6937889398374051e+00, 2.4499772710955057e+00,
       2.6881802390714715e-03, 8.8533107249305089e-04,
       3.1071698463957216e-03, 2.5346930209825920e+00,
       1.6982617701028120e+00, 2.7432329288728683e+00,
       2.8036915095793163e-03, 1.0010455717691389e-03,
       3.4598253529834521e-03, 2.4829390464223695e+00,
       1.6749037197327186e+00, 3.1343006893600101e+00,
       2.7158015740504282e-03, 1.0331251350142866e-03,
       3.3484217455579152e-03, 2.4194737994515987e+00,
       1.6599292182058984e+00, 3.1317800404854257e+00,
       2.3674375022364057e-03, 8.7889486284369143e-04,
       3.0991698985196880e-03, 2.4155637682924360e+00,
       1.6624090300706447e+00, 2.8090875081148678e+00,
       1.9188900277956912e-03, 6.6383511722258092e-04,
       2.3740924592747506e-03, 2.6146985491496899e+00,
       1.7555057980913471e+00, 2.2854354641009826e+00,
       1.2769826831521979e-03, 5.0724155891217161e-04,
       1.8356574651538248e-03, 2.8181480809276054e+00,
       1.8406587036610598e+00, 1.8908646889355853e+00,
       1.2569932485846974e-03, 5.3700245420239441e-04,
       1.8330781306514356e-03, 2.9345233369932262e+00,
       1.9068667748577390e+00, 1.8453275495075174e+00,
       1.3379652184002688e-03, 5.9332466203230007e-04,
       1.9046284387455375e-03, 3.1456396672202689e+00,
       2.0420103739026154e+00, 1.9700066047465075e+00,
       1.3286739171114175e-03, 5.9756932373636936e-04,
       1.8927424493962865e-03, 3.2084732604286170e+00,
       2.0738166689155833e+00, 1.9532730564171341e+00,
       1.3497033512552125e-03, 5.8084338011095210e-04,
       1.8443465686099213e-03, 3.1841966400998087e+00,
       2.0558123404970474e+00, 1.9730256999808597e+00,
       1.3440309709262380e-03, 5.8402879358583528e-04,
       1.8362337148547852e-03, 3.1905987759685672e+00,
       2.0565328564171743e+00, 1.9788103520915818e+00,
       1.3962620335730752e-03, 6.0989480465892764e-04,
       1.8163213030240421e-03, 3.2234579057857640e+00,
       2.0652315371803862e+00, 1.9108648828180144e+00,
       1.4004699765650603e-03, 6.3898485164043568e-04,
       1.8297432091185784e-03, 3.1822745168624422e+00,
       2.0325242666010035e+00, 1.8624109289415967e+00,
       1.4032130681441385e-03, 6.3030550804893577e-04,
       1.9061294731459615e-03, 3.2382785268483345e+00,
       2.0775781860905709e+00, 1.9118702237885541e+00,
       1.3887207056644544e-03, 6.5701098830545763e-04,
       1.9691178582052480e-03, 3.1174229382359955e+00,
       1.9965674843722965e+00, 1.9613340701744297e+00,
       1.1859859563096271e-03, 6.4600474674800950e-04,
       2.0115099223755070e-03, 3.0492855122481304e+00,
       1.9555633301628303e+00, 1.8632069011042700e+00,
       1.2364071373355057e-03, 6.4310807266498675e-04,
       1.9538226396543911e-03, 3.0501926806263735e+00,
       1.9601915240210910e+00, 1.8341291265123005e+00,
       1.2998166221316976e-03, 6.6308561965428546e-04,
       1.9272181861081298e-03, 3.0718549259564321e+00,
