%YAML:1.0
---
summary: "Filter by time and points, rd=20, rs=0, sp=5, sf=1."
init_cam_calib: C99-1010_3p_3
camera_matrix: !!opencv-matrix
   rows: 3
   cols: 3
   dt: d
   data: [ 2.5521207946204977e+03, 0., 1.8793957833798013e+03, 0.,
       2.5533026097643669e+03, 1.0886405231761380e+03, 0., 0., 1. ]
dist_coeff: !!opencv-matrix
   rows: 5
   cols: 1
   dt: d
   data: [ 2.9619826059037558e-02, -7.9625808437671891e-02,
       -7.9490189527629655e-04, -5.8733965407621852e-04,
       7.1217649064963001e-02 ]
std_intrinsics: !!opencv-matrix
   rows: 18
   cols: 1
   dt: d
   data: [ 2.2653528865767369e+00, 2.1505379921241259e+00,
       3.5307574892840394e+00, 2.1679636140943477e+00,
       4.4369705671637684e-03, 1.5481669510695515e-02,
       2.7277877027498631e-04, 4.7211413072298917e-04,
       1.5637625933074883e-02, 0., 0., 0., 0., 0., 0., 0., 0., 0. ]
std_extrinsics: !!opencv-matrix
   rows: 252
   cols: 1
   dt: d
   data: [ 1.6859979495831548e-03, 7.2671757783447481e-04,
       2.6105394181537320e-03, 4.3765824564777018e+00,
       2.7253065177765814e+00, 3.0397370600827496e+00,
       1.8697019891317414e-03, 7.0943025347042308e-04,
       2.6225193851190905e-03, 4.4007194523239548e+00,
       2.7480597761086951e+00, 3.2011250927928061e+00,
       1.6379357334760244e-03, 6.7872970076065392e-04,
       2.6148197470590743e-03, 4.4047939755714811e+00,
       2.7569363233973894e+00, 2.9155017402599506e+00,
       1.7092742737576426e-03, 6.9292897359422942e-04,
       2.5694077098716347e-03, 4.3788967372825862e+00,
       2.7298789026836214e+00, 3.0134946011858341e+00,
       2.0976476559518048e-03, 7.3196472321332938e-04,
       2.8338238185560386e-03, 4.3527062542754935e+00,
       2.7265264784158951e+00, 3.1670079134116249e+00,
       1.8345234955117456e-03, 7.2362413115682810e-04,
       2.6754927166408554e-03, 4.2888883749499911e+00,
       2.6895830590846646e+00, 3.1965446479836115e+00,
       1.6410080422134580e-03, 7.3339565941667423e-04,
       2.5719965313501418e-03, 4.3377194265744361e+00,
       2.7114824097372434e+00, 3.1568103110168777e+00,
       1.4961510755163957e-03, 6.7468177040123825e-04,
       2.3562721677214196e-03, 4.3919375187800362e+00,
       2.7485659370600066e+00, 3.1400167743161349e+00,
       1.8094551900761546e-03, 7.0741859726645854e-04,
       2.4951788815436300e-03, 4.4051237444342499e+00,
       2.7478760392129797e+00, 3.0870572896892874e+00,
       1.6518429438046041e-03, 7.1869291773363274e-04,
       2.5362618486490418e-03, 4.3333258076194525e+00,
       2.7173753868331509e+00, 2.9694082338186716e+00,
       1.9718316038263000e-03, 7.3655237198197356e-04,
       2.6953724233692617e-03, 4.3645955414030917e+00,
       2.7139013609614269e+00, 3.0990245242645482e+00,
       1.8889055444643588e-03, 6.9605466852671162e-04,
       2.4665396396543822e-03, 4.4021080072043119e+00,
       2.7271847979110397e+00, 2.9861997263338846e+00,
       2.3250066676189889e-03, 7.0942203778454407e-04,
       2.7003868417869834e-03, 4.5079739465490327e+00,
       2.7837861803886375e+00, 3.0666948170690702e+00,
       2.0650198544930457e-03, 7.1089814041403929e-04,
       2.7925487474566332e-03, 4.4568771425266887e+00,
       2.7644560086626710e+00, 3.0710446430816223e+00,
       3.7310254999084452e-03, 7.5411143403674330e-04,
       3.1705886100273765e-03, 4.4274092523314605e+00,
       2.8594902041600601e+00, 3.6138601976674538e+00,
       2.0957153178460023e-03, 7.1850363684706283e-04,
       2.6985666515656368e-03, 4.4504248829738202e+00,
       2.8024496825264293e+00, 3.2561205052357178e+00,
       1.7533674357515475e-03, 6.6183053979625422e-04,
       2.6621408570815510e-03, 4.4806531494410473e+00,
       2.7999805895963679e+00, 3.0688059342689411e+00,
       1.7072012855627813e-03, 7.1389733366818782e-04,
       2.7027286404132126e-03, 4.4311276360178162e+00,
       2.7367894120934015e+00, 3.0897404140683560e+00,
       1.9832129505127374e-03, 6.7732741248310770e-04,
       2.4916911121967834e-03, 4.3869055721253281e+00,
       2.7369182842317366e+00, 3.1340708629712308e+00,
       2.0021909737923905e-03, 6.7858019962550083e-04,
       2.4981014995696165e-03, 4.1193717423807348e+00,
       2.5558909855753273e+00, 2.8730835081048247e+00,
       2.1113597170515151e-03, 7.9247488714674652e-04,
       2.5560874276399628e-03, 3.6146955082030070e+00,
       2.2707008158638335e+00, 2.9812568316367152e+00,
       3.3193807847375100e-03, 1.0256045278006173e-03,
       3.9295249889390316e-03, 3.4641813435706412e+00,
       2.2291065424143910e+00, 3.1698073733358827e+00,
       3.9680605617791985e-03, 1.4061040816953823e-03,
       4.7331197275040935e-03, 3.2732249235316857e+00,
       2.1501896715858551e+00, 4.1704021832225040e+00,
       1.6027636521087508e-03, 6.7463295684041949e-04,
       2.5287157320516996e-03, 3.8336591962605082e+00,
       2.4155740241859642e+00, 2.5175882743835576e+00,
       1.6743420678307127e-03, 7.5162705402901904e-04,
       2.6581082179507553e-03, 4.1149352695825234e+00,
       2.5820115246067585e+00, 2.6001330740929109e+00,
       1.8979142232045021e-03, 8.3555682386864778e-04,
       2.6733185398492140e-03, 4.2890954957152827e+00,
       2.6788912218427465e+00, 2.8474343944119798e+00,
       1.8620558390549614e-03, 7.7350703835205622e-04,
       2.5547324178854538e-03, 4.3301463510509040e+00,
       2.7186063668345390e+00, 2.6381411299123676e+00,
       1.7674814567773974e-03, 7.8920935742028046e-04,
       2.6350408822132386e-03, 4.3586353267717328e+00,
       2.7106158266608884e+00, 2.6054778939653231e+00,
       1.7544674995197960e-03, 7.7698385512054672e-04,
       2.6766435287889482e-03, 4.4035822170247503e+00,
       2.7132574695912886e+00, 2.4953793527027561e+00,
       1.7876813726727908e-03, 7.8886255844323370e-04,
       2.5462839672095150e-03, 4.4283787773529095e+00,
       2.7153370674159554e+00, 2.5134191611174210e+00,
       1.7918454030790782e-03, 8.1504622477225857e-04,
       2.6123760041945956e-03, 4.3705221982948803e+00,
       2.7022606290058873e+00, 2.6588896673631446e+00,
       1.7618769887012284e-03, 7.4556253197512938e-04,
       2.5902509777203727e-03, 4.3141523005266214e+00,
       2.7015954627377710e+00, 2.6500945832718314e+00,
       1.7886429783346152e-03, 7.4954451464881759e-04,
       2.5582260461416888e-03, 4.3218028692720960e+00,
       2.6893124033283593e+00, 2.5801654676092585e+00,
       1.9513790328476467e-03, 7.6608287808873471e-04,
       2.3760711413333309e-03, 4.3780379950277810e+00,
       2.7147969877589340e+00, 2.5146294003783076e+00,
       1.8682148556870856e-03, 7.9225078145108785e-04,
       2.3657642415141349e-03, 4.4013533629147554e+00,
       2.7129676719753717e+00, 2.4539244224156165e+00,
       1.9978539660758616e-03, 8.1108849214275077e-04,
       2.5360092324514171e-03, 4.3659150712281596e+00,
       2.6969895639836214e+00, 2.4176971053769396e+00,
       2.0541055398025474e-03, 8.8798145433404709e-04,
       2.4898603718716797e-03, 4.4102218598815552e+00,
       2.7208135373403310e+00, 2.4666311120964277e+00,
       1.5895465002665665e-03, 8.3659403384222239e-04,
       2.8510099448551796e-03, 4.3825658975244011e+00,
       2.7018004416411285e+00, 2.6311653655592009e+00,
       1.9039664448067077e-03, 8.7025248358794309e-04,
       2.5883325930212168e-03, 4.2437935655278380e+00,
       2.6063374925446081e+00, 2.5334849437488836e+00,
       1.7299810401539876e-03, 8.1397547247067303e-04,
       2.4535061840290392e-03, 4.1955956480158703e+00,
       2.6124430768719398e+00, 2.4444017034851941e+00,
       1.6071264773539718e-03, 8.1523899488316850e-04,
       2.4825269376271470e-03, 4.2141133963033512e+00,
       2.6257242538074159e+00, 2.5140051482919223e+00,
       1.7417684001827191e-03, 8.9905271835440310e-04,
       2.6370486470558550e-03, 4.2080334475921495e+00,
       2.6268491267396255e+00, 2.5604366572882475e+00 ]
