%YAML:1.0
---
summary: "Filter by time and points, rd=20, rs=0, sp=5, sf=0."
init_cam_calib: C99-1010_3p_3
camera_matrix: !!opencv-matrix
   rows: 3
   cols: 3
   dt: d
   data: [ 2.5465544076347419e+03, 0., 1.8832808390179678e+03, 0.,
       2.5479060234336143e+03, 1.0899319397226493e+03, 0., 0., 1. ]
dist_coeff: !!opencv-matrix
   rows: 5
   cols: 1
   dt: d
   data: [ 1.7714767748010105e-02, -2.3754019579065436e-02,
       -1.2209664001327201e-03, -1.8306880510922887e-04,
       3.9392147905308638e-03 ]
rvec: !!opencv-matrix
   rows: 42
   cols: 3
   dt: d
   data: [ -3.1332398598261184e+00, -1.4543834159856011e-02,
       -1.4724483968794597e-01, -3.1383415108086652e+00,
       -8.2505566859320707e-03, -1.1742464889667811e-01,
       -3.1262570766694067e+00, -1.1133362486919566e-02,
       -1.1670790697849368e-01, -3.1330250269693853e+00,
       -2.8102089821499302e-03, -7.6558108702626027e-02,
       3.1329942356639791e+00, -8.2651224418277200e-03,
       2.9337224063799561e-02, 3.0205781209407934e+00,
       -9.0921441755617033e-02, 6.7117714969449821e-02,
       3.0091009692753876e+00, -4.2714239180816009e-02,
       5.8172945507657413e-02, 2.9924180290426547e+00,
       -2.0691575546067157e-02, -2.9410369768731485e-03,
       3.0155779652435877e+00, -3.2211237028571039e-03,
       3.2045362945319150e-02, 3.0628625796675704e+00,
       -3.4883559735110564e-02, 1.2557920324518695e-01,
       -3.1026725190950661e+00, 5.6348720411258213e-02,
       -1.0205010240018203e-01, -3.0012282741043377e+00,
       8.8105201526646235e-02, -7.8379772187008187e-02,
       -2.9590704073121992e+00, 1.5736257324321234e-01,
       4.1414684696914391e-03, -3.0015519128590165e+00,
       1.3207377085788755e-01, 4.3655016247145448e-02,
       2.9996731148299647e+00, -7.1523031467227105e-02,
       1.3339586340101394e-02, 3.0814330863559487e+00,
       1.2324983640013025e-02, 6.8364957677298777e-02,
       3.1329034699461831e+00, 2.0330925708668394e-02,
       2.9362956723408291e-02, -3.0685178424943058e+00,
       6.0728211271235382e-03, -3.3956858338245556e-02,
       -3.0725678460618351e+00, 4.5423462199855158e-02,
       -1.0439351499431550e-01, -3.0771854969833736e+00,
       1.0676376660873388e-01, -1.3604196559100182e-01,
       3.0882877356020235e+00, -1.3219557571118964e-01,
       2.3004381514765368e-01, 3.0816703466112747e+00,
       -9.7652568630754888e-02, 2.6926448319987284e-01,
       3.0481006730215228e+00, 1.1960883835493547e-01,
       2.1307092754521567e-01, -3.0147765106614028e+00,
       -6.5089016348660544e-02, 5.3305251262474906e-01,
       -3.0425209233247394e+00, -9.0105912642074737e-03,
       6.7098656284911240e-01, -3.0268467981603493e+00,
       -3.2602144058174715e-02, 7.9647657917306525e-01,
       -3.0173028113425233e+00, -3.0208956288294713e-02,
       7.7809152087414335e-01, -2.9755609291784091e+00,
       -1.6032156571433396e-02, 8.1048306555284766e-01,
       -2.9344987329846228e+00, -1.7197911038778664e-02,
       9.0525956256466911e-01, -2.8728860754585663e+00,
       -2.6297788315130917e-02, 1.0370977543103814e+00,
       -2.9276002944397721e+00, -3.0116927174609832e-02,
       9.5867060490129574e-01, -2.9788575093207741e+00,
       -1.2289854041908396e-02, 7.5300757157991471e-01,
       -2.9045196870961192e+00, -2.3261338359879744e-02,
       7.6335385917175380e-01, -2.8224145172497690e+00,
       2.9376691863350513e-02, 7.8100167731353654e-01,
       -2.8195880950612060e+00, 3.1547406306260350e-02,
       8.5061396251820365e-01, -2.9150609790346818e+00,
       1.3936953157223675e-01, 9.5249651707805838e-01,
       -2.9495369464308601e+00, 5.7083462614510680e-02,
       1.0070879500781675e+00, 2.9733139322728133e+00,
       -2.5308632806023874e-02, -9.9229468438776003e-01,
       -2.9369055368549937e+00, 8.9121684181116614e-02,
       1.0584361857831968e+00, 2.7504152523993639e+00,
       -1.1600483714253143e-01, -8.8113042318683210e-01,
       2.8243253625391938e+00, -1.0092491827541469e-01,
       -8.3604845673699257e-01, 2.8197648225252427e+00,
       -9.2381173434130479e-02, -8.2300628750145732e-01 ]
tvec: !!opencv-matrix
   rows: 42
   cols: 3
   dt: d
   data: [ -1.2693373694467167e+02, 1.6137775191505955e+02,
       3.1105594518131543e+03, -9.6547704339579610e+01,
       1.7208045534202262e+02, 3.1234902516863717e+03,
       -8.6441651766113935e+01, 1.3939309757971589e+02,
       3.1126192289152686e+03, 4.9821145839444165e+00,
       1.5651661898208530e+02, 3.1039459338448737e+03,
       1.0948271577481992e+02, 2.0028132727471407e+02,
       3.0891333855786206e+03, 1.1944748075048136e+02,
       2.6019618966232366e+02, 3.0290369151133887e+03,
       1.3814711065568230e+02, 3.5895270543414576e+01,
       3.0804234758420994e+03, 2.3931600690114635e+02,
       7.9322195651373590e+01, 3.1240047868031015e+03,
       1.6159700976711204e+02, -2.6722339638183596e+00,
       3.1223417352612832e+03, 3.2004556181332844e+00,
       2.8513995469988522e+01, 3.0767842994223693e+03,
       5.0275530623856376e+01, 6.4064156072618132e+01,
       3.0880347600981809e+03, 4.2304534445077678e+01,
       5.7846095821556132e+00, 3.1258745702920860e+03,
       2.2785399846900688e+02, 4.6634426998913106e+01,
       3.1942112126906027e+03, 3.0716412306727847e+02,
       1.5031198806665776e+02, 3.1592146533507025e+03,
       2.2104932678926335e+02, 6.8123931864293286e+02,
       3.0795333668690596e+03, 7.8765772324236977e+01,
       4.0444344375541868e+02, 3.1548351921629514e+03,
       1.8423347296729193e+02, 2.0277225376476446e+02,
       3.1678771434809828e+03, 2.1184455980428157e+02,
       -6.7318400439547858e+01, 3.1437181431778044e+03,
       1.3665486685262280e+02, -5.7607413736545119e+01,
       3.1135563919064439e+03, 6.2610129239538153e+01,
       -6.2700721635675137e+01, 2.9096166578834541e+03,
       -3.4010327589521233e+02, 2.7003075065278517e+02,
       2.5487316975230356e+03, -9.0861233417370772e+02,
       2.8171315180370294e+02, 2.3504462225022967e+03,
       -1.4402499658226600e+03, 1.7498277517247388e+02,
       2.1172097361800966e+03, -6.7316233422976097e+02,
       -3.5887039910366390e+01, 2.7071612398103948e+03,
       -6.3672820760446302e+02, 1.1999931799372963e+02,
       2.9138181028824083e+03, -5.0454890879291452e+02,
       1.1768568390917630e+02, 3.0391617674710683e+03,
       -5.6329560252945362e+02, 1.1615843354040331e+02,
       3.0688646226045366e+03, -4.6842881351897790e+02,
       3.3412160888665063e+01, 3.0875512866369172e+03,
       -2.4621051412797763e+02, -1.1150499799324340e+01,
       3.1190679389345023e+03, 6.9322798156271503e+01,
       -6.5610232686485560e+01, 3.1231246363383698e+03,
       -1.2539422683030247e+02, -4.7779547921688767e+01,
       3.0950617624182332e+03, -5.7570957140138216e+02,
       -1.5016990870202285e+01, 3.0577680191602458e+03,
       -4.9097942239047501e+02, -1.4719311377413547e+01,
       3.0674905258623944e+03, -3.8510422367734873e+02,
       -1.0609949960632880e+01, 3.1063719621878076e+03,
       -2.3996571773261735e+02, 2.9884450468690822e+01,
       3.1121100579741178e+03, -4.2688053898433544e+01,
       2.3500163711434479e+02, 3.0962195811573224e+03,
       3.6541619223219390e+00, 1.9612731324971725e+02,
       3.1031326595901396e+03, 2.4056683995248598e+01,
       1.9561258074845284e+02, 3.0848388130972035e+03,
       1.8355702633804358e+02, -2.7389219690003859e+01,
       2.9870496528997201e+03, 1.4509798683167530e+01,
       4.0259381504732340e+02, 2.9506694467210282e+03,
       -1.4127519750354676e+02, 1.6659134688647404e+02,
       2.9768310458278697e+03, -1.6113783207862741e+02,
       1.8738497925238946e+02, 2.9758491276189256e+03 ]
