%YAML:1.0
---
summary: "Filter by time, rd=20, rs=15."
init_cam_calib: C99-1010_3p_3
camera_matrix: !!opencv-matrix
   rows: 3
   cols: 3
   dt: d
   data: [ 2.5705405384195196e+03, 0., 1.8768016983349435e+03, 0.,
       2.5672553835055151e+03, 1.0804199988544838e+03, 0., 0., 1. ]
dist_coeff: !!opencv-matrix
   rows: 5
   cols: 1
   dt: d
   data: [ 2.4753648970133733e-02, -6.3879367550751340e-02,
       -3.5332153054823157e-04, -1.4553365385591274e-03,
       5.1899132683576113e-02 ]
std_intrinsics: !!opencv-matrix
   rows: 18
   cols: 1
   dt: d
   data: [ 8.6977768423898183e-01, 8.2186752828002607e-01,
       1.3870642972195291e+00, 8.5761351508733408e-01,
       1.7553579914170389e-03, 6.2781612125655060e-03,
       1.0601489355168863e-04, 1.8183367862206767e-04,
       6.5674433864313375e-03, 0., 0., 0., 0., 0., 0., 0., 0., 0. ]
std_extrinsics: !!opencv-matrix
   rows: 252
   cols: 1
   dt: d
   data: [ 7.5778868311356204e-04, 2.9321459058002773e-04,
       1.0395770629891752e-03, 1.7300124000357888e+00,
       1.0898217925137326e+00, 1.1970099969066372e+00,
       7.2883307763985886e-04, 2.8024975839107389e-04,
       1.0372408145474668e-03, 1.7268038893147675e+00,
       1.0838988994227963e+00, 1.1698810682316956e+00,
       7.2802289299894859e-04, 2.7916168021908450e-04,
       1.0375473325205408e-03, 1.7247603390460988e+00,
       1.0832322748765046e+00, 1.1736093905957403e+00,
       7.1972778444440199e-04, 2.7335259602663254e-04,
       1.0419705505107701e-03, 1.7094186275927885e+00,
       1.0762424209742032e+00, 1.1751222296102593e+00,
       6.9986038393021765e-04, 2.6812413623081158e-04,
       1.0082631522564660e-03, 1.6790848611619731e+00,
       1.0624825099683917e+00, 1.1882663961522852e+00,
       6.2732526889462291e-04, 2.7638809992303287e-04,
       9.4556154106643833e-04, 1.7117289303823917e+00,
       1.0764781593074799e+00, 1.1575849569533079e+00,
       6.1526741124880581e-04, 2.7016035527694759e-04,
       9.6228990165398375e-04, 1.7242928404811317e+00,
       1.0886143858989783e+00, 1.1946338119984830e+00,
       6.1270771001538360e-04, 2.6973515719362265e-04,
       9.5340240329025720e-04, 1.7224045241904957e+00,
       1.0855180695991911e+00, 1.1872660010333749e+00,
       6.3495523352570386e-04, 2.8836395293712627e-04,
       9.4522504044473377e-04, 1.7084642816699527e+00,
       1.0723339416008622e+00, 1.1464580154112274e+00,
       7.1726204566319597e-04, 2.7034684947661099e-04,
       9.9220345845298812e-04, 1.7125350950571887e+00,
       1.0716049532542404e+00, 1.1548512102147013e+00,
       7.6567193401810623e-04, 2.6978655403589279e-04,
       9.8784584672121441e-04, 1.7318706926767184e+00,
       1.0823771499934822e+00, 1.1657551753665087e+00,
       8.2908542938818161e-04, 2.6995859664615202e-04,
       1.0009500163409069e-03, 1.7744825901368311e+00,
       1.1105477442320169e+00, 1.2025842948522312e+00,
       8.2114078419265812e-04, 2.6335078349288481e-04,
       1.0020804129393841e-03, 1.7562768832109483e+00,
       1.1009533684903725e+00, 1.2008563500651459e+00,
       9.0703600993921499e-04, 2.9813564210955259e-04,
       1.0790549565893000e-03, 1.7268512705402188e+00,
       1.0928972630744165e+00, 1.2628877345203697e+00,
       8.5885076774606765e-04, 2.9031151484182859e-04,
       1.0797012183172158e-03, 1.7485463966361610e+00,
       1.1113082812988269e+00, 1.2959425468501267e+00,
       7.5407268704780737e-04, 2.8293673754058743e-04,
       1.0516731488272033e-03, 1.7522817768830674e+00,
       1.1046148212585525e+00, 1.2271170674760585e+00,
       7.3494737536019617e-04, 2.6125167692226802e-04,
       1.0003292529260726e-03, 1.7478633429626853e+00,
       1.0955721231077808e+00, 1.1913032390802218e+00,
       7.2125783343453503e-04, 2.7264090950498548e-04,
       1.0016697443618430e-03, 1.7256030501217361e+00,
       1.0824624642803713e+00, 1.1851339147137150e+00,
       6.7751936955982070e-04, 2.6381073331138195e-04,
       9.4786616840838620e-04, 1.6522898385830154e+00,
       1.0325486455792650e+00, 1.0948077054892036e+00,
       6.5689774732790608e-04, 2.4373225161312731e-04,
       9.7494980193598053e-04, 1.4821650945566758e+00,
       9.3658949691151627e-01, 9.9254345921652709e-01,
       1.3759639408292858e-03, 3.9655941385029555e-04,
       1.4153263623024864e-03, 1.3655406475806968e+00,
       8.8941679990443567e-01, 1.2904298366664648e+00,
       1.4067435015961091e-03, 5.1277183404933153e-04,
       1.6929469613747280e-03, 1.3020111579240725e+00,
       8.6040965169950467e-01, 1.5981447633849937e+00,
       9.8708999986916166e-04, 3.2715515893037860e-04,
       1.1651151821919755e-03, 1.4020471967913137e+00,
       9.1462665818075195e-01, 1.1658331190269182e+00,
       6.8167324875560232e-04, 2.8781180800491657e-04,
       9.8906812189857355e-04, 1.5864572938175387e+00,
       1.0038278711662305e+00, 9.9229056534126048e-01,
       6.9218210492244569e-04, 3.0267104308346417e-04,
       9.9685304201656841e-04, 1.6776707759941196e+00,
       1.0535362575672838e+00, 9.8919502307112717e-01,
       7.1377483496388842e-04, 3.1291981771583785e-04,
       1.0209957856975600e-03, 1.6893941586213066e+00,
       1.0680161965704729e+00, 1.0629816057169288e+00,
       6.9342639770212885e-04, 3.0662966062173862e-04,
       1.0045678315350475e-03, 1.6968261998690923e+00,
       1.0679486532008744e+00, 1.0237376503936571e+00,
       7.0150749466411661e-04, 3.1153277882464442e-04,
       9.9475915912703881e-04, 1.7189280892149246e+00,
       1.0760625382470173e+00, 9.8498772702631532e-01,
       7.0957434646075931e-04, 3.2033987149284691e-04,
       9.9784409485232490e-04, 1.7321480674710201e+00,
       1.0776537100515453e+00, 9.9228935582924982e-01,
       7.1104824846662264e-04, 3.2328264887789807e-04,
       1.0038470463963039e-03, 1.7230911640085844e+00,
       1.0709829459303606e+00, 9.9874833811661379e-01,
       6.7716389405456979e-04, 3.0232201500381394e-04,
       1.0074735005976513e-03, 1.6916177790456639e+00,
       1.0654177333086960e+00, 1.0352825058734147e+00,
       6.8581726623576664e-04, 2.9452277552654698e-04,
       9.8715961092511739e-04, 1.6910148640276770e+00,
       1.0619488747133361e+00, 1.0245610921572397e+00,
       6.9673536237979639e-04, 3.0059512775362600e-04,
       9.5537294832506508e-04, 1.7144407618636512e+00,
       1.0705566318601918e+00, 1.0079860338016819e+00,
       7.1295224433649514e-04, 3.0818237599881856e-04,
       9.3357907976759989e-04, 1.7225729239821419e+00,
       1.0714987164676815e+00, 9.6477524533758841e-01,
       7.5251035276852356e-04, 3.3407213900304463e-04,
       9.6583722242061002e-04, 1.7189068423021638e+00,
       1.0630813852735517e+00, 9.8265777281364730e-01,
       7.0194324354724748e-04, 3.1242814001632575e-04,
       9.9046785411223892e-04, 1.7233491553960332e+00,
       1.0737459028200367e+00, 9.6565357181712030e-01,
       6.2932658919879504e-04, 3.2765556441558208e-04,
       1.0770853520219829e-03, 1.7141262412162663e+00,
       1.0676997527943664e+00, 9.6666398747230642e-01,
       6.2612777064808786e-04, 3.3651704050063067e-04,
       1.0858780717292293e-03, 1.6762425693324556e+00,
       1.0394006628222252e+00, 9.7635009879407830e-01,
       6.9533332218163859e-04, 3.4514643706189238e-04,
       9.9161760434938930e-04, 1.6355084792871069e+00,
       1.0238068923797319e+00, 9.9071952942926234e-01,
       5.7493409609540977e-04, 3.0799491852575027e-04,
       9.9634236375600416e-04, 1.6499103032572515e+00,
       1.0407474626891531e+00, 9.5820790108257226e-01,
       5.7647828771791954e-04, 3.0514396426573271e-04,
       9.8271380643158847e-04, 1.6518847430991508e+00,
       1.0405170693765011e+00, 9.4950059025896683e-01,
       5.7439844420988963e-04, 3.1234038428906464e-04,
       1.0079915494192969e-03, 1.6597461050208682e+00,
       1.0437477264882391e+00, 9.5459917216891710e-01 ]
