%YAML:1.0
---
summary: "Filter by distance, md=200, ds=0."
init_cam_calib: C99-1010_3p_3
camera_matrix: !!opencv-matrix
   rows: 3
   cols: 3
   dt: d
   data: [ 2.5803931599753719e+03, 0., 1.8662093132013576e+03, 0.,
       2.5840547627574811e+03, 1.0864830450112163e+03, 0., 0., 1. ]
dist_coeff: !!opencv-matrix
   rows: 5
   cols: 1
   dt: d
   data: [ 1.0862979682321834e-02, -1.2105977140464103e-02,
       2.9544780809560422e-04, -3.6868584471770878e-03,
       2.6418724850964938e-03 ]
rvec: !!opencv-matrix
   rows: 69
   cols: 3
   dt: d
   data: [ -3.1341305898084495e+00, -1.4920464444944093e-02,
       -1.3574914971593413e-01, -3.1539289480990043e+00,
       -1.4498396061606439e-02, -1.2658115052920660e-01,
       -3.0972291437216390e+00, 3.3392814727325838e-02,
       -9.3105803310417637e-02, 3.1430897105050861e+00,
       3.6874692123323744e-03, 1.1883325360158246e-01,
       -3.1173269412246034e+00, 1.4285611995507446e-02,
       -7.2759064072493690e-02, 3.1295049338040002e+00,
       -2.8715118202648967e-04, 1.6701432156932934e-02,
       3.0643206349904339e+00, -8.6670680342852385e-02,
       1.7356700272731826e-02, 3.0335729038282717e+00,
       -5.0835293357934824e-02, 9.8931652806010573e-02,
       3.0029888693360549e+00, -2.4655804181867771e-02,
       2.6229183554507828e-02, 3.0275496806924922e+00,
       -1.4557781677883389e-04, 1.7853705929059382e-02,
       3.1187223418837204e+00, -9.1820422794222395e-02,
       6.9728083281267825e-02, -3.0944820988178079e+00,
       7.6230774751353328e-02, -7.8309887193340713e-02,
       -3.1037623402283439e+00, 4.3550297559396392e-02,
       -6.2319334088951905e-02, -3.0564344534263879e+00,
       3.7604504582634708e-02, -8.9715764821856545e-02,
       -2.9688546163138305e+00, 8.1308950039466310e-02,
       -1.0391751935810160e-02, -2.9900839496261566e+00,
       1.0310292165451210e-01, -2.6782041890640595e-02,
       -3.0234634534708986e+00, 1.2727068146794998e-01,
       5.4510682781398860e-02, -3.1169610621850943e+00,
       6.8212845581548331e-02, -4.8343595355591264e-03,
       3.0604257157591288e+00, -2.9367341671631807e-02,
       1.0612840721639159e-01, 3.1212910036447292e+00,
       -5.8460107883567043e-02, 1.3316685374407131e-01,
       3.0779787297055048e+00, -7.1601899462682000e-02,
       1.0598019455721348e-01, 3.0388012453237216e+00,
       -5.5595719183015722e-02, 5.0185836410597540e-02,
       3.0004882696738764e+00, -7.1730645042873090e-02,
       -1.0117324738664602e-03, 3.0184815255420263e+00,
       -1.4758858394577562e-01, -1.1381395324978948e-01,
       3.0723832103617754e+00, -1.0316470371365238e-01,
       -1.6068644035647650e-01, 3.0466019018828430e+00,
       -1.5034565783374599e-02, -3.2371590525987134e-02,
       3.0728386406799628e+00, 1.5886089735699627e-03,
       2.7458609398080085e-02, 3.0997747040749388e+00,
       3.2790797317870504e-02, 6.7913718567265219e-02,
       3.1323255279101998e+00, 3.0871834583082160e-02,
       3.3685636203379631e-02, -3.1156235143983908e+00,
       -8.4433947097027288e-03, 1.8347565235448417e-02,
       -3.0859989976309810e+00, 6.1372688188963869e-03,
       1.4290079868608405e-02, -3.0588547614920181e+00,
       4.8830346559010786e-02, -1.0643213106840380e-01,
       -3.0717790876766506e+00, 9.6885282302453926e-02,
       -1.3260583753569058e-01, -3.0987181874001020e+00,
       1.0257168326323873e-01, -4.2169977256632116e-02,
       -3.1157050735899374e+00, 1.3064007850547540e-01,
       -4.9106434684804301e-02, 3.1165677467721409e+00,
       -1.3512358553759476e-01, 1.6404865000440919e-01,
       3.0728436811351778e+00, -1.4146697527871394e-01,
       2.7443311544238291e-01, 3.0322337357748363e+00,
       -1.7190656353457731e-01, 3.8575798990692622e-01,
       3.0613048093439308e+00, -1.1965373091551322e-01,
       3.0166194388696033e-01, 3.0913493400383447e+00,
       -4.6681600246302767e-02, 2.7828928794165780e-01,
       3.0994393717142215e+00, -4.9152913054913511e-02,
       2.7008340913229473e-01, 3.0798999899704422e+00,
       2.1046545614023367e-02, 2.3340695574605919e-01,
       3.0330118471615006e+00, 1.2184142273063350e-01,
       1.6725365854126353e-01, 3.1014708390779466e+00,
       1.4241808989447938e-02, 4.8711193409193117e-02,
       3.1486223933519328e+00, -1.3766683521834411e-02,
       -2.0051835589430006e-01, -3.0582641802490933e+00,
       -3.8707060454337473e-03, 3.4600348826587707e-01,
       -2.9995783885269653e+00, -7.6916341024041018e-02,
       5.9823996473484320e-01, -2.9958231711762719e+00,
       -1.0289498030098539e-01, 7.3704017930218779e-01,
       -2.9947435004059586e+00, 1.6158915078584971e-02,
       8.1591857522146816e-01, -3.0386016577101125e+00,
       -5.5451615118931694e-02, 7.7911671149434003e-01,
       -2.9941420583125034e+00, -2.0714077161856883e-02,
       8.1800314625366666e-01, -2.9296169003632699e+00,
       -1.5612120252718078e-02, 9.2252477202208760e-01,
       -2.8882781820712036e+00, -1.6198303045952780e-02,
       7.8636937364053927e-01, -2.8486242089471459e+00,
       -9.6241155531681423e-03, 7.7855663683981702e-01,
       -2.7941140428434337e+00, 1.9171096149607117e-02,
       7.8240700578562117e-01, -2.8163619126923205e+00,
       3.2035561375947201e-02, 7.9874622970439513e-01,
       -2.8239343452726837e+00, 1.0515150738030818e-01,
       9.5587738308606229e-01, -2.8618477993080269e+00,
       1.5116939526365547e-01, 1.0071381833638628e+00,
       -2.9564995339960265e+00, 8.8949927126061229e-02,
       9.3378498172512314e-01, 2.9727413951607189e+00,
       -2.5637962586810333e-02, -9.9791494834750483e-01,
       -2.9412776983555937e+00, -7.6262882404415783e-03,
       1.0584736510319548e+00, 2.9051100744615916e+00,
       -8.5702166057927451e-02, -1.0482772108938709e+00,
       2.8734069821778965e+00, -1.1777776721313968e-01,
       -1.0216801422175097e+00, 2.8272748354402641e+00,
       -1.3413192566250354e-01, -9.9860619139663587e-01,
       2.7589580163316714e+00, -1.2551598173746215e-01,
       -9.8285919382652431e-01, 2.7305030158052332e+00,
       -1.2608419958973868e-01, -9.2681912568408698e-01,
       2.7609206586239332e+00, -1.1568698924659407e-01,
       -8.8970719842048607e-01, 2.8088273687605247e+00,
       -1.4956764174250461e-01, -8.4574395500092747e-01,
       2.8296314846506729e+00, -7.6341698780381162e-02,
       -8.8256085311412646e-01 ]
