%YAML:1.0
---
summary: "Filter by distance, md=200, ds=150."
init_cam_calib: C99-1010_3p_3
camera_matrix: !!opencv-matrix
   rows: 3
   cols: 3
   dt: d
   data: [ 2.5784662248145537e+03, 0., 1.8648364755243360e+03, 0.,
       2.5820067877998599e+03, 1.0866215458342642e+03, 0., 0., 1. ]
dist_coeff: !!opencv-matrix
   rows: 5
   cols: 1
   dt: d
   data: [ 8.5941088839027839e-03, -4.5404831820138221e-03,
       2.9638406101326520e-04, -4.0039588214461526e-03,
       -4.1495994354083634e-03 ]
rvec: !!opencv-matrix
   rows: 68
   cols: 3
   dt: d
   data: [ -3.1341030166283144e+00, -1.4886645061615840e-02,
       -1.3463188845543361e-01, -3.0971894185175901e+00,
       3.3437299842278327e-02, -9.1995381004328095e-02,
       3.1431710952683778e+00, 3.6554202161046601e-03,
       1.1771044025990768e-01, -3.1172976483830861e+00,
       1.4320786957219667e-02, -7.1668499593957949e-02,
       3.1295032631237549e+00, -3.0098384347268070e-04,
       1.5624443619548088e-02, 3.0642654844245816e+00,
       -8.6645599375414023e-02, 1.6320600715605718e-02,
       3.0336805539763554e+00, -5.0807772046547274e-02,
       9.7924109841999341e-02, 3.0030068630612270e+00,
       -2.4606458159217595e-02, 2.5247203479166098e-02,
       3.0276070890069304e+00, -1.0173131308656907e-04,
       1.6872592493788009e-02, 3.1187624981061108e+00,
       -9.1826641716519081e-02, 6.8660442302429903e-02,
       -3.0944310113890467e+00, 7.6264627842588348e-02,
       -7.7211853736705971e-02, -3.1037765295395325e+00,
       4.3591135429995660e-02, -6.1225047523130731e-02,
       -3.0563916634513277e+00, 3.7661238788341246e-02,
       -8.8616049841822128e-02, -2.9688391628338500e+00,
       8.1396404691121513e-02, -9.3212640815255009e-03,
       -2.9900998420301295e+00, 1.0319229660881815e-01,
       -2.5682493109368380e-02, -3.0235257749976641e+00,
       1.2733504526392786e-01, 5.5594474627242291e-02,
       -3.1170580163855393e+00, 6.8249473500337512e-02,
       -3.6751594116248825e-03, 3.0604103945636432e+00,
       -2.9344780519597480e-02, 1.0484265258961384e-01,
       3.1212961259936600e+00, -5.8486289960291094e-02,
       1.3201743872287605e-01, 3.0779534944237619e+00,
       -7.1600702290184740e-02, 1.0482063778333832e-01,
       3.0387524360578859e+00, -5.5566966831429719e-02,
       4.9015196911053771e-02, 3.0004181441888980e+00,
       -7.1678174801000444e-02, -2.1810456407455967e-03,
       3.0183028780392123e+00, -1.4751379364044251e-01,
       -1.1481994697837990e-01, 3.0722123902923344e+00,
       -1.0311774641085474e-01, -1.6167407359063624e-01,
       3.0464863438104635e+00, -1.5002676218869627e-02,
       -3.3426044095369978e-02, 3.0727811342902465e+00,
       1.5996880231204983e-03, 2.6399856949198709e-02,
       3.0997603973276195e+00, 3.2782772628541068e-02,
       6.6850339441379913e-02, 3.1323109276761976e+00,
       3.0852318108877265e-02, 3.2610601303105301e-02,
       -3.1156500182506988e+00, -8.4218569767938560e-03,
       1.9415313003880053e-02, -3.0859831382968914e+00,
       6.1690437288539277e-03, 1.5358485610191489e-02,
       -3.0588341959033203e+00, 4.8882763183307025e-02,
       -1.0531615452660911e-01, -3.0717632783647608e+00,
       9.6931971432872119e-02, -1.3145559773869042e-01,
       -3.0987268638987899e+00, 1.0259641235339954e-01,
       -4.1052630829489976e-02, -3.1157099107647404e+00,
       1.3066030534527326e-01, -4.7966544123534474e-02,
       3.1166702218707512e+00, -1.3514490563665163e-01,
       1.6281711512427904e-01, 3.0730081020431848e+00,
       -1.4147026685005373e-01, 2.7300376581255276e-01,
       3.0324214853935429e+00, -1.7189163006693467e-01,
       3.8412968692157279e-01, 3.0615790059873813e+00,
       -1.1963395484842769e-01, 3.0031044968578646e-01,
       3.0913409786816826e+00, -4.6675153937254299e-02,
       2.7667337491451660e-01, 3.0994925767708006e+00,
       -4.9120356143526417e-02, 2.6844832952838887e-01,
       3.0799746708875597e+00, 2.1096214717236873e-02,
       2.3193066600858969e-01, 3.0331333609298650e+00,
       1.2192043979056737e-01, 1.6587113823779212e-01,
       3.1014675432170447e+00, 1.4298360901672472e-02,
       4.7296346103990826e-02, 3.1485380258751219e+00,
       -1.3726346574609222e-02, -2.0184828928759496e-01,
       -3.0580358433854555e+00, -3.8943480253292480e-03,
       3.4708033012731532e-01, -2.9991101995173661e+00,
       -7.6917287233440643e-02, 5.9899123126427234e-01,
       -2.9953942616247367e+00, -1.0290451855740160e-01,
       7.3764288028185576e-01, -2.9943499587584652e+00,
       1.6156401686301669e-02, 8.1648435417820187e-01,
       -3.0381742539487187e+00, -5.5449784445369181e-02,
       7.7969497392654841e-01, -2.9937288399300215e+00,
       -2.0715612458621711e-02, 8.1856164103072226e-01,
       -2.9292429517595941e+00, -1.5622707694591878e-02,
       9.2305477373554190e-01, -2.8879141179504617e+00,
       -1.6189006759345939e-02, 7.8694431522821862e-01,
       -2.8482722369018680e+00, -9.6147705267582012e-03,
       7.7913654929531784e-01, -2.7937967736198290e+00,
       1.9185950630990163e-02, 7.8297417233093425e-01,
       -2.8160574778073530e+00, 3.2058454831255287e-02,
       7.9929910285362982e-01, -2.8236390373866520e+00,
       1.0518208100765000e-01, 9.5639958553323667e-01,
       -2.8615526311850075e+00, 1.5119288721684990e-01,
       1.0076584101203780e+00, -2.9561714620382218e+00,
       8.8953595218050255e-02, 9.3430824743729612e-01,
       2.9726886208617160e+00, -2.5633004666811083e-02,
       -9.9855928463580645e-01, -2.9409329702662954e+00,
       -7.6459356400189202e-03, 1.0590209784464015e+00,
       2.9050323240294929e+00, -8.5664667829137925e-02,
       -1.0488822930888897e+00, 2.8733135769721283e+00,
       -1.1774237042219030e-01, -1.0222669285886579e+00,
       2.8271736803755849e+00, -1.3408901078553676e-01,
       -9.9918610584790535e-01, 2.7588484193493579e+00,
       -1.2545462649442243e-01, -9.8343086747807584e-01,
       2.7303920152149082e+00, -1.2601751093998964e-01,
       -9.2738166369518571e-01, 2.7608645625248882e+00,
       -1.1561328595795888e-01, -8.9028040137700137e-01,
       2.8088128359861830e+00, -1.4950578344854062e-01,
       -8.4633714031143403e-01, 2.8296226661755624e+00,
       -7.6262653629383295e-02, -8.8318253014776837e-01 ]
