%YAML:1.0
---
summary: "Filter by time and points, rd=20, rs=0, sp=5, sf=3."
init_cam_calib: C99-1010_3p_3
camera_matrix: !!opencv-matrix
   rows: 3
   cols: 3
   dt: d
   data: [ 2.5518723062695958e+03, 0., 1.8737948744265229e+03, 0.,
       2.5535983055826828e+03, 1.0883364932249308e+03, 0., 0., 1. ]
dist_coeff: !!opencv-matrix
   rows: 5
   cols: 1
   dt: d
   data: [ 2.9073886764977252e-02, -7.3544424908444997e-02,
       -6.7515058243842834e-04, -1.5114484899777366e-03,
       6.5064011699408467e-02 ]
rvec: !!opencv-matrix
   rows: 42
   cols: 3
   dt: d
   data: [ -3.1361378987623088e+00, -1.4789391265640625e-02,
       -1.4416942396505242e-01, -3.1372045511739350e+00,
       -7.2392123235814551e-03, -1.1503501673281344e-01,
       -3.1278772756568651e+00, -1.1622832952840348e-02,
       -1.1071185744000990e-01, -3.1333894022069129e+00,
       -2.5665870044863908e-03, -7.1815302939048586e-02,
       3.1295360459575150e+00, -7.6882249464342058e-03,
       2.3702954745069057e-02, 3.0211210569795890e+00,
       -8.9849575453129327e-02, 5.9638933957524655e-02,
       3.0121064171118683e+00, -4.3630461227010871e-02,
       5.3511729821411259e-02, 2.9919006231279330e+00,
       -2.0077317082608553e-02, -8.1009889072079684e-03,
       3.0150399816861424e+00, -2.9916946069446690e-03,
       2.7295148659008540e-02, 3.0622154443989595e+00,
       -3.3555915333146960e-02, 1.1874853239894263e-01,
       -3.0971594879475903e+00, 5.6596551109189909e-02,
       -9.9696961859812611e-02, -3.0008555149084559e+00,
       8.8645098792785676e-02, -7.3822583611936041e-02,
       -2.9591653251079628e+00, 1.5810816032359645e-01,
       7.4444977767091575e-03, -3.0053581732335712e+00,
       1.3336304932835474e-01, 4.5983899351234050e-02,
       2.9983607369747309e+00, -7.1697124848673716e-02,
       8.5939655454100924e-03, 3.0666951326903797e+00,
       1.0909213175298482e-02, 6.7837840899388963e-02,
       3.1345226433022999e+00, 2.0332126919640994e-02,
       2.5076166632393582e-02, -3.0675894422025860e+00,
       6.0452253815811803e-03, -2.8433531016823502e-02,
       -3.0797284159904796e+00, 4.4991159065871096e-02,
       -1.0170919996931888e-01, -3.0798101365045389e+00,
       1.0663301176547356e-01, -1.3139047968524029e-01,
       3.0921483523171616e+00, -1.3055383392744960e-01,
       2.3415307013921535e-01, 3.0736942715327569e+00,
       -9.9312731392607767e-02, 2.6538888033769947e-01,
       3.0442410861209117e+00, 1.1866569588868653e-01,
       2.0933635396937908e-01, -3.0153474970735012e+00,
       -6.4251895706594023e-02, 5.3905486592213836e-01,
       -3.0415985231751468e+00, -8.9721266980598603e-03,
       6.7724939334585499e-01, -3.0233597569318826e+00,
       -3.1122903977422178e-02, 8.0302338719619437e-01,
       -3.0161160983287512e+00, -3.0153627249371432e-02,
       7.8532012720772459e-01, -2.9725643044979808e+00,
       -1.5644657777256335e-02, 8.1784863029747434e-01,
       -2.9331144975443508e+00, -1.6793389788942934e-02,
       9.1214018407032083e-01, -2.8726441401363187e+00,
       -2.5664453269518037e-02, 1.0420626590625264e+00,
       -2.9254525637625464e+00, -2.8672206221490922e-02,
       9.6261850161379159e-01, -2.9755771838809202e+00,
       -1.1253416547400325e-02, 7.6061239428209992e-01,
       -2.9042570846271278e+00, -2.3335807399530450e-02,
       7.6924543057966788e-01, -2.8196005957425188e+00,
       3.0807307320442023e-02, 7.8858189095760978e-01,
       -2.8189259494522219e+00, 3.2245927347932649e-02,
       8.5554635276012281e-01, -2.9147207764550940e+00,
       1.3996105202886058e-01, 9.5608011235545820e-01,
       -2.9479517074064443e+00, 5.7572005946417364e-02,
       1.0125615531384788e+00, 2.9707005193574081e+00,
       -2.4637043024401045e-02, -1.0007706342797682e+00,
       -2.9337037542982767e+00, 9.0490530521660784e-02,
       1.0642068181320141e+00, 2.7441937701197108e+00,
       -1.1603394667505461e-01, -8.8449016838862027e-01,
       2.8216781939560982e+00, -1.0026888084797783e-01,
       -8.4276795492915002e-01, 2.8182283780524058e+00,
       -9.2056328112092550e-02, -8.2939925410603488e-01 ]
tvec: !!opencv-matrix
   rows: 42
   cols: 3
   dt: d
   data: [ -1.1429113881085068e+02, 1.6310404072014234e+02,
       3.1129383781188194e+03, -8.5073731211056355e+01,
       1.7303845810267057e+02, 3.1262717085417826e+03,
       -7.5117974044298791e+01, 1.4116696019249940e+02,
       3.1189937028033146e+03, 1.6400697930261540e+01,
       1.5793235669838376e+02, 3.1109126909596416e+03,
       1.2131990798726112e+02, 2.0273404117722251e+02,
       3.0935566227501431e+03, 1.3061836071460635e+02,
       2.6155799078168059e+02, 3.0382674730030349e+03,
       1.4800917909467137e+02, 3.6617490792115483e+01,
       3.0916139852757983e+03, 2.5091198673416980e+02,
       8.1423448984144272e+01, 3.1296105237384122e+03,
       1.7311263370635635e+02, -9.6892513694026539e-01,
       3.1290952942162489e+03, 1.4013102367824452e+01,
       2.9465798532114899e+01, 3.0865404066290653e+03,
       6.1241088815884609e+01, 6.6193347920520367e+01,
       3.0972646058954074e+03, 5.3037973876087662e+01,
       8.8676838843908996e+00, 3.1340357880676415e+03,
       2.4147927324442480e+02, 4.7155808230292024e+01,
       3.2023776768153771e+03, 3.2006046656853800e+02,
       1.5188922770949623e+02, 3.1604293744709325e+03,
       2.3320207295075338e+02, 6.8250732488236338e+02,
       3.0860234126400806e+03, 9.2241986564579463e+01,
       4.0538439569197146e+02, 3.1534130407661355e+03,
       1.9594730705008945e+02, 2.0500980788551215e+02,
       3.1751630521678499e+03, 2.2337176046177967e+02,
       -6.5633782858934396e+01, 3.1519655796496008e+03,
       1.4978685575849420e+02, -5.4616257182244993e+01,
       3.1147188486740124e+03, 7.3662480137867931e+01,
       -6.0292263085285612e+01, 2.9122352308166819e+03,
       -3.3020725642669760e+02, 2.7244544452280144e+02,
       2.5578297771316688e+03, -8.9689187927352600e+02,
       2.8212031635348421e+02, 2.3560874408651944e+03,
       -1.4304528598935249e+03, 1.7554819608158820e+02,
       2.1272044834292551e+03, -6.6396267336794017e+02,
       -3.3328103128241260e+01, 2.7174175135635983e+03,
       -6.2541609434865177e+02, 1.2139401193930446e+02,
       2.9226988184800493e+03, -4.9159199718309861e+02,
       1.1973522806045831e+02, 3.0449157648013056e+03,
       -5.5173472356975503e+02, 1.1778970542354193e+02,
       3.0784976938181253e+03, -4.5620926720889986e+02,
       3.5357373120339233e+01, 3.0955914250222104e+03,
       -2.3408047362172223e+02, -9.1958128275534943e+00,
       3.1272169528136442e+03, 8.1603376440872722e+01,
       -6.3996925188587568e+01, 3.1306220707112320e+03,
       -1.1295810896755728e+02, -4.6628599623582716e+01,
       3.1091843845284106e+03, -5.6318169425363874e+02,
       -1.3820777745969590e+01, 3.0657453482946366e+03,
       -4.7961218160181164e+02, -1.3331054443261076e+01,
       3.0768829548022836e+03, -3.7233238552914548e+02,
       -8.1196518127536983e+00, 3.1119388054455831e+03,
       -2.2785637819006314e+02, 3.1397869588639246e+01,
       3.1200452135156943e+03, -3.0646693033037433e+01,
       2.3675438610987180e+02, 3.1046975114791394e+03,
       1.6057063590564084e+01, 1.9791100794586288e+02,
       3.1122689025529457e+03, 3.5589342239817135e+01,
       1.9730230252861881e+02, 3.0932931535244657e+03,
       1.9484932494900949e+02, -2.6072574891939102e+01,
       2.9933859292836555e+03, 2.5901460704329708e+01,
       4.0503262321510550e+02, 2.9567638258147163e+03,
       -1.2993351878679505e+02, 1.6840390874105623e+02,
       2.9840799691391653e+03, -1.4952020092038990e+02,
       1.8917746559205781e+02, 2.9835942609554600e+03 ]
