%YAML:1.0
---
summary: "Filter by distance, md=250, ds=125."
init_cam_calib: C99-1010_3p_3
camera_matrix: !!opencv-matrix
   rows: 3
   cols: 3
   dt: d
   data: [ 2.5784557461946683e+03, 0., 1.8625233771092990e+03, 0.,
       2.5838314634987642e+03, 1.0844700518234404e+03, 0., 0., 1. ]
dist_coeff: !!opencv-matrix
   rows: 5
   cols: 1
   dt: d
   data: [ 5.1956400838978649e-03, 7.8607926503448857e-03,
       4.0029406033832010e-04, -3.7527874967229979e-03,
       -1.9238461096662968e-02 ]
rvec: !!opencv-matrix
   rows: 47
   cols: 3
   dt: d
   data: [ -3.1352039107285772e+00, -1.5070005400939191e-02,
       -1.3472029699026378e-01, -3.0982365287312343e+00,
       3.3255162181335098e-02, -9.2153700051573001e-02,
       3.1421417103692728e+00, 3.8155486846281794e-03,
       1.1787646913364459e-01, 3.0634151530402991e+00,
       -8.6444899043140455e-02, 1.6135792870061394e-02,
       3.0364728851896001e+00, 1.0975074969728712e-02,
       4.9593603057476260e-02, -3.1261642207596698e+00,
       8.9178222574056179e-02, -6.2194259322576835e-02,
       -3.0355544150181006e+00, 4.8962767144588054e-02,
       -9.4751680715218473e-02, -2.9527287149947972e+00,
       9.0424360087519071e-02, -1.4559778271382419e-02,
       -2.9907837011505514e+00, 1.0303373284258950e-01,
       -2.5559714639070946e-02, -3.0475450180074444e+00,
       1.2141813043487784e-01, 3.4787981211461483e-02,
       -3.1177461050740081e+00, 6.8162638974040388e-02,
       -3.7894417880899953e-03, 3.0600771588251354e+00,
       -2.9250739032861416e-02, 1.0519548275583654e-01,
       3.1203324525010596e+00, -5.8301518225795407e-02,
       1.3207397502504584e-01, 3.0618546880236983e+00,
       -7.1125686164744115e-02, 7.5620261877882997e-02,
       3.0170229023416075e+00, -5.5331653328579165e-02,
       1.6395612006675098e-02, 3.0573403530525622e+00,
       -1.6466155430965743e-01, -1.5024227395385506e-01,
       3.1013506597620233e+00, 3.2862181031817546e-02,
       6.7134331940577940e-02, -3.1402441704128390e+00,
       -1.8596262182230552e-02, -3.0339775089946171e-03,
       -3.0978220193890942e+00, 6.7484666344999403e-03,
       2.6653860185374172e-02, -3.0669423263257154e+00,
       4.7038360992104178e-02, -9.9511896707754691e-02,
       -3.0873076377724531e+00, 1.1678421551642776e-01,
       -8.8122687059011912e-02, -3.1151681714828521e+00,
       1.3193522870120775e-01, -5.2779024802432455e-03,
       3.1268966812889771e+00, -1.3863368702021611e-01,
       1.4134098261206948e-01, 3.0722781228092542e+00,
       -1.4113876910609952e-01, 2.7362315335573950e-01,
       3.0290025515073129e+00, -1.5781931784676734e-01,
       3.7730678701361203e-01, 3.0745253944613053e+00,
       -1.1203154981351669e-01, 2.7662005786220617e-01,
       3.1108167153746238e+00, -7.3645841790788549e-02,
       2.8893881746331712e-01, 3.0805004090488821e+00,
       2.1322594056471422e-02, 2.3339531617732334e-01,
       3.0335486921323613e+00, 1.2208393554220102e-01,
       1.6755893402391997e-01, 3.1214432362888300e+00,
       -2.4176949655307111e-03, 3.2579999066584493e-02,
       3.1827045408653247e+00, -1.8390263511262040e-02,
       -2.5378224696608936e-01, -3.0137238233857788e+00,
       -6.4709783365237181e-02, 5.5107560709745729e-01,
       -3.0100953330760349e+00, -9.4286983390070148e-02,
       7.2971893720216641e-01, -3.0206106931681829e+00,
       -3.0750966271733911e-02, 8.1609809503433939e-01,
       -2.9597017166918600e+00, -9.4173049071838988e-03,
       8.6108971638695453e-01, -2.8888590929243008e+00,
       -1.5949992583054535e-02, 7.8672003534175461e-01,
       -2.8294048701278895e+00, -2.6078841054697115e-03,
       7.9169753933642784e-01, -2.8321098856361528e+00,
       7.1095961119694767e-02, 8.8946454484354587e-01,
       -2.8623219083382367e+00, 1.5155309972970546e-01,
       1.0081839863018482e+00, -2.9455539162775302e+00,
       5.6570209713070467e-02, 1.0075281488299088e+00,
       -2.9346198147774061e+00, 9.1744626584097072e-02,
       1.0721738578137510e+00, 2.9192897420713440e+00,
       -9.0650817063528358e-02, -1.0779038037903144e+00,
       2.8720107106880164e+00, -1.1786583396793122e-01,
       -1.0224084985932904e+00, 2.8087825413800065e+00,
       -1.4357774005378390e-01, -1.0082091275848408e+00,
       2.7417643443484514e+00, -1.2585844224647083e-01,
       -9.5678596869515442e-01, 2.7921008017666131e+00,
       -1.3493560886822667e-01, -8.5386755154055172e-01,
       2.8262002064209182e+00, -7.8140259240671819e-02,
       -8.7320618853358445e-01 ]
