%YAML:1.0
---
summary: "Filter by time, rd=20, rs=10."
init_cam_calib: C99-1010_3p_3
camera_matrix: !!opencv-matrix
   rows: 3
   cols: 3
   dt: d
   data: [ 2.5824161491646996e+03, 0., 1.8876621824808981e+03, 0.,
       2.5744141084121748e+03, 1.0816843541583844e+03, 0., 0., 1. ]
dist_coeff: !!opencv-matrix
   rows: 5
   cols: 1
   dt: d
   data: [ 1.8421599905162241e-02, -3.8710763146317911e-02,
       -4.8730738394313843e-04, -4.8347928245445629e-04,
       2.5723447065227868e-02 ]
rvec: !!opencv-matrix
   rows: 42
   cols: 3
   dt: d
   data: [ -3.1343741485322991e+00, 3.0763756891770275e-02,
       -1.5363931704692194e-01, -3.1280630191018926e+00,
       -2.3846733115694997e-02, -1.1475808773136836e-01,
       -3.1230195269985721e+00, 1.1358762438166221e-03,
       -9.6044519083203758e-02, -3.1301419807505182e+00,
       5.5027398766136432e-03, -6.5368258762790787e-02,
       3.1017952918411429e+00, -8.8713412379688536e-02,
       1.0968058280221307e-02, 3.0344134302426031e+00,
       -7.3415396869428023e-02, 7.4460296612808854e-02,
       3.0052034309845124e+00, -2.5187663726752015e-02,
       3.5878025155360537e-03, 3.0075173192521998e+00,
       -3.1153150558039730e-02, 3.0623953400509853e-02,
       3.0526043726586760e+00, 3.4162203881821164e-04,
       9.2503987204524241e-02, -3.1328794400267790e+00,
       1.0331310376444380e-01, -9.2774984048183490e-02,
       -3.0566220220047966e+00, 3.7552269790698804e-02,
       -1.0378782960334475e-01, -2.9519518442106394e+00,
       1.0000521006201277e-01, -3.6662807338375999e-02,
       -2.9919454637005196e+00, 1.0279559571978822e-01,
       -4.0995849009062633e-02, 3.0587887258971156e+00,
       -3.2194038531937579e-02, 1.6099386599113857e-01,
       3.0733212294498453e+00, -1.0385863451323321e-01,
       -1.4746024831287205e-01, 3.1179607676690386e+00,
       3.4042928313944239e-02, 5.9185364767523875e-02,
       -3.1040874814005930e+00, 8.7145683922657362e-03,
       4.8656798533879327e-03, -3.0800570831573180e+00,
       2.5380934380154107e-02, -6.1119765188484693e-02,
       -3.0430170772058043e+00, 5.4351203094027321e-02,
       -1.5851600232999541e-01, -3.1147103222503363e+00,
       1.3262207720144453e-01, -2.0297241381455972e-02,
       3.0344971015441082e+00, -1.7791444641205467e-01,
       4.0702919724814418e-01, 3.0932432236174310e+00,
       -3.4729025463872763e-02, 2.8593829258190934e-01,
       3.1229609426960128e+00, -9.0335333392976419e-03,
       -9.6541068481715619e-02, -3.0123400091366799e+00,
       -9.3375177936402223e-02, 7.1997020855013505e-01,
       -2.9824325366152005e+00, 9.9017125141252927e-03,
       7.7543044274784922e-01, 3.0419159446726560e+00,
       4.3960497598625421e-02, -7.6407448413992285e-01,
       -2.9964621457646081e+00, -2.0262153132968769e-02,
       8.0437898393750240e-01, -2.9540800491197885e+00,
       -9.0992445102177945e-03, 8.6667244963148482e-01,
       -2.9083585129185283e+00, -2.1069278134567035e-02,
       9.7578287383271867e-01, -2.8722774238016986e+00,
       -3.0934677267684185e-02, 1.0657392238675731e+00,
       -2.9798609210133278e+00, -1.2651115189842084e-02,
       8.0189000944103195e-01, -2.9693548922149402e+00,
       -9.5408407154267960e-03, 7.6490678717365734e-01,
       -2.7974607109707090e+00, 1.9253738768347024e-02,
       7.7370479449378826e-01, -2.8072782665806950e+00,
       6.3879909694309331e-02, 8.2627184521933483e-01,
       -2.8189396539032958e+00, 8.1718634284302469e-02,
       8.8274780259167540e-01, -2.9626192824807527e+00,
       7.7922211088219215e-02, 9.0105225678351619e-01,
       -2.9748504587231683e+00, 2.0926403641977905e-02,
       9.8656628711324890e-01, -2.9431290890400925e+00,
       -5.7278287707624798e-03, 1.0510950741212430e+00,
       2.7796342410668284e+00, -1.3997748099724686e-01,
       -9.9809317960303090e-01, 2.8021206771430838e+00,
       -1.5114370528614240e-01, -8.2900899986148135e-01,
       2.8250948998956105e+00, -1.1790808406710343e-01,
       -8.4197056751310373e-01, 2.8169347055245533e+00,
       -9.4478622260014231e-02, -8.4027747720062673e-01 ]
tvec: !!opencv-matrix
   rows: 42
   cols: 3
   dt: d
   data: [ -9.1050887505929936e+01, 1.2933174877823083e+02,
       3.1759148472852462e+03, -9.9903592904039783e+01,
       1.6092446934327876e+02, 3.1560079757990702e+03,
       -4.8778680133583059e+01, 1.3995723702301535e+02,
       3.1526495278949442e+03, 2.6219192007261842e+01,
       1.5144334231626186e+02, 3.1425138808196107e+03,
       2.1397463903072182e+02, 1.8979592768014120e+02,
       3.0870321995342097e+03, 8.2528720090422837e+01,
       6.5868544669343791e+01, 3.1119535950419518e+03,
       2.2668770411679989e+02, 4.6951535901029587e+01,
       3.1574017337477235e+03, 1.6747807524608794e+02,
       3.4160426814741662e+01, 3.1591219866428041e+03,
       2.7054400622055731e+01, -9.0024118332389335e+01,
       3.1536044354178680e+03, 6.5236638296726071e+01,
       4.4066656483759408e+00, 3.1213785348469405e+03,
       -1.3580385398804356e+01, 8.5573138652612055e+00,
       3.1862367631109132e+03, 1.4193440428148045e+02,
       -2.9273638784476734e+01, 3.2255217491712306e+03,
       1.3759988572869298e+02, 1.3511092207910821e+02,
       3.2139642760131574e+03, -1.4801330459516546e+01,
       4.8194380030717787e+02, 3.1611853012092424e+03,
       4.9988282732331686e+02, 4.2387462317759463e+02,
       3.1523661476111138e+03, 1.1090582943173905e+02,
       2.7150564828182684e+02, 3.2025276147057925e+03,
       2.6794015346638884e+02, 6.3376752118475757e+01,
       3.2009586114381182e+03, 1.8806503954798956e+02,
       -2.8802805108279066e+00, 3.1645634441287416e+03,
       4.7973803363270697e+01, -1.3247042785571318e+02,
       3.0762922634986317e+03, 1.4819574299381591e+02,
       7.8162550115290728e+01, 2.7843498929328503e+03,
       -7.8355990135149739e+02, 3.7712364068775872e+02,
       2.3833754136595830e+03, -1.2572067507917020e+03,
       2.1323668383493666e+02, 2.2600224745649452e+03,
       -1.2080011490688339e+03, 2.8104945805367771e+02,
       2.3770927091888911e+03, -5.4260024830963891e+02,
       -2.5719193559719447e+00, 2.8559680813875743e+03,
       -4.5804021154834476e+02, 7.5001743166658315e+01,
       3.0442791253935793e+03, -6.2990456094568003e+02,
       1.9490842248485376e+02, 3.0761117491563382e+03,
       -5.2390787218471814e+02, 7.2702298738200724e+01,
       3.0969024405872656e+03, -3.6461687717062199e+02,
       2.0595943864357213e+01, 3.1307062282647739e+03,
       -1.0377884064976794e+02, -2.7106470024676153e+01,
       3.1523782518267381e+03, 1.2036339012570960e+02,
       -6.0815964629573593e+01, 3.1416978609911339e+03,
       -5.0013041630196295e+02, 4.0350693196299989e+00,
       3.0935067557880152e+03, -5.6885763555402036e+02,
       1.4301342853323668e+01, 3.0836879830703792e+03,
       -4.1336555920200203e+02, -1.6241336053047530e+02,
       3.1124670427264509e+03, -2.8770927281621579e+02,
       2.1145221153196008e+01, 3.1465017918136823e+03,
       -1.4457350074369566e+02, 7.9572195501741561e+01,
       3.1571505351216047e+03, -2.0429887409141625e+02,
       2.0792403391136943e+02, 3.1537032764788478e+03,
       -6.1810522828313822e+01, 2.0355709400754915e+02,
       3.1179781270186500e+03, 1.2192676130284153e+02,
       9.8036213412912730e+01, 3.0609303130633393e+03,
       1.5173556465285199e+02, 4.4060036681548581e+02,
       2.9363526191359774e+03, -1.7398407598513847e+02,
       2.7714519540069011e+02, 2.9962718301586792e+03,
       -1.5962801731055521e+02, 1.9151083487258330e+02,
       3.0046263127614720e+03, -1.4018900699758086e+02,
       1.9383071166096474e+02, 3.0108478645654791e+03 ]
std_intrinsics: !!opencv-matrix
   rows: 18
   cols: 1
   dt: d
   data: [ 1.1082769957456207e+00, 1.0442258145169052e+00,
       1.7226804564582867e+00, 1.0722268466817779e+00,
       2.2443817119257477e-03, 8.1814783901813706e-03,
       1.3265575179791344e-04, 2.2596448402707097e-04,
       8.6916665294919475e-03, 0., 0., 0., 0., 0., 0., 0., 0., 0. ]
