%YAML:1.0
---
summary: "Filter by distance, md=250, ds=0."
init_cam_calib: C99-1010_3p_3
camera_matrix: !!opencv-matrix
   rows: 3
   cols: 3
   dt: d
   data: [ 2.5814233862405986e+03, 0., 1.8645468257906393e+03, 0.,
       2.5868903007836193e+03, 1.0842546544276684e+03, 0., 0., 1. ]
dist_coeff: !!opencv-matrix
   rows: 5
   cols: 1
   dt: d
   data: [ 8.1894942151707409e-03, -1.5392805435769776e-03,
       3.8402036720472859e-04, -3.3001235119547497e-03,
       -1.1354176348867198e-02 ]
rvec: !!opencv-matrix
   rows: 48
   cols: 3
   dt: d
   data: [ -3.1352311734575085e+00, -1.5117204165148068e-02,
       -1.3632850268889959e-01, -3.1550046254875022e+00,
       -1.4689539772156030e-02, -1.2708831360573880e-01,
       -3.0982851525951656e+00, 3.3193581704898723e-02,
       -9.3753593408529762e-02, 3.1420354963466113e+00,
       3.8600539763163143e-03, 1.1948558479457222e-01,
       3.0635006530367068e+00, -8.6482523187776245e-02,
       1.7652792922056380e-02, 3.0363413034902784e+00,
       1.0923111764029887e-02, 5.1038019827247753e-02,
       -3.1261692251021018e+00, 8.9151404485202979e-02,
       -6.3776632832683464e-02, -3.0356171358098929e+00,
       4.8870141406455646e-02, -9.6364436064666881e-02,
       -2.9527611989166371e+00, 9.0293173603593541e-02,
       -1.6127943949482575e-02, -2.9907726866766531e+00,
       1.0290634482606548e-01, -2.7175426515138875e-02,
       -3.0474470991869040e+00, 1.2133267666279672e-01,
       3.3187818556214575e-02, -3.1176071681188828e+00,
       6.8108685030880523e-02, -5.4864024460818056e-03,
       3.0600824772074242e+00, -2.9282075260011638e-02,
       1.0706267472266992e-01, 3.1203346796238987e+00,
       -5.8265622146497963e-02, 1.3373425994306007e-01,
       3.0619518164268675e+00, -7.1144676722625089e-02,
       7.7269373470873690e-02, 3.0171069970756665e+00,
       -5.5392442408210216e-02, 1.8154315259082440e-02,
       3.0576059135160452e+00, -1.6474687518257508e-01,
       -1.4877755694446118e-01, 3.1013320191287610e+00,
       3.2873950273922203e-02, 6.8704638035981175e-02,
       -3.1401963893811868e+00, -1.8622501564933860e-02,
       -4.6185214854264391e-03, -3.0978286667821435e+00,
       6.7104009243355639e-03, 2.5076695015655771e-02,
       -3.0669655720018181e+00, 4.6967252861052224e-02,
       -1.0114129044618418e-01, -3.0873101095377855e+00,
       1.1673994831444795e-01, -8.9770871693970175e-02,
       -3.1151591381623001e+00, 1.3192109248224398e-01,
       -6.8773580830391390e-03, 3.1267952814755127e+00,
       -1.3860716475916901e-01, 1.4309705771891509e-01,
       3.0720395422089064e+00, -1.4114043852696559e-01,
       2.7567319894837516e-01, 3.0286773336796879e+00,
       -1.5785698545788673e-01, 3.7963923826969515e-01,
       3.0741298896353122e+00, -1.1206664406601496e-01,
       2.7858234978678020e-01, 3.1106195163701127e+00,
       -7.3686866354454011e-02, 2.9129754407656860e-01,
       3.0803540859981973e+00, 2.1245976214368939e-02,
       2.3548598820020997e-01, 3.0333421811677961e+00,
       1.2196594244080591e-01, 1.6950283093063351e-01,
       3.1213702702670028e+00, -2.5022387512768723e-03,
       3.4716204207418805e-02, 3.1828905691479719e+00,
       -1.8441009791192207e-02, -2.5200104550633595e-01,
       -3.0143593196120539e+00, -6.4700691632505525e-02,
       5.4997055141881801e-01, -3.0107073822711055e+00,
       -9.4266744997891144e-02, 7.2889042411361527e-01,
       -3.0211839733067927e+00, -3.0733247136104827e-02,
       8.1532207344507968e-01, -2.9602396562147408e+00,
       -9.3964732566484306e-03, 8.6034321232197108e-01,
       -2.8893749846721319e+00, -1.5955376577544037e-02,
       7.8592787071157122e-01, -2.8298841280565163e+00,
       -2.6113502631183120e-03, 7.9091946785533040e-01,
       -2.8325560466277904e+00, 7.1059296605144914e-02,
       8.8870582528804298e-01, -2.8627255251399402e+00,
       1.5152618462119558e-01, 1.0074676428472553e+00,
       -2.9460053087258169e+00, 5.6584446987354653e-02,
       1.0067689162764459e+00, -2.9350918672473667e+00,
       9.1814830682652823e-02, 1.0713822758413436e+00,
       2.9194218859372176e+00, -9.0718015595777399e-02,
       -1.0770447426233754e+00, 2.8721530788834424e+00,
       -1.1792736385997778e-01, -1.0216022582978941e+00,
       2.8089717183526317e+00, -1.4365800708438448e-01,
       -1.0074097756592342e+00, 2.7419367371825882e+00,
       -1.2595394049295433e-01, -9.5602998349437940e-01,
       2.7921434203087818e+00, -1.3504143919619802e-01,
       -8.5302868114144448e-01, 2.8262141713268036e+00,
       -7.8262973773259387e-02, -8.7233815557336369e-01 ]
