%YAML:1.0
---
summary: "Filter by time and points, rd=20, rs=10, sp=5, sf=1."
init_cam_calib: C99-1010_3p_3
camera_matrix: !!opencv-matrix
   rows: 3
   cols: 3
   dt: d
   data: [ 2.5793469673053437e+03, 0., 1.8874427365158049e+03, 0.,
       2.5714542769861287e+03, 1.0828931987199880e+03, 0., 0., 1. ]
dist_coeff: !!opencv-matrix
   rows: 5
   cols: 1
   dt: d
   data: [ 2.4058611253065118e-02, -5.7369211758107441e-02,
       -3.1162372089875266e-04, -7.5678549796577229e-04,
       4.5799159133659596e-02 ]
std_intrinsics: !!opencv-matrix
   rows: 18
   cols: 1
   dt: d
   data: [ 2.3013299188536425e+00, 2.1698099529225949e+00,
       3.4945559804394031e+00, 2.1775258354161222e+00,
       4.5188781025045375e-03, 1.6344547994061594e-02,
       2.6700589847689223e-04, 4.6078199410006784e-04,
       1.7191362204464312e-02, 0., 0., 0., 0., 0., 0., 0., 0., 0. ]
std_extrinsics: !!opencv-matrix
   rows: 252
   cols: 1
   dt: d
   data: [ 1.9968507462226289e-03, 7.1370740180469005e-04,
       2.5850983413692411e-03, 4.3865436272178595e+00,
       2.7775081116624114e+00, 3.1146345805297422e+00,
       1.5728499137650639e-03, 6.7984246081430745e-04,
       2.6271893622647740e-03, 4.3568794895322132e+00,
       2.7538936872336515e+00, 2.9853907130232558e+00,
       1.8630447021498286e-03, 7.1984776492593164e-04,
       2.7526989930761912e-03, 4.3416060846776663e+00,
       2.7590911951732005e+00, 2.9823580420219327e+00,
       1.6912544085752167e-03, 6.6005018283222963e-04,
       2.5710838854495458e-03, 4.3298272660822645e+00,
       2.7365891555401718e+00, 3.0834524948147966e+00,
       1.6999224514727478e-03, 6.6205942093098494e-04,
       2.5838740197951186e-03, 4.2454888812391971e+00,
       2.7043116975275212e+00, 3.0858197272036056e+00,
       1.4077072375558162e-03, 6.8891710479400479e-04,
       2.3797538478898725e-03, 4.2617494886862843e+00,
       2.7061711966540520e+00, 2.9851791233316742e+00,
       1.3878978949018381e-03, 6.5481997803151250e-04,
       2.2648930559291815e-03, 4.3322837079450576e+00,
       2.7530938736714266e+00, 2.9278713991919223e+00,
       1.5319693285144216e-03, 6.8023638131078945e-04,
       2.3295151687582672e-03, 4.3374476416127914e+00,
       2.7500960676422372e+00, 3.1166508448121095e+00,
       1.4997247284720110e-03, 6.7426609051789816e-04,
       2.3523977423391372e-03, 4.3316657697023881e+00,
       2.7457024783154615e+00, 3.0286940556391628e+00,
       1.9304931637936910e-03, 7.1065501991614472e-04,
       2.7536760579476766e-03, 4.3161822631335269e+00,
       2.7261206146049881e+00, 3.0147453769571495e+00,
       2.0308661249891294e-03, 6.8132135688791899e-04,
       2.5704142374860643e-03, 4.4035422230389996e+00,
       2.7684554518049551e+00, 3.1324361398382061e+00,
       2.1341201947079609e-03, 6.4114880194863827e-04,
       2.4070058226366552e-03, 4.4441724303912897e+00,
       2.7986053010324361e+00, 3.0814166618989964e+00,
       2.0877452653547792e-03, 6.2440164859392283e-04,
       2.4866086950130085e-03, 4.4301803470424037e+00,
       2.8081317420500556e+00, 3.1305089812778375e+00,
       3.7909387101779058e-03, 8.1711992565329007e-04,
       3.4305065035441342e-03, 4.4205406759273469e+00,
       2.8393372284049878e+00, 3.4097386825315628e+00,
       2.2396841057417006e-03, 7.2616452647405593e-04,
       2.7088383011391812e-03, 4.3793538346927114e+00,
       2.8066720540495989e+00, 3.3879778898532051e+00,
       1.7427217319978014e-03, 6.9696359356529879e-04,
       2.6864311989882286e-03, 4.4056164993676195e+00,
       2.8059446563366417e+00, 3.1893253953875313e+00,
       2.1336472819685902e-03, 6.6913583833102630e-04,
       2.7801938820152189e-03, 4.4164741984942948e+00,
       2.8047929251174901e+00, 3.2724470912855916e+00,
       1.9429877473463035e-03, 6.6982368629132851e-04,
       2.4644145889645211e-03, 4.3480130958950287e+00,
       2.7480566597570237e+00, 3.0757016839289326e+00,
       1.9225946637532370e-03, 6.8362740187930123e-04,
       2.4218925159419777e-03, 4.2461244980565978e+00,
       2.6807198229461733e+00, 3.0242201265975304e+00,
       1.6539657381761715e-03, 6.2389053894711414e-04,
       2.5631299106422794e-03, 3.8634040683526627e+00,
       2.4479561511679466e+00, 2.6489335574362958e+00,
       2.8204268564007025e-03, 9.1906321773105185e-04,
       3.5902769984359185e-03, 3.4517384159180722e+00,
       2.2655815867286804e+00, 3.0458933564220239e+00,
       5.3973630743261751e-03, 1.6541779671937311e-03,
       5.1092456803539096e-03, 3.4480990229337873e+00,
       2.2273657508235964e+00, 5.3880229196066072e+00,
       3.1974769862284907e-03, 1.1044047757131027e-03,
       3.8224616114544505e-03, 3.3020892054497812e+00,
       2.2392319977555499e+00, 3.5269174786472171e+00,
       1.6537433548695886e-03, 6.7439093106361062e-04,
       2.3613583699592798e-03, 3.9417844024445277e+00,
       2.5179910766879923e+00, 2.4207429449073450e+00,
       1.6235090173558578e-03, 7.1514177436904315e-04,
       2.5003159534078803e-03, 4.1929164252867315e+00,
       2.6553409362463878e+00, 2.5560518895297752e+00,
       1.6105080614822939e-03, 8.6332776452172175e-04,
       2.7653149073503256e-03, 4.2408534956787012e+00,
       2.6929502656086046e+00, 3.0325486978875151e+00,
       1.7167640143411259e-03, 8.3258256500270771e-04,
       2.6048660960223771e-03, 4.2697599305558720e+00,
       2.7019621434562753e+00, 2.7442222349218466e+00,
       1.6841774689677989e-03, 7.6428246123361806e-04,
       2.4247396339675989e-03, 4.3170642452971153e+00,
       2.7416672672589866e+00, 2.5139764060768752e+00,
       1.8611214717384143e-03, 8.9110953656066987e-04,
       2.5391329986956595e-03, 4.3552010311547926e+00,
       2.7311663339801999e+00, 2.7649936898326168e+00,
       1.7788533388160695e-03, 8.2460425660838455e-04,
       2.5255832124121370e-03, 4.3596478592420542e+00,
       2.7302391141028615e+00, 2.5241436438933196e+00,
       1.6832712193082613e-03, 7.4301558719193242e-04,
       2.4982882146945863e-03, 4.2486058324182912e+00,
       2.7052636108958912e+00, 2.5393731853469919e+00,
       1.7490285305273886e-03, 7.4834782010536102e-04,
       2.4038720694449589e-03, 4.2519221867074446e+00,
       2.7090972594453930e+00, 2.6424830738247493e+00,
       1.6977935899537288e-03, 7.0883748808320680e-04,
       2.3498480033653795e-03, 4.2938205659129665e+00,
       2.7117455855203514e+00, 2.4935630777410620e+00,
       1.7623428868638238e-03, 7.8501918448175298e-04,
       2.3652657047208625e-03, 4.3491227473650413e+00,
       2.7315245796322030e+00, 2.6259386040279726e+00,
       1.7497372612486942e-03, 7.3992438625386471e-04,
       2.4376799107724517e-03, 4.3448008266961349e+00,
       2.7232586467766962e+00, 2.4285265283700723e+00,
       1.8840116937999495e-03, 8.1927022401134624e-04,
       2.5077352292675443e-03, 4.3520190824804015e+00,
       2.7397173705473872e+00, 2.5958928768490788e+00,
       1.8503537308689284e-03, 8.0667172325229216e-04,
       2.6692622390552599e-03, 4.2947140296401161e+00,
       2.7042778447541393e+00, 2.5814871183230617e+00,
       1.8303159976767814e-03, 8.2994509996197545e-04,
       2.6054378405393820e-03, 4.2424645136035979e+00,
       2.6730015691604971e+00, 2.4242608770505760e+00,
       1.5268422695813395e-03, 7.9849586735844568e-04,
       2.4704097823822703e-03, 4.1105646936100282e+00,
       2.5818303526071871e+00, 2.5009605263215868e+00,
       1.5306699868964818e-03, 7.5342923283105187e-04,
       2.4993999601698462e-03, 4.1413907676154640e+00,
       2.6390971011083280e+00, 2.4099829485208799e+00,
       1.5475072193792191e-03, 7.9835277611071552e-04,
       2.4830208574923591e-03, 4.1532836526977599e+00,
       2.6416089984555380e+00, 2.4971092443445353e+00,
       1.5005991325731747e-03, 8.2012149072695423e-04,
       2.4312626430667444e-03, 4.1495639609504842e+00,
       2.6408706428661763e+00, 2.5660081800211545e+00 ]
