%YAML:1.0
---
summary: "Filter by distance, md=200."
init_cam_calib: C99-1010_3p_3
camera_matrix: !!opencv-matrix
   rows: 3
   cols: 3
   dt: d
   data: [ 2.5828926223914523e+03, 0., 1.8709465742593786e+03, 0.,
       2.5841579480342880e+03, 1.0875050320812420e+03, 0., 0., 1. ]
dist_coeff: !!opencv-matrix
   rows: 5
   cols: 1
   dt: d
   data: [ 9.3635146963813292e-03, -7.2252382809146008e-03,
       3.2104360412325069e-04, -3.3604732940524869e-03,
       -2.3321883422033262e-03 ]
std_intrinsics: !!opencv-matrix
   rows: 18
   cols: 1
   dt: d
   data: [ 1.3127702379744528e+00, 1.2471011408944022e+00,
       1.9992553383627181e+00, 1.2653444315432170e+00,
       2.5365444767131030e-03, 9.1892616909173951e-03,
       1.5015201710019978e-04, 2.6046940907808005e-04,
       9.6843781694036131e-03, 0., 0., 0., 0., 0., 0., 0., 0., 0. ]
std_extrinsics: !!opencv-matrix
   rows: 402
   cols: 1
   dt: d
   data: [ 1.2497289902016165e-03, 5.0652948957620209e-04,
       1.6568733091705591e-03, 2.4972369082534791e+00,
       1.6035421843219921e+00, 1.8892273853525581e+00,
       1.3735960509925888e-03, 5.2542046838213426e-04,
       1.6735209204003934e-03, 2.4987871122964442e+00,
       1.6089800217871471e+00, 1.9494588113630011e+00,
       1.2665339154446292e-03, 5.0076736038587658e-04,
       1.6635626845778074e-03, 2.5023500052278158e+00,
       1.6073983484047565e+00, 1.8969870816760768e+00,
       1.2009363269701457e-03, 4.6796523764563335e-04,
       1.6112155922634612e-03, 2.4402831118518362e+00,
       1.5765166212105546e+00, 1.8894341150492007e+00,
       1.2009969632010655e-03, 4.7313783692396204e-04,
       1.5947633641744340e-03, 2.4333901565107667e+00,
       1.5769390148538991e+00, 1.9243612370454979e+00,
       1.0647462205573043e-03, 4.8591664947727781e-04,
       1.4743551427758436e-03, 2.4768910089942193e+00,
       1.5936756848886977e+00, 1.8699492298749947e+00,
       1.0526278871248243e-03, 4.7425144282192022e-04,
       1.5018530266038778e-03, 2.4724730109602002e+00,
       1.5978428662702240e+00, 1.9046501653938908e+00,
       1.0468699734017079e-03, 4.7833984987163345e-04,
       1.5021855314059098e-03, 2.4939554275525522e+00,
       1.6067606477743541e+00, 1.9044623848928577e+00,
       1.1903012806915318e-03, 4.7923459143967326e-04,
       1.5707314654731606e-03, 2.4728618082266864e+00,
       1.5899864629063956e+00, 1.9033064771697943e+00,
       1.2174559029978322e-03, 4.8355754978711147e-04,
       1.5596876281628140e-03, 2.4848025917507370e+00,
       1.5910954217826958e+00, 1.8630538084863486e+00,
       1.2841018865990142e-03, 4.8713560191095156e-04,
       1.6315891665146074e-03, 2.4926661198042148e+00,
       1.6022406409459720e+00, 1.9061432269928653e+00,
       1.3183794686453616e-03, 4.8612903136706424e-04,
       1.6065166206886768e-03, 2.5232337419465587e+00,
       1.6157903280991548e+00, 1.9113228237860584e+00,
       1.4455150177834493e-03, 4.6441893223427857e-04,
       1.5917228119077032e-03, 2.5564124469750653e+00,
       1.6359396024424206e+00, 1.9246265142589449e+00,
       1.4399729599278743e-03, 4.7697178239563810e-04,
       1.6160944075930021e-03, 2.5436907912012110e+00,
       1.6313259080248175e+00, 1.9285766794545385e+00,
       1.4287023351871591e-03, 4.7467040338291730e-04,
       1.6680314359666596e-03, 2.5194250252223016e+00,
       1.6227568683810247e+00, 1.9500750283148180e+00,
       1.7319057565010839e-03, 5.2973756110190828e-04,
       1.8262521848538581e-03, 2.5005965914744648e+00,
       1.6219052703350392e+00, 2.0860798158732190e+00,
       2.0258712487526988e-03, 5.5086760041010306e-04,
       1.9781866289753070e-03, 2.5496771260687479e+00,
       1.6620861779581890e+00, 2.1801287415788027e+00,
       1.5201019141916643e-03, 5.2418628396856258e-04,
       1.7336240737468478e-03, 2.5163546821601113e+00,
       1.6254597175884820e+00, 2.0294055009055114e+00,
       1.6450224431414494e-03, 5.2442541687235035e-04,
       1.7526028567113074e-03, 2.5048531822999265e+00,
       1.6273319803807598e+00, 2.1064808189714319e+00,
       1.7469551294872407e-03, 5.1732690732033966e-04,
       1.8111378261690444e-03, 2.4955601762809274e+00,
       1.6326166797363766e+00, 2.1450033899851819e+00,
       1.9503270959808226e-03, 5.1986301558050029e-04,
       1.8838550791868615e-03, 2.5138906360853719e+00,
       1.6597525602988024e+00, 2.2039413948164883e+00,
       1.4460432178049795e-03, 5.2802380762122182e-04,
       1.7741634841362552e-03, 2.5098296062485868e+00,
       1.6434626851145491e+00, 2.1326222090855773e+00,
       1.4540312076076088e-03, 5.3392078024867731e-04,
       1.8538358344634704e-03, 2.5108951169389564e+00,
       1.6358311634468630e+00, 2.0944235989784485e+00,
       1.6121209592504311e-03, 5.1389770470152503e-04,
       1.7957537688819941e-03, 2.5254381546185867e+00,
       1.6508866244525500e+00, 2.1493973762162990e+00,
       1.5137331391729765e-03, 5.1737798177580992e-04,
       1.7502908453338164e-03, 2.5314019691675038e+00,
       1.6445916846885655e+00, 2.1037764016817433e+00,
       1.4090806726603023e-03, 5.1889518868507636e-04,
       1.7044103605475763e-03, 2.5331640852670572e+00,
       1.6380212490005945e+00, 2.0474158394593518e+00,
       1.3087761104109473e-03, 5.0086626142798504e-04,
       1.6845007560743475e-03, 2.5363784882178462e+00,
       1.6365041017914737e+00, 1.9882967711374007e+00,
       1.2830274173539684e-03, 4.7733874439428032e-04,
       1.6458146430087836e-03, 2.5319080011351272e+00,
       1.6310114629830323e+00, 1.9781955644371187e+00,
       1.2729717072899373e-03, 4.6322565540927812e-04,
       1.5872661657052758e-03, 2.5300313116918698e+00,
       1.6243780501993474e+00, 1.9303886526027998e+00,
       1.2246209790584069e-03, 4.7103209431615588e-04,
       1.5207829993889234e-03, 2.4844362231842716e+00,
       1.5903441127426556e+00, 1.8647982255864055e+00,
       1.1464156260126567e-03, 4.6540950332540784e-04,
       1.4858744299540009e-03, 2.3442833133299774e+00,
       1.5025636275957197e+00, 1.7357028807965469e+00,
       1.1168747153480977e-03, 4.4072304462104049e-04,
       1.4878938716461334e-03, 2.2656896617684463e+00,
       1.4577558237628223e+00, 1.6836078087286557e+00,
       1.0904796583643081e-03, 4.3861616273405585e-04,
       1.4962610152125537e-03, 2.1752344685422740e+00,
       1.4020382399393905e+00, 1.5946343830879368e+00,
       1.2347708252267305e-03, 4.6088320138558289e-04,
       1.5516502622256773e-03, 2.1077454618923581e+00,
       1.3614049751951007e+00, 1.6126828585793054e+00,
       1.6358677518240649e-03, 5.3546600646661746e-04,
       1.7654721043475240e-03, 2.0546476393084441e+00,
       1.3345409020556296e+00, 1.7418111903217635e+00,
       2.2986279069753743e-03, 6.8251983743469519e-04,
       2.3917471241253615e-03, 2.0325580926889493e+00,
       1.3365436025092585e+00, 2.0493479932284600e+00,
       2.0975968612008235e-03, 6.9111877246641571e-04,
       2.2543519825437338e-03, 2.0200210942381647e+00,
       1.3195622819138224e+00, 2.0876930784569812e+00,
       2.4492607868666885e-03, 7.7005602708361983e-04,
       2.5843596562473924e-03, 2.0080096594310044e+00,
       1.3391408070132309e+00, 2.2186651699444933e+00,
       2.4830133966078152e-03, 8.4320052722702756e-04,
       2.7909988406599712e-03, 1.9818544996739615e+00,
       1.3312836554349667e+00, 2.4313663346590531e+00,
       2.5725485624750574e-03, 9.2387974895814741e-04,
       3.0945162730674669e-03, 1.9642131466739048e+00,
       1.3248818842480428e+00, 2.7213036766500749e+00,
       2.4870002088440957e-03, 9.5222013617183980e-04,
       2.9879783035781059e-03, 1.9069878133088023e+00,
       1.3126056627645368e+00, 2.6981107527812167e+00,
       2.2574907326831793e-03, 8.4664071018255118e-04,
       2.8939706110491159e-03, 1.8901787949342908e+00,
       1.3082554095570536e+00, 2.5515477517079614e+00,
       1.8422644130312255e-03, 6.2740918652222138e-04,
       2.0852756760790839e-03, 1.9835574889246692e+00,
