%YAML:1.0
---
summary: "Filter by time, rd=20, rs=0."
init_cam_calib: C99-1010_3p_3
camera_matrix: !!opencv-matrix
   rows: 3
   cols: 3
   dt: d
   data: [ 2.5543106625659775e+03, 0., 1.8761072946968861e+03, 0.,
       2.5552938600054349e+03, 1.0863863944130940e+03, 0., 0., 1. ]
dist_coeff: !!opencv-matrix
   rows: 5
   cols: 1
   dt: d
   data: [ 3.0262810413980223e-02, -7.4941654230298776e-02,
       -1.0000101993035847e-03, -1.0079651403482942e-03,
       6.0243827654305519e-02 ]
rvec: !!opencv-matrix
   rows: 42
   cols: 3
   dt: d
   data: [ -3.1359103844621323e+00, -1.4647927181624941e-02,
       -1.4545187184216976e-01, -3.1407509510745011e+00,
       -7.7998614389833383e-03, -1.1805159979295782e-01,
       -3.1273661050347035e+00, -1.1460274366236570e-02,
       -1.1298009439666580e-01, -3.1338859826286560e+00,
       -2.8357185059701860e-03, -7.2780023597474069e-02,
       3.1319336390839267e+00, -8.6279937482303202e-03,
       2.4761348635178659e-02, 3.0207326654191462e+00,
       -9.0098949063044817e-02, 6.2090917894850925e-02,
       3.0109574441464284e+00, -4.2924016749812569e-02,
       5.4577702654834588e-02, 2.9911578241188170e+00,
       -2.0115102232187449e-02, -6.7898588164651075e-03,
       3.0143822565344931e+00, -2.9665603542435698e-03,
       2.8751511464911967e-02, 3.0620327050457274e+00,
       -3.4329914866874429e-02, 1.2154336203295216e-01,
       -3.0970750737768253e+00, 5.6379391141432228e-02,
       -9.8196954786265264e-02, -3.0029421456924905e+00,
       8.7792672365689092e-02, -7.6161057920727568e-02,
       -2.9584742122218501e+00, 1.5724355705001958e-01,
       6.4021761779146022e-03, -3.0023649887094201e+00,
       1.3323378326602131e-01, 4.7327920472700451e-02,
       2.9988337992553245e+00, -7.1774308861006844e-02,
       9.2032179803226699e-03, 3.0707153478854821e+00,
       1.1302945177139296e-02, 6.5465937423047640e-02,
       3.1334452838006204e+00, 2.0875983633584928e-02,
       2.6005943488580062e-02, -3.0678289458454868e+00,
       5.7397488287693815e-03, -2.9722614855565734e-02,
       -3.0734883999078484e+00, 4.4431996238792272e-02,
       -1.0299849585031828e-01, -3.0805789799928158e+00,
       1.0695772178325781e-01, -1.3194894252304346e-01,
       3.0894303119654056e+00, -1.3110124182832006e-01,
       2.3231301721092015e-01, 3.0797354035359747e+00,
       -9.7431658106924793e-02, 2.6818423716818901e-01,
       3.0451748677877446e+00, 1.1986078963758019e-01,
       2.0879968412858005e-01, -3.0172692126715428e+00,
       -6.4989988457288358e-02, 5.3837677607889689e-01,
       -3.0418540316411913e+00, -8.5487759784291153e-03,
       6.7727441258594956e-01, -3.0240023466780914e+00,
       -3.0961280418563858e-02, 8.0411226188878071e-01,
       -3.0165636747098796e+00, -2.9620735821965047e-02,
       7.8436938488182617e-01, -2.9743251675223328e+00,
       -1.5429281831251890e-02, 8.1683780747682511e-01,
       -2.9338577460441053e+00, -1.6018106228399654e-02,
       9.1112277763963068e-01, -2.8730619370367183e+00,
       -2.5041180002426444e-02, 1.0412340399706586e+00,
       -2.9252814002551211e+00, -2.8243672223583392e-02,
       9.6437523327471963e-01, -2.9772091292518850e+00,
       -1.1138414809346424e-02, 7.5997493843370179e-01,
       -2.9040970516097264e+00, -2.2542868140209560e-02,
       7.6963929130382180e-01, -2.8204508109478521e+00,
       3.0855773579454359e-02, 7.8803665018006308e-01,
       -2.8191225899638090e+00, 3.2503739233771770e-02,
       8.5512951447959762e-01, -2.9136378870851463e+00,
       1.4043835786930564e-01, 9.5870489449296981e-01,
       -2.9491535133791458e+00, 5.8012472442534740e-02,
       1.0113468124658402e+00, 2.9704245593537659e+00,
       -2.5571785896889191e-02, -9.9779167062290286e-01,
       -2.9357055725897738e+00, 9.1267395368226312e-02,
       1.0627995192984252e+00, 2.7460683134523469e+00,
       -1.1653863457875405e-01, -8.8489993325463279e-01,
       2.8212769117930216e+00, -1.0070688504657298e-01,
       -8.4129268568286564e-01, 2.8176912784417318e+00,
       -9.2463936783955258e-02, -8.2851918186118223e-01 ]
tvec: !!opencv-matrix
   rows: 42
   cols: 3
   dt: d
   data: [ -1.1762024941326561e+02, 1.6591970255313984e+02,
       3.1174390226917776e+03, -8.7993958767449044e+01,
       1.7622346217187257e+02, 3.1296818108811699e+03,
       -7.7759155424766732e+01, 1.4364550290269534e+02,
       3.1231333672454589e+03, 1.3081066746764533e+01,
       1.6063055618493675e+02, 3.1133760896983486e+03,
       1.1753478205682120e+02, 2.0461297866350475e+02,
       3.0986800991688951e+03, 1.2768830224770475e+02,
       2.6423666375042603e+02, 3.0407546238353807e+03,
       1.4585128248470443e+02, 3.9219509154741665e+01,
       3.0947739511392729e+03, 2.4785360364234157e+02,
       8.3642692402242446e+01, 3.1338753221265879e+03,
       1.7008566805162906e+02, 1.6139950971100878e+00,
       3.1322119829450985e+03, 1.1472679063211560e+01,
       3.2500180441895772e+01, 3.0879250119825670e+03,
       5.8433285159572300e+01, 6.8749171306516146e+01,
       3.1034934711563178e+03, 5.0475612234276909e+01,
       1.1332936556614722e+01, 3.1351002160839039e+03,
       2.3699317478547917e+02, 5.0466746940965081e+01,
       3.2042960887151148e+03, 3.1582430749475503e+02,
       1.5463702246567564e+02, 3.1656691480327313e+03,
       2.2928542994891441e+02, 6.8567101467338432e+02,
       3.0893899331116017e+03, 8.8392640239360503e+01,
       4.0699982362676207e+02, 3.1615150431312859e+03,
       1.9294477347636459e+02, 2.0727420699212578e+02,
       3.1784265932569915e+03, 2.2035574734940559e+02,
       -6.3119696662946758e+01, 3.1550954064726270e+03,
       1.4563158908669399e+02, -5.2795185411175048e+01,
       3.1217743982749416e+03, 7.0997737144834275e+01,
       -5.8339574693315278e+01, 2.9163342250111582e+03,
       -3.3344450882995818e+02, 2.7394291264804878e+02,
       2.5579307338212775e+03, -9.0073377195235787e+02,
       2.8469933190604866e+02, 2.3601519626031236e+03,
       -1.4344318810691332e+03, 1.7723808103326377e+02,
       2.1300570562154298e+03, -6.6539853402134929e+02,
       -3.2382513782856186e+01, 2.7168141434578642e+03,
       -6.2798236155633265e+02, 1.2399292785442724e+02,
       2.9238011002342528e+03, -4.9478774975824768e+02,
       1.2225886447406656e+02, 3.0460492728027343e+03,
       -5.5446701747749330e+02, 1.2030737720658249e+02,
       3.0801950030280909e+03, -4.5910122509460138e+02,
       3.7732030714615959e+01, 3.0976697832132536e+03,
       -2.3676430597312117e+02, -6.5648970399442916e+00,
       3.1290505432897912e+03, 7.8862851643688273e+01,
       -6.1252003870759779e+01, 3.1326984352187396e+03,
       -1.1572831295801016e+02, -4.3024667230945433e+01,
       3.1054297910241321e+03, -5.6626834157987105e+02,
       -1.1099353797468853e+01, 3.0675147625566638e+03,
       -4.8193268697807878e+02, -1.0456435262108993e+01,
       3.0768722337169193e+03, -3.7534650891322030e+02,
       -5.6960977456451829e+00, 3.1135251823294625e+03,
       -2.3050462778312647e+02, 3.3865126861427335e+01,
       3.1221924960828078e+03, -3.3739840287313527e+01,
       2.3984827546388016e+02, 3.1025760691461728e+03,
       1.3045102680638172e+01, 2.0033375207999180e+02,
       3.1156417539379590e+03, 3.3173082970792322e+01,
       1.9975978597239410e+02, 3.0946832795208588e+03,
       1.9253251194010346e+02, -2.3755481549704815e+01,
       2.9948587454743356e+03, 2.3000275735761033e+01,
       4.0687756033125561e+02, 2.9587671282611573e+03,
       -1.3260694547433360e+02, 1.7071341259825348e+02,
       2.9861661076219207e+03, -1.5242779285008820e+02,
       1.9153685601567568e+02, 2.9853274881423176e+03 ]
std_intrinsics: !!opencv-matrix
   rows: 18
   cols: 1
   dt: d
   data: [ 9.7006988819178508e-01, 9.1797245383890991e-01,
       1.5269010127357538e+00, 9.4538700469937320e-01,
       1.9536259195572611e-03, 6.9409552951720938e-03,
       1.1784182121555590e-04, 2.0228852217897390e-04,
       7.1955711663704344e-03, 0., 0., 0., 0., 0., 0., 0., 0., 0. ]
