%YAML:1.0
---
summary: "Filter by distance, md=150, ds=75."
init_cam_calib: C99-1010_3p_3
camera_matrix: !!opencv-matrix
   rows: 3
   cols: 3
   dt: d
   data: [ 2.5840873616627309e+03, 0., 1.8860938887561040e+03, 0.,
       2.5837535094087852e+03, 1.0859918197429411e+03, 0., 0., 1. ]
dist_coeff: !!opencv-matrix
   rows: 5
   cols: 1
   dt: d
   data: [ 1.3386785163170935e-02, -2.0543287350188628e-02,
       3.0322272073222246e-04, -1.1200146990706656e-03,
       9.6006761660793506e-03 ]
std_intrinsics: !!opencv-matrix
   rows: 18
   cols: 1
   dt: d
   data: [ 1.0342263181435571e+00, 9.8874362698855300e-01,
       1.5866390198297169e+00, 9.9240492255544466e-01,
       2.0413180753305117e-03, 7.4798999983664884e-03,
       1.1914278104621308e-04, 2.0652808606235102e-04,
       8.0122354617513606e-03, 0., 0., 0., 0., 0., 0., 0., 0., 0. ]
std_extrinsics: !!opencv-matrix
   rows: 576
   cols: 1
   dt: d
   data: [ 1.1654453253784180e-03, 4.8280960238527920e-04,
       1.4640102476312774e-03, 1.9944958437128966e+00,
       1.2723387868149119e+00, 1.6191885558529919e+00,
       1.1510955657143920e-03, 4.8428493570270458e-04,
       1.4758872531481938e-03, 1.9928637219107153e+00,
       1.2733887164536797e+00, 1.6310057901025796e+00,
       1.1851154545061964e-03, 4.6897774363799703e-04,
       1.4691381087824293e-03, 2.0012852200886404e+00,
       1.2778693093305946e+00, 1.6326455332502943e+00,
       1.2837082177138642e-03, 4.9353154546528228e-04,
       1.5028616211791906e-03, 1.9959463133536832e+00,
       1.2747678279737187e+00, 1.6539353640825578e+00,
       1.1912783585484627e-03, 4.7541221212091652e-04,
       1.4770094480605833e-03, 2.0020778381258473e+00,
       1.2772003712173474e+00, 1.6264941218969482e+00,
       1.1929859445002702e-03, 4.6148633913085994e-04,
       1.4719678810358307e-03, 1.9733202182582914e+00,
       1.2657282193453872e+00, 1.6345775937775242e+00,
       1.1296935011891850e-03, 4.4845166799732363e-04,
       1.4073463752363935e-03, 1.9413661997242115e+00,
       1.2503945559871676e+00, 1.6470611968930751e+00,
       1.1004461271163727e-03, 4.5266404467535199e-04,
       1.3750392407915189e-03, 1.9438345689688861e+00,
       1.2534719388297257e+00, 1.6545626052130409e+00,
       1.0207006512168968e-03, 4.4601827973204017e-04,
       1.3154999268622418e-03, 1.9559311163038229e+00,
       1.2557166322085080e+00, 1.6161260531579984e+00,
       9.7994758249697654e-04, 4.5752965487451326e-04,
       1.2757875727940956e-03, 1.9736216732149419e+00,
       1.2622439309681117e+00, 1.6018070000133151e+00,
       9.7041005255228750e-04, 4.4854025244079064e-04,
       1.2955157098880742e-03, 1.9659638003626059e+00,
       1.2615552708752729e+00, 1.6142127983907284e+00,
       9.7291913920900819e-04, 4.4786630944270399e-04,
       1.3133363270626131e-03, 1.9816742343922709e+00,
       1.2759995395959984e+00, 1.6671859710354218e+00,
       9.6516463029763745e-04, 4.4318903169576616e-04,
       1.2978244200374535e-03, 1.9852442080663208e+00,
       1.2748324585552411e+00, 1.6421737070462237e+00,
       9.6792845131428581e-04, 4.5237346646017962e-04,
       1.3050986501167980e-03, 1.9893450045784502e+00,
       1.2744813388225842e+00, 1.6291482344989174e+00,
       1.0022050960248915e-03, 4.7114814410815559e-04,
       1.3094544417069261e-03, 1.9916312229917355e+00,
       1.2713068302311381e+00, 1.5993122578899446e+00,
       9.9290086566103646e-04, 4.7015780895984390e-04,
       1.2661954682319778e-03, 1.9683861306515420e+00,
       1.2567700576967105e+00, 1.5793227983426898e+00,
       1.1087742301755330e-03, 4.5497501568195588e-04,
       1.3713385359984645e-03, 1.9735328301350286e+00,
       1.2615979732021010e+00, 1.6314228618494393e+00,
       1.1429926784025679e-03, 4.6368506041997954e-04,
       1.3930305266118246e-03, 1.9773835932548367e+00,
       1.2612394186154676e+00, 1.6172225845784582e+00,
       1.2315824139518105e-03, 4.6384371324140639e-04,
       1.4169205844104930e-03, 2.0140156951463659e+00,
       1.2819780249357455e+00, 1.6396606183117532e+00,
       1.2636070001354777e-03, 4.5241757408492743e-04,
       1.3844964412131108e-03, 1.9968841938935118e+00,
       1.2700139829700348e+00, 1.6135946368626743e+00,
       1.3608063266227568e-03, 4.3972535729006664e-04,
       1.3923630576030334e-03, 2.0417770927177954e+00,
       1.2982186757920027e+00, 1.6440913423833385e+00,
       1.3562249444119044e-03, 4.4991716085993267e-04,
       1.4043355139605072e-03, 2.0351345023040168e+00,
       1.2955076101997520e+00, 1.6524065358341873e+00,
       1.3430062463117962e-03, 4.5594366821304419e-04,
       1.4317182417197631e-03, 2.0367568295512561e+00,
       1.2996459631168027e+00, 1.6689253526321111e+00,
       1.3667065244721095e-03, 4.4186472754879691e-04,
       1.4053432415562367e-03, 2.0376317671516313e+00,
       1.2983838199635955e+00, 1.6572819605965095e+00,
       1.3309070672319736e-03, 4.3917895685034242e-04,
       1.4151274353842258e-03, 2.0154842920570628e+00,
       1.2870880329852408e+00, 1.6524147682054044e+00,
       1.3330400637265420e-03, 4.5105866130115045e-04,
       1.4752786621377496e-03, 2.0172243653021504e+00,
       1.2912552537114754e+00, 1.6892069242038350e+00,
       1.3135711573859833e-03, 4.6409279031079574e-04,
       1.5019735871800010e-03, 2.0210772810574054e+00,
       1.2959169855739987e+00, 1.7032903888015780e+00,
       1.6315519824033448e-03, 5.0481319921776501e-04,
       1.6359126303235724e-03, 1.9998035110710171e+00,
       1.2896410372149993e+00, 1.8121943704560197e+00,
       1.9164026942866694e-03, 5.2462856678659961e-04,
       1.7918240681749373e-03, 2.0457240903770870e+00,
       1.3275827697863494e+00, 1.9039426602766778e+00,
       1.4470450726044063e-03, 5.0505811049013176e-04,
       1.5520952898815110e-03, 2.0241812537395325e+00,
       1.2994739781126901e+00, 1.7639965566344846e+00,
       1.5494527028797329e-03, 4.9917798209613180e-04,
       1.5635224532668554e-03, 2.0046213605431196e+00,
       1.2952225767726542e+00, 1.8311926277521757e+00,
       1.6489023156804144e-03, 4.9197491020712436e-04,
       1.6237388369718718e-03, 1.9988918651410466e+00,
       1.3020586721382572e+00, 1.8696787667955970e+00,
       1.8451760989517815e-03, 4.9320819434816069e-04,
       1.6981917174117346e-03, 2.0155901142565380e+00,
       1.3281190881356750e+00, 1.9251174737215437e+00,
       1.4270201291922797e-03, 4.8637678442702394e-04,
       1.5564650508096164e-03, 1.9998835333717924e+00,
       1.3096713229346180e+00, 1.8687332755853894e+00,
       1.3112450756206432e-03, 5.0660785578328751e-04,
       1.6318195904808756e-03, 2.0065514753556504e+00,
       1.3009511214576515e+00, 1.7973384410906432e+00,
       1.4350192580520889e-03, 5.1833656743244033e-04,
       1.6649184993034112e-03, 2.0055945092470653e+00,
       1.3058981224745672e+00, 1.8621183263757581e+00,
       1.3678312681427145e-03, 5.0620150676075626e-04,
       1.6628840934859493e-03, 2.0076028903122571e+00,
       1.3007707441676231e+00, 1.8104365546836352e+00,
       1.5194931472227520e-03, 4.8876921943837753e-04,
       1.6069016214110149e-03, 2.0200234570789055e+00,
       1.3147136309316145e+00, 1.8688110650948360e+00,
       1.4234376889277838e-03, 4.9283192376245097e-04,
       1.5601627874912364e-03, 2.0236560108678185e+00,
       1.3075849563857800e+00, 1.8257451070439337e+00,
       1.3237195820758922e-03, 4.9140586054279998e-04,
       1.5147373324242274e-03, 2.0245251080339965e+00,
       1.3025475924800751e+00, 1.7709056766461955e+00,
       1.2243148971682709e-03, 4.8098532061005420e-04,
       1.4878391664997789e-03, 2.0251761320552908e+00,
       1.2997858767255561e+00, 1.7088078981819359e+00,
       1.1864042977708206e-03, 4.6669256228823013e-04,
       1.4824398123831112e-03, 2.0232252287214898e+00,
       1.2975010294239195e+00, 1.7009484766107414e+00,
       1.1974094378275008e-03, 4.5414727832612307e-04,
       1.4504870445303545e-03, 2.0202719382293828e+00,
