%YAML:1.0
---
summary: "Filter by time, rd=10, rs=5."
init_cam_calib: C99-1010_3p_3
camera_matrix: !!opencv-matrix
   rows: 3
   cols: 3
   dt: d
   data: [ 2.5777409923212258e+03, 0., 1.8755735796532570e+03, 0.,
       2.5740420439214859e+03, 1.0830877684564423e+03, 0., 0., 1. ]
dist_coeff: !!opencv-matrix
   rows: 5
   cols: 1
   dt: d
   data: [ 2.2340529417268936e-02, -4.6983514630983311e-02,
       9.7396565808828163e-05, -2.1394432081289589e-03,
       3.2470895429835854e-02 ]
std_intrinsics: !!opencv-matrix
   rows: 18
   cols: 1
   dt: d
   data: [ 6.1978880618249854e-01, 5.8421522995337982e-01,
       9.7457297459185610e-01, 6.1062034787620745e-01,
       1.2338215723142042e-03, 4.4029885869824115e-03,
       7.5483341366372963e-05, 1.2886054677414480e-04,
       4.5748413562510717e-03, 0., 0., 0., 0., 0., 0., 0., 0., 0. ]
std_extrinsics: !!opencv-matrix
   rows: 504
   cols: 1
   dt: d
   data: [ 7.1098451536422927e-04, 2.7654406262493208e-04,
       8.8980843074794205e-04, 1.2273400343576397e+00,
       7.8674297443080876e-01, 9.6731037418574295e-01,
       7.3091961095631246e-04, 2.9206645159762871e-04,
       8.8605458498736177e-04, 1.2294328807141390e+00,
       7.8884372795259206e-01, 9.7979446617072774e-01,
       7.0758288043554869e-04, 2.8000847542968807e-04,
       8.8683007798510266e-04, 1.2261381206414308e+00,
       7.8505082062636977e-01, 9.6099345147058046e-01,
       7.0327333247734451e-04, 2.7903785643557620e-04,
       8.7812705747605693e-04, 1.2254281129430338e+00,
       7.8390336760319379e-01, 9.5501699985581279e-01,
       7.0273109979701750e-04, 2.7984663078700362e-04,
       8.8288013217826535e-04, 1.2242727063175074e+00,
       7.8395027988232968e-01, 9.6138583814652989e-01,
       7.0231030661822738e-04, 2.7813659736186051e-04,
       8.7744346228549059e-04, 1.2236305336176236e+00,
       7.8348431567921140e-01, 9.5920765295502586e-01,
       6.9887435479006673e-04, 2.7579725511902149e-04,
       8.8236266368312704e-04, 1.2200114244249565e+00,
       7.8274130231389139e-01, 9.6330798748877411e-01,
       6.9342530886865213e-04, 2.7229009246303398e-04,
       8.8001893758425317e-04, 1.2121202106681783e+00,
       7.7850848025889885e-01, 9.6162290926425076e-01,
       6.8155983129431982e-04, 2.6810853540392213e-04,
       8.5237061262788264e-04, 1.2030828467283086e+00,
       7.7314736105381687e-01, 9.5406909789244754e-01,
       6.7175749860044309e-04, 2.6548864138831055e-04,
       8.4756135620334865e-04, 1.1911414316986317e+00,
       7.6926052813500490e-01, 9.7571500868970573e-01,
       6.0830424357348131e-04, 2.6294966302780443e-04,
       7.9747075973387097e-04, 1.1964214463397886e+00,
       7.7186821737063116e-01, 9.5845228901655777e-01,
       5.9130079397799219e-04, 2.7100149615285035e-04,
       7.7705970475771603e-04, 1.2127296104669005e+00,
       7.7819663008904394e-01, 9.4445949347453162e-01,
       5.8106735828610586e-04, 2.6533960263129509e-04,
       7.8941267801412463e-04, 1.2106875867830738e+00,
       7.8004528089150293e-01, 9.6513404026502780e-01,
       5.8011129365889127e-04, 2.6481985349588347e-04,
       7.9712509821646836e-04, 1.2209091982390672e+00,
       7.8699503239286184e-01, 9.7745147191201953e-01,
       5.7268806675985558e-04, 2.6307129378450408e-04,
       7.7563052342927662e-04, 1.2174542777042934e+00,
       7.8372098956290470e-01, 9.7061260148386264e-01,
       5.7691903267172943e-04, 2.6394420260972208e-04,
       7.8552132982967428e-04, 1.2193546906929804e+00,
       7.8470307116894233e-01, 9.7071213522955002e-01,
       5.7746764567242700e-04, 2.6763666105416250e-04,
       7.8846428867164790e-04, 1.2209360427053702e+00,
       7.8441371259365122e-01, 9.6428001223286419e-01,
       5.9600520256963406e-04, 2.8240653899461296e-04,
       7.7158626801533648e-04, 1.2115855219988003e+00,
       7.7565803503278752e-01, 9.3462351006527089e-01,
       6.4106524506939470e-04, 2.7066008895104530e-04,
       8.1763878298239277e-04, 1.2071146634457020e+00,
       7.7628686798100177e-01, 9.6476968774920935e-01,
       6.8992823798718153e-04, 2.6939451826324965e-04,
       8.2638751844264042e-04, 1.2138354854821325e+00,
       7.7526668461665882e-01, 9.4380190586604407e-01,
       7.2009977613135285e-04, 2.7546116043630764e-04,
       8.6076506550739290e-04, 1.2264332077256046e+00,
       7.8461179073547871e-01, 9.6421439890534888e-01,
       7.4125767079288808e-04, 2.6895457413298081e-04,
       8.2899303780716157e-04, 1.2277180075321712e+00,
       7.8311241614308014e-01, 9.5417489668597355e-01,
       7.8158546275481603e-04, 2.6480614333073804e-04,
       8.4166266568425757e-04, 1.2397186200431818e+00,
       7.9165634475562974e-01, 9.7041926722929805e-01,
       8.0716872573060629e-04, 2.6818476840194351e-04,
       8.5084857074723807e-04, 1.2572623163991024e+00,
       8.0318154486648885e-01, 9.8651764068450554e-01,
       8.2354989592858124e-04, 2.7058611222403520e-04,
       8.6585898355336739e-04, 1.2581896381775606e+00,
       8.0343747423972256e-01, 9.7990661283808012e-01,
       7.9796276617828340e-04, 2.6158880348616556e-04,
       8.4979989487381777e-04, 1.2444322787707178e+00,
       7.9637508561026238e-01, 9.8427820364786056e-01,
       7.7979331712763869e-04, 2.7476940300321984e-04,
       9.0210710128640307e-04, 1.2400378637161036e+00,
       7.9743321818712753e-01, 1.0082159167458018e+00,
       8.8645581815233795e-04, 2.9703255309635238e-04,
       9.3100599891609605e-04, 1.2287802735117321e+00,
       7.9275692638804529e-01, 1.0539506284726967e+00,
       7.7779592431337472e-04, 3.0082118081112459e-04,
       9.7767140884609679e-04, 1.2313686946919671e+00,
       8.0032453831426398e-01, 1.0684683917373996e+00,
       8.3710804349692712e-04, 2.8939779037868258e-04,
       9.3514112479977556e-04, 1.2421613949487478e+00,
       8.0632180242413420e-01, 1.0845392727146776e+00,
       7.7702829088603415e-04, 2.9226432596391800e-04,
       9.0568380624716192e-04, 1.2414945510716580e+00,
       8.0011929504596546e-01, 1.0400878763817396e+00,
       7.2763136342317780e-04, 2.8211759646517556e-04,
       8.9492976657184781e-04, 1.2421999736101450e+00,
       7.9910221117836722e-01, 1.0118933860304422e+00,
       7.0845160195209009e-04, 2.7029805794910730e-04,
       8.7439463237010747e-04, 1.2401652341544400e+00,
       7.9688231468737902e-01, 1.0064651869608101e+00,
       7.0766492623894090e-04, 2.6003760539420299e-04,
       8.3646312530646872e-04, 1.2375034716793269e+00,
       7.9208708752105095e-01, 9.7531697177771159e-01,
       6.9378668257529604e-04, 2.6059606711766216e-04,
       8.2146278521780150e-04, 1.2270585759519148e+00,
       7.8502119859932817e-01, 9.6231169220084045e-01,
       6.9368346045445197e-04, 2.7106555710366932e-04,
       8.3642520131124146e-04, 1.2226308301509878e+00,
       7.8302061102369525e-01, 9.7457733622401554e-01,
       6.7565954969851056e-04, 2.6370261984156310e-04,
       7.9353755797151434e-04, 1.2103708887949078e+00,
       7.7256800969084960e-01, 9.3331665260732222e-01,
       6.4770616791860107e-04, 2.6224506331593792e-04,
       7.7452618914859933e-04, 1.1709120289319592e+00,
       7.4726548147221672e-01, 8.9111261927336405e-01,
       6.1738785621019135e-04, 2.4824490600838280e-04,
       7.7940763013305107e-04, 1.1098677326803312e+00,
       7.1214589888472990e-01, 8.4724299811788573e-01,
       6.2867793238020008e-04, 2.4199068253689428e-04,
       7.9553355926111112e-04, 1.0543447059873239e+00,
       6.7843438715660276e-01, 7.9402794741746308e-01,
       9.5369453985415535e-04, 3.3549588121463512e-04,
       1.0144063424269219e-03, 1.0112522348978650e+00,
       6.5130837985271417e-01, 9.7461066192792734e-01,
       1.3700492511537123e-03, 3.9335651781383329e-04,
       1.3069790738170855e-03, 1.0054260650111784e+00,
       6.6962142837453764e-01, 1.1177261515309014e+00,
       1.3732858028551588e-03, 4.4653565512038336e-04,
       1.4388434742677900e-03, 9.9705688547306304e-01,
