%YAML:1.0
---
summary: "Filter by time and points, rd=20, rs=10, sp=5, sf=4."
init_cam_calib: C99-1010_3p_3
camera_matrix: !!opencv-matrix
   rows: 3
   cols: 3
   dt: d
   data: [ 2.5803388226530078e+03, 0., 1.8905075660134119e+03, 0.,
       2.5727380557661254e+03, 1.0796075389400912e+03, 0., 0., 1. ]
dist_coeff: !!opencv-matrix
   rows: 5
   cols: 1
   dt: d
   data: [ 1.7059340887166239e-02, -3.6286018775171153e-02,
       -7.9132995320800755e-04, 2.1104674867115184e-05,
       2.5884057974767474e-02 ]
std_intrinsics: !!opencv-matrix
   rows: 18
   cols: 1
   dt: d
   data: [ 2.4491283623558919e+00, 2.3094053162587009e+00,
       3.8128520365750336e+00, 2.3653794489153905e+00,
       5.0373145483431957e-03, 1.8746520801424148e-02,
       2.9305036451744335e-04, 5.0254080686533127e-04,
       2.0380624873598048e-02, 0., 0., 0., 0., 0., 0., 0., 0., 0. ]
std_extrinsics: !!opencv-matrix
   rows: 252
   cols: 1
   dt: d
   data: [ 1.7313898065256191e-03, 7.4367186690865543e-04,
       2.7820251890352762e-03, 4.7638507919779336e+00,
       3.0081958270984122e+00, 3.2362898917563703e+00,
       1.9200496487763114e-03, 7.6109702372657850e-04,
       2.9864449167398897e-03, 4.7557008609413014e+00,
       2.9948043361089587e+00, 3.2224663359978627e+00,
       1.9725994850546937e-03, 7.3455325766250937e-04,
       2.9029378497044483e-03, 4.7513186347875598e+00,
       2.9934888431129574e+00, 3.3595634441557052e+00,
       2.1756992512490924e-03, 7.4034996872366331e-04,
       2.8333082744489892e-03, 4.7243005026344829e+00,
       2.9835939430583585e+00, 3.3254254847123894e+00,
       1.8649433304134117e-03, 7.3101033724787073e-04,
       2.6323261484107346e-03, 4.6435862102715664e+00,
       2.9267514921517725e+00, 3.3577790526237017e+00,
       1.7899456926508679e-03, 7.1248714466008744e-04,
       2.7763598895021008e-03, 4.6806687200468611e+00,
       2.9700499169324193e+00, 3.2447240850307320e+00,
       1.6272822295673888e-03, 7.2449371861419939e-04,
       2.6237417282830309e-03, 4.7241286999695440e+00,
       2.9952583890719682e+00, 3.3304655436657957e+00,
       1.7032071594618053e-03, 7.4123955146671093e-04,
       2.7569781141813707e-03, 4.7384852341655490e+00,
       2.9905020456414633e+00, 3.3163659243824766e+00,
       1.7836621661202335e-03, 7.6204535959046682e-04,
       2.5712869214058352e-03, 4.7240623568761624e+00,
       2.9896688897287738e+00, 3.2196986913161818e+00,
       2.0782591710391102e-03, 7.4579806412563112e-04,
       2.8200926608941534e-03, 4.7047348875938395e+00,
       2.9638497737451805e+00, 3.3029286396398332e+00,
       1.9723521733557617e-03, 7.0865417650466036e-04,
       2.6707117621612040e-03, 4.7633000121058320e+00,
       3.0184275327820722e+00, 3.2359083592119231e+00,
       2.0829063773907634e-03, 7.0431728224353593e-04,
       2.7241855028262226e-03, 4.8617775698372920e+00,
       3.0323783630568548e+00, 3.1651104784528665e+00,
       1.9930820780732451e-03, 7.5346222084846483e-04,
       2.7465767794092942e-03, 4.8196397347290532e+00,
       3.0340634713168448e+00, 3.2421132365003360e+00,
       3.7038349332276766e-03, 8.8313081909630390e-04,
       3.5580553072183433e-03, 4.8104485508077115e+00,
       3.0804386533638235e+00, 3.5891278440135626e+00,
       2.0880356499763508e-03, 8.4339935807031515e-04,
       3.0894297550124791e-03, 4.7731583066571197e+00,
       3.0310530084210443e+00, 3.6312411706394694e+00,
       2.5941261493778768e-03, 7.6365958957092938e-04,
       2.8730796517430087e-03, 4.8254507361530194e+00,
       3.0553778266959690e+00, 3.5633466312715227e+00,
       2.0896500252617157e-03, 7.3793791933151676e-04,
       2.7713685690153602e-03, 4.8051604922124591e+00,
       3.0233376284046733e+00, 3.2852831061678298e+00,
       1.6708337603168069e-03, 6.6633962672932843e-04,
       2.5805811284948755e-03, 4.7531442737541694e+00,
       2.9911902138320388e+00, 3.1752283385367277e+00,
       1.6944736064343120e-03, 7.0390786275839135e-04,
       2.6491753196107807e-03, 4.6352590859423906e+00,
       2.9035868547612664e+00, 3.0068033100259863e+00,
       1.8276425729484311e-03, 6.9208777244561873e-04,
       2.7201543723726750e-03, 4.1929233971758713e+00,
       2.6507914084124478e+00, 2.8935921911000029e+00,
       3.2526276888838481e-03, 9.8674797346633820e-04,
       3.6099616080476175e-03, 3.7844885354063984e+00,
       2.4513605173259587e+00, 3.4383136535422874e+00,
       3.7166518361340371e-03, 1.2416547821296334e-03,
       4.3008596214536409e-03, 3.6613167524741814e+00,
       2.4087888010692065e+00, 4.2495775078884792e+00,
       2.9347190737844635e-03, 9.8268674017812688e-04,
       3.7574709953148255e-03, 3.6166982700127641e+00,
       2.4104464296111239e+00, 3.5866384173939179e+00,
       1.8229038089339290e-03, 7.8752288456666539e-04,
       2.7064534287163907e-03, 4.2930488096051835e+00,
       2.7186664028134779e+00, 2.6968509213928096e+00,
       1.7932048633369474e-03, 7.6392214621675766e-04,
       2.6626006370323208e-03, 4.5785725348670487e+00,
       2.9009337097395651e+00, 2.7286427762085643e+00,
       1.6447506843475653e-03, 8.8682777255859790e-04,
       3.0843320784966185e-03, 4.6248800230446623e+00,
       2.9282247260101664e+00, 3.0262884252864115e+00,
       1.9123717274431257e-03, 8.2903356599551051e-04,
       2.7849168334916461e-03, 4.6505361926135587e+00,
       2.9376185896790523e+00, 2.8911990430430734e+00,
       1.9040158968295908e-03, 8.5414524858372397e-04,
       2.7043898720539401e-03, 4.7046687518144505e+00,
       2.9533884853173218e+00, 2.8216047159377200e+00,
       1.9233893827811902e-03, 8.3681108177982068e-04,
       2.8690568467609583e-03, 4.7396832094523056e+00,
       2.9611085477058383e+00, 2.6594272203714784e+00,
       1.9612882210414198e-03, 9.2464800249608865e-04,
       2.7920008986170980e-03, 4.7460118928453054e+00,
       2.9680142879156475e+00, 3.1257451692368372e+00,
       1.8697413167799357e-03, 8.5445727342372711e-04,
       2.8365474340116114e-03, 4.6540479066370857e+00,
       2.9475790005427882e+00, 2.8882391504735843e+00,
       1.9601955769072139e-03, 8.8893139525951102e-04,
       2.9639319493953895e-03, 4.6368256542058806e+00,
       2.9160806185632642e+00, 2.9409778229834553e+00,
       1.9754936026384279e-03, 8.6221167343859925e-04,
       2.8475342991015015e-03, 4.6769642174886021e+00,
       2.9286871043276816e+00, 2.9418398539938555e+00,
       2.0210056842781812e-03, 8.7136011418223371e-04,
       2.5704803878257012e-03, 4.7241169985703184e+00,
       2.9666774830792595e+00, 2.7145135723840492e+00,
       1.9726862768275166e-03, 8.2764374146181553e-04,
       2.5418378221585582e-03, 4.7781771672109503e+00,
       2.9760767899448366e+00, 2.8141221081164849e+00,
       1.8684987455841809e-03, 7.7892448616336148e-04,
       2.6927657138701220e-03, 4.7582449787790404e+00,
       2.9746748933867262e+00, 2.6325199904150964e+00,
       1.9692680694567491e-03, 8.8102761776777134e-04,
       2.8177081945695184e-03, 4.7130983964372941e+00,
       2.9472429579312833e+00, 2.6463754709583256e+00,
       1.8982908715011952e-03, 8.7633045538716594e-04,
       2.6908927084642732e-03, 4.6430091634561199e+00,
       2.8856379006829727e+00, 2.7704176002738641e+00,
       1.9692481988477007e-03, 1.0128047527127578e-03,
       2.7976367794202289e-03, 4.4823736657924336e+00,
       2.7989172051348445e+00, 2.7105007388928493e+00,
       1.5465819662468787e-03, 8.4718232010653604e-04,
       2.7205557497808055e-03, 4.5460832654198429e+00,
       2.8681032931676520e+00, 2.6888158260432573e+00,
       1.5405028224725718e-03, 7.9727539831969294e-04,
       2.6662274645927095e-03, 4.5537525423007574e+00,
       2.8836006101783966e+00, 2.6018183493537914e+00,
       1.5805146728927958e-03, 8.2013564999848336e-04,
       2.7738522702989458e-03, 4.5267769684516956e+00,
       2.8663932563649639e+00, 2.6608097850617431e+00 ]
