%YAML:1.0
---
summary: "Filter by time and points, rd=20, rs=0, sp=5, sf=2."
init_cam_calib: C99-1010_3p_3
camera_matrix: !!opencv-matrix
   rows: 3
   cols: 3
   dt: d
   data: [ 2.5619716398353462e+03, 0., 1.8696811191457823e+03, 0.,
       2.5618969039100002e+03, 1.0804113944622914e+03, 0., 0., 1. ]
dist_coeff: !!opencv-matrix
   rows: 5
   cols: 1
   dt: d
   data: [ 4.0939152107611912e-02, -1.1016692796662084e-01,
       -1.1878764400486319e-03, -1.4937815409199616e-03,
       9.1480173784469390e-02 ]
std_intrinsics: !!opencv-matrix
   rows: 18
   cols: 1
   dt: d
   data: [ 2.1417714120542382e+00, 2.0300661522603676e+00,
       3.4453815367695539e+00, 2.1282758134223787e+00,
       4.3402204437612323e-03, 1.5623018219449008e-02,
       2.6476127079236962e-04, 4.5495636968321846e-04,
       1.6323929871559346e-02, 0., 0., 0., 0., 0., 0., 0., 0., 0. ]
std_extrinsics: !!opencv-matrix
   rows: 252
   cols: 1
   dt: d
   data: [ 1.6062550090384850e-03, 6.9069178009341110e-04,
       2.5016634901477443e-03, 4.2775913012622224e+00,
       2.6714448255054113e+00, 2.8372487195600646e+00,
       2.0554480992193659e-03, 7.1315051171431476e-04,
       2.5543575074020420e-03, 4.2862476180098117e+00,
       2.6853121826380590e+00, 3.0507099008731742e+00,
       2.0162412406456265e-03, 7.2121250165844465e-04,
       2.8417426223880209e-03, 4.2856935600401025e+00,
       2.6822638464448647e+00, 3.1653340045405325e+00,
       1.7483431336408552e-03, 7.0612535078923093e-04,
       2.4971377268329488e-03, 4.2599858926986434e+00,
       2.6685715109386936e+00, 2.8958288676594308e+00,
       1.4941720393225398e-03, 6.4192695162645507e-04,
       2.4605369019991864e-03, 4.2460979391381208e+00,
       2.6739966442399559e+00, 2.8445840952907147e+00,
       1.8068014944413503e-03, 6.6781008394146209e-04,
       2.6392923274340062e-03, 4.1929452618427350e+00,
       2.6526749412492734e+00, 2.9417369897345567e+00,
       1.4325448854284680e-03, 6.6877558578667669e-04,
       2.2869308277878374e-03, 4.2371504355387337e+00,
       2.6721083190807273e+00, 2.7804812218457085e+00,
       1.5662539958035751e-03, 6.4268494821266673e-04,
       2.3188658338895722e-03, 4.2922550116547642e+00,
       2.7031029872778296e+00, 3.0045226411938240e+00,
       1.5981704835727462e-03, 7.1392438313605164e-04,
       2.4858526820311267e-03, 4.2772303705379562e+00,
       2.6868850237617252e+00, 2.9647695430390426e+00,
       1.4909964715380023e-03, 6.9234176030983795e-04,
       2.3764349030837456e-03, 4.2204672478403582e+00,
       2.6382791405418176e+00, 2.8584847118719279e+00,
       1.6223262288648102e-03, 7.0167430122263235e-04,
       2.5064121124986944e-03, 4.2464829025044306e+00,
       2.6549944852968892e+00, 2.8479534627614473e+00,
       1.9712749971825903e-03, 6.4009596214134807e-04,
       2.4504981877044862e-03, 4.3074571043865451e+00,
       2.6886534894095480e+00, 2.8846990682257383e+00,
       2.2478230313038106e-03, 6.6822271273183080e-04,
       2.5553740341921934e-03, 4.3855092344494251e+00,
       2.7396857258369578e+00, 3.1377950267719950e+00,
       1.8632261011686468e-03, 6.3824903898550040e-04,
       2.4493463330755106e-03, 4.3406806199835124e+00,
       2.7223694998100494e+00, 2.9020451496336017e+00,
       2.7909669282221560e-03, 7.5083438756817669e-04,
       2.8190185521509677e-03, 4.2958192139605780e+00,
       2.7553704112359307e+00, 3.3395395670644299e+00,
       2.0719251172851500e-03, 7.3894383738068404e-04,
       2.6219190426316694e-03, 4.3500997485254969e+00,
       2.7521866874481780e+00, 3.1623339083459872e+00,
       2.0217522740711771e-03, 6.8110850887704915e-04,
       2.4966560457328570e-03, 4.3413571075723603e+00,
       2.7478746048596290e+00, 3.0836573398226350e+00,
       2.0082887343301609e-03, 6.2321571492739277e-04,
       2.4252990385106436e-03, 4.3263316309514011e+00,
       2.7129027977424323e+00, 2.9871494011001496e+00,
       1.6452888265578026e-03, 6.3082974412066489e-04,
       2.4476291504162231e-03, 4.2810392416394913e+00,
       2.6869170184393227e+00, 2.8143537886272147e+00,
       1.4615659344111584e-03, 6.6056311234027637e-04,
       2.3744269872246313e-03, 3.9822041470335217e+00,
       2.5056607222561906e+00, 2.6330927002181626e+00,
       2.3909115253158606e-03, 7.0640478734163318e-04,
       3.0487448663860418e-03, 3.5900907388659271e+00,
       2.2849031751842244e+00, 2.6240370725898008e+00,
       3.3075911128976612e-03, 9.2266470430458700e-04,
       3.5737762089227861e-03, 3.3833822028975815e+00,
       2.2277462156243821e+00, 3.1851926837924314e+00,
       3.7895984911185021e-03, 1.3632341074926557e-03,
       4.1664907212391813e-03, 3.1658068351325532e+00,
       2.0891086477690219e+00, 4.0803725451115547e+00,
       1.7151094396559265e-03, 6.4620723447575716e-04,
       2.4596689684657090e-03, 3.7179278197727617e+00,
       2.3592229657100927e+00, 2.4473024527802578e+00,
       1.8164842036054944e-03, 7.7517150443042794e-04,
       2.5802451423566951e-03, 4.0005544280785941e+00,
       2.5324365984096633e+00, 2.6830675398510735e+00,
       1.6709362654535227e-03, 7.3048472279592890e-04,
       2.4592846758948522e-03, 4.1700373640422574e+00,
       2.6195289411714557e+00, 2.4379973893793236e+00,
       1.9597535444656577e-03, 8.3849890168386583e-04,
       2.5333397154857040e-03, 4.2067702497427550e+00,
       2.6541319664457115e+00, 2.6689400396858574e+00,
       1.7081629991570193e-03, 7.5803639630623112e-04,
       2.5223091605683814e-03, 4.2358401628751023e+00,
       2.6657121000932609e+00, 2.5551640044299040e+00,
       1.7483804256404219e-03, 7.5858815426983381e-04,
       2.4144026982233714e-03, 4.2948661114144659e+00,
       2.6717192384085751e+00, 2.4771812554878987e+00,
       1.7676528819980527e-03, 7.8708012497083707e-04,
       2.4981022325065733e-03, 4.3032265686898699e+00,
       2.6629209124308990e+00, 2.4635364723955036e+00,
       1.7247336856433906e-03, 7.8298351359442026e-04,
       2.4911701283247003e-03, 4.2597112212787911e+00,
       2.6489496070029235e+00, 2.4316996775501329e+00,
       1.8069867223135889e-03, 7.8644725013343937e-04,
       2.6622466050871484e-03, 4.2101008566391638e+00,
       2.6266307006495535e+00, 2.6297867785677194e+00,
       1.8150426811735737e-03, 7.6861284656692204e-04,
       2.4002219184008590e-03, 4.2054054674955905e+00,
       2.6321204416416850e+00, 2.5801912227177102e+00,
       1.7766362734217009e-03, 7.3231854693249878e-04,
       2.3243140911222097e-03, 4.2624092913146177e+00,
       2.6442522168550715e+00, 2.4653961273108038e+00,
       1.8792216431379313e-03, 7.7680200417778750e-04,
       2.3795499729596064e-03, 4.2687437422510026e+00,
       2.6592415898278956e+00, 2.5092991288290105e+00,
       1.7935598307254298e-03, 8.1974769570027171e-04,
       2.5142982057705112e-03, 4.2544428953436340e+00,
       2.6430781066481770e+00, 2.3418931467929340e+00,
       1.8391767528624155e-03, 8.1539239694357996e-04,
       2.4742636575850472e-03, 4.2968847221621047e+00,
       2.6696669563536686e+00, 2.3181330783015506e+00,
       1.6319958956752740e-03, 7.9839907396842577e-04,
       2.5352221896013617e-03, 4.2697061372019043e+00,
       2.6482359235595521e+00, 2.3185230386367537e+00,
       1.8441756759467053e-03, 8.5590751534154737e-04,
       2.6618285721412113e-03, 4.1291633979750380e+00,
       2.5524327279615493e+00, 2.5700613699132062e+00,
       1.5115300468613749e-03, 7.8025554199592133e-04,
       2.5121998994683151e-03, 4.0858864072964609e+00,
       2.5604921830895302e+00, 2.4067828821882133e+00,
       1.4968662900589039e-03, 8.6100366485346866e-04,
       2.5823155882690975e-03, 4.1155724282591919e+00,
       2.5849500049699152e+00, 2.5423805465954259e+00,
       1.3593161801400565e-03, 7.7372888936869339e-04,
       2.4214779495850122e-03, 4.0949040806515677e+00,
       2.5797580681785792e+00, 2.4184558213655469e+00 ]
