%YAML:1.0
---
summary: "Filter by time, rd=15, rs=0."
init_cam_calib: C99-1010_3p_3
camera_matrix: !!opencv-matrix
   rows: 3
   cols: 3
   dt: d
   data: [ 2.5800736758425783e+03, 0., 1.8786041333338133e+03, 0.,
       2.5763001560064849e+03, 1.0800910361571796e+03, 0., 0., 1. ]
dist_coeff: !!opencv-matrix
   rows: 5
   cols: 1
   dt: d
   data: [ 2.4101898036895164e-02, -5.4907099603849860e-02,
       -2.9818924255780953e-04, -1.3607374592341933e-03,
       3.9800882612462472e-02 ]
rvec: !!opencv-matrix
   rows: 56
   cols: 3
   dt: d
   data: [ -3.1353906067431554e+00, -1.5151325115642062e-02,
       -1.4541963135398359e-01, 3.1023455133164304e+00,
       2.2771672524092915e-02, 1.4454616781706028e-01,
       -3.1291160024066866e+00, -2.4019668742054936e-02,
       -1.1020638760713182e-01, -3.1259514684700260e+00,
       -1.0269068110948574e-02, -1.0281508622515377e-01,
       -3.1331923932077772e+00, -3.0413591856996687e-03,
       -7.2386485375540294e-02, -3.1408792922639104e+00,
       6.8407212242399531e-03, -3.6381324213228351e-02,
       3.1008759997388449e+00, -8.8326204982606932e-02,
       6.3491076530868057e-03, 3.0107141268663100e+00,
       -9.4678028771141939e-02, 5.6647138275330154e-02,
       3.0111617761697902e+00, -4.2929133714800762e-02,
       5.4248406072979469e-02, 2.9992541647683364e+00,
       8.0054773449012798e-03, -8.9757440001489734e-04,
       3.0062947678653793e+00, -3.0567638505429897e-02,
       2.6027162065806887e-02, 3.0269638532662340e+00,
       -5.0262611912982769e-04, 2.6677027984685037e-02,
       3.0624676418741186e+00, -3.3996708037923047e-02,
       1.2140772669639199e-01, -3.0731110135952644e+00,
       6.6118544941741478e-02, -8.5235337420210319e-02,
       -3.0576843812227739e+00, 3.7384579072966891e-02,
       -9.9234131704365638e-02, -2.9941811920862018e+00,
       1.0649015917001593e-01, -3.9900096779575261e-02,
       -2.9570108446422201e+00, 1.5755404071217810e-01,
       7.2012068032134106e-03, -2.9820730275246410e+00,
       1.5158094473256209e-01, 2.9233856073877438e-02,
       3.0588193934750159e+00, -3.2002275263883405e-02,
       1.5673369992845365e-01, 3.0579990299167861e+00,
       -1.6532969070700726e-01, -1.4002969447864386e-01,
       3.0716457769756738e+00, 1.1402700666380227e-02,
       6.5015726545903527e-02, 3.1307383022360633e+00,
       3.1096270885610573e-02, 4.3362769179535736e-02,
       -3.1047937205095915e+00, 8.4864128008204746e-03,
       9.7847842898239785e-03, -3.0750447016734062e+00,
       1.4456414427082891e-02, -4.3040061951874910e-02,
       -3.0725608384682244e+00, 4.4252198751789276e-02,
       -1.0329758003873481e-01, -3.0484278928331334e+00,
       8.7656146450806049e-02, -1.5011812974203120e-01,
       -3.1155912465956748e+00, 1.3230484102787016e-01,
       -1.5852544552316616e-02, 3.0513589602754512e+00,
       -1.4257624108361974e-01, 3.3441883351096546e-01,
       3.0798785975468888e+00, -9.6744278277135054e-02,
       2.6895633835929617e-01, 3.0642392861323517e+00,
       5.4324917197207750e-02, 2.2825799693011481e-01,
       3.1234205988888046e+00, -8.8515730872004220e-03,
       -9.9741072324791222e-02, -2.9788728419754773e+00,
       -1.1097131219051912e-01, 7.1126514536554963e-01,
       -3.0407671909163860e+00, -7.3259015940361199e-03,
       6.8318648975290486e-01, -3.0009143215923415e+00,
       1.5473682173520572e-02, 8.1595024466042132e-01,
       3.0401529389958695e+00, 4.3982792950943310e-02,
       -7.6709939390267190e-01, -2.9997809956012240e+00,
       -2.0808103176287819e-02, 8.0895273630570985e-01,
       -2.9731876757980604e+00, -1.3770537860679796e-02,
       8.2267708721108856e-01, -2.9449625849812198e+00,
       -1.1041964218818631e-02, 8.8566302576683886e-01,
       -2.9083881789829173e+00, -2.1004939224747006e-02,
       9.7908272017294962e-01, -2.8676524182011192e+00,
       -2.3439842230569712e-02, 1.0719196703771943e+00,
       -2.9242820654564441e+00, -2.6306497265148370e-02,
       9.7006589441018509e-01, -2.9830542701000211e+00,
       -1.1514832922359440e-02, 7.6633005325394854e-01,
       -2.9694496448215135e+00, -9.4227884475190718e-03,
       7.6826788420716485e-01, -2.8232056120384357e+00,
       5.1058244807543991e-03, 7.9322024158721627e-01,
       -2.8197671271603588e+00, 3.2666014456632697e-02,
       7.9348023173115412e-01, -2.7964917531312614e+00,
       5.6022206922077780e-02, 8.5707767121631317e-01,
       -2.8186888675163413e+00, 8.2124645873027063e-02,
       8.8577990119841832e-01, -2.9226088817378595e+00,
       1.2566728766513935e-01, 9.3517522801154629e-01,
       -2.9477227749602455e+00, 5.9831275503250694e-02,
       1.0169292477533791e+00, 2.9721180334070607e+00,
       -2.9507551246037194e-02, -1.0011543579148023e+00,
       -2.9433435499528788e+00, -5.8089612056320145e-03,
       1.0542561007646649e+00, 2.9047753440449267e+00,
       -1.0324787309198981e-01, -1.0302119075471559e+00,
       2.7440072627340877e+00, -1.1764192523451018e-01,
       -8.8907931313317567e-01, 2.8355180738684358e+00,
       -1.0795608864917101e-01, -8.0855277008951620e-01,
       2.8228082694488341e+00, -1.1720092393771325e-01,
       -8.4488208799556386e-01, 2.8127309675976027e+00,
       -9.0784160251240323e-02, -8.3390387848731518e-01 ]
