%YAML:1.0
---
summary: "Filter by distance, md=200, ds=50."
init_cam_calib: C99-1010_3p_3
camera_matrix: !!opencv-matrix
   rows: 3
   cols: 3
   dt: d
   data: [ 2.5679902170015075e+03, 0., 1.8715040926476381e+03, 0.,
       2.5713551550012135e+03, 1.0854874908928593e+03, 0., 0., 1. ]
dist_coeff: !!opencv-matrix
   rows: 5
   cols: 1
   dt: d
   data: [ 1.4577708678259773e-02, -2.4372856065439458e-02,
       3.0031941880015093e-04, -2.1749088199226291e-03,
       1.6367289251497320e-02 ]
rvec: !!opencv-matrix
   rows: 231
   cols: 3
   dt: d
   data: [ -3.0319253227535956e+00, 1.6081415233714369e-02,
       1.0483032248181468e-02, -3.0357847162972784e+00,
       9.2128552054579621e-03, -4.4241522988618500e-03,
       -3.0634224829130825e+00, 7.3312122683727124e-02,
       -2.1219034489529734e-02, -3.0400886776558647e+00,
       7.1955634284344483e-02, -6.9226149678591559e-02,
       -3.0721583023651697e+00, 3.8359275021948830e-02,
       -1.8660038559190396e-02, -3.1155671273149377e+00,
       6.7665631015606464e-02, -1.9532036475963365e-02,
       3.1225763671032416e+00, -6.9789632523457157e-02,
       1.0997734731875002e-02, 3.0467277459360091e+00,
       -2.8690448800766540e-02, -4.4106698318571530e-02,
       3.0874991551266007e+00, 3.5410870370520618e-02,
       -7.2049100341350009e-02, 3.0525644202250062e+00,
       2.5218386497272031e-02, 2.7463596394853493e-02,
       3.0732573003636987e+00, -2.9880898336163652e-02,
       -3.9508580233717672e-02, 3.0974332738589081e+00,
       -3.4201016190568992e-02, 2.5307106927513430e-02,
       -3.1291314969213251e+00, -1.9682273044277190e-02,
       -7.1855705700162864e-02, -3.0966341058958085e+00,
       -1.3309515780749204e-02, -1.0264790522013974e-01,
       -3.0075287112665090e+00, 1.2844135343730514e-02,
       -6.7334899218118444e-02, -2.9701927080706954e+00,
       4.2507916485388347e-02, -6.5964074579308404e-02,
       -2.9177667723771199e+00, 1.0424424977751495e-01,
       -7.6330506471602666e-02, -2.9279736832028171e+00,
       1.1782418939609983e-01, -4.3633013818782852e-02,
       -2.9523845420045514e+00, 1.3840067042228141e-01,
       -1.0704742112228262e-01, -2.9126842802738016e+00,
       1.6818184288588617e-01, 1.4619558564727323e-02,
       -2.9542396985378963e+00, 1.5059969842139767e-01,
       -4.7475561537225104e-02, -2.9280914346737883e+00,
       1.1782464730769898e-01, 6.3633804894293296e-03,
       -2.8944657233415816e+00, 1.2412212514572570e-01,
       3.8246543705532085e-02, -2.8692773072841082e+00,
       1.1993243051053576e-01, 5.4682176604745943e-03,
       -2.8328079314602799e+00, 1.2261372148840298e-01,
       1.2520262031926813e-02, -2.8577473839287197e+00,
       1.2182533793493400e-01, 4.6220001661951872e-03,
       -2.8896268171294004e+00, 1.2810070932371104e-01,
       3.2839971089081432e-02, -2.9177808185779024e+00,
       1.0748473444314323e-01, 6.8916837031972045e-02,
       -2.9703409856787859e+00, 8.2456860157482673e-02,
       4.6659143633225028e-02, -2.9305656767857133e+00,
       1.0650452664498551e-01, 1.0377403098588563e-01,
       -2.9688015355585184e+00, 7.5509713562043695e-02,
       -4.1921899846863890e-02, -3.0082230011994491e+00,
       6.2877034340244831e-02, -4.6452262493238958e-02,
       -3.0388571260490966e+00, 4.9780322284059722e-02,
       -4.3608810162164377e-02, -3.0759659458795632e+00,
       3.5545652128415851e-02, -1.1279603431569148e-01,
       -3.1353250495419149e+00, 2.6281023450599458e-02,
       -1.1112669617398523e-01, 3.0860114005953450e+00,
       -3.3554293038275347e-02, 5.2621162693905051e-02,
       3.0485753357299052e+00, -1.7330826877900236e-02,
       3.7862319059390821e-03, 3.0809278232946959e+00,
       -1.9043060249389010e-02, -1.1782671379031677e-01,
       3.0376259635511400e+00, -1.5891102218254630e-02,
       -2.6980280216229450e-02, 3.0610567227160157e+00,
       -2.7412126071898724e-03, -2.6038417684800703e-02,
       3.0822156448533438e+00, 2.6922306987882904e-02,
       -1.6083757259083366e-02, 3.1096789836755461e+00,
       4.3977838484945853e-02, -2.7317571606978796e-02,
       -3.1404597454129575e+00, 1.8717922551660586e-03,
       6.8398097429456295e-02, 3.1318730811268041e+00,
       -7.3339547814639285e-03, -6.7417917265833807e-02,
       -3.1308076242095324e+00, 5.7875402253915610e-02,
       4.0248097047729005e-02, 3.1250045420390693e+00,
       -7.4938335973642037e-02, -4.0061253012303170e-02,
       3.1040372944219969e+00, -9.2974143393370956e-02,
       -8.4142234393262974e-02, 3.0824041711731187e+00,
       -1.4248078502090969e-01, -7.0312676799115806e-02,
       3.0578943372750609e+00, -1.5160241143882827e-01,
       4.0074468659503593e-02, 3.0193687429886218e+00,
       -1.0349757625913474e-01, 2.1614179665065014e-01,
       2.9576411417982937e+00, -9.9825958694966271e-02,
       6.2392537205949217e-01, 2.9156284947734323e+00,
       -8.9519112086220223e-02, 6.2851624462131239e-01,
       2.9367422179752323e+00, -7.5065144892134478e-02,
       5.4081861888736094e-01, 2.9866380584663115e+00,
       -1.3648904765445030e-01, 4.4276198924460375e-01,
       3.0120760994548275e+00, -1.0279339692543395e-01,
       1.8260208553036339e-01, 3.0349308228528566e+00,
       -5.6807600463443360e-02, -6.0828683046109958e-02,
       3.0721931322490601e+00, -5.5384891132540241e-02,
       -1.7133282370002711e-01, 3.0867306876327629e+00,
       -9.7004681463830535e-03, -3.8797457134493785e-01,
       -3.0682670767234925e+00, -7.6545148113403891e-02,
       5.6327374363085825e-01, -3.0313638219434487e+00,
       -6.2506591468281220e-02, 7.3908350443124726e-01,
       -3.0027896952437829e+00, -1.6806439127258987e-03,
       7.5912874528402574e-01, -2.9701347188531995e+00,
       1.7714876660177892e-02, 7.6923630424266887e-01,
       -2.9466458980882972e+00, -5.8795109516618441e-02,
       8.5451077688709320e-01, -3.0040278259027096e+00,
       -1.4181703092568037e-02, 8.5168504690036073e-01,
       2.9886450623577332e+00, 4.0877325931294251e-03,
       -8.5953397569978751e-01, -3.0283300023244375e+00,
       -9.4971000809307114e-03, 8.1322933997890068e-01,
       3.0248209091018503e+00, 2.5622780369012346e-02,
       -8.5276515181939749e-01, -2.9332505709324139e+00,
       -5.6120823691493023e-02, 7.4729564027064788e-01,
       -2.8767769914288053e+00, -2.1616578939381931e-02,
       7.1824323814984259e-01, -2.8367321622861157e+00,
       -4.8556220649194470e-03, 7.1518880686403019e-01,
       -2.7943138111762797e+00, -1.0316299455685027e-02,
       7.0413976360787511e-01, -2.7411653109140133e+00,
       -3.3764752418967399e-03, 6.5539765403024008e-01,
       -2.7332218746020795e+00, 6.3901394708775788e-02,
       6.8526698142258513e-01, -2.7737105701276161e+00,
       2.6027322965850089e-02, 7.1597078091772226e-01,
       -2.7492004654832600e+00, 3.1631618799976315e-02,
       6.7769231063523971e-01, -2.7812776445233340e+00,
       8.3793135604332561e-02, 7.5042153821704027e-01,
       -2.8029696421327137e+00, 1.1735606608203276e-01,
       7.7159759314488585e-01, -2.8523703674206748e+00,
       1.1533233424908750e-01, 7.9740075582912007e-01,
       -2.9021460802544787e+00, 1.3832360658915488e-01,
       7.7352000187608394e-01, -2.9476163963361235e+00,
       1.5486765386740037e-01, 7.4922176008453856e-01,
       -3.0287748352508883e+00, 1.5597011342458858e-01,
       6.6595791765022783e-01, 3.0685759044249488e+00,
       -1.6640199432997166e-01, -6.6014800496657422e-01,
       3.0211882937975374e+00, -1.1309367721337818e-01,
       -6.7046719727500392e-01, 2.9393882268391684e+00,
       -4.7665685770557520e-02, -8.2509032827669360e-01,
       2.9887898326608093e+00, -5.8071043409547524e-02,
       -7.2000042415987675e-01, 2.9688495523032135e+00,
       5.1367929637967423e-03, -8.2126680064665281e-01,
       3.0134093286070418e+00, 1.0810500257910118e-02,
       -8.3565218544220188e-01, -3.0056282352386350e+00,
       -2.0311687140850354e-02, 8.6963734290593464e-01,
