%YAML:1.0
---
summary: "Filter by time, rd=15, rs=10."
init_cam_calib: C99-1010_3p_3
camera_matrix: !!opencv-matrix
   rows: 3
   cols: 3
   dt: d
   data: [ 2.5760114310129561e+03, 0., 1.8846587949424411e+03, 0.,
       2.5747818158129235e+03, 1.0860528379599234e+03, 0., 0., 1. ]
dist_coeff: !!opencv-matrix
   rows: 5
   cols: 1
   dt: d
   data: [ 1.2678116507615678e-02, -2.0976779368536654e-02,
       -6.1956584931626877e-04, -9.1297701965353459e-04,
       1.1020539516734032e-02 ]
std_intrinsics: !!opencv-matrix
   rows: 18
   cols: 1
   dt: d
   data: [ 6.6267918223975752e-01, 6.0761151429473303e-01,
       1.2443940709313392e+00, 8.3118407863699062e-01,
       1.3788042063122361e-03, 5.1263001246313368e-03,
       1.1029996818812319e-04, 1.6671381913639137e-04,
       5.4878069158925211e-03, 0., 0., 0., 0., 0., 0., 0., 0., 0. ]
std_extrinsics: !!opencv-matrix
   rows: 858
   cols: 1
   dt: d
   data: [ 1.1120924838549510e-03, 3.7181604338785648e-04,
       1.2212067949622263e-03, 1.9546473326585978e+00,
       1.3305200095485543e+00, 1.5758643367721381e+00,
       1.0890236453776775e-03, 3.8485710935952209e-04,
       1.2057207133741210e-03, 1.9461675543425523e+00,
       1.3227591528844871e+00, 1.5677841354710058e+00,
       1.0848522680560635e-03, 3.8432686303110203e-04,
       1.2060631731214079e-03, 1.9538916370809329e+00,
       1.3287761182142366e+00, 1.5749192056338397e+00,
       1.0959641919549949e-03, 3.7346891693462026e-04,
       1.2097696996866596e-03, 1.9515513922795975e+00,
       1.3287971493346669e+00, 1.5774557392614936e+00,
       1.0475361939511726e-03, 3.8320252925412210e-04,
       1.1978813707355161e-03, 1.9264691371455518e+00,
       1.3100073645060204e+00, 1.5515695720977203e+00,
       9.4655763786688301e-04, 3.8259186220256916e-04,
       1.1525345057911639e-03, 1.9114989568175358e+00,
       1.3009797560227951e+00, 1.5559836751211005e+00,
       9.0383397579253070e-04, 3.8499608659349634e-04,
       1.1418041317647143e-03, 1.9124689519275899e+00,
       1.3041010074557176e+00, 1.5717051851321242e+00,
       9.0012970382341529e-04, 3.7851246197941220e-04,
       1.1405066962193225e-03, 1.9062326088881321e+00,
       1.2994993464441675e+00, 1.5649136821165663e+00,
       8.9665623010960066e-04, 3.7991263281629339e-04,
       1.1355484046192317e-03, 1.9041435986995832e+00,
       1.2982568758148543e+00, 1.5627459351270636e+00,
       8.9746598871970080e-04, 3.8295685982733623e-04,
       1.1345539800417727e-03, 1.9064654693721139e+00,
       1.2998884673970008e+00, 1.5635383443389741e+00,
       9.2143087269425258e-04, 3.8331779408800351e-04,
       1.1433616600468246e-03, 1.8866845887963060e+00,
       1.2878642131861286e+00, 1.5159197602978030e+00,
       1.0638429029112030e-03, 3.6325717068441205e-04,
       1.1738927221277551e-03, 1.8960494601451534e+00,
       1.2900580533875665e+00, 1.4997553862007409e+00,
       1.0853906389086119e-03, 3.6767236614809550e-04,
       1.1594757761893134e-03, 1.9193847738199719e+00,
       1.3076908117532746e+00, 1.5221196789113731e+00,
       1.1841215582057832e-03, 3.6972341708597760e-04,
       1.1739209479361525e-03, 1.9355116751474595e+00,
       1.3140902463439377e+00, 1.4939722503414494e+00,
       1.2272848426380595e-03, 3.8765200979919585e-04,
       1.2069690977247927e-03, 1.9671654274177395e+00,
       1.3332777522346473e+00, 1.5095579858685457e+00,
       1.2205638658629807e-03, 3.8393123804638605e-04,
       1.2184958190965113e-03, 1.9747282391296634e+00,
       1.3400606857825943e+00, 1.5332384582564746e+00,
       1.2477685672708781e-03, 3.7095339289375349e-04,
       1.2091471426122163e-03, 1.9778485047963097e+00,
       1.3436313243218132e+00, 1.5313124210422893e+00,
       1.3241267077526053e-03, 3.7496921936007108e-04,
       1.2264610182093441e-03, 1.9745606918791201e+00,
       1.3511881681165492e+00, 1.5440811087260182e+00,
       1.2322772799792047e-03, 3.4692414663960413e-04,
       1.1894838748849976e-03, 1.9566524405179084e+00,
       1.3336249395926527e+00, 1.5249638929958431e+00,
       1.1992276953262115e-03, 3.6647599266476490e-04,
       1.1945242479966295e-03, 1.9486921264630128e+00,
       1.3240666494270972e+00, 1.5136972319850506e+00,
       1.1403953962334410e-03, 4.1758743382586350e-04,
       1.4055343220754492e-03, 1.9793973400689626e+00,
       1.3590076298948677e+00, 1.6993833539152081e+00,
       1.0807323646617550e-03, 4.0610750939867066e-04,
       1.3234881367681637e-03, 1.9416217624132956e+00,
       1.3299555181038536e+00, 1.6393552756673300e+00,
       9.9386825734213845e-04, 3.7637701763046198e-04,
       1.2309587822217818e-03, 1.8486219696507378e+00,
       1.2656193838824479e+00, 1.5335366899501366e+00,
       9.3724056325013359e-04, 3.5566067736824683e-04,
       1.1473881355635520e-03, 1.7399525079308538e+00,
       1.1908781306722380e+00, 1.3809156407490257e+00,
       8.2795167591115035e-04, 3.3448050495035839e-04,
       1.1158673047250130e-03, 1.5578510080316461e+00,
       1.0715870875041282e+00, 1.2033999487444909e+00,
       1.2986323198311679e-03, 3.7424673649653174e-04,
       1.1974073521862523e-03, 1.4295450059627135e+00,
       9.9189100189782586e-01, 1.2440102017783288e+00,
       2.3857218217881939e-03, 8.2859112409806705e-04,
       2.3259847084673192e-03, 1.5802169187201287e+00,
       1.0423863436525314e+00, 2.3268496714750144e+00,
       1.8853206318444221e-03, 5.1709134911028150e-04,
       1.7504397460613884e-03, 1.2836461941944055e+00,
       9.2144547396405152e-01, 1.5358626025147224e+00,
       1.2789295072188802e-03, 3.6682011097178511e-04,
       1.2350783172420056e-03, 1.2572911748220854e+00,
       8.9644823154161468e-01, 1.1487557173858360e+00,
       7.4101985724205966e-04, 3.0356317807927644e-04,
       1.0147432824699262e-03, 1.4134661870522274e+00,
       9.7067458302590159e-01, 8.5244043542592063e-01,
       7.9687295120020477e-04, 3.2139853723157615e-04,
       1.0568418358370597e-03, 1.5439800373508508e+00,
       1.0512766909905857e+00, 9.1045161790172213e-01,
       8.5885707379157309e-04, 3.3027109715570458e-04,
       1.1053243967270806e-03, 1.6360848287500191e+00,
       1.1098674755909919e+00, 9.6972099420531832e-01,
       8.8825553267676230e-04, 3.4551671252504057e-04,
       1.1322514917181696e-03, 1.6740038924597889e+00,
       1.1353591884961320e+00, 1.0136875449554208e+00,
       8.9256104733073823e-04, 3.4443105930548557e-04,
       1.1333056206475080e-03, 1.6644802776786103e+00,
       1.1284076546781558e+00, 1.0106471074387353e+00,
       6.7474292744687840e-04, 3.5553101234582751e-04,
       1.2472265964688148e-03, 1.6430287333952167e+00,
       1.1164734203108444e+00, 9.9311358962854657e-01,
       6.6455105153630971e-04, 3.8617438548423408e-04,
       1.2727221780206193e-03, 1.6540592115891046e+00,
       1.1249829140480199e+00, 1.0491917611209376e+00,
       6.5952220614956503e-04, 3.8647856221462186e-04,
       1.2511391418006325e-03, 1.6484122440969802e+00,
       1.1207073886927319e+00, 1.0467577873845035e+00,
       6.5476444070436521e-04, 3.9471185865011668e-04,
       1.2683897445757012e-03, 1.6418234291991740e+00,
       1.1175478989187060e+00, 1.0583092658262812e+00,
       6.5799385295451339e-04, 4.0131123592908140e-04,
       1.2925562895213830e-03, 1.6392459077926327e+00,
       1.1164395291237958e+00, 1.0715247856952219e+00,
       8.4612718162994048e-04, 3.5137888781587215e-04,
       1.1279668381742368e-03, 1.6313046096777326e+00,
       1.1085660295474840e+00, 9.8230064201934331e-01,
       8.5378396720609559e-04, 3.3326585207859883e-04,
       1.1138420017119421e-03, 1.6579773346453097e+00,
       1.1259547137259698e+00, 9.8617282433181430e-01,
       9.1216425365310018e-04, 3.3603206171414649e-04,
       1.1385275253014849e-03, 1.6755266980712100e+00,
       1.1399967303225802e+00, 1.0703869035058646e+00,
       8.8945291045684153e-04, 3.3373438816771284e-04,
       1.1071612421371874e-03, 1.6881715311419490e+00,
