%YAML:1.0
---
summary: "Filter by time, rd=10, rs=5."
init_cam_calib: C99-1010_3p_3
camera_matrix: !!opencv-matrix
   rows: 3
   cols: 3
   dt: d
   data: [ 2.5707238415286697e+03, 0., 1.8811207119083456e+03, 0.,
       2.5713929582554497e+03, 1.0867990839018405e+03, 0., 0., 1. ]
dist_coeff: !!opencv-matrix
   rows: 5
   cols: 1
   dt: d
   data: [ 2.1426670019669910e-02, -4.3163945348750954e-02,
       -2.6730535856458153e-04, -1.0036405652023069e-03,
       2.7240658444517406e-02 ]
std_intrinsics: !!opencv-matrix
   rows: 18
   cols: 1
   dt: d
   data: [ 4.8610317659399049e-01, 4.4450852323757883e-01,
       9.0886633861556576e-01, 6.0583622284979555e-01,
       1.0026421111196074e-03, 3.6844914620307273e-03,
       8.0932557501181345e-05, 1.2218568455250843e-04,
       3.9132280653978403e-03, 0., 0., 0., 0., 0., 0., 0., 0., 0. ]
std_extrinsics: !!opencv-matrix
   rows: 1284
   cols: 1
   dt: d
   data: [ 9.8298490176868306e-04, 3.3464871378726025e-04,
       1.0334838980351332e-03, 1.4329007134920835e+00,
       9.7933587826907842e-01, 1.3088619461781259e+00,
       9.6201755552244468e-04, 3.4439599441559018e-04,
       1.0173669977884027e-03, 1.4297635592530142e+00,
       9.7579119295691896e-01, 1.3129070354840588e+00,
       9.6991029763214022e-04, 3.4856633109118119e-04,
       1.0165959417774452e-03, 1.4385974784832873e+00,
       9.8288595789625199e-01, 1.3186830443438280e+00,
       9.5634398131394787e-04, 3.4234914733777727e-04,
       1.0198731206235282e-03, 1.4360448177055087e+00,
       9.8175950767060705e-01, 1.3251796676403125e+00,
       9.6810185215286918e-04, 3.3408914996701432e-04,
       1.0211338763881084e-03, 1.4337632367313089e+00,
       9.8132407353058293e-01, 1.3215098633023392e+00,
       9.5184214652509994e-04, 3.3728221619035690e-04,
       1.0148614689804818e-03, 1.4230636668556227e+00,
       9.7228728775336182e-01, 1.3050103269877207e+00,
       8.9499578071328308e-04, 3.4188702879739017e-04,
       1.0006208656534751e-03, 1.4045378222385263e+00,
       9.5870639820725145e-01, 1.2847575000939291e+00,
       8.3206753241121486e-04, 3.4154381623482813e-04,
       9.6545512161585426e-04, 1.4041241127022677e+00,
       9.5929157221309369e-01, 1.3026529368852828e+00,
       7.6952264422963819e-04, 3.2958629628065153e-04,
       9.3410689143637727e-04, 1.3966034252361266e+00,
       9.5583159092810532e-01, 1.3139842614297346e+00,
       7.7905337313274338e-04, 3.2801313199419231e-04,
       9.5317110712261552e-04, 1.4042982322650166e+00,
       9.6080514237334169e-01, 1.3218272849037174e+00,
       7.8945941251545263e-04, 3.3747778075469552e-04,
       9.5215675105608973e-04, 1.4004901386740907e+00,
       9.5902222838926354e-01, 1.3099332982238696e+00,
       7.8649874725032721e-04, 3.4041136876700336e-04,
       9.5072773564321362e-04, 1.3992781182449880e+00,
       9.5891259785755878e-01, 1.3077579403755391e+00,
       7.8499553384810648e-04, 3.3861553628354205e-04,
       9.4449034065832293e-04, 1.4005513526391680e+00,
       9.5921062314001238e-01, 1.3112020079174598e+00,
       7.8660143913457728e-04, 3.4136553448551509e-04,
       9.4569824245036667e-04, 1.4004138845011644e+00,
       9.5987529055572185e-01, 1.3090020330546557e+00,
       7.9404597699874813e-04, 3.4554445168347934e-04,
       9.4112286842358344e-04, 1.3924770978626917e+00,
       9.5322092650988632e-01, 1.2900854713027716e+00,
       8.4176397798765791e-04, 3.3259953168330290e-04,
       9.4555720258009991e-04, 1.3749945094095375e+00,
       9.4272604770848523e-01, 1.2466119875326012e+00,
       9.3925281989626266e-04, 3.2493544415020001e-04,
       9.8731305913352585e-04, 1.3931087510714089e+00,
       9.5193434685913603e-01, 1.2520235430627165e+00,
       9.4804997936486174e-04, 3.2722810355682310e-04,
       9.7975656956625985e-04, 1.4048364039416301e+00,
       9.6253552422831234e-01, 1.2672212356572881e+00,
       9.9478956353046409e-04, 3.3689310366193472e-04,
       9.7234751915951597e-04, 1.4183949947284067e+00,
       9.7217471421491142e-01, 1.2666558452981969e+00,
       1.0487093459207841e-03, 3.3044821024584868e-04,
       9.9260819021226420e-04, 1.4220631610316583e+00,
       9.7033773225184750e-01, 1.2459718630332319e+00,
       1.0608050339765646e-03, 3.3607425029469042e-04,
       1.0115181610716310e-03, 1.4435424255533766e+00,
       9.8463459799007613e-01, 1.2906080100241413e+00,
       1.0905125670069421e-03, 3.4166465113224300e-04,
       1.0344875218270533e-03, 1.4501434850537278e+00,
       9.8780507377886917e-01, 1.2737882923841068e+00,
       1.0817762358294575e-03, 3.4311263182841778e-04,
       1.0348883868354078e-03, 1.4508966102111509e+00,
       9.8845967315809258e-01, 1.2806133643070809e+00,
       1.1009717911593432e-03, 3.3442775458754494e-04,
       1.0386226692163305e-03, 1.4547952667947628e+00,
       9.9223610448933541e-01, 1.2840199771143037e+00,
       1.1021152934813587e-03, 3.2385707923079487e-04,
       1.0226172056538481e-03, 1.4514281943890064e+00,
       9.9251189040158272e-01, 1.2855790633438238e+00,
       1.1750288109062658e-03, 3.3483503263076415e-04,
       1.0431487413451411e-03, 1.4512518187608510e+00,
       1.0031970871151046e+00, 1.2875231974919610e+00,
       1.1017305172791897e-03, 3.2230977922158174e-04,
       1.0016893335016838e-03, 1.4389864343386323e+00,
       9.9014349836421500e-01, 1.2794079535081908e+00,
       1.0904266573615179e-03, 3.2136635002379062e-04,
       1.0313544068448544e-03, 1.4444634169133204e+00,
       9.8687874852796087e-01, 1.2753000452426408e+00,
       1.0623263759985779e-03, 3.2763124014709757e-04,
       1.0116083768846140e-03, 1.4318016350177352e+00,
       9.7828502780882176e-01, 1.2631684219968649e+00,
       1.0168801649763216e-03, 3.7179952022790770e-04,
       1.1599981412736915e-03, 1.4209146579993912e+00,
       9.8641902715722296e-01, 1.4787238323310723e+00,
       1.0636622928873931e-03, 3.7918759256168729e-04,
       1.1949765819606085e-03, 1.4394963020807625e+00,
       9.9764748349809806e-01, 1.4801166664429082e+00,
       9.5483248607418001e-04, 3.6351103174676283e-04,
       1.1289380598795563e-03, 1.4276990850638598e+00,
       9.8178071216417684e-01, 1.3765564051698727e+00,
       9.3953386670100338e-04, 3.3660228216247549e-04,
       1.0406215040683980e-03, 1.3913924191038718e+00,
       9.5239055454745569e-01, 1.2919914850615735e+00,
       8.6018237004729589e-04, 3.3163326032173651e-04,
       1.0102831230038053e-03, 1.3347536109447264e+00,
       9.1634438132576235e-01, 1.2371024600310645e+00,
       8.2473988896992329e-04, 3.1770054905397711e-04,
       9.5832923669153980e-04, 1.2795909903704372e+00,
       8.7819548500088485e-01, 1.1469366703104915e+00,
       7.5715882211901616e-04, 2.9820050705859068e-04,
       9.0645913534351968e-04, 1.1952739780360269e+00,
       8.2213971165972433e-01, 1.0443993451722406e+00,
       7.3977834030354518e-04, 2.9541219137843838e-04,
       9.2627537233527899e-04, 1.1105180584180203e+00,
       7.6645276974818355e-01, 9.5041724774423786e-01,
       1.1533702427829668e-03, 3.3392868925344316e-04,
       1.0105805820857649e-03, 1.0648645667917520e+00,
       7.3942617465298321e-01, 1.0285737677840743e+00,
       1.8179379995887088e-03, 6.6064575906748797e-04,
       1.8843989939668745e-03, 1.1941745725368673e+00,
       7.6963629341156947e-01, 1.6614140337121688e+00,
       1.9535225455542390e-03, 6.6047627527849044e-04,
       1.9224936945210634e-03, 1.1661079728909383e+00,
       7.8230220729015232e-01, 1.7848284577492577e+00,
       1.6826896592750491e-03, 4.6208978345577291e-04,
       1.5239213673395448e-03, 9.7665071054078612e-01,
       7.0548930056228476e-01, 1.2935564985950130e+00,
       1.4556032674584245e-03, 3.4482195964365240e-04,
       1.1269112926057755e-03, 9.2499214804724261e-01,
       6.7783231244408648e-01, 1.0513158036554420e+00,
       7.8531394237411141e-04, 2.8183376569991308e-04,
       8.8510696514933489e-04, 9.6400733977639508e-01,
