%YAML:1.0
---
summary: "Filter by distance, md=150, ds=0."
init_cam_calib: C99-1010_3p_3
camera_matrix: !!opencv-matrix
   rows: 3
   cols: 3
   dt: d
   data: [ 2.5667492118088348e+03, 0., 1.8756056983834287e+03, 0.,
       2.5695528517037596e+03, 1.0841244959513876e+03, 0., 0., 1. ]
dist_coeff: !!opencv-matrix
   rows: 5
   cols: 1
   dt: d
   data: [ 1.3813562988418489e-02, -1.6876256570330015e-02,
       -2.0695308578054123e-04, -1.6005373078817559e-03,
       5.3024528570795228e-03 ]
std_intrinsics: !!opencv-matrix
   rows: 18
   cols: 1
   dt: d
   data: [ 6.0498265254233019e-01, 5.6224655808749879e-01,
       1.0691914013256965e+00, 7.0919622635197155e-01,
       1.2299899700654964e-03, 4.5617886306079970e-03,
       9.2911195667110802e-05, 1.4364348488636814e-04,
       4.8986050345968240e-03, 0., 0., 0., 0., 0., 0., 0., 0., 0. ]
std_extrinsics: !!opencv-matrix
   rows: 1896
   cols: 1
   dt: d
   data: [ 1.4460858757905650e-03, 4.9445341195955670e-04,
       1.4627290870871995e-03, 1.7069174179584801e+00,
       1.1753008217804988e+00, 1.8702495276131328e+00,
       1.4212021575575814e-03, 5.0986582471005478e-04,
       1.4444323555564303e-03, 1.7009020947797111e+00,
       1.1672729634439349e+00, 1.8619252567227382e+00,
       1.4228171012724154e-03, 5.2121232513668056e-04,
       1.4416374473388352e-03, 1.7110307095192159e+00,
       1.1759620857121491e+00, 1.8776392559220236e+00,
       1.3999176173200897e-03, 5.0122114756644067e-04,
       1.4357476750460208e-03, 1.6912956522990688e+00,
       1.1616291843276019e+00, 1.8494309051598556e+00,
       1.3709155453368812e-03, 5.0724331181104128e-04,
       1.4278450618959830e-03, 1.6844644825859836e+00,
       1.1554173273497170e+00, 1.8417479029076209e+00,
       1.3315948043296948e-03, 5.1555634791847606e-04,
       1.4168455459341377e-03, 1.6742664618938128e+00,
       1.1472179465990777e+00, 1.8271503306186756e+00,
       1.3139493947576120e-03, 5.0740486967465720e-04,
       1.4113241671736044e-03, 1.6692750259135944e+00,
       1.1435942703389206e+00, 1.8188024239634124e+00,
       1.2774269768822120e-03, 5.0828263669627479e-04,
       1.3984274940786472e-03, 1.6711931633030539e+00,
       1.1459634829369925e+00, 1.8373886785985227e+00,
       1.1146165224770275e-03, 4.9690418384270858e-04,
       1.2827411236467526e-03, 1.6573125175306305e+00,
       1.1385218755043522e+00, 1.8547918621550494e+00,
       1.1518148845820959e-03, 4.8873247142185757e-04,
       1.3536438837923514e-03, 1.6757535195106710e+00,
       1.1493846054663628e+00, 1.8727019310899649e+00,
       1.1608397451065137e-03, 4.9584297876060883e-04,
       1.3518826643455857e-03, 1.6727407095676927e+00,
       1.1495648915702692e+00, 1.8688850860568509e+00,
       1.1514295656078271e-03, 5.0720718780707791e-04,
       1.3329611838455633e-03, 1.6636370037677310e+00,
       1.1466926419822148e+00, 1.8508039492311816e+00,
       1.1922064684067939e-03, 5.1633010614765909e-04,
       1.3609365704051926e-03, 1.6597417351813692e+00,
       1.1452876768727540e+00, 1.8252345002750909e+00,
       1.1814945164845150e-03, 5.1198438797113194e-04,
       1.3486186563763695e-03, 1.6517480266358529e+00,
       1.1448671998510769e+00, 1.8012351219788427e+00,
       1.1983066286673466e-03, 5.0147891771793992e-04,
       1.3253545860238670e-03, 1.6418838926059565e+00,
       1.1414248052179434e+00, 1.7770249770001991e+00,
       1.2768379934506812e-03, 4.9063054600472422e-04,
       1.3500955083765569e-03, 1.6383950751691092e+00,
       1.1282701016146357e+00, 1.7627103109840798e+00,
       1.4019475661892658e-03, 4.9209165303974018e-04,
       1.4045265433739551e-03, 1.6705350286949145e+00,
       1.1486457025773058e+00, 1.7881031677685488e+00,
       1.3941371854202496e-03, 4.8600911131518025e-04,
       1.3823014136399513e-03, 1.6692937152921341e+00,
       1.1530232127414046e+00, 1.7928099168676959e+00,
       1.4252043402132701e-03, 4.8359296651418799e-04,
       1.3725676014679498e-03, 1.6713342575341927e+00,
       1.1568833715472377e+00, 1.7841014998022466e+00,
       1.5169818988148588e-03, 4.9835890458973056e-04,
       1.3988179154047992e-03, 1.6865107189127175e+00,
       1.1698343705247634e+00, 1.7739207078095403e+00,
       1.5319951938401314e-03, 5.1848065358715020e-04,
       1.3849403584216356e-03, 1.6806424520448950e+00,
       1.1732833223984598e+00, 1.7760255367610263e+00,
       1.5070359528488750e-03, 4.9871000094512958e-04,
       1.3534881392056901e-03, 1.6656552607150223e+00,
       1.1544135840337795e+00, 1.7392072031149497e+00,
       1.5148483601789874e-03, 4.8416187980418230e-04,
       1.3697711063644703e-03, 1.6759266538409590e+00,
       1.1552518092029307e+00, 1.7456754895653743e+00,
       1.5518189394122253e-03, 4.9260239094445972e-04,
       1.4127430090077658e-03, 1.6952572582151126e+00,
       1.1644918046091755e+00, 1.7712133167716391e+00,
       1.5574187482632763e-03, 5.2427137728829130e-04,
       1.4297449240914157e-03, 1.7087275069486958e+00,
       1.1677557927639171e+00, 1.7789153862726461e+00,
       1.6408917842987236e-03, 4.8659458238852366e-04,
       1.4718416363749267e-03, 1.7195518792029554e+00,
       1.1776215175119045e+00, 1.7671552553265819e+00,
       1.6012885499174408e-03, 5.1836814068310423e-04,
       1.4677127417292790e-03, 1.7230789306049046e+00,
       1.1778778284649216e+00, 1.7979019001386152e+00,
       1.6238579709833131e-03, 4.9560374828481080e-04,
       1.4750234600093878e-03, 1.7287938915178236e+00,
       1.1854151263432746e+00, 1.8157906018851848e+00,
       1.6324190500758122e-03, 4.9167666980790188e-04,
       1.4615290772176310e-03, 1.7276301882921530e+00,
       1.1874002781195627e+00, 1.8078072350372409e+00,
       1.6521870151952266e-03, 4.7634567591145157e-04,
       1.4636395346592033e-03, 1.7256486040060690e+00,
       1.1898007387748264e+00, 1.7918645233215664e+00,
       1.6461437301720477e-03, 4.7698820564541478e-04,
       1.4467656849754733e-03, 1.7251109092121872e+00,
       1.1982610841409209e+00, 1.8188718140113880e+00,
       1.7341871142307103e-03, 4.9659010879148145e-04,
       1.4858561037559561e-03, 1.7253121354610832e+00,
       1.2103871885197064e+00, 1.8167108407998325e+00,
       1.6766581421650659e-03, 4.8535740626778375e-04,
       1.4467540323655254e-03, 1.7111892155272954e+00,
       1.1942616705421922e+00, 1.7918351789174516e+00,
       1.6150783323481464e-03, 4.7059363923954709e-04,
       1.4192375306070694e-03, 1.7102949132421481e+00,
       1.1887429810425003e+00, 1.8115252570218736e+00,
       1.5892311055845734e-03, 4.6016024974897149e-04,
       1.4096291788878179e-03, 1.7046727512851081e+00,
       1.1783262882624341e+00, 1.7950467643170875e+00,
       1.5756705312554200e-03, 4.6700277942294209e-04,
       1.4198560696432199e-03, 1.7071653283769039e+00,
       1.1744735791421821e+00, 1.7988178239016384e+00,
       1.5906868557245806e-03, 4.8081489402204187e-04,
       1.4631428154794734e-03, 1.7236790423064443e+00,
       1.1837909541732852e+00, 1.8369430051094919e+00,
       1.5706384952581171e-03, 4.6460424077571482e-04,
       1.4311880600526873e-03, 1.7114862743143167e+00,
       1.1779578802780979e+00, 1.8205626466062201e+00,
       1.6449756682014461e-03, 4.6179325496682581e-04,
       1.4786533878893868e-03, 1.7166782831830125e+00,
       1.1823175064069575e+00, 1.7775717660038099e+00,
       1.5662536754565473e-03, 4.8646033055204600e-04,
       1.4364287597722542e-03, 1.7018109004741044e+00,
       1.1711268263688350e+00, 1.7856936116312276e+00,
       1.5239515087025709e-03, 4.9618507684529782e-04,
       1.4358306676284559e-03, 1.7013020181062657e+00,
       1.1687716904502774e+00, 1.8085329785841002e+00,
       1.5075723416637294e-03, 5.0772913147836395e-04,
       1.4509558341759289e-03, 1.6906520434685859e+00,
       1.1560157282233576e+00, 1.7717195278228119e+00,
       1.5302939256143064e-03, 5.2446504045012426e-04,
       1.5164819118809398e-03, 1.7103366404651699e+00,
