%YAML:1.0
---
summary: "Second calibration test for video C51Finf, using another subset."
init_cam_calib: res-C99Finf1010_3p_3
camera_matrix: !!opencv-matrix
   rows: 3
   cols: 3
   dt: d
   data: [ 2.5709888142666050e+03, 0., 1.8662401118372941e+03, 0.,
       2.5727774008054707e+03, 1.0851704897165175e+03, 0., 0., 1. ]
dist_coeff: !!opencv-matrix
   rows: 5
   cols: 1
   dt: d
   data: [ 1.7806900962534455e-02, -2.8251160190952657e-02,
       -8.4567513501052831e-04, -2.5771771445094551e-03,
       1.4924127404627320e-02 ]
std_intrinsics: !!opencv-matrix
   rows: 18
   cols: 1
   dt: d
   data: [ 7.7577032808417989e-01, 7.0972026343255212e-01,
       1.4549052144092804e+00, 9.6620733171443896e-01,
       1.5699315475785041e-03, 5.7321420996771571e-03,
       1.2891519919309429e-04, 1.9712236797212295e-04,
       6.0215584125468870e-03, 0., 0., 0., 0., 0., 0., 0., 0., 0. ]
std_extrinsics: !!opencv-matrix
   rows: 642
   cols: 1
   dt: d
   data: [ 1.1260164078588015e-03, 3.8204937048047114e-04,
       1.2921124253744058e-03, 2.2734735314393801e+00,
       1.5307829637597381e+00, 1.6904483928935385e+00,
       1.1117439848557637e-03, 3.8826338038142977e-04,
       1.2854319329510526e-03, 2.2784201142380263e+00,
       1.5336554576551324e+00, 1.6946219217536089e+00,
       1.1254724059004489e-03, 3.7555663221413562e-04,
       1.2853154900608775e-03, 2.2689463541138717e+00,
       1.5288931033371731e+00, 1.6876436077143144e+00,
       1.0121505317710199e-03, 3.8983071136047332e-04,
       1.2621867143791988e-03, 2.2288160494121878e+00,
       1.5031869288852528e+00, 1.6632260559463665e+00,
       9.3080828461587577e-04, 3.9027710146260488e-04,
       1.2274757516876989e-03, 2.2302063194702706e+00,
       1.5065718313799688e+00, 1.6920208116381419e+00,
       9.2583963666648854e-04, 3.8944911912791109e-04,
       1.2279066949897864e-03, 2.2227342823917526e+00,
       1.5003510678808745e+00, 1.6810609420409497e+00,
       9.2538758123226551e-04, 3.8755506049509774e-04,
       1.2239634238799550e-03, 2.2246276160689828e+00,
       1.5012980146682042e+00, 1.6859964204263140e+00,
       9.4982097573950426e-04, 3.8795165465523712e-04,
       1.2313244149334216e-03, 2.2001003393578302e+00,
       1.4847896588837937e+00, 1.6347304590798892e+00,
       1.0906666311182201e-03, 3.7674022020016922e-04,
       1.2565223634005398e-03, 2.2273905925022097e+00,
       1.4992391746369065e+00, 1.6313650367351613e+00,
       1.1833667858307077e-03, 3.7886908117541496e-04,
       1.2162084911256199e-03, 2.2247408922621505e+00,
       1.4965301608713584e+00, 1.5982631786845940e+00,
       1.2536420190578023e-03, 3.9158236114895787e-04,
       1.2801068255048459e-03, 2.2940321759617821e+00,
       1.5395864379364477e+00, 1.6309624987596478e+00,
       1.2587374463424793e-03, 3.8449956911212663e-04,
       1.2959883844917796e-03, 2.3067823326439112e+00,
       1.5506895704206389e+00, 1.6578951936802180e+00,
       1.2706940347592059e-03, 3.6744525325941419e-04,
       1.2674220889249432e-03, 2.2993785672185476e+00,
       1.5473390564004113e+00, 1.6515850776025907e+00,
       1.2597255823866044e-03, 3.5206485086472213e-04,
       1.2660646215409946e-03, 2.2815207340422039e+00,
       1.5392000255328120e+00, 1.6513112536468626e+00,
       1.1974854581952128e-03, 3.9842534121224964e-04,
       1.3240320761745252e-03, 2.2829752854050742e+00,
       1.5344975521306252e+00, 1.6469437427450031e+00,
       1.1331617386717470e-03, 4.1961577946153934e-04,
       1.4219339698841918e-03, 2.2797139951864933e+00,
       1.5534547412744388e+00, 1.8187107982812984e+00,
       1.0194407628676405e-03, 3.8219527841783289e-04,
       1.3164869837974189e-03, 2.1544706425476146e+00,
       1.4629540284998508e+00, 1.6563816416952704e+00,
       9.1932415579739594e-04, 3.5184678423607837e-04,
       1.2037210165994955e-03, 1.9519002212254222e+00,
       1.3258169113860123e+00, 1.4414694432260311e+00,
       9.7691965683606918e-04, 3.2659052244172218e-04,
       1.1686037977060358e-03, 1.7066490521412832e+00,
       1.1684721256925386e+00, 1.2575517026299963e+00,
       2.4231672241861353e-03, 8.3247235089473483e-04,
       2.3850228521736286e-03, 1.7376877622871132e+00,
       1.1526692712520807e+00, 2.4191313350658974e+00,
       1.7078954999120153e-03, 4.3401275873615594e-04,
       1.5329205313377105e-03, 1.4378597018673926e+00,
       1.0296027800062086e+00, 1.4618828401149637e+00,
       8.0254196445311832e-04, 3.0778250446735557e-04,
       1.1048033417535253e-03, 1.5986722556716089e+00,
       1.0943360791944334e+00, 9.8532378630685291e-01,
       8.3195252898415222e-04, 3.3282771875396396e-04,
       1.1455393139443489e-03, 1.8028302997409900e+00,
       1.2148508555086304e+00, 1.0081051399087737e+00,
       9.1695180489554610e-04, 3.5212478651521905e-04,
       1.2050777719426978e-03, 1.9318746004934018e+00,
       1.2962762332779869e+00, 1.0913534037587704e+00,
       9.2686582506948292e-04, 3.5808352613667539e-04,
       1.2155976215705397e-03, 1.9466349259898537e+00,
       1.3060214901557465e+00, 1.1079802732762309e+00,
       7.0471497355631852e-04, 3.6696795751616466e-04,
       1.3333047326461881e-03, 1.9174531338508829e+00,
       1.2892943056227268e+00, 1.0928823160301664e+00,
       6.8838511521992325e-04, 4.0005728141405715e-04,
       1.3417238885597221e-03, 1.9178099228671439e+00,
       1.2895236574080664e+00, 1.1450191019965306e+00,
       6.8831713043344663e-04, 4.0837140254647688e-04,
       1.3632372423670145e-03, 1.9109112432480364e+00,
       1.2852544832778303e+00, 1.1593474336615317e+00,
       6.9112171814319503e-04, 4.1322829262513920e-04,
       1.3783391809275244e-03, 1.9117497637445262e+00,
       1.2862700240111180e+00, 1.1696318422817025e+00,
       9.1638018770644463e-04, 3.6332304513592861e-04,
       1.2252925938035395e-03, 1.9185827213582558e+00,
       1.2876344241659106e+00, 1.0993219303034336e+00,
       8.9187831312451875e-04, 3.3278459728118483e-04,
       1.1786704609847366e-03, 1.9518258889174451e+00,
       1.3105986591661716e+00, 1.1086541006588793e+00,
       9.2172324760824158e-04, 3.4787113675035543e-04,
       1.1858051289674717e-03, 1.9713954588127147e+00,
       1.3242974097607658e+00, 1.1720323791466709e+00,
       9.6905606362762740e-04, 3.5627787823281232e-04,
       1.2149211833335212e-03, 1.9962118535499764e+00,
       1.3407727397041653e+00, 1.2074212548839713e+00,
       9.4973811138500570e-04, 3.5120677649393562e-04,
       1.1961709330690802e-03, 2.0021351635392661e+00,
       1.3427150248246602e+00, 1.1756833479367934e+00,
       9.8505843089866899e-04, 4.3584398957899974e-04,
       1.4137483415262526e-03, 2.0047578141245479e+00,
       1.3582687859122644e+00, 1.3302608408011352e+00,
       8.7242508935298901e-04, 3.9610591139971113e-04,
       1.3781759805667185e-03, 2.0121666022665652e+00,
       1.3601039931790131e+00, 1.2295965008803620e+00,
       8.7514270882893704e-04, 4.0215463029593334e-04,
       1.3794765750430344e-03, 2.0062261194584292e+00,
       1.3542540297894268e+00, 1.2021816872088906e+00,
       8.6195130366356837e-04, 3.8977096287711485e-04,
       1.3829450321284958e-03, 2.0130350387467342e+00,
       1.3647166198322074e+00, 1.2745141708301879e+00,
       9.4332715558476587e-04, 4.0469412259375322e-04,
       1.2788999578305564e-03, 2.0974886882563606e+00,
       1.4150155394425956e+00, 1.3195956143433933e+00,
       9.9516603362611602e-04, 4.5753797483643330e-04,
       1.2770247718226434e-03, 2.2413661035894998e+00,
       1.5083782862929862e+00, 1.5035997583789802e+00,
       1.2015089673895550e-03, 6.8852654415611813e-04,
       1.3480738990899654e-03, 2.3429561613666645e+00,
       1.6068887778085856e+00, 2.1490203554803826e+00,
       1.2107360769336632e-03, 7.5926995185873194e-04,
       1.4025647996044556e-03, 2.2465725927833335e+00,
       1.5129189102714180e+00, 2.1800723533841286e+00,
       1.1119609458731842e-03, 8.3192768701800877e-04,
       1.2704923113834258e-03, 2.1348424028517554e+00,
