%YAML:1.0
---
summary: "Filter by time, rd=10, rs=5."
init_cam_calib: C99-1010_3p_3
camera_matrix: !!opencv-matrix
   rows: 3
   cols: 3
   dt: d
   data: [ 2.5707238415286697e+03, 0., 1.8811207119083456e+03, 0.,
       2.5713929582554497e+03, 1.0867990839018405e+03, 0., 0., 1. ]
dist_coeff: !!opencv-matrix
   rows: 5
   cols: 1
   dt: d
   data: [ 2.1426670019669910e-02, -4.3163945348750954e-02,
       -2.6730535856458153e-04, -1.0036405652023069e-03,
       2.7240658444517406e-02 ]
rvec: !!opencv-matrix
   rows: 214
   cols: 3
   dt: d
   data: [ -3.0354206539482091e+00, 9.2113761187959317e-03,
       -1.0314513087162793e-02, -3.0628380681020291e+00,
       7.3351932279844559e-02, -2.7259821841317974e-02,
       -3.0281939733530381e+00, 5.5432168614034466e-02,
       -8.3095014156783734e-02, -3.0478835561294497e+00,
       2.8733743132339754e-03, -6.4760903102016668e-02,
       -3.0342238341506471e+00, 5.8434819533312761e-03,
       -2.2096756399196116e-02, -3.0589157143460475e+00,
       3.1514063631917846e-02, -1.8017022554677058e-02,
       3.1359490832010435e+00, -7.5231590697039802e-02,
       1.8143783953144928e-02, 3.0938648371685353e+00,
       -4.3856826876282513e-02, 3.5316711446352914e-02,
       3.0476564713127123e+00, -2.9107450865805171e-02,
       -3.7968074449151755e-02, 3.0426268802776373e+00,
       -3.4031785297784792e-02, -8.2480041876719340e-02,
       3.0874007616156391e+00, -2.8810985177323663e-02,
       5.8004033174797430e-03, 3.0947423706489725e+00,
       -9.0398656408905587e-03, 2.1970077360744428e-02,
       3.0852910422604225e+00, -3.6161276604598044e-02,
       2.1980972632327293e-02, 3.0980984841637862e+00,
       -3.2150519299310176e-02, 3.8549682458439628e-02,
       3.0999098416545072e+00, -1.6836408571141333e-03,
       7.3782781354643931e-02, -3.0736544054350556e+00,
       8.2206092457555221e-03, -9.2762556433893500e-02,
       -3.0428788829093514e+00, 2.6153044018213938e-02,
       -4.4082299471611434e-03, -3.0010348509144675e+00,
       1.2521154383094249e-02, -6.8506789211070368e-02,
       -2.9413788568287678e+00, 9.9432137212870184e-02,
       -1.0512419700457559e-01, -2.9342831738307074e+00,
       1.2237271019197404e-01, -4.5729235202873503e-02,
       -2.9607949462634564e+00, 1.6116160881522604e-01,
       7.3999991688362119e-04, -2.9510187919167707e+00,
       1.3515490137000633e-01, -2.0458687802789029e-02,
       -2.9601694486540024e+00, 1.0779063415499779e-01,
       -3.7671601253922146e-02, -2.9377234604574727e+00,
       1.1751042110716897e-01, 5.7602787502234925e-03,
       -2.9070787569492156e+00, 1.3172655854538901e-01,
       2.5907313087145542e-02, -2.8328113740311949e+00,
       1.2230254147290763e-01, 7.2049092196278834e-03,
       -2.8709196793640159e+00, 1.2504211148778002e-01,
       -7.3821495107089605e-03, -2.9311912710335699e+00,
       6.9432543869845167e-02, 6.1733554812956559e-02,
       -2.9322839142822752e+00, 9.7623555774419793e-02,
       -2.3825691942125516e-02, 3.0435411142842006e+00,
       -9.8136008037064196e-03, -1.8350548540950747e-02,
       3.0537045919009729e+00, -1.7914298670841201e-02,
       -1.1141192728310115e-02, 3.0955458380120557e+00,
       3.7123595133202979e-02, -1.9126269866352973e-02,
       -3.1157752072713643e+00, 1.7319143117987074e-02,
       9.3143303192154359e-02, 3.1324960240231632e+00,
       -7.3300295700271774e-03, -6.1194546108377289e-02,
       3.1429400474401796e+00, -5.0390813178988025e-02,
       -3.8037623651594417e-02, 3.1224837946468722e+00,
       -9.6898359066677542e-02, -4.1877293924376370e-02,
       3.1099508547992349e+00, -1.4132526723277217e-01,
       -1.0300187079724034e-01, 2.9977676323882241e+00,
       -9.9250389372497805e-02, 2.7037041934607764e-01,
       2.9426916483086134e+00, -9.8122735259451713e-02,
       6.4516656419298213e-01, 2.9355398261360199e+00,
       -7.5783412544556811e-02, 5.4679116900419822e-01,
       3.0060387479312052e+00, -1.1698618784545656e-01,
       2.6738817145288479e-01, 3.0358113409496692e+00,
       -4.9194131105261461e-02, -2.8449896245569942e-02,
       3.0997779860313273e+00, -2.5585607984529371e-02,
       -3.2572850128404762e-01, -3.0408081679164241e+00,
       -9.6223516500875045e-02, 6.5320335540893837e-01,
       -3.0171445502979983e+00, -3.9568008405358755e-02,
       7.5069445249052569e-01, -2.9679997810573875e+00,
       1.4002467562772521e-02, 7.6328665255925732e-01,
       -2.9522172996811644e+00, -3.9868717489275972e-02,
       8.0231233553916614e-01, -2.9516688687385058e+00,
       -5.8352826453329842e-02, 8.4967153681513485e-01,
       -2.9314551687908987e+00, -5.2491677861713944e-02,
       8.6197226813974481e-01, -2.9355607000692587e+00,
       -9.0311629110703118e-03, 8.3619059364100046e-01,
       -3.0270955234679775e+00, -1.4981274942256342e-02,
       8.3799540405242134e-01, 3.0016536544755930e+00,
       1.6372097086904416e-02, -8.4800247493752978e-01,
       2.9828751611714126e+00, 1.2830285664190427e-02,
       -8.4692979954971292e-01, 2.9503808961976419e+00,
       1.8283096549812305e-02, -8.5399924557516882e-01,
       2.9761899316867888e+00, 4.6514705797210893e-03,
       -8.5650757874778405e-01, 2.9823707008189957e+00,
       6.7555380833014258e-04, -8.4386429563989063e-01,
       2.9903866246400250e+00, -4.0061848819216454e-03,
       -8.4956721503592536e-01, 3.0358347694900760e+00,
       1.9431572731790702e-02, -8.4127896944175018e-01,
       -3.0092113048668270e+00, -1.8750990368202575e-02,
       8.4521193440414433e-01, -2.9519005741820425e+00,
       -3.9127142220039879e-02, 8.5530307504944825e-01,
       -2.9181710154400728e+00, -5.4599809319957740e-02,
       7.4660526842617958e-01, -2.7986223139037136e+00,
       -5.0061303289279276e-03, 7.1883710197931083e-01,
       -2.7233815157476480e+00, 8.5096824704390159e-02,
       6.6728043767628065e-01, -2.7735648773365127e+00,
       2.9993546776118957e-02, 6.6379729738415316e-01,
       -2.7235355375607870e+00, 2.4848856992224548e-02,
       7.1158383046993712e-01, -2.7359973419343473e+00,
       3.7467013931382909e-02, 7.2783898624823251e-01,
       -2.7193291283008660e+00, 5.5018202740867966e-02,
       7.2117198522941151e-01, -2.8033853623050082e+00,
       1.1686653167692786e-01, 7.6838101821869997e-01,
       -3.0293738632965002e+00, 1.5588321811050390e-01,
       6.6210965134400179e-01, 2.9692289204055138e+00,
       -8.9933436222256469e-02, -7.7573229449610859e-01,
       2.9702308255893701e+00, -7.2011759917277041e-02,
       -7.7711679381360999e-01, 2.9808934819730091e+00,
       -1.2113141417287112e-02, -7.6540750543069536e-01,
       2.9664073160641249e+00, 4.4430447742976697e-04,
       -7.9204053990040002e-01, 2.9498940100215214e+00,
       -4.0786359761905908e-02, -8.2047291344624362e-01,
       2.9776860014452655e+00, -5.9178830903969047e-02,
       -7.2277447458723842e-01, 2.9887477905056135e+00,
       -4.2519352386884021e-02, -7.5766641760517650e-01,
       -3.0260621069254534e+00, -2.5377182377435505e-02,
       8.7667010774168708e-01, -2.9940249689376102e+00,
       -1.4822510422518852e-02, 9.2348243537975794e-01,
       -2.9144470430094254e+00, -7.9784388091013930e-02,
       1.0302623480701210e+00, -2.9051028084388810e+00,
       -2.6878343873835350e-02, 1.0578796188752975e+00,
       -2.9351809206003603e+00, -1.2588599771736322e-01,
       1.0954618819177830e+00, -2.8806805877449007e+00,
       -1.4315727626076830e-02, 1.1037272023689400e+00,
       -2.9172138554574296e+00, -3.5334727607813435e-03,
       1.0921645616498474e+00, 2.8934419026055611e+00,
       -3.8527841974743994e-02, -1.2586158516610597e+00,
       -2.7637809125569754e+00, -4.2605541072225528e-02,
       1.4742897290700590e+00, 2.7561979491478747e+00,
       5.3075593863767482e-03, -1.5050693202499601e+00,
       2.7601633688367935e+00, 6.5005840436424212e-02,
       -1.5130197794324920e+00, -2.6632932467125392e+00,
       -5.8646363075450542e-02, 1.5945249440504998e+00,
