%YAML:1.0
---
summary: "Filter by distance, md=200, ds=100."
init_cam_calib: C99-1010_3p_3
camera_matrix: !!opencv-matrix
   rows: 3
   cols: 3
   dt: d
   data: [ 2.5684383378002758e+03, 0., 1.8774033944272010e+03, 0.,
       2.5711729193121023e+03, 1.0845123075292954e+03, 0., 0., 1. ]
dist_coeff: !!opencv-matrix
   rows: 5
   cols: 1
   dt: d
   data: [ 1.3922585503896006e-02, -2.1010430935099259e-02,
       4.9139501247432529e-05, -1.3301382123279664e-03,
       1.2286074148533258e-02 ]
std_intrinsics: !!opencv-matrix
   rows: 18
   cols: 1
   dt: d
   data: [ 7.4352208439569611e-01, 6.9071808705834770e-01,
       1.3311090219980195e+00, 8.7958433184735230e-01,
       1.5023985057075692e-03, 5.5346111295907028e-03,
       1.1458016207270314e-04, 1.7828083844950230e-04,
       5.8969649046179537e-03, 0., 0., 0., 0., 0., 0., 0., 0., 0. ]
std_extrinsics: !!opencv-matrix
   rows: 1374
   cols: 1
   dt: d
   data: [ 1.5353245597864926e-03, 5.2205293510846772e-04,
       1.5941927982282313e-03, 2.1086628524173130e+00,
       1.4326349519432360e+00, 2.0538564859962820e+00,
       1.5113653604490731e-03, 5.2950359021449811e-04,
       1.5830187346389626e-03, 2.1023999602340702e+00,
       1.4269137492356647e+00, 2.0465318882233912e+00,
       1.4563487032023695e-03, 5.3558640753405902e-04,
       1.5593448299559129e-03, 2.0811196491704469e+00,
       1.4104767749608609e+00, 2.0232405813707430e+00,
       1.4022289196008082e-03, 5.4702139083606508e-04,
       1.5508409158555502e-03, 2.0678994270798214e+00,
       1.4007975811137665e+00, 2.0103163162464051e+00,
       1.3729043270415918e-03, 5.3713846045140557e-04,
       1.5351858621844734e-03, 2.0626714405513811e+00,
       1.3984527350670428e+00, 2.0108307364533102e+00,
       1.1887318582174259e-03, 5.2584407901416980e-04,
       1.4115375810434799e-03, 2.0470987952814705e+00,
       1.3907627062977668e+00, 2.0373272772739366e+00,
       1.2311135170631315e-03, 5.2052644932097051e-04,
       1.4850307033436318e-03, 2.0683159479430167e+00,
       1.4042287911504028e+00, 2.0578722213485858e+00,
       1.2268710704344758e-03, 5.2932900508000807e-04,
       1.4597684190799489e-03, 2.0549245243438454e+00,
       1.3972821575133230e+00, 2.0354695205404747e+00,
       1.2701305241931359e-03, 5.4586956824610256e-04,
       1.4942373522172420e-03, 2.0508069346104505e+00,
       1.3958583882850244e+00, 2.0055966739231064e+00,
       1.2584375385717105e-03, 5.4119232913425253e-04,
       1.4817376805483882e-03, 2.0407861850179536e+00,
       1.3930890277449466e+00, 1.9801157013872219e+00,
       1.2914867790650658e-03, 5.2501059694725239e-04,
       1.4526387822257456e-03, 2.0234295251793144e+00,
       1.3833046794382655e+00, 1.9428007386538175e+00,
       1.3578924418464072e-03, 5.1826873979534749e-04,
       1.4806091041546594e-03, 2.0243990722067879e+00,
       1.3756281721449599e+00, 1.9389237450918193e+00,
       1.4887035174259945e-03, 5.1967018394899337e-04,
       1.5336608299629352e-03, 2.0638664559154085e+00,
       1.4005028895942324e+00, 1.9662668304329760e+00,
       1.4916885588104308e-03, 5.1215618546245404e-04,
       1.5196007516017930e-03, 2.0684128989459420e+00,
       1.4087839187659126e+00, 1.9805901951736471e+00,
       1.6006320743206367e-03, 5.1548094173259362e-04,
       1.5400275197815037e-03, 2.0870617185814671e+00,
       1.4201695683693063e+00, 1.9586951669438080e+00,
       1.6127294741975606e-03, 5.3971126287689864e-04,
       1.5141182295335266e-03, 2.0844048490537017e+00,
       1.4247382755081504e+00, 1.9591824184684712e+00,
       1.6069667769580615e-03, 5.1145812544342248e-04,
       1.4950355592207839e-03, 2.0704393468303159e+00,
       1.4063947727040893e+00, 1.9225034285762419e+00,
       1.6638834097724253e-03, 5.5265434800840516e-04,
       1.5584639801779006e-03, 2.1085873010503873e+00,
       1.4231806443499970e+00, 1.9404830923222700e+00,
       1.6845909566006103e-03, 5.5490877685317283e-04,
       1.6082022832427472e-03, 2.1404996848177049e+00,
       1.4461897049658141e+00, 2.0114390137795572e+00,
       1.7221586610729467e-03, 5.2457194241191331e-04,
       1.6071292698976252e-03, 2.1365080365362941e+00,
       1.4464004833638486e+00, 1.9989359282941404e+00,
       1.7303519590826306e-03, 5.1957902579514970e-04,
       1.5881359553373874e-03, 2.1340863514509234e+00,
       1.4470949293280790e+00, 1.9894027503594820e+00,
       1.7330740132989878e-03, 5.1056766146982007e-04,
       1.5740943144612050e-03, 2.1329362644383290e+00,
       1.4512993215572545e+00, 1.9915261735103662e+00,
       1.7887425428308708e-03, 5.0580059358867088e-04,
       1.5892010375774066e-03, 2.1342590299618758e+00,
       1.4615520627249254e+00, 1.9958733048509545e+00,
       1.7126714918469222e-03, 4.9732790248238569e-04,
       1.5458315407303161e-03, 2.1121905119362618e+00,
       1.4440538037374187e+00, 1.9939187345713392e+00,
       1.6747218296407473e-03, 4.9138886083530662e-04,
       1.5418106018859445e-03, 2.1079251909064380e+00,
       1.4333491073837197e+00, 1.9829377620529520e+00,
       1.7046593387315104e-03, 5.0418848677386506e-04,
       1.5940993395436656e-03, 2.1217312303030096e+00,
       1.4384704789828755e+00, 1.9841615346731811e+00,
       1.7437997030315855e-03, 4.8802958662433175e-04,
       1.6067998086859293e-03, 2.1190665975089567e+00,
       1.4398074386034561e+00, 1.9601365072081283e+00,
       1.6458234835804116e-03, 5.2601331856838508e-04,
       1.5806799332081041e-03, 2.1152294882700424e+00,
       1.4344004965071495e+00, 2.0031259130172288e+00,
       1.6032241715479467e-03, 5.2432677433900338e-04,
       1.5610194047640769e-03, 2.0903691082572027e+00,
       1.4151740825599028e+00, 1.9638022565482858e+00,
       1.5990093576402175e-03, 5.3621011405764697e-04,
       1.5788449264705808e-03, 2.0885476514399608e+00,
       1.4117381843000687e+00, 1.9501007155522765e+00,
       1.6226806495040420e-03, 5.5375192215120848e-04,
       1.6462616770463706e-03, 2.1125235402505038e+00,
       1.4273646446259416e+00, 1.9837423359355075e+00,
       1.5546309276688194e-03, 5.7373925718917651e-04,
       1.6475136045133606e-03, 2.0871573484545674e+00,
       1.4133384326878828e+00, 2.0676551421244285e+00,
       1.5280543382340498e-03, 5.9848867275863417e-04,
       1.7216708550380278e-03, 2.0750701087108907e+00,
       1.4126074832570419e+00, 2.1530973796489796e+00,
       1.5025536464405664e-03, 5.8162264301543122e-04,
       1.7219823630105898e-03, 2.0795632537441411e+00,
       1.4246827985695720e+00, 2.1694495759562331e+00,
       1.5403822338733691e-03, 5.8339478381245254e-04,
       1.7570176614641682e-03, 2.1010206399101770e+00,
       1.4467917015812211e+00, 2.2521989785850018e+00,
       1.5857613994011590e-03, 5.9145334345104053e-04,
       1.8838062584640993e-03, 2.1394360605560281e+00,
       1.4688040127273221e+00, 2.2408063511718144e+00,
       1.6525035505902629e-03, 5.9343774393092971e-04,
       1.8638558908384160e-03, 2.1162399188014520e+00,
       1.4616706417332381e+00, 2.3228111491255130e+00,
       1.5087852953988388e-03, 5.7752342197223085e-04,
       1.7792253713426016e-03, 2.1144390124474119e+00,
       1.4511368826808306e+00, 2.1953604204958519e+00,
       1.4838644167160431e-03, 5.7108638863160872e-04,
       1.7354104547527651e-03, 2.1015854506115397e+00,
       1.4365383211864529e+00, 2.1522827346538493e+00,
       1.4709503184951449e-03, 5.6389819742473201e-04,
       1.7030609327128010e-03, 2.0851706507060475e+00,
       1.4210390828106627e+00, 2.1166036732422828e+00,
       1.4614897298800651e-03, 5.4416800685280276e-04,
       1.6433916357027603e-03, 2.0631157765498940e+00,
       1.4020850764252228e+00, 2.0543956209599195e+00,
       1.3410621373439486e-03, 5.2010376449035021e-04,
       1.5566059511816902e-03, 1.9614607878114916e+00,
       1.3356261571728447e+00, 1.9215836855004658e+00,
       1.2958092514997507e-03, 4.9676236556379331e-04,
       1.4560956946433521e-03, 1.8718564888340152e+00,
