%YAML:1.0
---
summary: "Third calibration test for video C51Finf, using even another subset."
init_cam_calib: C99-1010_3p_3
camera_matrix: !!opencv-matrix
   rows: 3
   cols: 3
   dt: d
   data: [ 2.5652578118403599e+03, 0., 1.8849127690589987e+03, 0.,
       2.5642608621803597e+03, 1.0862313380370347e+03, 0., 0., 1. ]
dist_coeff: !!opencv-matrix
   rows: 5
   cols: 1
   dt: d
   data: [ 1.7450883591152985e-02, -3.7425404894174820e-02,
       -7.7243969708356707e-04, -7.0490467479041334e-04,
       2.3976743604227441e-02 ]
std_intrinsics: !!opencv-matrix
   rows: 18
   cols: 1
   dt: d
   data: [ 6.5485940150343380e-01, 5.9997376818789006e-01,
       1.2270139439682266e+00, 8.1435943946621780e-01,
       1.3570216672712714e-03, 4.9654495113196934e-03,
       1.0842564246206194e-04, 1.6385453415566675e-04,
       5.2606834368918347e-03, 0., 0., 0., 0., 0., 0., 0., 0., 0. ]
std_extrinsics: !!opencv-matrix
   rows: 642
   cols: 1
   dt: d
   data: [ 9.6576142352999903e-04, 3.2207430340050193e-04,
       1.1018056120048558e-03, 1.9173081220873476e+00,
       1.2916685630786437e+00, 1.4256057836402223e+00,
       9.5368175640747578e-04, 3.3536836559970806e-04,
       1.0862948318568183e-03, 1.9249347898371059e+00,
       1.2952453731813367e+00, 1.4347169416219023e+00,
       9.5226374197941764e-04, 3.2169533890486109e-04,
       1.0921994137468713e-03, 1.9185207371728685e+00,
       1.2934793769972757e+00, 1.4371345020976405e+00,
       8.8357908495406592e-04, 3.2982854816199155e-04,
       1.0775675013719734e-03, 1.8795023376191569e+00,
       1.2672259824803602e+00, 1.4018476309269892e+00,
       7.6824223834489160e-04, 3.2011894779312733e-04,
       1.0211377392130134e-03, 1.8669302191947614e+00,
       1.2629541635810979e+00, 1.4333694390063270e+00,
       7.8715047800445885e-04, 3.2720800493030942e-04,
       1.0388680169108057e-03, 1.8739274358072668e+00,
       1.2654244290501961e+00, 1.4264659614558990e+00,
       7.8326042058120694e-04, 3.2852040379472959e-04,
       1.0321478844389398e-03, 1.8742023973392621e+00,
       1.2654397095804817e+00, 1.4273030990088207e+00,
       7.9213801703200261e-04, 3.3468333136946746e-04,
       1.0286199067969729e-03, 1.8637540982787750e+00,
       1.2576124426287438e+00, 1.4054399001432023e+00,
       9.2486222822552955e-04, 3.1290517647384372e-04,
       1.0630390131382828e-03, 1.8639380963710921e+00,
       1.2563274855467939e+00, 1.3702102289932792e+00,
       9.7709629201287937e-04, 3.2422969557838177e-04,
       1.0441383180747037e-03, 1.8977330176821303e+00,
       1.2772036988641111e+00, 1.3859171083916821e+00,
       1.0386019502024119e-03, 3.2386411604483280e-04,
       1.0772318805102148e-03, 1.9309431673570365e+00,
       1.2996419312925325e+00, 1.4108554295561546e+00,
       1.0574373234724412e-03, 3.3083793899722801e-04,
       1.0942838488303462e-03, 1.9413143392350933e+00,
       1.3052902185276609e+00, 1.4004252173247127e+00,
       1.0775154407283926e-03, 3.1258398639761562e-04,
       1.0850286377309224e-03, 1.9414081320697245e+00,
       1.3074267559002561e+00, 1.4077037296660639e+00,
       1.0777909879154809e-03, 3.1109203683195980e-04,
       1.0667824610030782e-03, 1.9251754362320628e+00,
       1.2990985264987269e+00, 1.4014683760879756e+00,
       1.0395444993856646e-03, 3.1572176217967200e-04,
       1.0755175009099756e-03, 1.9157275906855424e+00,
       1.2886139825319374e+00, 1.3835559735390655e+00,
       1.0410467776617975e-03, 3.6487513070749384e-04,
       1.2404089527146191e-03, 1.9209317856534678e+00,
       1.3115840352500132e+00, 1.5885058720874210e+00,
       9.2539378169965178e-04, 3.2424604749270756e-04,
       1.1148975118470442e-03, 1.8586416074923520e+00,
       1.2586135489633576e+00, 1.4122486690451619e+00,
       8.1758120127525433e-04, 3.0686859773607788e-04,
       1.0458084756686727e-03, 1.7097840581354160e+00,
       1.1604201018582174e+00, 1.2670529443081997e+00,
       7.3719658160229591e-04, 2.8560402800060711e-04,
       1.0168191408145744e-03, 1.4804032734987107e+00,
       1.0107729684920839e+00, 1.0723345272981424e+00,
       1.7533147679543593e-03, 6.3775873963911741e-04,
       1.8653264896938263e-03, 1.4227970292861587e+00,
       9.3847554080479256e-01, 1.7188597800594811e+00,
       1.6222659773555926e-03, 4.4578531947710371e-04,
       1.5420987370144813e-03, 1.2384874141771496e+00,
       8.8125921755945347e-01, 1.3926988080816722e+00,
       7.7586275615443051e-04, 2.7726802244430786e-04,
       1.0007335184701374e-03, 1.2812615034990291e+00,
       8.9232104488632236e-01, 9.3752279042571374e-01,
       6.9339922644193815e-04, 2.8313811411573612e-04,
       9.6520939112845706e-04, 1.4726736358314512e+00,
       9.9673896632993542e-01, 8.3831031534702771e-01,
       7.5652917508310321e-04, 2.8961049890733947e-04,
       1.0073388324722361e-03, 1.6083971781723512e+00,
       1.0812902866729937e+00, 9.0638140489211949e-01,
       7.8692701241102098e-04, 3.0516311341309609e-04,
       1.0332276496860450e-03, 1.6415083792095653e+00,
       1.1026292205409158e+00, 9.4538903063666535e-01,
       7.4641550544075994e-04, 3.0462555450300123e-04,
       1.0301309838896342e-03, 1.6138374714648973e+00,
       1.0870576696249550e+00, 9.1708133311481743e-01,
       5.9038295466923654e-04, 3.3850917030529577e-04,
       1.1503691069570880e-03, 1.6253684335115788e+00,
       1.0944009469292157e+00, 9.7278461596100396e-01,
       5.8464859107075539e-04, 3.4508284349080094e-04,
       1.1475846786669019e-03, 1.6138041625341200e+00,
       1.0869999446704415e+00, 9.7830823488816765e-01,
       5.8558020561195101e-04, 3.5314925124563891e-04,
       1.1705256273907866e-03, 1.6129545496362214e+00,
       1.0864476688374669e+00, 9.9790725484111487e-01,
       7.4659627426715020e-04, 3.0829123576997367e-04,
       1.0289938552553194e-03, 1.6035125519242051e+00,
       1.0795559089293558e+00, 9.1564850070644932e-01,
       7.4423061201114111e-04, 2.8340377115749127e-04,
       9.9955484935358436e-04, 1.6334930700729686e+00,
       1.0994454766144830e+00, 9.2523494153556551e-01,
       8.2625581624224537e-04, 3.0697844120840240e-04,
       1.0512763754217743e-03, 1.6505059328158644e+00,
       1.1137827286429072e+00, 1.0554578927347251e+00,
       8.1788134995996174e-04, 3.0131002765146575e-04,
       1.0313583510631985e-03, 1.6752965771266566e+00,
       1.1280416519237837e+00, 1.0285919402249317e+00,
       8.1668653154587075e-04, 3.0262518299959757e-04,
       1.0244943657413785e-03, 1.6821147859819401e+00,
       1.1316716940250569e+00, 1.0277265450867772e+00,
       8.5122897834372720e-04, 3.2103677516494240e-04,
       1.0690638603365274e-03, 1.6787419288122623e+00,
       1.1361429160976750e+00, 1.0461987675380753e+00,
       7.6381932210934571e-04, 3.4611191997964630e-04,
       1.1680690648560494e-03, 1.6976476044292690e+00,
       1.1478667807183616e+00, 1.0543560328107797e+00,
       7.2491237258196200e-04, 3.3149297548208315e-04,
       1.1628584958672640e-03, 1.6907144574861559e+00,
       1.1437508508784646e+00, 1.0261385578637761e+00,
       7.5555157719656455e-04, 3.3510078367430623e-04,
       1.1634003725243115e-03, 1.6881409792367423e+00,
       1.1441758872665198e+00, 1.0636877333173969e+00,
       7.9044688982636763e-04, 3.3495473500843963e-04,
       1.0837335284944111e-03, 1.7495491566021757e+00,
       1.1822776749251869e+00, 1.0801889252988377e+00,
       8.3514328578714449e-04, 3.7574876312721731e-04,
       1.0871175463588458e-03, 1.8634379964670866e+00,
       1.2562349179069856e+00, 1.2203794112094013e+00,
       9.6807153224214265e-04, 5.3358513157563358e-04,
       1.1295436029160769e-03, 1.9749890960848795e+00,
       1.3439247959060023e+00, 1.6785337973206178e+00,
       1.0505523757362806e-03, 6.3579130608576429e-04,
       1.1929864867562675e-03, 1.9160776454882804e+00,
       1.2980854580688033e+00, 1.9158353008612172e+00,
       9.5475992178585447e-04, 7.1271379723903197e-04,
       1.0806304445722449e-03, 1.8378439838556839e+00,
