%YAML:1.0
---
summary: "Filter by time, rd=15, rs=10."
init_cam_calib: C99-1010_3p_3
camera_matrix: !!opencv-matrix
   rows: 3
   cols: 3
   dt: d
   data: [ 2.5736148490510068e+03, 0., 1.8744094130046815e+03, 0.,
       2.5724801798219528e+03, 1.0869987746410359e+03, 0., 0., 1. ]
dist_coeff: !!opencv-matrix
   rows: 5
   cols: 1
   dt: d
   data: [ 2.2424878231397018e-02, -4.8206922181325981e-02,
       -5.3186073572022421e-04, -1.8154539080004019e-03,
       3.5225217677243875e-02 ]
std_intrinsics: !!opencv-matrix
   rows: 18
   cols: 1
   dt: d
   data: [ 5.7294556914643979e-01, 5.2221961451798726e-01,
       1.0704166927802012e+00, 7.1214328045117459e-01,
       1.1573653818327250e-03, 4.2207532760165489e-03,
       9.4864622408889231e-05, 1.4412950006960075e-04,
       4.4588595848463041e-03, 0., 0., 0., 0., 0., 0., 0., 0., 0. ]
std_extrinsics: !!opencv-matrix
   rows: 858
   cols: 1
   dt: d
   data: [ 9.4578345706545597e-04, 3.2472562877251224e-04,
       1.0419649709883308e-03, 1.6768152466997970e+00,
       1.1364166796878907e+00, 1.3546285320848599e+00,
       9.4467044902064054e-04, 3.3429305622566420e-04,
       1.0345686627524797e-03, 1.6841313119131223e+00,
       1.1404280819925734e+00, 1.3587298867731292e+00,
       9.3994292359929192e-04, 3.2375608933860083e-04,
       1.0406585522075907e-03, 1.6808545328696740e+00,
       1.1401266419097000e+00, 1.3644009494322169e+00,
       9.2743130779484695e-04, 3.2381401974767551e-04,
       1.0342637550187382e-03, 1.6659902129563999e+00,
       1.1292772524751349e+00, 1.3454147790666051e+00,
       8.4853566461526818e-04, 3.3097753124435052e-04,
       1.0146883883763314e-03, 1.6438438466881098e+00,
       1.1151124065941531e+00, 1.3320626265915243e+00,
       7.5504086189848553e-04, 3.1823442660195128e-04,
       9.6355979281023143e-04, 1.6340246110722116e+00,
       1.1112352854641177e+00, 1.3560944347588222e+00,
       7.7042380134804272e-04, 3.2503962954362828e-04,
       9.7764669991923757e-04, 1.6412717195639372e+00,
       1.1150456643193558e+00, 1.3550145407646004e+00,
       7.7151322627482346e-04, 3.2812886294147285e-04,
       9.8048057381199699e-04, 1.6383631258668083e+00,
       1.1134059102563783e+00, 1.3483203707891662e+00,
       7.7258991196115076e-04, 3.2818393576199178e-04,
       9.7748172535711735e-04, 1.6408913426984204e+00,
       1.1147843112574671e+00, 1.3512825777458954e+00,
       7.7879360722122855e-04, 3.3285729369076674e-04,
       9.7103410491642696e-04, 1.6305773403811084e+00,
       1.1069665386647722e+00, 1.3304233016661069e+00,
       8.7457473361450642e-04, 3.1852119579339294e-04,
       9.9500805152508229e-04, 1.6227516689451713e+00,
       1.1001165336039334e+00, 1.2935121012685169e+00,
       9.2388950490601750e-04, 3.1415239102377759e-04,
       1.0011037144878811e-03, 1.6447461622395345e+00,
       1.1161268515917864e+00, 1.3087268110958243e+00,
       9.9490566160956632e-04, 3.2229220818435583e-04,
       9.7849083458070862e-04, 1.6409052214274722e+00,
       1.1127844834736904e+00, 1.2762871585359175e+00,
       1.0301573527811145e-03, 3.2290237123505135e-04,
       1.0272678642682187e-03, 1.6894327885594653e+00,
       1.1437303084853054e+00, 1.3334971696849471e+00,
       1.0599839480290908e-03, 3.3579627334160843e-04,
       1.0570267103386121e-03, 1.7018330810313382e+00,
       1.1493849596171475e+00, 1.3106134781182657e+00,
       1.0681798675312324e-03, 3.2154307711771031e-04,
       1.0505324955032004e-03, 1.7027390637392639e+00,
       1.1523813249513870e+00, 1.3275327207409662e+00,
       1.0699380516586035e-03, 3.1198537582145125e-04,
       1.0253668803821381e-03, 1.6958690264886211e+00,
       1.1499454199239989e+00, 1.3195509143286679e+00,
       1.0694813051643965e-03, 3.0980015179775584e-04,
       1.0171173525678062e-03, 1.6843569941636387e+00,
       1.1456496938979566e+00, 1.3236265841491228e+00,
       1.0323779778717015e-03, 3.0385102820092537e-04,
       1.0335682146029792e-03, 1.6783299342944238e+00,
       1.1397442928500134e+00, 1.3278193075015745e+00,
       9.8808855183117801e-04, 3.5782640080713271e-04,
       1.1665227892889559e-03, 1.6597388899549614e+00,
       1.1424985733625916e+00, 1.5114935542260119e+00,
       9.5310153026216483e-04, 3.5639525003454040e-04,
       1.1591167878265169e-03, 1.6824574578266147e+00,
       1.1540412634944615e+00, 1.4617236628918571e+00,
       9.1565402336989934e-04, 3.2373157943723892e-04,
       1.0601653869228508e-03, 1.6270870726060351e+00,
       1.1073040397580485e+00, 1.3346847861570159e+00,
       8.3471349413281014e-04, 3.1633604418398532e-04,
       1.0371623610466515e-03, 1.5359678001531607e+00,
       1.0488557281570277e+00, 1.2508575696137909e+00,
       7.4190568867358404e-04, 2.8775377023049041e-04,
       9.4039306959422782e-04, 1.3976062782545120e+00,
       9.5549662163333882e-01, 1.0917568565043123e+00,
       8.1995775000883483e-04, 2.7651365412959623e-04,
       9.3046009742892032e-04, 1.2617681240750467e+00,
       8.6840667522598014e-01, 9.9565561221252530e-01,
       1.7494558552313012e-03, 6.3328441721078308e-04,
       1.8385428784304934e-03, 1.2964053708521361e+00,
       8.4812606704720728e-01, 1.6614698530607199e+00,
       1.7016800814767554e-03, 5.3509549581645622e-04,
       1.7429732350775764e-03, 1.1706147500009194e+00,
       8.1037422440412088e-01, 1.5248235451154957e+00,
       1.4044492967614226e-03, 3.3207735286534232e-04,
       1.1428604348327502e-03, 1.0690217974229288e+00,
       7.7151465137582365e-01, 1.0948522194021997e+00,
       6.6199928601196089e-04, 2.5744626281600782e-04,
       8.6529830782460339e-04, 1.1791695444972818e+00,
       8.1239930540775118e-01, 7.5861390232099779e-01,
       6.7475416730462530e-04, 2.7717523937822265e-04,
       9.0345135688967243e-04, 1.2897115117388800e+00,
       8.7684842637760907e-01, 7.6807519004088098e-01,
       7.2669365787378381e-04, 2.8173065676992751e-04,
       9.4336352762348268e-04, 1.3879466885064382e+00,
       9.3811916639969051e-01, 8.2613517934894487e-01,
       7.6651436971867856e-04, 2.9727034670476568e-04,
       9.7765217732784931e-04, 1.4379179386330234e+00,
       9.7129668031667760e-01, 8.7017261857055883e-01,
       7.6740060149545978e-04, 2.9806704762997197e-04,
       9.7471180210733526e-04, 1.4354607480832660e+00,
       9.6927047755900797e-01, 8.6937730384217349e-01,
       7.2893528221879098e-04, 2.9862607621409051e-04,
       9.7210813715808259e-04, 1.4130544423090041e+00,
       9.5661217420488376e-01, 8.4667175243878223e-01,
       5.7322660556095981e-04, 3.2121406266612978e-04,
       1.0743006796322832e-03, 1.4156047959339579e+00,
       9.5880765689472958e-01, 8.7760269882429853e-01,
       5.6553996110726115e-04, 3.2774480696775839e-04,
       1.0643948412085158e-03, 1.4180137548183533e+00,
       9.6037541339220145e-01, 8.9368045315193945e-01,
       5.6401193462350425e-04, 3.4076192896616384e-04,
       1.1003318945490010e-03, 1.4098520236089562e+00,
       9.5589938179386758e-01, 9.1482042236163363e-01,
       5.6618501132055612e-04, 3.4654459483037187e-04,
       1.1157121491103521e-03, 1.4125401274201841e+00,
       9.5795245658683736e-01, 9.3239317878079564e-01,
       5.6452989147906291e-04, 3.1833970986159404e-04,
       1.0866202275722238e-03, 1.3984006168299243e+00,
       9.4764091030251585e-01, 8.6543962836412092e-01,
       7.5019116574631694e-04, 2.9468268098112099e-04,
       9.6246643037443209e-04, 1.4157854335684672e+00,
       9.5631469920449930e-01, 8.5214931662394344e-01,
       7.3949130334616275e-04, 2.7668528802312633e-04,
       9.4288891668886968e-04, 1.4385979784525991e+00,
       9.7300946825327717e-01, 8.6736047380938452e-01,
       8.1324644598885425e-04, 2.9922628118991877e-04,
       1.0012567548579000e-03, 1.4452801441233782e+00,
       9.8224499859848802e-01, 9.9021724868068595e-01,
       7.8907705458653484e-04, 2.9189283515251011e-04,
       9.7666008789783492e-04, 1.4629887013813971e+00,
