%YAML:1.0
---
summary: "Filter by time and points, rd=20, rs=0, sp=5, sf=2."
init_cam_calib: C99-1010_3p_3
camera_matrix: !!opencv-matrix
   rows: 3
   cols: 3
   dt: d
   data: [ 2.5601502253102335e+03, 0., 1.8709043213927880e+03, 0.,
       2.5564660427647282e+03, 1.0831694686025623e+03, 0., 0., 1. ]
dist_coeff: !!opencv-matrix
   rows: 5
   cols: 1
   dt: d
   data: [ -1.3302411586763752e-01, 4.7606033459168902e-03,
       -3.4567927635204584e-03, -8.3775960111981962e-03,
       -4.3186265125604348e-05 ]
std_intrinsics: !!opencv-matrix
   rows: 18
   cols: 1
   dt: d
   data: [ 3.5072391865966006e-04, 1.6381395226526440e-04,
       7.5401712717094896e-04, 4.0652397131688266e-04,
       9.1085807130610627e-04, 5.6519303437462709e-05,
       3.0704089032372269e-04, 3.1417489990011332e-04,
       5.3207901266602460e-07, 0., 0., 0., 0., 0., 0., 0., 0., 0. ]
std_extrinsics: !!opencv-matrix
   rows: 648
   cols: 1
   dt: d
   data: [ 4.1088678539355307e-02, 1.5782010583762364e-02,
       4.0801764954687215e-02, 4.3354835833039471e-05,
       3.1862893106001386e-05, 3.0749730098628296e-05,
       3.4129613183689872e-02, 1.7911593148610887e-02,
       4.1736011586503599e-02, 2.0724396824317160e-05,
       2.2778887581247972e-05, 2.2380037117693761e-05,
       4.0679070731150208e-02, 1.5894549621333291e-02,
       4.2602621205622339e-02, 4.3207899869650212e-05,
       1.0837738082547747e-05, 2.8895950510329028e-05,
       3.7784723303128542e-02, 1.6179043857151278e-02,
       4.2236680780276648e-02, 4.1107913932994813e-05,
       1.2280253476861228e-05, 3.0380526816288581e-05,
       4.1389181838304319e-02, 1.6821992714484188e-02,
       4.2727484696586458e-02, 4.6683462878733335e-05,
       1.4953508838795837e-05, 3.1394201882597700e-05,
       4.0719185981632600e-02, 1.6153631465202420e-02,
       4.2017208814243860e-02, 6.1048351454172069e-05,
       2.3688140974931491e-05, 3.3746994419017669e-05,
       3.2938587745301819e-02, 1.6967057869218705e-02,
       3.6359793325099254e-02, 1.5898853222715309e-05,
       1.4969259133882587e-05, 2.0923355228369556e-05,
       3.3487532549020635e-02, 1.6517886997074991e-02,
       3.8464048046609349e-02, 2.4288849551647748e-05,
       3.0820536733014286e-06, 2.1298738272493105e-05,
       3.9574842508369582e-02, 1.6096625331155013e-02,
       4.1001869571451299e-02, 3.0399517994918394e-05,
       6.0747344865961253e-06, 2.4585002237992309e-05,
       4.2078500095483772e-02, 1.6295039759643110e-02,
       4.2815711824585760e-02, 4.6702973620263141e-05,
       2.2053446017255383e-05, 2.9850703717476880e-05,
       4.4673298443090433e-02, 1.7519354186655966e-02,
       4.0957233005698687e-02, 4.4275590821078502e-05,
       3.2366596592968171e-05, 2.5093254970356381e-05,
       5.0586217292012091e-02, 1.6753611839719896e-02,
       4.5155703558688857e-02, 8.3856640183838779e-05,
       3.1243742021313533e-05, 3.0060259688774831e-05,
       4.8380457080036958e-02, 1.4781561909986035e-02,
       4.2803775906927008e-02, 6.1856829468924317e-05,
       4.4893772875921450e-05, 3.5605984211098934e-05,
       5.2466994411326441e-02, 1.5992549054959587e-02,
       4.7492304717878055e-02, 4.6869124665907895e-05,
       4.2756261676503561e-05, 3.5851248098266648e-05,
       5.0123259088981333e-02, 1.6340848757318685e-02,
       4.5918293794371783e-02, 5.8257997814115392e-05,
       1.7875596939274498e-05, 3.7475808737949808e-05,
       4.1213145245417734e-02, 1.9025376057778060e-02,
       4.8430535862763774e-02, 4.8414438573021196e-05,
       3.0829461430472776e-05, 3.7285494960564471e-05,
       4.3986859849390214e-02, 1.8417145544772074e-02,
       4.7556104494393445e-02, 6.0632417793319748e-05,
       2.9572662296296172e-05, 4.0140100363909876e-05,
       3.7514476159512623e-02, 1.5062934091764060e-02,
       4.0619838224740891e-02, 7.3531925296728098e-05,
       9.5593528750954324e-06, 3.9767094100007606e-05,
       3.3053184499908704e-02, 1.5329820262692443e-02,
       3.8914717710365726e-02, 6.2535737193539662e-05,
       1.6426734004315124e-05, 3.4403492913496026e-05,
       5.7647195837938842e-02, 2.4115954764809867e-02,
       4.9851551995268729e-02, 8.7510570304399863e-05,
       1.7624660351764132e-04, 3.0228961923323878e-05,
       7.6277900631511783e-02, 3.0543181242913112e-02,
       7.5838657830398795e-02, 2.0620998400173375e-04,
       2.6102465459480219e-04, 6.9298821554185453e-05,
       5.5235868011806362e-02, 1.4071405038331861e-02,
       4.1874847239361780e-02, 9.8531267217655740e-05,
       6.7106320199783020e-05, 7.2914944536833838e-05,
       3.2340743007816197e-02, 1.3824871364112645e-02,
       3.4582278585127101e-02, 4.9774845861892785e-05,
       1.9109338398595932e-05, 1.8125270445870166e-05,
       3.3425050458124689e-02, 1.2143747970159102e-02,
       3.2316516646632751e-02, 3.6662741134859134e-05,
       1.3511395159764390e-05, 4.6973246563665209e-06,
       3.9419548532116058e-02, 1.5901361444051017e-02,
       3.8071359056417439e-02, 3.9747079140339285e-05,
       2.7020318540994196e-05, 1.6841106346469141e-05,
       3.6839687504713205e-02, 1.5768260018777017e-02,
       3.9428035977048435e-02, 4.6261697907360270e-05,
       2.0709610401612815e-05, 2.5639756424410325e-05,
       2.6733293440384151e-02, 1.5432097256289527e-02,
       4.0100770647015817e-02, 5.4580892264900531e-05,
       3.1155785444852437e-05, 1.1597555539341364e-05,
       2.5855729989653537e-02, 1.5872226963790450e-02,
       4.2808944438999776e-02, 5.5966011393597219e-05,
       2.4394550953866965e-05, 7.4791386544972371e-06,
       2.7153466842512720e-02, 1.6783554482917594e-02,
       4.6006299584543789e-02, 6.3382339891735820e-05,
       3.0540154879558745e-05, 1.4283692720292759e-05,
       2.6925620511684061e-02, 1.6083874018659114e-02,
       4.0333900226871007e-02, 5.7374065056874699e-05,
       2.5857483967046797e-05, 1.9974066266691091e-05,
       3.6554676514044641e-02, 1.3709749341553841e-02,
       3.3395992075330179e-02, 3.0741358896163564e-05,
       1.5074258734078570e-05, 7.2124434607793536e-06,
       3.9776202392786009e-02, 1.4588722940084035e-02,
       4.2019475589207843e-02, 5.8126427338021183e-05,
       1.9032353658766514e-05, 3.2163572939524156e-05,
       3.9500623527569750e-02, 1.4933005513990712e-02,
       3.7982954560047195e-02, 3.0252665113195206e-05,
       1.8072749421608103e-05, 2.9731919911149656e-05,
       3.4620664790424756e-02, 1.3937676320614449e-02,
       3.6887296501489183e-02, 4.2179441964506615e-05,
       1.4497152802665319e-05, 2.4054674419974413e-05,
       3.6419690233834692e-02, 1.3385747182837891e-02,
       4.1510626794355722e-02, 3.3877530704399278e-05,
       3.1857746436299086e-05, 2.1876515172264808e-05,
       3.5042846385255122e-02, 1.7245916036767145e-02,
       4.9183991505817863e-02, 2.6423521798992901e-05,
       1.7620360979034456e-05, 1.5299350622654232e-05,
       3.0369698152484022e-02, 1.5732528846653115e-02,
       4.7635872249223950e-02, 3.2596684212137086e-05,
       1.3789294242150237e-05, 1.6319173127612179e-05,
       3.4591537759412080e-02, 1.6871289015450184e-02,
       4.2870214649736928e-02, 4.3151323511122968e-05,
       2.4326493981073461e-05, 1.5417148562217316e-05,
       3.2046068347754211e-02, 1.5484627298376121e-02,
       4.5110701216814264e-02, 2.8802885260416347e-05,
       1.9506193650519583e-05, 1.9319057717919317e-05,
       3.4595817963385241e-02, 1.6356943693599715e-02,
       3.6479552139107786e-02, 1.3202173553283483e-05,
       1.6943505341128603e-05, 2.5611993070829250e-05,
       3.7127210859066111e-02, 1.9587098439623415e-02,
       3.5203376117549673e-02, 3.5798689223435077e-05,
       7.3044757816533252e-06, 1.9544030133933171e-05,
       4.1134600911278678e-02, 2.2214077307711917e-02,
       3.2606553434995002e-02, 8.4003257421944101e-05,
       1.3888310599319644e-05, 1.2814738639284653e-05,
       4.6561444370423866e-02, 2.7681606876711538e-02,
       2.5238556199194705e-02, 5.0783720542231551e-05,
