%YAML:1.0
---
summary: "Filter by time and points, rd=20, rs=0, sp=5, sf=1."
init_cam_calib: C99-1010_3p_3
camera_matrix: !!opencv-matrix
   rows: 3
   cols: 3
   dt: d
   data: [ 2.5754179475279348e+03, 0., 1.8759593444342916e+03, 0.,
       2.5685326984844664e+03, 1.0868836501934722e+03, 0., 0., 1. ]
dist_coeff: !!opencv-matrix
   rows: 5
   cols: 1
   dt: d
   data: [ 1.0868213533097642e-02, -1.4606536998898944e-02,
       -1.5672033590075430e-03, -2.6841989122522066e-03,
       4.6743364806852072e-03 ]
rvec: !!opencv-matrix
   rows: 108
   cols: 3
   dt: d
   data: [ -3.0305044598218336e+00, 1.6133013721789435e-02,
       8.8121882229486356e-03, -3.0573266737307789e+00,
       7.1182025051795134e-02, -5.7270348902113986e-02,
       -3.0380034235046609e+00, 4.3439335200658709e-03,
       -3.2159558979307841e-02, -3.0921185761865688e+00,
       5.6572421266198068e-02, -1.7368350725231664e-02,
       3.0817046648881758e+00, -3.8388165714591957e-02,
       7.0579712922338488e-03, 3.0816977753291823e+00,
       -3.2273025690334613e-02, 2.9790733363301784e-04,
       3.0906742920880448e+00, -2.3576177182360693e-02,
       1.5496403376578012e-02, 3.1043743311625951e+00,
       -3.9322451626034828e-03, 4.4028831755857478e-02,
       -3.0666102532078017e+00, 2.6798594180960082e-02,
       -4.7925840532687509e-02, -2.9783348887698242e+00,
       3.2797128521277419e-02, -7.8605284970486008e-02,
       -2.9425652413233871e+00, 1.4064573794520824e-01,
       -1.0851110422089570e-01, -2.9576528126265691e+00,
       9.3817192208838676e-02, -6.1353104707275674e-02,
       -2.9057812520812880e+00, 1.2836569810899229e-01,
       -9.7815355959727217e-03, -2.8400370221086737e+00,
       1.2390167898865057e-01, -1.7094458164037731e-02,
       -2.9401924000385904e+00, 5.4136957150788916e-02,
       9.9968711192398890e-02, 3.0982361932726468e+00,
       -1.7599844371549277e-02, -8.4495348696089503e-02,
       3.1138591260804058e+00, 2.0535618978343297e-02,
       -2.8971088432243396e-02, 3.1329535535020119e+00,
       -5.2148197757381195e-03, -4.8004473603018155e-02,
       3.0998069554907701e+00, -9.2410461487701406e-02,
       -8.3543704780267750e-02, 3.0145446739760664e+00,
       -9.9444971205998170e-02, 5.1461080836480855e-01,
       2.9918687529756260e+00, -1.3522543636440273e-01,
       4.5446743066299800e-01, 3.0599568987170636e+00,
       -6.5837646574662428e-02, -1.4018469493203944e-01,
       -3.0415748282044652e+00, -9.4589549324156433e-02,
       7.2428715129008203e-01, -2.9512200709189589e+00,
       -5.9856452363707515e-03, 7.7956858519387096e-01,
       -2.9340617170286634e+00, -6.2977152603578904e-02,
       8.6067936043325843e-01, -2.9825144864781699e+00,
       -3.3080543465921399e-03, 8.7185730865951483e-01,
       2.9804709238091864e+00, 8.1202047804809063e-03,
       -8.6450381306626012e-01, 2.9628485127160977e+00,
       -1.2710584949763280e-03, -8.6435567878494823e-01,
       2.9951124621978029e+00, -4.5227192531823923e-03,
       -8.5287737292366561e-01, 3.0228382315638993e+00,
       2.8656708883795713e-02, -8.5682026479476237e-01,
       -2.9749677933109071e+00, -5.0303172588406594e-02,
       8.0252616674553512e-01, -2.7088990847339334e+00,
       3.3493562616719375e-02, 6.3368624833474330e-01,
       -2.7332662004372188e+00, 3.0702857624591354e-02,
       6.9761490358161471e-01, -2.7290468838118178e+00,
       4.5470761984235844e-02, 7.3264254887482694e-01,
       -2.8681272150758401e+00, 1.2075492711628978e-01,
       7.8582907152668036e-01, 2.9872936657404199e+00,
       -8.3541282321943605e-02, -7.7996385230113563e-01,
       2.9830702496391126e+00, -5.6860863043174947e-03,
       -7.7906588259018428e-01, 2.9528605409610438e+00,
       -5.6350662070635611e-02, -7.8896724085525449e-01,
       2.9755506652125052e+00, 1.1137333453054805e-02,
       -8.2274214604000118e-01, -2.9400468921638230e+00,
       -4.9628438354159081e-02, 1.0009617286240045e+00,
       -2.8998386734007440e+00, -4.5686278344501237e-02,
       1.0932572396546103e+00, -2.9262027770794301e+00,
       -1.0408673033653721e-02, 1.1273022820065985e+00,
       2.8570034727699891e+00, 1.6702206345691910e-02,
       -1.3478134636494765e+00, 2.7478575422581217e+00,
       4.4259907278421336e-02, -1.4750609783725981e+00,
       2.6341227537082368e+00, 8.2377565491916313e-02,
       -1.7118470145952474e+00, 2.7753492872426113e+00,
       4.7567199168965874e-02, -1.4476949851270680e+00,
       2.6698170750403549e+00, -2.5626818626704476e-02,
       -1.4391093357078759e+00, 2.6570867406608620e+00,
       -1.5743936746529096e-02, -1.4446252257358851e+00,
       -2.7121690994363323e+00, -6.7060015566657027e-03,
       1.4612874958959663e+00, -2.5891609671933913e+00,
       -4.2445165993980044e-02, 1.4728869829019189e+00,
       -2.5289508195051149e+00, -5.7752889813271931e-02,
       1.5375265369917530e+00, -2.5891335645151883e+00,
       -3.5763181473376593e-02, 1.4806707262200389e+00,
       2.7390267269373489e+00, -8.2614189168302835e-02,
       -1.5030015270361936e+00, 2.6814349309043748e+00,
       -5.0875823015391473e-02, -1.5602796830583645e+00,
       2.6533070709983044e+00, -3.4160848266845720e-02,
       -1.6680675592261203e+00, -2.6578444418022178e+00,
       -2.4582243997761179e-02, 1.5978469938969408e+00,
       -2.8520557225609431e+00, 3.6026333413806289e-02,
       1.1715642491361979e+00, -2.8123544963395513e+00,
       6.3294526485520169e-02, 1.0278246602439369e+00,
       -2.9430016754439903e+00, 1.1531318982254658e-01,
       7.6353586978966370e-01, -3.0316294215524731e+00,
       7.6396595788743901e-02, 5.8221798029123839e-01,
       -3.0907794347143005e+00, -8.1466824875927810e-03,
       2.8358346483379271e-01, -3.0783219986774082e+00,
       -3.8036671304434187e-02, 1.1764344873002752e-01,
       -3.1024762843784179e+00, -3.9838337465694970e-02,
       4.8409953410924167e-01, -3.0387479632510557e+00,
       1.2485332489907104e-02, 5.6204729315942270e-01,
       -2.8734944448104973e+00, 6.4765088564709680e-02,
       4.0929651679699718e-02, -2.9693492252451064e+00,
       1.6167741497564286e-01, -9.8038981003076897e-01,
       -2.8645509137260978e+00, 1.1492095411788474e-01,
       -1.1564218612423398e+00, -2.9210881650311795e+00,
       3.0896523290058597e-02, -1.1232568640381841e+00,
       2.9023542598275092e+00, -2.3922289991779077e-03,
       1.0952377113843630e+00, 2.9244189545266397e+00,
       -2.4318127844764021e-02, 1.1381605883098034e+00,
       2.8489991927285168e+00, 3.2536937567081307e-02,
       1.0711085933769811e+00, 2.8534624062402925e+00,
       2.8873660186283377e-02, 1.1779239362441281e+00,
       2.8855176831202618e+00, 6.0693404365031846e-03,
       1.1219593224015447e+00, 2.7649469190822864e+00,
       -1.4337184155598499e-02, 1.1262752784665400e+00,
       2.7730272158971299e+00, -7.3243735828672678e-03,
       1.1404554299118563e+00, 2.7884435509876684e+00,
       -1.7710387021173460e-02, 1.1691511592660297e+00,
       2.8066943228528296e+00, -4.3512745842229118e-02,
       1.2172706345041051e+00, -2.7536161607472200e+00,
       1.2676817895464335e-01, -1.2034458548697042e+00,
       -2.7910250921519548e+00, 1.1581717806759786e-01,
       -1.2094713614212669e+00, -2.8055230178558901e+00,
       1.6986328375035689e-01, -1.1544843226307500e+00,
       -2.7610220181049376e+00, 2.8018868791505602e-01,
       -1.0485328181694367e+00, -2.7259655826088403e+00,
       3.3471952759342416e-01, -9.7955979159778550e-01,
       -2.7573683781295908e+00, 3.0443617228535480e-01,
       -1.0402543206363990e+00, -2.8040511395030827e+00,
       2.1064856246922220e-01, -1.0839981272125003e+00,
       2.8572179871675769e+00, -6.7762102198200572e-02,
       1.0817309805971809e+00, -2.8816852998667852e+00,
       5.4915634895824031e-02, -1.1270973222204506e+00,
       -2.7138605595347118e+00, -1.5547017529331706e-03,
       -1.4966015101115622e+00, -2.7763848690565909e+00,
       5.7578869433320981e-02, -1.4153021623622903e+00,
