%YAML:1.0
---
summary: "First calibration test for video C51Finf."
init_cam_calib: res-C99Finf1010_3p_3
camera_matrix: !!opencv-matrix
   rows: 3
   cols: 3
   dt: d
   data: [ 2.5740561736436257e+03, 0., 1.8837021445623664e+03, 0.,
       2.5680113112464910e+03, 1.0859320160072530e+03, 0., 0., 1. ]
dist_coeff: !!opencv-matrix
   rows: 5
   cols: 1
   dt: d
   data: [ 1.6127584649991353e-02, -3.2553992016328026e-02,
       -8.2141124475396793e-04, -1.4747635421576370e-03,
       2.4047553086739965e-02 ]
std_intrinsics: !!opencv-matrix
   rows: 18
   cols: 1
   dt: d
   data: [ 6.9995238432232110e-01, 6.3918427765573915e-01,
       1.3162221025036718e+00, 8.7827606087677834e-01,
       1.4375132192626856e-03, 5.3271016617528954e-03,
       1.1701922128334836e-04, 1.7659241734747528e-04,
       5.6927022656542920e-03, 0., 0., 0., 0., 0., 0., 0., 0., 0. ]
std_extrinsics: !!opencv-matrix
   rows: 648
   cols: 1
   dt: d
   data: [ 1.0290796529377781e-03, 3.3947192473574148e-04,
       1.1735319009639480e-03, 2.0602787389860517e+00,
       1.3987092156677756e+00, 1.5274159266844884e+00,
       1.0183765710040367e-03, 3.5932713532833897e-04,
       1.1693530542441120e-03, 2.0675632489564522e+00,
       1.4007424464007008e+00, 1.5297914806004629e+00,
       1.0114010629074335e-03, 3.4425141404958624e-04,
       1.1647547643012437e-03, 2.0600020920541695e+00,
       1.3985120662045045e+00, 1.5313024486041384e+00,
       9.7089520233980490e-04, 3.4989949994524615e-04,
       1.1546976526848119e-03, 2.0306268342948535e+00,
       1.3780162500079718e+00, 1.5042328122325810e+00,
       8.5860126361052204e-04, 3.4707911433626401e-04,
       1.1099465771150390e-03, 2.0124677470722347e+00,
       1.3682460722032077e+00, 1.5155443127878072e+00,
       8.3570322825476592e-04, 3.4686552579798270e-04,
       1.1044879329424717e-03, 2.0113565642607947e+00,
       1.3681946784280101e+00, 1.5221190354516896e+00,
       8.3658504004679459e-04, 3.4846392561255522e-04,
       1.1043064820199936e-03, 2.0073231108359111e+00,
       1.3653326489206434e+00, 1.5152541334746150e+00,
       8.4330812266981590e-04, 3.5453515136700948e-04,
       1.1095250708558772e-03, 2.0093801295266389e+00,
       1.3662036059814104e+00, 1.5102854513686232e+00,
       9.4298281536878126e-04, 3.3878323152724621e-04,
       1.1197147604175806e-03, 1.9888828519019328e+00,
       1.3498785464584262e+00, 1.4552770623266320e+00,
       1.0052359727103692e-03, 3.3570451176747674e-04,
       1.1188620266378640e-03, 2.0234032097541919e+00,
       1.3736138004233260e+00, 1.4779104790261293e+00,
       1.1064591566067505e-03, 3.6023813821236449e-04,
       1.1377285080474795e-03, 2.0595602206827741e+00,
       1.3913132469647842e+00, 1.4542477539775325e+00,
       1.1352420631431572e-03, 3.5755387013672204e-04,
       1.1749080179443293e-03, 2.0854709426783091e+00,
       1.4107827323177435e+00, 1.4758467083016835e+00,
       1.1497403251558313e-03, 3.3921656473335994e-04,
       1.1571132272182006e-03, 2.0843916984384969e+00,
       1.4121544011169564e+00, 1.4881082100068692e+00,
       1.1767061694433517e-03, 3.3882200684125805e-04,
       1.1451327180063207e-03, 2.0635789246883158e+00,
       1.4036287276261257e+00, 1.4859483548669898e+00,
       1.1075261111246982e-03, 3.2326689935692824e-04,
       1.1549985959062887e-03, 2.0550056812258211e+00,
       1.3976899161402891e+00, 1.4967690462995400e+00,
       1.0530588254262301e-03, 3.8166291475763775e-04,
       1.3345199859307571e-03, 2.0846363186531445e+00,
       1.4280930800098632e+00, 1.6423886213711612e+00,
       9.6715794941096701e-04, 3.5993094175090171e-04,
       1.2097699374987556e-03, 2.0273982372930290e+00,
       1.3835408693557636e+00, 1.5450401274727306e+00,
       9.0068116263603037e-04, 3.3643088437067628e-04,
       1.1638601025125968e-03, 1.8808077587926526e+00,
       1.2869909354706275e+00, 1.4100728912054630e+00,
       7.7205046521265479e-04, 3.0667711640747756e-04,
       1.0860074207798415e-03, 1.6402862125618836e+00,
       1.1269628390459778e+00, 1.1835478434192757e+00,
       1.6968132875495663e-03, 5.1983269834250700e-04,
       1.6633613396753906e-03, 1.4932957879183242e+00,
       1.0227656825547156e+00, 1.4933484436535320e+00,
       1.8111382531839299e-03, 5.7058201036683275e-04,
       1.8834456844458772e-03, 1.3902307394680438e+00,
       9.6677162401871308e-01, 1.6892652607712819e+00,
       1.1730125038091278e-03, 3.3649886894867144e-04,
       1.1935702550276823e-03, 1.3199213707364041e+00,
       9.3685879003724704e-01, 1.1365053917891466e+00,
       7.1792045978900172e-04, 2.9408499305869524e-04,
       1.0209538260519087e-03, 1.5376185213195730e+00,
       1.0508221880332380e+00, 8.7729588086091070e-01,
       7.8940034895529369e-04, 3.0549017759927112e-04,
       1.0628936641990114e-03, 1.6993015801964440e+00,
       1.1504429525646287e+00, 9.5437306997803895e-01,
       8.3076884164485847e-04, 3.2186212178726247e-04,
       1.0934952381922247e-03, 1.7636652266514741e+00,
       1.1933290544398030e+00, 1.0031922902798496e+00,
       8.1247247021019593e-04, 3.2413227371314994e-04,
       1.0883915695121969e-03, 1.7306600763371969e+00,
       1.1712153032767640e+00, 9.7810022017556875e-01,
       6.2900596218442391e-04, 3.4823782907287903e-04,
       1.2014426472607884e-03, 1.7327450779345686e+00,
       1.1746548946441855e+00, 1.0078512914392219e+00,
       6.2436171674291104e-04, 3.6001313141674859e-04,
       1.2032301255138155e-03, 1.7361826954735571e+00,
       1.1764373553242271e+00, 1.0333394331158225e+00,
       6.2125328849800142e-04, 3.6971352659986026e-04,
       1.2331479763617731e-03, 1.7289115077925221e+00,
       1.1726693811019473e+00, 1.0481724702783646e+00,
       6.1933930080265243e-04, 3.4534302194796023e-04,
       1.2165915625922878e-03, 1.7118719026184455e+00,
       1.1610546089542526e+00, 9.9440608862640167e-01,
       7.9953624098420611e-04, 3.1050115098192995e-04,
       1.0791488277339255e-03, 1.7472640807359385e+00,
       1.1839320976805567e+00, 9.8159531868145355e-01,
       9.3333320043869294e-04, 3.3780331765895943e-04,
       1.1699387632576400e-03, 1.7623489956993756e+00,
       1.2013833396898319e+00, 1.1773598423228362e+00,
       8.5151612414658621e-04, 3.1816399482234494e-04,
       1.0909654925936507e-03, 1.7912415119239031e+00,
       1.2142905141073859e+00, 1.0958697540854732e+00,
       8.6394636004348004e-04, 3.2101558566224284e-04,
       1.0898460923493627e-03, 1.7983970598224290e+00,
       1.2181081741046040e+00, 1.0902576881920196e+00,
       8.4712173632607698e-04, 3.1613949132705473e-04,
       1.0643922047482203e-03, 1.8179793556472401e+00,
       1.2284111942227571e+00, 1.0211487085182569e+00,
       8.1163612371544199e-04, 3.6935542037122842e-04,
       1.2479422346223022e-03, 1.8215814940253927e+00,
       1.2394825885563929e+00, 1.1227540483816307e+00,
       7.6800180174129199e-04, 3.5113072314166234e-04,
       1.2409053820221930e-03, 1.8135517260825462e+00,
       1.2356243164327221e+00, 1.1004873468871259e+00,
       8.1555383071816798e-04, 3.6721357804584423e-04,
       1.2316761416901096e-03, 1.8089927645994115e+00,
       1.2312914838635955e+00, 1.1069408860748060e+00,
       7.1356926370020354e-04, 3.5148669127196456e-04,
       1.2379298291230552e-03, 1.8554691862548220e+00,
       1.2644861057517844e+00, 1.1469136568840177e+00,
       8.7680556231335509e-04, 3.8490780089193424e-04,
       1.1518200713415696e-03, 1.9721194228725047e+00,
       1.3376118639812833e+00, 1.2544774910969378e+00,
       9.4670975623918792e-04, 4.8032996325402373e-04,
       1.1493951652106224e-03, 2.0730147651448316e+00,
       1.4089637352567568e+00, 1.5650709011384709e+00,
       1.1331029717298153e-03, 6.8911724219980009e-04,
       1.2768117298928435e-03, 2.0777155180746187e+00,
       1.4203814684835809e+00, 2.0555123035838072e+00,
       1.0705251414175354e-03, 7.4126277947277085e-04,
       1.2358360653158585e-03, 2.0102405679873434e+00,
