%YAML:1.0
---
summary: "Filter by time and points, rd=20, rs=10, sp=5, sf=3."
init_cam_calib: C99-1010_3p_3
camera_matrix: !!opencv-matrix
   rows: 3
   cols: 3
   dt: d
   data: [ 2.5732090617293470e+03, 0., 1.8606984619969712e+03, 0.,
       2.5751006619529139e+03, 1.0856127730983392e+03, 0., 0., 1. ]
dist_coeff: !!opencv-matrix
   rows: 5
   cols: 1
   dt: d
   data: [ 1.3841315395086080e-02, -1.9011922051152354e-02,
       -7.2319879806817934e-04, -2.9879143465448652e-03,
       9.5278376236853854e-03 ]
std_intrinsics: !!opencv-matrix
   rows: 18
   cols: 1
   dt: d
   data: [ 1.7786623203415559e+00, 1.6287862067779624e+00,
       3.3457475413412125e+00, 2.2044874687357989e+00,
       3.4854772858375206e-03, 1.2658009681407045e-02,
       2.9354159116553235e-04, 4.5541484963066418e-04,
       1.3092788528174809e-02, 0., 0., 0., 0., 0., 0., 0., 0., 0. ]
std_extrinsics: !!opencv-matrix
   rows: 642
   cols: 1
   dt: d
   data: [ 2.6093778311253066e-03, 7.9538645314825625e-04,
       2.8188955618051272e-03, 5.2357775881863358e+00,
       3.4935961946844611e+00, 3.8097493471704085e+00,
       2.8179037764050419e-03, 8.7076315553595313e-04,
       3.1514676118114303e-03, 5.2491985878971308e+00,
       3.4950829028377837e+00, 3.7524078156871310e+00,
       3.0260459999412277e-03, 8.0930710716860634e-04,
       2.8577725982178699e-03, 5.2203869671633889e+00,
       3.4998006179705121e+00, 4.0911815648390872e+00,
       2.2849412177923978e-03, 8.7701901258064620e-04,
       2.8772870985554711e-03, 5.1180236951562197e+00,
       3.4295845739153572e+00, 3.8306977857240851e+00,
       2.0869292330440866e-03, 8.6419679694956593e-04,
       2.7902063300979038e-03, 5.1289873122398948e+00,
       3.4328731578502061e+00, 3.7972218508597995e+00,
       2.2048425284956169e-03, 8.6766018874186244e-04,
       2.7733622192654254e-03, 5.1076758643394076e+00,
       3.4282689757117391e+00, 3.8883836810368027e+00,
       1.9486374351828319e-03, 8.1534422955713802e-04,
       2.6249831182536105e-03, 5.1123003614788631e+00,
       3.4287342722765226e+00, 3.6103933225687359e+00,
       2.0097619526647020e-03, 8.7186590261446406e-04,
       2.7518841198671336e-03, 5.0586582394883690e+00,
       3.3715267406756309e+00, 3.5619395874062780e+00,
       2.5252832273710284e-03, 8.3202398367882913e-04,
       2.9558786905141943e-03, 5.1217746686224572e+00,
       3.4355947564878315e+00, 3.8044376118062151e+00,
       2.6309908960243226e-03, 8.6492821132327089e-04,
       2.9541273349748599e-03, 5.1127810825192883e+00,
       3.4078386614060538e+00, 3.5423966084053635e+00,
       2.7344498459958662e-03, 8.3362235112690371e-04,
       3.1657832659989244e-03, 5.2836998805023878e+00,
       3.5214485960402953e+00, 3.7026827751254778e+00,
       2.7669009948215213e-03, 8.5578964018816293e-04,
       3.1232420074444149e-03, 5.3113042451534884e+00,
       3.5340962214337854e+00, 3.6935933195396360e+00,
       2.6015961552288964e-03, 8.1356486493330642e-04,
       2.8739288377275969e-03, 5.2918785492824094e+00,
       3.5214535212180418e+00, 3.8883342864423849e+00,
       3.1474938139185687e-03, 7.3940294405242522e-04,
       3.0767862863667378e-03, 5.2658142123415601e+00,
       3.5252790063092698e+00, 3.6689612491047572e+00,
       2.6683275998613462e-03, 8.7306046570612020e-04,
       2.6563735531076778e-03, 5.2364841609203951e+00,
       3.5043556359773982e+00, 3.9985816855686238e+00,
       2.3982734229080985e-03, 9.4501256132600246e-04,
       3.1188945020855733e-03, 5.2415356647780520e+00,
       3.5443187105669618e+00, 4.1848547613120708e+00,
       2.2960424701393188e-03, 9.3552091549532225e-04,
       3.3327257271644510e-03, 4.9438339055789617e+00,
       3.3233516005690666e+00, 3.9186411944440867e+00,
       2.6698717429386037e-03, 8.0985647773061979e-04,
       2.8661079199441383e-03, 4.4871424186250302e+00,
       3.0313158703688301e+00, 3.5106630212260304e+00,
       2.1946033094953467e-03, 7.3343572183893807e-04,
       2.6591301312931252e-03, 3.9285587709759522e+00,
       2.6677198862923466e+00, 2.7824158153244984e+00,
       6.7622509077715619e-03, 2.1659772457563462e-03,
       4.7555383814353201e-03, 4.1294678056434870e+00,
       2.6572075460929194e+00, 6.5155697010296034e+00,
       4.6813616989509520e-03, 1.0443264312024901e-03,
       3.8972100775373111e-03, 3.2848570438053852e+00,
       2.3546040637064749e+00, 3.4762816003033414e+00,
       2.0977293980163963e-03, 7.5952966029380715e-04,
       2.5389731832567482e-03, 3.6719537679945020e+00,
       2.4917914711732743e+00, 2.3471385502278710e+00,
       1.8875114651411133e-03, 7.6870397063258302e-04,
       2.6095160969706408e-03, 4.1422885533636844e+00,
       2.7635557781206384e+00, 2.3184919790691447e+00,
       1.9236051762758484e-03, 7.6463202254481411e-04,
       2.6917963678675023e-03, 4.4513879540556234e+00,
       2.9584864962890896e+00, 2.4648645833184291e+00,
       2.1289903188094965e-03, 8.1856525271667760e-04,
       2.6726417405084179e-03, 4.4867462966647356e+00,
       2.9855737989773483e+00, 2.5913948105523321e+00,
       1.5722815030136056e-03, 7.6068192024539045e-04,
       2.8871215031203625e-03, 4.4222999392118112e+00,
       2.9504072557471099e+00, 2.4012145784532875e+00,
       1.5447444815248203e-03, 9.1292192074210856e-04,
       3.0224673336384897e-03, 4.3946173927466292e+00,
       2.9358101009950617e+00, 2.6815309671193912e+00,
       1.5616183636477808e-03, 9.0022783647110091e-04,
       3.0994999701844006e-03, 4.3856112613279548e+00,
       2.9086755222689678e+00, 2.6172734740193220e+00,
       1.8684620579588521e-03, 1.0230798709355939e-03,
       3.2772223412227994e-03, 4.4324146957160169e+00,
       2.9888465806427043e+00, 2.8526176850853182e+00,
       2.0269194336202181e-03, 7.6853383095183941e-04,
       2.7734521437096913e-03, 4.4161735451748170e+00,
       2.9439917325256206e+00, 2.4910255048896190e+00,
       2.0845357416040653e-03, 7.2537014419233996e-04,
       2.6185577992416365e-03, 4.4885314409434462e+00,
       2.9815931252015404e+00, 2.4254597583446693e+00,
       2.0593680747533006e-03, 8.0629501041788222e-04,
       2.7293156504551116e-03, 4.5426028858986642e+00,
       3.0284140581788730e+00, 2.8688895202605105e+00,
       2.4445886258511267e-03, 9.3135094863486690e-04,
       2.8371578065212303e-03, 4.5937485978228896e+00,
       3.0340910381983348e+00, 3.0277632933801795e+00,
       2.1013834097626956e-03, 8.1012198496750124e-04,
       2.6654538128837893e-03, 4.5943390465750458e+00,
       3.0540046604114117e+00, 2.7625134504081386e+00,
       1.9990967720038152e-03, 9.1416522789591328e-04,
       3.2668983221581490e-03, 4.6092991851034260e+00,
       3.1087368533851691e+00, 2.9264501024397376e+00,
       2.1297141046338901e-03, 8.7236121686485484e-04,
       3.0110441610430973e-03, 4.6439456898347293e+00,
       3.1088847447478476e+00, 2.6957832580975345e+00,
       1.8707582365041517e-03, 9.1777709969564979e-04,
       3.3077340438387847e-03, 4.6191241962794214e+00,
       3.0780684279574717e+00, 2.8664358974959501e+00,
       1.8949338072601892e-03, 8.5671735838082643e-04,
       3.1213860398584320e-03, 4.6277695033167685e+00,
       3.1126217836979788e+00, 2.8031184972249239e+00,
       2.2904269534743680e-03, 9.4012389406488469e-04,
       2.9302941317827058e-03, 4.8211660832412226e+00,
       3.2155210492484247e+00, 2.9259330936755088e+00,
       2.4134282179559771e-03, 1.0845888618649302e-03,
       3.1055558150533688e-03, 5.1486108344781254e+00,
       3.4356144027688984e+00, 3.5208087066960307e+00,
       2.8429243151057008e-03, 1.5871764673526722e-03,
       3.1921160492077508e-03, 5.3878569532471641e+00,
       3.6577546617694283e+00, 4.8206577192595663e+00,
       2.7351424629381369e-03, 1.7356089386549086e-03,
       3.3264062844156968e-03, 5.1880501076645817e+00,
       3.4451574289848681e+00, 4.8360609333255402e+00,
       2.6396043212756049e-03, 2.2019977770899881e-03,
       3.1291121238775609e-03, 4.9038223288545186e+00,
