%YAML:1.0
---
summary: "Filter by distance, md=100, ds=0."
init_cam_calib: C99-1010_3p_3
camera_matrix: !!opencv-matrix
   rows: 3
   cols: 3
   dt: d
   data: [ 2.5682933046448761e+03, 0., 1.8780286843551637e+03, 0.,
       2.5696769269056954e+03, 1.0854401025410514e+03, 0., 0., 1. ]
dist_coeff: !!opencv-matrix
   rows: 5
   cols: 1
   dt: d
   data: [ 1.6297272488578873e-02, -2.6144216076450896e-02,
       -7.4633622496730380e-05, -1.3928233719025991e-03,
       1.4542828280387159e-02 ]
std_intrinsics: !!opencv-matrix
   rows: 18
   cols: 1
   dt: d
   data: [ 4.6490447427116222e-01, 4.3042128973294286e-01,
       8.3572089239111569e-01, 5.5650129224294342e-01,
       9.4540483850392217e-04, 3.5111587235030486e-03,
       7.3052083327080714e-05, 1.1233499440763275e-04,
       3.7748507273844887e-03, 0., 0., 0., 0., 0., 0., 0., 0., 0. ]
std_extrinsics: !!opencv-matrix
   rows: 2934
   cols: 1
   dt: d
   data: [ 1.3771370529349479e-03, 4.7304285465418934e-04,
       1.3599438280969523e-03, 1.3517700132457726e+00,
       9.4964165645150445e-01, 1.7150306381416367e+00,
       1.3553139563089196e-03, 4.7976395878435374e-04,
       1.3492734353468441e-03, 1.3474945580679527e+00,
       9.4462174174639435e-01, 1.7093368239950435e+00,
       1.3466720096362427e-03, 4.8920320178775145e-04,
       1.3374350459001811e-03, 1.3459947333591669e+00,
       9.4065869565850191e-01, 1.7090852659606386e+00,
       1.3494139710638698e-03, 5.0182181973217846e-04,
       1.3414301893936908e-03, 1.3555183200737662e+00,
       9.4913609876221128e-01, 1.7268827838226093e+00,
       1.3596015025851890e-03, 4.9649650299520931e-04,
       1.3401083453855407e-03, 1.3548597528420030e+00,
       9.5099409090217923e-01, 1.7190597866703476e+00,
       1.3395043036395203e-03, 4.8654109351278053e-04,
       1.3420554835264092e-03, 1.3511574922490388e+00,
       9.4794311135564491e-01, 1.7256456675770120e+00,
       1.3572991438743818e-03, 4.7212151954894915e-04,
       1.3401112930912064e-03, 1.3476077063341136e+00,
       9.4787306783844738e-01, 1.7143109849948324e+00,
       1.3301349667659860e-03, 4.7852421886506266e-04,
       1.3214380384432886e-03, 1.3384126529862477e+00,
       9.3832009541031836e-01, 1.6957272869596314e+00,
       1.3256560665305046e-03, 4.8092209869732478e-04,
       1.3299585546744095e-03, 1.3374141724170581e+00,
       9.3539570168544239e-01, 1.6923332362860850e+00,
       1.3048558238194766e-03, 4.8524270439404845e-04,
       1.3248322948468567e-03, 1.3337696581823244e+00,
       9.3136377191649522e-01, 1.6883595694769462e+00,
       1.2670439922195739e-03, 4.9318791661375286e-04,
       1.3134263915771992e-03, 1.3256170352914376e+00,
       9.2403367951261672e-01, 1.6743980593454080e+00,
       1.2525957155715580e-03, 4.9662174410114337e-04,
       1.3168641321298063e-03, 1.3238555102887568e+00,
       9.2229586883384196e-01, 1.6713616935082531e+00,
       1.2407898897343753e-03, 4.8591077639603485e-04,
       1.3096092943192181e-03, 1.3218106181336629e+00,
       9.2105939608172782e-01, 1.6741310353924852e+00,
       1.1863539935347545e-03, 4.8765750931454086e-04,
       1.2654651067389943e-03, 1.3194974592393698e+00,
       9.2005624391515695e-01, 1.6751599947011078e+00,
       1.1583551656835351e-03, 4.8410351369437100e-04,
       1.2549489340458752e-03, 1.3208557286086304e+00,
       9.2220453942947911e-01, 1.6924870673489945e+00,
       1.0964820231763768e-03, 4.7383639931382750e-04,
       1.2129709109278124e-03, 1.3155671534466460e+00,
       9.1902862826189313e-01, 1.6985435013557362e+00,
       1.0934336537023301e-03, 4.6837742755410341e-04,
       1.2621691880874142e-03, 1.3287674994442387e+00,
       9.2607516289711633e-01, 1.7156604970783218e+00,
       1.1242791551784258e-03, 4.7599163934898363e-04,
       1.2931971157110367e-03, 1.3287985128212187e+00,
       9.2788785984032018e-01, 1.7118555028378972e+00,
       1.1008698918156985e-03, 4.8663381054315244e-04,
       1.2389751549247612e-03, 1.3223180466204081e+00,
       9.2462786583642964e-01, 1.7118959112721623e+00,
       1.0576506497926219e-03, 4.7461943124301592e-04,
       1.1816865775202297e-03, 1.3127775641752391e+00,
       9.1678665464034359e-01, 1.7010729516132739e+00,
       1.0809874284693750e-03, 4.6388967635000784e-04,
       1.2342428131865482e-03, 1.3262799688867992e+00,
       9.2268622240838893e-01, 1.7108833952920692e+00,
       1.0974064396298690e-03, 4.7010540380097244e-04,
       1.2510873985709687e-03, 1.3275657961061145e+00,
       9.2659282886535543e-01, 1.7169419282038847e+00,
       1.0959723202463958e-03, 4.7605481596702404e-04,
       1.2358512270433644e-03, 1.3224576043709211e+00,
       9.2629761522436027e-01, 1.7115300815475469e+00,
       1.0966512005285694e-03, 4.8222516856135403e-04,
       1.2367787584299042e-03, 1.3183699131192645e+00,
       9.2585854045608640e-01, 1.6992081602405953e+00,
       1.1037184771783472e-03, 4.9036829902714932e-04,
       1.2309237570668763e-03, 1.3167704850803001e+00,
       9.2691253627546122e-01, 1.6913363577712683e+00,
       1.1324596592022322e-03, 4.9378133372748596e-04,
       1.2568444825762244e-03, 1.3140254152371997e+00,
       9.2568068196623654e-01, 1.6730502666477478e+00,
       1.1295435183456505e-03, 4.9205774316600200e-04,
       1.2669966486486490e-03, 1.3126811994802388e+00,
       9.2741841984636542e-01, 1.6619857785937024e+00,
       1.1219536437909365e-03, 4.8940637997997561e-04,
       1.2441655484672796e-03, 1.3078600234825450e+00,
       9.2774304211342862e-01, 1.6502208225441428e+00,
       1.1238600549705964e-03, 4.8537794210711996e-04,
       1.2298412741764118e-03, 1.3036864111927662e+00,
       9.2723081085614689e-01, 1.6393316368667279e+00,
       1.1523791140935389e-03, 4.7509675449911699e-04,
       1.2183215104112752e-03, 1.2966834337700945e+00,
       9.2322086355539479e-01, 1.6166577884084903e+00,
       1.1723672855952503e-03, 4.7210892065206365e-04,
       1.2213015893480842e-03, 1.2931556681875553e+00,
       9.1346699754378413e-01, 1.6133214039890262e+00,
       1.2217128597628276e-03, 4.7127499736982159e-04,
       1.2533954548766702e-03, 1.2999748120102625e+00,
       9.1201437530709994e-01, 1.6201901386123561e+00,
       1.3143769889011666e-03, 4.6183506432939772e-04,
       1.2909860053043852e-03, 1.3112772417669138e+00,
       9.1726986159062340e-01, 1.6194200872753606e+00,
       1.3347012107552008e-03, 4.7077896106348149e-04,
       1.3034453844026808e-03, 1.3228184839699635e+00,
       9.2772732141739489e-01, 1.6371774901305070e+00,
       1.3244331452175447e-03, 4.6812389788437837e-04,
       1.2854680551575969e-03, 1.3229949694110550e+00,
       9.3311209663719363e-01, 1.6446400777935817e+00,
       1.3561148434498981e-03, 4.5941566889538170e-04,
       1.2921512890167203e-03, 1.3249677962498612e+00,
       9.3814762442640853e-01, 1.6376207920035140e+00,
       1.4374419726230349e-03, 4.6711100082730245e-04,
       1.3135785632446258e-03, 1.3384110277565815e+00,
       9.4651958125978541e-01, 1.6278536572752260e+00,
       1.4453281525061963e-03, 4.7700677809498252e-04,
       1.3000085424468553e-03, 1.3360610705142741e+00,
       9.5056124247729545e-01, 1.6222221241646209e+00,
       1.4596041423096992e-03, 4.9629525086104006e-04,
       1.2863102521196393e-03, 1.3316674577320782e+00,
       9.5603563432562255e-01, 1.6244613840692683e+00,
       1.4356578071074994e-03, 4.7725577447159384e-04,
       1.2555709325556194e-03, 1.3191282671549707e+00,
       9.3732470528941803e-01, 1.5895525160758559e+00,
       1.4432719027270197e-03, 4.6321350484849875e-04,
       1.2716103163744558e-03, 1.3271512305219328e+00,
       9.3530269226199525e-01, 1.5953016220144369e+00,
       1.4643437318041224e-03, 4.6534262861106640e-04,
       1.2974714593020722e-03, 1.3336294047827593e+00,
       9.3587157883315086e-01, 1.6003667669169122e+00,
       1.4960106270881491e-03, 5.0053803626811646e-04,
       1.3354892319102666e-03, 1.3526582599407113e+00,
