%YAML:1.0
---
summary: "Filter by time and points, rd=20, rs=10, sp=5, sf=0."
init_cam_calib: C99-1010_3p_3
camera_matrix: !!opencv-matrix
   rows: 3
   cols: 3
   dt: d
   data: [ 2.5723571338320826e+03, 0., 1.8770084714217833e+03, 0.,
       2.5755514257550026e+03, 1.0889314050002183e+03, 0., 0., 1. ]
dist_coeff: !!opencv-matrix
   rows: 5
   cols: 1
   dt: d
   data: [ 2.8069463113705204e-02, -4.7766371798567214e-02,
       -9.1128635949680849e-04, -1.6248544204639122e-03,
       2.2813029012634774e-02 ]
rvec: !!opencv-matrix
   rows: 107
   cols: 3
   dt: d
   data: [ -3.0450353771202385e+00, 3.5134902137475756e-02,
       -1.8528523090149403e-02, -3.0421294154824166e+00,
       3.3002238602919463e-03, -7.8148468189892503e-02,
       -3.0282219894394307e+00, 1.4194971821500013e-02,
       -1.5794447603286091e-02, 3.1058210124763503e+00,
       -3.4836019883823635e-02, 2.4636374234908082e-02,
       3.0668650677667553e+00, 4.3917072244742852e-02,
       1.7187424517284024e-02, 3.0921208635015471e+00,
       -2.4483230320947641e-04, 2.7565407356179582e-02,
       3.0952056051259151e+00, -3.6028427030730857e-02,
       2.8391558849408523e-02, -3.0955292786659068e+00,
       -1.3519091747308400e-02, -1.0579965919149673e-01,
       -3.0378242887713722e+00, 1.2593574978509561e-02,
       -6.3282784331405287e-02, -2.9089197218605407e+00,
       1.4115819734690660e-01, -1.0059497311200181e-01,
       -2.9401755886256637e+00, 1.5948672902897604e-01,
       -5.1005159390631855e-02, -2.9507223907835947e+00,
       1.1152692311598177e-01, -1.7860128245504019e-02,
       -2.8818910623927678e+00, 1.2384013339052863e-01,
       -1.8473221767129636e-02, -2.8952005839869575e+00,
       1.1291742626586815e-01, 8.0594084495146115e-02,
       -3.0260486328320728e+00, 4.5319269788862228e-02,
       -4.1830739958775100e-02, 3.0463049512392191e+00,
       -5.2797792835442524e-03, -1.8936659492349728e-02,
       3.1337563470175338e+00, -8.9957278692250290e-03,
       -8.5227113908995608e-02, 3.1319393634107127e+00,
       -8.3014972475861287e-02, -8.0213110967054767e-03,
       3.0678404339161678e+00, -1.4912854007940521e-01,
       -5.3515792226145531e-03, 2.9111736122051473e+00,
       -5.3860473552515636e-02, 6.0485644626351487e-01,
       3.0102623825150001e+00, -7.2467107675782058e-02,
       9.8223054407041141e-02, -3.0908471140766185e+00,
       -6.5586562939954851e-02, 5.2119591817420274e-01,
       -3.0035879610292788e+00, -2.9198161469354837e-03,
       7.5746943352458596e-01, -2.9533550414378085e+00,
       -4.4455523948465560e-02, 8.4426525549052622e-01,
       -2.9459185015167639e+00, -2.9670383962026529e-02,
       8.5893329561914322e-01, 3.0137610398408587e+00,
       9.4875827973093917e-03, -8.4431523254102503e-01,
       2.9680699404138551e+00, 2.6194269429610083e-02,
       -8.6610764369859938e-01, 2.9869282045325471e+00,
       4.2689414591398989e-03, -8.5620336938497954e-01,
       2.9984058605807693e+00, -1.3993952413512022e-02,
       -8.4869014066310378e-01, -2.9768817756858534e+00,
       -3.4620620828654879e-02, 8.7259020179480729e-01,
       -2.8751682641912883e+00, -2.1471185394776299e-02,
       7.1774164448726374e-01, -2.7517260624470219e+00,
       3.1736711200889174e-02, 7.1733439408987976e-01,
       -2.7309673914577504e+00, 3.8543920674977125e-02,
       7.3358107645406667e-01, -2.7666703277946789e+00,
       7.5087768158166562e-02, 7.3555216799638079e-01,
       3.0501680983320885e+00, -1.4469608670804360e-01,
       -6.7978478300468237e-01, 2.9687226082486311e+00,
       -3.0478300810616376e-02, -7.7084126817434462e-01,
       2.9660713650683164e+00, -7.4000453026677017e-03,
       -8.1336199369524309e-01, 2.9972898242391097e+00,
       -4.2226017850037635e-02, -6.9915916264456290e-01,
       -3.0038847108627889e+00, -1.1083005994679079e-02,
       8.8594864491789804e-01, -2.9033208391083694e+00,
       -5.2905177879372281e-02, 1.0439019884603211e+00,
       -2.9021154801275069e+00, -1.1198397424137600e-01,
       1.0577182662508156e+00, -2.9056099333479404e+00,
       3.3176081443528266e-02, 1.1442778760043257e+00,
       -2.7619803465157653e+00, -4.9164181728612914e-02,
       1.5019695183876849e+00, 2.7425141914833735e+00,
       6.5841104844427178e-02, -1.5503166559026691e+00,
       -2.6763214122927730e+00, -7.3805184706836252e-02,
       1.6495791482647033e+00, 2.7244368681246192e+00,
       -2.2891205219340783e-02, -1.4963225552450232e+00,
       2.6414844576231395e+00, -3.0981974997403842e-02,
       -1.4032419684804687e+00, 2.6847684306413200e+00,
       1.3237186291523087e-02, -1.4688367856001838e+00,
       -2.6394632152065536e+00, -1.2304189547146764e-01,
       1.3938025674992247e+00, -2.5502065024914895e+00,
       -6.4945397780819619e-02, 1.5455230197162082e+00,
       -2.5269280558376281e+00, -6.2209737392627980e-02,
       1.5101762822323466e+00, -2.5962292405465979e+00,
       2.8531541458898864e-02, 1.5080341600877329e+00,
       2.7258277213421147e+00, -5.0053111850395356e-02,
       -1.5264572189089907e+00, 2.7581593709998011e+00,
       -6.0141377721504560e-02, -1.4156894249970853e+00,
       -2.5302748968894035e+00, -5.8729289852314671e-03,
       1.7967201582803574e+00, -2.7735008336218274e+00,
       3.2514035039303869e-02, 1.2374753285765350e+00,
       -2.7966815836029713e+00, -2.0292284339301813e-02,
       1.0590452744824572e+00, -2.9122748301999866e+00,
       9.6653754699111624e-02, 8.4426297818155593e-01,
       -2.9606950816061293e+00, 5.0777954839605594e-02,
       7.4766681000004176e-01, -3.0701370018190293e+00,
       5.4395456711937851e-02, 3.0691908143206370e-01,
       -3.1290454896892346e+00, -1.3043113533563190e-02,
       2.3063871376417172e-01, -3.1349308032492953e+00,
       4.2024781228679215e-03, 2.2260150555629535e-01,
       -3.0703028983529643e+00, -3.0051344437397264e-03,
       5.8085277380619293e-01, -3.0423275055148831e+00,
       9.8107106486522303e-04, 3.6046101239169442e-01,
       -2.9494819758691779e+00, 1.4581768732157060e-01,
       -6.7631645180771727e-01, -2.8531642415159921e+00,
       1.5629735920424187e-01, -1.1418691828464436e+00,
       -2.9167841570203956e+00, 5.4696331284882771e-02,
       -1.0708532299907403e+00, 2.9209602081626986e+00,
       -1.1031719910690237e-02, 1.1310642586716755e+00,
       2.9297698745490712e+00, -5.4506418671985114e-02,
       1.1311204097293381e+00, 2.9253508597107092e+00,
       -4.1248151083378357e-02, 1.1354467228387435e+00,
       2.8277924743415763e+00, 4.9664977825965642e-02,
       1.1358749587715342e+00, 2.8582063220558975e+00,
       -2.3477350538029743e-02, 1.2121223696301782e+00,
       2.8113542466468062e+00, -1.9137945219147155e-02,
       1.0813952878708879e+00, 2.7683080803739077e+00,
       9.5694974749515275e-03, 1.1211655876111200e+00,
       2.7801282160045151e+00, -1.4695823418746846e-02,
       1.1567122778477843e+00, 2.7941658853249556e+00,
       -2.3703231333996468e-02, 1.1771316199777533e+00,
       2.8668485289974890e+00, -3.3692051758839589e-02,
       1.2547917412291185e+00, -2.8029767879847154e+00,
       1.1021037758498139e-01, -1.1786489569720584e+00,
       -2.7818689382231745e+00, 1.2481432739037347e-01,
       -1.1821411247588023e+00, -2.7040905877519368e+00,
       2.3616037088626071e-01, -1.0776504026942688e+00,
       -2.7282113380527195e+00, 3.2910286899683816e-01,
       -9.9699359002824839e-01, -2.7359184772223557e+00,
       3.2845053806780000e-01, -1.0110894592216779e+00,
       -2.7456333024266568e+00, 2.9703187163926198e-01,
       -1.0526904445597842e+00, 2.8234660389070787e+00,
       -1.0733636439214610e-01, 1.2171258033326442e+00,
       2.8788641830889561e+00, -6.6765825155796280e-02,
       1.1854154793154290e+00, -2.7165986422160668e+00,
       1.7056807906338345e-02, -1.3262342834206577e+00,
       -2.8367418234507817e+00, 8.3365682341363836e-02,
       -1.3370057085707772e+00, -2.6880172121996195e+00,
       1.4443131080325977e-01, -1.5346391085353714e+00,
