%YAML:1.0
---
summary: "Filter by time, rd=15, rs=5."
init_cam_calib: C99-1010_3p_3
camera_matrix: !!opencv-matrix
   rows: 3
   cols: 3
   dt: d
   data: [ 2.5654294141799669e+03, 0., 1.8749056471252313e+03, 0.,
       2.5655725975792820e+03, 1.0854092495634843e+03, 0., 0., 1. ]
dist_coeff: !!opencv-matrix
   rows: 5
   cols: 1
   dt: d
   data: [ 2.1509105259147981e-02, -3.6549392852983822e-02,
       -5.1954400584838562e-04, -1.8448046690166247e-03,
       1.8333059518582932e-02 ]
rvec: !!opencv-matrix
   rows: 143
   cols: 3
   dt: d
   data: [ -3.0360710909857440e+00, 9.1719130253648650e-03,
       -7.3176470580950800e-03, -3.0565135623139623e+00,
       7.0710737565438414e-02, -5.8569065664994667e-02,
       -3.0485511191182040e+00, 2.8226745463395412e-03,
       -6.1622287985895696e-02, -3.0292072317136185e+00,
       1.4314085962793804e-02, -1.5497756224958803e-02,
       3.1352950930113366e+00, -7.5023619708884784e-02,
       1.5036958221425150e-02, 3.0803434252558479e+00,
       -3.8015058811840835e-02, 7.3596690470465577e-03,
       3.0419939695177463e+00, -3.3592213992895900e-02,
       -8.5404020900506986e-02, 3.0922012285782001e+00,
       -1.9230178603680262e-04, 2.6171657091816292e-02,
       3.0847838509913155e+00, -3.5794534532806600e-02,
       1.8824641036217359e-02, 3.1022621625446036e+00,
       -3.5120830413975126e-03, 4.4307167320450570e-02,
       -3.0743053897966810e+00, 8.0785226737818336e-03,
       -8.9509187465476134e-02, -3.0385449382576568e+00,
       1.1197680351535374e-02, -6.3600145154417739e-02,
       -2.9421782557944098e+00, 9.9532596305356866e-02,
       -1.0196725745948455e-01, -2.9409779365014259e+00,
       1.4004905886501820e-01, -1.0927599796858714e-01,
       -2.9519306405252821e+00, 1.3530727598880446e-01,
       -1.7642755985454908e-02, -2.9511636624292872e+00,
       1.1239691219227718e-01, -1.5592448625544215e-02,
       -2.9080446422906565e+00, 1.3185374062532398e-01,
       2.8564766902802938e-02, -2.8455248803016704e+00,
       1.2301150769846585e-01, -1.7959024968965700e-02,
       -2.9320485134963366e+00, 6.9516196828355192e-02,
       6.4351742278358784e-02, -3.0391965515642214e+00,
       4.9763841904092013e-02, -4.6474850227343718e-02,
       3.0528364354599375e+00, -1.7721998455106452e-02,
       -1.4067831732059929e-02, 3.1132408573811068e+00,
       1.9896890399081758e-02, -3.3066937624731320e-02,
       3.1316701843541797e+00, -7.1054954454163547e-03,
       -6.4088852085722375e-02, 3.1304539109229959e+00,
       -8.3832008991808940e-02, -8.2131593052874388e-03,
       3.1090699989888511e+00, -1.4106100396101723e-01,
       -1.0580170596665717e-01, 3.0053697369189352e+00,
       -1.0037437818365465e-01, 4.8879921196734188e-01,
       2.9361663230374879e+00, -7.5436404478567878e-02,
       5.4205072294322798e-01, 3.0145292264501404e+00,
       -7.0305434460172969e-02, 9.5153698979100892e-02,
       3.0992091244398496e+00, -2.5690522223716213e-02,
       -3.2912369967871824e-01, -3.0449577082034920e+00,
       -9.5478397670302681e-02, 7.1944703905863183e-01,
       -2.9674820744753929e+00, 1.4219952282125557e-02,
       7.6570973470190495e-01, -2.9523644472585171e+00,
       -4.3663977475232776e-02, 8.4571225333977706e-01,
       -2.9308739911716541e+00, -5.2321852609253740e-02,
       8.6435130291217044e-01, -2.9849301685826770e+00,
       -3.5698378067985934e-03, 8.6936460783924652e-01,
       3.0009005104768809e+00, 1.6403832432417609e-02,
       -8.5051520141330328e-01, 2.9689609116230442e+00,
       2.5460786762230663e-02, -8.6745058701234112e-01,
       2.9754165788140177e+00, 4.8480090141549120e-03,
       -8.5924069517814550e-01, 2.9943127448402103e+00,
       -4.3691638661683416e-03, -8.4785357392503846e-01,
       3.0350633493928405e+00, 1.9523089169318369e-02,
       -8.4402501597865542e-01, -2.9769510738298957e+00,
       -3.4031179124597057e-02, 8.7327904983912485e-01,
       -2.9177135185657401e+00, -5.4392965950347934e-02,
       7.4894862157446529e-01, -2.7091161662923340e+00,
       3.2653926263822013e-02, 6.3012320838886104e-01,
       -2.7733756398484251e+00, 3.0391809547277861e-02,
       6.6621503120275327e-01, -2.7317534972768884e+00,
       3.8491989742746972e-02, 7.3145426347704989e-01,
       -2.7191409646574964e+00, 5.5415198505718639e-02,
       7.2348908202159590e-01, -2.8719429734253499e+00,
       1.2074014306277971e-01, 7.8076768107014594e-01,
       2.9682330630735758e+00, -9.0163474858578396e-02,
       -7.7791823498032109e-01, 2.9669256347023425e+00,
       -3.1537629411520864e-02, -7.7100471802442871e-01,
       2.9655785680160549e+00, 2.4137673604346409e-04,
       -7.9425930395861277e-01, 2.9514955623220360e+00,
       -5.6170726932620735e-02, -7.8439052285805067e-01,
       2.9879917591908782e+00, -4.2798704948660317e-02,
       -7.6018441987362395e-01, -3.0039356506713188e+00,
       -1.0159401221190779e-02, 8.8719812322474190e-01,
       -2.9135261969369539e+00, -7.9518987947566150e-02,
       1.0329228153949961e+00, -2.9028734620604610e+00,
       -4.6813935903669411e-02, 1.0912263450455530e+00,
       -2.8800571426148505e+00, -1.4149567133404454e-02,
       1.1067059662663337e+00, -2.9059588890030259e+00,
       3.3635676103403699e-02, 1.1456672727533133e+00,
       -2.7624710294504045e+00, -4.2517136583880899e-02,
       1.4773969535748457e+00, 2.7487837833745536e+00,
       4.3264135868443618e-02, -1.4726061126740535e+00,
       -2.6614777936888006e+00, -5.8538854279005376e-02,
       1.5978080861533779e+00, -2.6745606591939071e+00,
       -7.2701272974199052e-02, 1.6534472509061533e+00,
       2.7751200914872709e+00, -1.6390254362626536e-02,
       -1.4645741124053566e+00, 2.6697046657971701e+00,
       -2.6288257919913283e-02, -1.4368532761261346e+00,
       2.6398537202484222e+00, -2.7696140740390614e-02,
       -1.4074060757165774e+00, 2.6844846996072174e+00,
       1.1570586661747194e-02, -1.4706097896095258e+00,
       -2.6925930753660410e+00, -8.4006642834381917e-02,
       1.4169089211124011e+00, -2.5893457329801279e+00,
       -4.1654848054848016e-02, 1.4731349426667126e+00,
       -2.5375647679946582e+00, -6.4523209444638935e-02,
       1.5292664494844403e+00, -2.5268652553984325e+00,
       -6.1409844002398364e-02, 1.5129628880446480e+00,
       -2.5894095723347932e+00, -7.3614802577851414e-03,
       1.4835758282949096e+00, 2.7391907406812552e+00,
       -8.2900105275929642e-02, -1.5004631966384043e+00,
       2.6954467242191842e+00, -5.1117292421542886e-02,
       -1.5565030488202021e+00, 2.7551502125394127e+00,
       -6.0777108338763652e-02, -1.4168979749223192e+00,
       2.5847145519498449e+00, 2.9059127804742558e-02,
       -1.7356750448818601e+00, -2.6633310458295827e+00,
       -2.5059288170238125e-02, 1.5933893774492969e+00,
       -2.8120920228505590e+00, 4.2725543057198147e-02,
       1.2050805758519170e+00, -2.7964191886168135e+00,
       -1.9824818822976494e-02, 1.0586080226206367e+00,
       -2.8738857550833705e+00, 9.9233858515982015e-02,
       1.0160272602872507e+00, -2.9449319083702736e+00,
       1.1516887593513071e-01, 7.6054973046477925e-01,
       -3.0424755903953358e+00, 5.9965989927304376e-02,
       7.0106530969671210e-01, -3.0737275690578598e+00,
       5.5896199237528220e-02, 3.0627195323933598e-01,
       -3.1078212611316238e+00, -1.9267146172374794e-02,
       2.8556327356989225e-01, -3.0816169209268676e+00,
       -3.6763680415371869e-02, 1.1130283385599674e-01,
       3.1184674830829224e+00, -6.7712325984879782e-03,
       -3.7742799283126288e-01, 3.0958403102498706e+00,
       3.2163043177809579e-03, -5.9451418434304915e-01,
       -3.0214499422576031e+00, 5.9264862137504391e-03,
       5.4521867158820014e-01, -2.9438205186053534e+00,
       6.9308127605324107e-02, 4.2052823575386439e-03,
       -2.9476544379316190e+00, 1.5985954667537203e-01,
       -8.4276567074449771e-01, -2.8538779156714327e+00,
       1.5592826387993880e-01, -1.1400076499855991e+00,
