%YAML:1.0
---
summary: "Filter by distance, md=200, ds=50."
init_cam_calib: C99-1010_3p_3
camera_matrix: !!opencv-matrix
   rows: 3
   cols: 3
   dt: d
   data: [ 2.5679902170015075e+03, 0., 1.8715040926476381e+03, 0.,
       2.5713551550012135e+03, 1.0854874908928593e+03, 0., 0., 1. ]
dist_coeff: !!opencv-matrix
   rows: 5
   cols: 1
   dt: d
   data: [ 1.4577708678259773e-02, -2.4372856065439458e-02,
       3.0031941880015093e-04, -2.1749088199226291e-03,
       1.6367289251497320e-02 ]
std_intrinsics: !!opencv-matrix
   rows: 18
   cols: 1
   dt: d
   data: [ 7.2436023232221036e-01, 6.7309018402425547e-01,
       1.2917572295617805e+00, 8.5599869922270566e-01,
       1.4452431467907696e-03, 5.2855943094159081e-03,
       1.1117515155159093e-04, 1.7318045449611998e-04,
       5.6019021891746948e-03, 0., 0., 0., 0., 0., 0., 0., 0., 0. ]
std_extrinsics: !!opencv-matrix
   rows: 1386
   cols: 1
   dt: d
   data: [ 1.5006560164274353e-03, 5.0924684544371805e-04,
       1.5551823254460297e-03, 2.0467057019319581e+00,
       1.3944272006136218e+00, 2.0046381841707697e+00,
       1.5012065816446039e-03, 5.1219837497990710e-04,
       1.5578314076214292e-03, 2.0420790246599405e+00,
       1.3896818295176190e+00, 1.9886248170851930e+00,
       1.4689095296897877e-03, 5.2706699754167738e-04,
       1.5329364928271896e-03, 2.0376604243845957e+00,
       1.3843080547528570e+00, 1.9951137934180621e+00,
       1.4764740292601292e-03, 5.3655042796633143e-04,
       1.5336709527045535e-03, 2.0517026269319949e+00,
       1.3953308291095612e+00, 2.0118631326833625e+00,
       1.4343984234112853e-03, 5.1956901453183634e-04,
       1.5208030112628980e-03, 2.0210823844363026e+00,
       1.3739315616004766e+00, 1.9735686174318545e+00,
       1.3828860831683379e-03, 5.3097703670039768e-04,
       1.5107811822472489e-03, 2.0077397615417825e+00,
       1.3636907618319307e+00, 1.9597348562783323e+00,
       1.3534933658427887e-03, 5.2395566645296117e-04,
       1.5072978245821128e-03, 2.0017140745923525e+00,
       1.3604308757972137e+00, 1.9596995942564424e+00,
       1.1699114552758236e-03, 5.0391836281915873e-04,
       1.4018351243174092e-03, 1.9911281085036947e+00,
       1.3556787413922087e+00, 1.9928525520295235e+00,
       1.2305499574228036e-03, 5.1358595195981729e-04,
       1.4938298026335578e-03, 2.0092113621737964e+00,
       1.3683900287331281e+00, 2.0025789844444146e+00,
       1.1817067938911900e-03, 5.2150629202802278e-04,
       1.4019030803354132e-03, 1.9952512147481414e+00,
       1.3593736145148123e+00, 1.9953645753040443e+00,
       1.2076536432344114e-03, 5.1187287036727686e-04,
       1.4478208641406319e-03, 2.0052905183851797e+00,
       1.3658029074664180e+00, 2.0035087080850333e+00,
       1.2012636092970420e-03, 5.2108641464726653e-04,
       1.4255347127868166e-03, 1.9973788602666906e+00,
       1.3632160158502422e+00, 1.9895387704727954e+00,
       1.2377559470364990e-03, 5.3063871168120783e-04,
       1.4685680755606818e-03, 1.9881650374041699e+00,
       1.3585502843716348e+00, 1.9458205020649209e+00,
       1.2320788688087708e-03, 5.2336021575741611e-04,
       1.4302982446848045e-03, 1.9745278171867482e+00,
       1.3533399672893309e+00, 1.9210908090478267e+00,
       1.4444212647461909e-03, 5.0394877688788881e-04,
       1.4781305853024363e-03, 2.0035953176299617e+00,
       1.3669136665814035e+00, 1.9270338291233948e+00,
       1.4791490712874394e-03, 4.9799829500694643e-04,
       1.4635155554953510e-03, 2.0042009263564582e+00,
       1.3698624232120304e+00, 1.9153776052477818e+00,
       1.5731564203964698e-03, 5.1296567692853145e-04,
       1.4881442867450689e-03, 2.0219385112212040e+00,
       1.3831031433124483e+00, 1.9060805944543004e+00,
       1.5929913583011240e-03, 5.0107128458375355e-04,
       1.4843265577849504e-03, 2.0192982706812104e+00,
       1.3730307366075480e+00, 1.8823783588365384e+00,
       1.6138038356841911e-03, 5.3986680362198413e-04,
       1.5174105491633256e-03, 2.0486805553824987e+00,
       1.3869933508777017e+00, 1.9109555777566292e+00,
       1.7022443434972440e-03, 5.1105768029365332e-04,
       1.5585366638127976e-03, 2.0640365993297949e+00,
       1.3997363947892489e+00, 1.9013170529771219e+00,
       1.6589706281425723e-03, 5.3390102183739326e-04,
       1.5557242372488194e-03, 2.0660598052722223e+00,
       1.3994369244975857e+00, 1.9311555219295384e+00,
       1.6860655157187768e-03, 5.0925151959178318e-04,
       1.5631926781101994e-03, 2.0704706641448922e+00,
       1.4059112748712264e+00, 1.9401316607685288e+00,
       1.7058635959352455e-03, 4.9249852125243701e-04,
       1.5533405208582201e-03, 2.0730513311872900e+00,
       1.4121697058874128e+00, 1.9450960392492453e+00,
       1.7057583425225630e-03, 4.9152840783332817e-04,
       1.5349055967401864e-03, 2.0683557761526834e+00,
       1.4169183031829968e+00, 1.9532264019103838e+00,
       1.7961166191973860e-03, 5.1175970609658981e-04,
       1.5736256217655669e-03, 2.0681220292049476e+00,
       1.4270891383512840e+00, 1.9519898390202566e+00,
       1.7092681627581957e-03, 4.9127156121221629e-04,
       1.5195500524453948e-03, 2.0522528616340754e+00,
       1.4081072832944557e+00, 1.9264967473351531e+00,
       1.6432158947515606e-03, 4.8236146628694265e-04,
       1.4902173764063760e-03, 2.0385272152870622e+00,
       1.3960437928625029e+00, 1.9388186748636584e+00,
       1.6333665703901989e-03, 4.8163646403932099e-04,
       1.5090609522027008e-03, 2.0454066727509881e+00,
       1.3930660801881720e+00, 1.9335707324577693e+00,
       1.5686405971281707e-03, 4.9218772402304318e-04,
       1.5082884358371931e-03, 2.0453096527220089e+00,
       1.3926686593204607e+00, 1.9803705606346271e+00,
       1.6283739972749232e-03, 4.7907450962940179e-04,
       1.5210539687806213e-03, 2.0499945095698653e+00,
       1.3967837197996924e+00, 1.9565416946070271e+00,
       1.5799783476254498e-03, 5.1100612614440779e-04,
       1.5253994304415953e-03, 2.0400072472879511e+00,
       1.3868320608696816e+00, 1.9410874686956803e+00,
       1.5627215762321308e-03, 5.2297645079921217e-04,
       1.5402924181749553e-03, 2.0271653701920629e+00,
       1.3739739705858889e+00, 1.9033864580034527e+00,
       1.5858561373650155e-03, 5.4008088525848183e-04,
       1.6061278381187074e-03, 2.0504617827207645e+00,
       1.3891514746048914e+00, 1.9362743698085538e+00,
       1.5192360327077620e-03, 5.5956683999886718e-04,
       1.6072781155106123e-03, 2.0257927346408344e+00,
       1.3755179761159371e+00, 2.0183355850796096e+00,
       1.4930977009478164e-03, 5.8385045643505231e-04,
       1.6797110948906806e-03, 2.0140493772106725e+00,
       1.3748193939007478e+00, 2.1015953863940382e+00,
       1.4670980103025503e-03, 5.6778717895377448e-04,
       1.6812908418268532e-03, 2.0184485161614463e+00,
       1.3866083180093833e+00, 2.1172250905847374e+00,
       1.5038882584215265e-03, 5.6954001381548554e-04,
       1.7155561690638213e-03, 2.0392956089180467e+00,
       1.4081608237866627e+00, 2.1978177837750379e+00,
       1.5481911917668424e-03, 5.7780202920867225e-04,
       1.8396727892749109e-03, 2.0767364029089581e+00,
       1.4296432110085830e+00, 2.1863009306194479e+00,
       1.6132695520413545e-03, 5.7938767357970991e-04,
       1.8200136752131563e-03, 2.0541091410718888e+00,
       1.4226629086229212e+00, 2.2667094716502225e+00,
       1.4730374592726507e-03, 5.6383685442409264e-04,
       1.7373463504060467e-03, 2.0523277652889496e+00,
       1.4123768555186562e+00, 2.1423481867383010e+00,
       1.4487994807457652e-03, 5.5743886203120439e-04,
       1.6945821023720759e-03, 2.0398261597046177e+00,
       1.3981495213222028e+00, 2.1004102008042453e+00,
       1.4362912798107288e-03, 5.5042528642187721e-04,
       1.6629765593865796e-03, 2.0239159029160918e+00,
       1.3830697180021865e+00, 2.0655665206770797e+00,
       1.4283159715272509e-03, 5.3118938743258552e-04,
       1.6030715069402033e-03, 2.0025233380979737e+00,
