%YAML:1.0
---
summary: "Filter by time, rd=20, rs=10."
init_cam_calib: C99-1010_3p_3
camera_matrix: !!opencv-matrix
   rows: 3
   cols: 3
   dt: d
   data: [ 2.5709888142666050e+03, 0., 1.8662401118372941e+03, 0.,
       2.5727774008054707e+03, 1.0851704897165175e+03, 0., 0., 1. ]
dist_coeff: !!opencv-matrix
   rows: 5
   cols: 1
   dt: d
   data: [ 1.7806900962534455e-02, -2.8251160190952657e-02,
       -8.4567513501052831e-04, -2.5771771445094551e-03,
       1.4924127404627320e-02 ]
rvec: !!opencv-matrix
   rows: 107
   cols: 3
   dt: d
   data: [ -3.0456594738525338e+00, 3.4698677597155878e-02,
       -1.3902217962565100e-02, -3.0434203532691302e+00,
       3.1714707185828981e-03, -7.3127596288264859e-02,
       -3.0298022993724629e+00, 1.4126072711061527e-02,
       -1.1372113753548881e-02, 3.1023145904492373e+00,
       -3.4473897846707367e-02, 2.0199271031286461e-02,
       3.0666781326315093e+00, 4.4091512571851101e-02,
       1.2245729805180046e-02, 3.0915538796037736e+00,
       3.0318863897930092e-04, 2.1815719196712775e-02,
       3.0940669458552552e+00, -3.5496942183151338e-02,
       2.2813293656379588e-02, -3.0974393944935126e+00,
       -1.3627254220971979e-02, -1.0066946248204806e-01,
       -3.0392067434289749e+00, 1.1016375120270658e-02,
       -5.9483297907534496e-02, -2.9083415923999625e+00,
       1.4180458547035563e-01, -9.0142058614236242e-02,
       -2.9425045568817425e+00, 1.6033966842457462e-01,
       -4.2734732075547913e-02, -2.9516149567846814e+00,
       1.1240630996759582e-01, -1.1683639981464298e-02,
       -2.8822835950983099e+00, 1.2400931996028471e-01,
       -1.3704715990688093e-02, -2.8897625654636454e+00,
       1.1302054318391119e-01, 8.3421115253848696e-02,
       -3.0395567881508603e+00, 4.9713758562827941e-02,
       -4.2375675555852615e-02, 3.0507125822567640e+00,
       -6.2522727906483234e-03, -2.6458604130579395e-02,
       3.1304409583607424e+00, -9.2378181224990925e-03,
       -9.0689006438295125e-02, 3.1298845913679321e+00,
       -8.3504562107405755e-02, -1.2142450636538639e-02,
       3.0617550900675128e+00, -1.5032062468984489e-01,
       -2.0610751605436533e-03, 2.9164084277568456e+00,
       -5.2647393321211523e-02, 6.0408417003402148e-01,
       3.0133899563643016e+00, -7.0179649813768979e-02,
       9.2236043443908761e-02, -3.0890004952559105e+00,
       -6.5807258059134552e-02, 5.2631628460345681e-01,
       -3.0025420431475709e+00, -1.5912419574138483e-03,
       7.6189393434864783e-01, -2.9520308390363463e+00,
       -4.3756361630222042e-02, 8.4971412593828666e-01,
       -2.9451963636851417e+00, -2.8948707600328815e-02,
       8.6434999294030568e-01, 3.0120232892857981e+00,
       8.9688295826412835e-03, -8.4898766279938809e-01,
       2.9668605444595699e+00, 2.5885020804193085e-02,
       -8.7133868363492828e-01, 2.9847183094306726e+00,
       4.0181875992868245e-03, -8.6102182511975234e-01,
       2.9961804621032262e+00, -1.3862204591265878e-02,
       -8.5464026152106198e-01, -2.9765489905109925e+00,
       -3.4196739598332943e-02, 8.7747524024695522e-01,
       -2.8767359540729913e+00, -2.1507335443074260e-02,
       7.2101649293832537e-01, -2.7536670755313066e+00,
       3.2118482620213003e-02, 7.1762933576511290e-01,
       -2.7313059674604934e+00, 3.8906145023185977e-02,
       7.3521861422157331e-01, -2.7656991743205710e+00,
       7.6395780331952073e-02, 7.4068230963835935e-01,
       3.0460232792090687e+00, -1.4257625984041550e-01,
       -6.8179898172220577e-01, 2.9654437214331169e+00,
       -3.1302748336627127e-02, -7.7536496533600452e-01,
       2.9638482569371050e+00, -7.8071552482511086e-03,
       -8.1946350036201410e-01, 2.9947371824529254e+00,
       -4.2854377403641682e-02, -7.0539294345700887e-01,
       -3.0031237849012107e+00, -1.0266181647054671e-02,
       8.9190973958244024e-01, -2.9021317112283276e+00,
       -5.2529645051742908e-02, 1.0500284648673603e+00,
       -2.9006229917276194e+00, -1.1120931218538374e-01,
       1.0629842532087357e+00, -2.9045313342814407e+00,
       3.3713339208174667e-02, 1.1501108476234521e+00,
       -2.7586882034356255e+00, -4.8188113419050584e-02,
       1.5081639995377751e+00, 2.7379774431411845e+00,
       6.4887232172284509e-02, -1.5542246985966064e+00,
       -2.6723749531611380e+00, -7.2566574218046409e-02,
       1.6573239677975300e+00, 2.7196448361098851e+00,
       -2.3094664257425186e-02, -1.5009167485345534e+00,
       2.6376584682072663e+00, -3.1319503160020759e-02,
       -1.4076200884050549e+00, 2.6823164680649749e+00,
       1.1726358262069624e-02, -1.4746671859395981e+00,
       -2.6404143690692505e+00, -1.2345214146061063e-01,
       1.3968043917078075e+00, -2.5468606819725732e+00,
       -6.2622242773869380e-02, 1.5529554135568067e+00,
       -2.5246445762657701e+00, -6.0730995778891982e-02,
       1.5166002206103846e+00, -2.5954215587255285e+00,
       2.9267943937377833e-02, 1.5131904338999402e+00,
       2.7211847251766499e+00, -5.0721730321813256e-02,
       -1.5307710540953041e+00, 2.7528265372633114e+00,
       -6.0699163020290867e-02, -1.4210684711724153e+00,
       -2.5327712979837322e+00, -1.1241842332641912e-02,
       1.8069094897163478e+00, -2.7710426381174802e+00,
       3.3159960573623498e-02, 1.2430331117965396e+00,
       -2.7951246098602867e+00, -1.9431672018207193e-02,
       1.0629672275685991e+00, -2.9114738034517447e+00,
       9.7213543610082429e-02, 8.4813557655703942e-01,
       -2.9596745305313132e+00, 5.1420678930970153e-02,
       7.5167384980895957e-01, -3.0741475702979386e+00,
       5.5967725179622098e-02, 3.1013830169693507e-01,
       -3.1272708235070832e+00, -1.1565916136967338e-02,
       2.3287811962527613e-01, -3.1171482996294766e+00,
       1.3503235506910608e-02, 2.1567871298956004e-01,
       3.0928915852841827e+00, 3.8276294647222441e-03,
       -5.9679530974609396e-01, -3.0411930102009745e+00,
       1.4580675997270956e-03, 3.6596759829158837e-01,
       -2.9537353142161598e+00, 1.4593913192134653e-01,
       -6.6929801576143233e-01, -2.8565445694104898e+00,
       1.5565986784009508e-01, -1.1362139396767392e+00,
       -2.9217997897301338e+00, 5.3988449350337302e-02,
       -1.0651724069623996e+00, 2.9223625639884352e+00,
       -9.9176976572896564e-03, 1.1245824056971254e+00,
       2.9302441709776064e+00, -5.3691624135364588e-02,
       1.1246510495817712e+00, 2.9263744740068458e+00,
       -4.0203950545433832e-02, 1.1293955173906414e+00,
       2.8284566341596431e+00, 5.0937645311175464e-02,
       1.1299863260218221e+00, 2.8590353304939295e+00,
       -2.2498980036286191e-02, 1.2057054038547155e+00,
       2.8118878087120751e+00, -1.8006112116579365e-02,
       1.0749523465816790e+00, 2.7692852767541938e+00,
       1.0986159792445421e-02, 1.1151118491999332e+00,
       2.7812223225078223e+00, -1.3154403287501098e-02,
       1.1509052720297956e+00, 2.7955705675375615e+00,
       -2.2158419478358934e-02, 1.1715960086870072e+00,
       2.8678885433894186e+00, -3.2218641877196488e-02,
       1.2492858989208169e+00, -2.8065126600787877e+00,
       1.0946279794551150e-01, -1.1740903621058434e+00,
       -2.7869575839183574e+00, 1.2389037494585439e-01,
       -1.1770639600140234e+00, -2.7077681267411391e+00,
       2.3590250912417615e-01, -1.0724560626907054e+00,
       -2.7318030291454671e+00, 3.2914080373788740e-01,
       -9.9221233151180210e-01, -2.7392191106252670e+00,
       3.2822138332724260e-01, -1.0050312211295831e+00,
       -2.7492793252612175e+00, 2.9679402510423170e-01,
       -1.0474843964468163e+00, 2.8274057870502540e+00,
       -1.0354545340223507e-01, 1.2116839418702363e+00,
       2.8797720701404370e+00, -6.5695019924132111e-02,
       1.1790750795817369e+00, -2.7200160085874550e+00,
       1.5628866546912288e-02, -1.3216084963475236e+00,
       -2.8410438991644149e+00, 8.3378860720143763e-02,
       -1.3306466627556797e+00, -2.6918486341498027e+00,
       1.4357505161186346e-01, -1.5320185690174952e+00,
