%YAML:1.0
---
summary: "Filter by distance, md=250, ds=125."
init_cam_calib: C99-1010_3p_3
camera_matrix: !!opencv-matrix
   rows: 3
   cols: 3
   dt: d
   data: [ 2.5658063162364260e+03, 0., 1.8673942111827853e+03, 0.,
       2.5694729010523129e+03, 1.0831856112764422e+03, 0., 0., 1. ]
dist_coeff: !!opencv-matrix
   rows: 5
   cols: 1
   dt: d
   data: [ 1.4055730540559860e-02, -1.5814843913816590e-02,
       3.6878143909383458e-04, -1.9015479043007495e-03,
       3.7215094740526760e-03 ]
std_intrinsics: !!opencv-matrix
   rows: 18
   cols: 1
   dt: d
   data: [ 9.5243435280837829e-01, 8.8871067716773366e-01,
       1.6730702659093213e+00, 1.1073690254061284e+00,
       1.9007535574802770e-03, 7.0041980476382585e-03,
       1.4363138676677236e-04, 2.2438946467355346e-04,
       7.4850424221610057e-03, 0., 0., 0., 0., 0., 0., 0., 0., 0. ]
std_extrinsics: !!opencv-matrix
   rows: 1008
   cols: 1
   dt: d
   data: [ 1.6513651666028276e-03, 5.5683575893705111e-04,
       1.7704860954137814e-03, 2.6352743834928258e+00,
       1.7793344338078929e+00, 2.3266922076386947e+00,
       1.6353472077996127e-03, 5.6898502279439532e-04,
       1.7542538481184677e-03, 2.6253878816837739e+00,
       1.7700223104826083e+00, 2.3096839538088547e+00,
       1.5542849363852590e-03, 5.7377507762113153e-04,
       1.7342167605005081e-03, 2.5973651025961972e+00,
       1.7513307852512026e+00, 2.2905573212029551e+00,
       1.5075583092067292e-03, 5.8476739750824586e-04,
       1.7319542459873633e-03, 2.5820127615537447e+00,
       1.7412952003906712e+00, 2.2732358820138785e+00,
       1.4306088421852780e-03, 5.7552938712719388e-04,
       1.6713668909580598e-03, 2.5744377575226935e+00,
       1.7382267473541209e+00, 2.2763532860188360e+00,
       1.3289092925441561e-03, 5.6546153097138303e-04,
       1.6442734331114516e-03, 2.5700726697256053e+00,
       1.7376884823112662e+00, 2.3069517376837299e+00,
       1.3717171122566349e-03, 5.8281077634715042e-04,
       1.6750001500878459e-03, 2.5631732682045150e+00,
       1.7333234627870784e+00, 2.2733816426336282e+00,
       1.3623953249772254e-03, 5.7285124473025612e-04,
       1.6453885689582004e-03, 2.5421793479143915e+00,
       1.7231415656538669e+00, 2.2331607584455875e+00,
       1.5933037969096157e-03, 5.4736017986518686e-04,
       1.6837014605846547e-03, 2.5773624474616019e+00,
       1.7418049913333542e+00, 2.2370574201732496e+00,
       1.7199513818601240e-03, 5.4925748233726750e-04,
       1.7098599167776087e-03, 2.6078043521531873e+00,
       1.7605044719860898e+00, 2.2266742015472003e+00,
       1.7463611674007416e-03, 5.8301268818684003e-04,
       1.6799742221195373e-03, 2.5929804907325917e+00,
       1.7588100067579187e+00, 2.2219106568477112e+00,
       1.7260193654873158e-03, 5.4527584092797408e-04,
       1.6628485279721998e-03, 2.5872983115456680e+00,
       1.7447004660593977e+00, 2.1872340035633409e+00,
       1.7857793719187015e-03, 5.8900269953371582e-04,
       1.7249912385710446e-03, 2.6345251722073444e+00,
       1.7685805450898242e+00, 2.2086466359310855e+00,
       1.8494132757804252e-03, 5.4251553281022035e-04,
       1.7512181634195862e-03, 2.6634491024502736e+00,
       1.7968394378528429e+00, 2.2729406471435594e+00,
       1.8499053503800167e-03, 5.4183044023159118e-04,
       1.7313842053271829e-03, 2.6570693421631972e+00,
       1.7969513675775548e+00, 2.2666121278336493e+00,
       1.9711991756074148e-03, 5.6018729827104433e-04,
       1.7823614162490768e-03, 2.6620775333143780e+00,
       1.8114515061566367e+00, 2.2733496848522279e+00,
       1.8483355708976972e-03, 5.3938916383815705e-04,
       1.7160087671325283e-03, 2.6400266239488448e+00,
       1.7895917809868256e+00, 2.2596430274919861e+00,
       1.7987446728456630e-03, 5.2535459073260087e-04,
       1.7135185676223606e-03, 2.6333071863034898e+00,
       1.7792816052359863e+00, 2.2541747519905866e+00,
       1.7246772411821669e-03, 5.3889355853774116e-04,
       1.7206228507451390e-03, 2.6324360261419679e+00,
       1.7776588472365875e+00, 2.3019575104049323e+00,
       1.8728950701517246e-03, 5.2199898061182370e-04,
       1.7798101985619134e-03, 2.6472452657189094e+00,
       1.7873319356547712e+00, 2.2319734558875366e+00,
       1.7673062714926356e-03, 5.6082122847344305e-04,
       1.7513145383165139e-03, 2.6432996535074560e+00,
       1.7810792882566793e+00, 2.2740810636596906e+00,
       1.7173191096361237e-03, 5.7200517420356650e-04,
       1.7492634335733817e-03, 2.6100633505597992e+00,
       1.7559442624391239e+00, 2.2172785148510861e+00,
       1.6702373489699718e-03, 6.1185190319603181e-04,
       1.8225025566630628e-03, 2.6071742356788756e+00,
       1.7580318598165992e+00, 2.3379878831508965e+00,
       1.6421084421394062e-03, 6.3865304020839617e-04,
       1.9024884900399645e-03, 2.5912207182322189e+00,
       1.7562860517914431e+00, 2.4262926028636556e+00,
       1.6141039855670362e-03, 6.2127292909801312e-04,
       1.9024103799773497e-03, 2.5965669413900465e+00,
       1.7697566968101075e+00, 2.4465102420096776e+00,
       1.6545584029591606e-03, 6.2325088922904250e-04,
       1.9381020172715550e-03, 2.6230086277485953e+00,
       1.7958459418217818e+00, 2.5349713255998259e+00,
       1.6931472482755985e-03, 6.2719560039417848e-04,
       2.0591065670610264e-03, 2.6729066346049271e+00,
       1.8218648221298841e+00, 2.5072052519542805e+00,
       1.7607935978737430e-03, 6.3231110564592082e-04,
       2.0234826969185676e-03, 2.6254751274463155e+00,
       1.7990042835458684e+00, 2.5902503227128699e+00,
       1.6313870227998850e-03, 6.1674433165682626e-04,
       1.9629501855843467e-03, 2.6375712057183596e+00,
       1.7971032422738256e+00, 2.4657546559056538e+00,
       1.5898295681495015e-03, 6.0476362721396406e-04,
       1.8914683984842459e-03, 2.6101661347996830e+00,
       1.7717834221900173e+00, 2.3951071442888940e+00,
       1.5734977741834967e-03, 5.8146930422322651e-04,
       1.8262016390029133e-03, 2.5771944942595306e+00,
       1.7451797154069486e+00, 2.3257198079685995e+00,
       1.4319201829521534e-03, 5.5386283044322852e-04,
       1.7456275089825792e-03, 2.4363400937783961e+00,
       1.6551236175052992e+00, 2.1777647448380795e+00,
       1.3982877714683185e-03, 5.3069604915598656e-04,
       1.6355630993086351e-03, 2.3381563031275436e+00,
       1.5852509931294900e+00, 2.0113488355699687e+00,
       1.2959438061599801e-03, 5.0832484843720102e-04,
       1.5906893695226559e-03, 2.2203744071489493e+00,
       1.5097135654093250e+00, 1.8917373722622686e+00,
       1.2070214516844773e-03, 5.0667219205217018e-04,
       1.6202905355901876e-03, 2.0793577752264252e+00,
       1.4183975731197513e+00, 1.7356582748505756e+00,
       1.3185930820500884e-03, 4.8408842091106423e-04,
       1.5594263487935841e-03, 1.9985252594991492e+00,
       1.3687476904276428e+00, 1.6907471326570083e+00,
       1.6526975419684823e-03, 4.9358772025156258e-04,
       1.5495254747951979e-03, 1.9517899921709969e+00,
       1.3374968420844811e+00, 1.7070985100259590e+00,
       3.0493523243193829e-03, 1.1009681618812449e-03,
       3.1714572340698932e-03, 2.1081195847891996e+00,
       1.3617872751050109e+00, 2.8313325031956049e+00,
       3.5761909354873347e-03, 1.2335800570896277e-03,
       3.4627845566999231e-03, 2.2252130865636226e+00,
       1.4557355935760785e+00, 3.4436647053743621e+00,
       3.1402028843674425e-03, 1.0205166843285575e-03,
       3.2088572608085860e-03, 1.9802277095878196e+00,
       1.3381458650781428e+00, 2.8928468881667833e+00,
       2.7662532571899067e-03, 7.4026141860055285e-04,
       2.4688156934625097e-03, 1.7491757851993335e+00,
       1.2536996692246469e+00, 2.2007219755149818e+00,
       2.0293208798429141e-03, 5.6083980412630617e-04,
       1.8126888737668011e-03, 1.6888653356274419e+00,
       1.2007515006323306e+00, 1.7377844427144109e+00,
       1.4842374725949675e-03, 4.9806827776916352e-04,
       1.6088407423064462e-03, 1.7392659219499456e+00,
