%YAML:1.0
---
summary: "Filter by time and points, rd=20, rs=0, sp=5, sf=0."
init_cam_calib: C99-1010_3p_3
camera_matrix: !!opencv-matrix
   rows: 3
   cols: 3
   dt: d
   data: [ 2.5768615529927638e+03, 0., 1.8863058682323096e+03, 0.,
       2.5707509565680639e+03, 1.0866180392692411e+03, 0., 0., 1. ]
dist_coeff: !!opencv-matrix
   rows: 5
   cols: 1
   dt: d
   data: [ 2.4876141305054868e-02, -5.3409411451816838e-02,
       -7.8052100371094166e-04, -1.2738151109421602e-03,
       3.9160789849454591e-02 ]
rvec: !!opencv-matrix
   rows: 108
   cols: 3
   dt: d
   data: [ -3.0307098893198319e+00, 1.6249357129243223e-02,
       2.4500689132610780e-03, -3.0545563106492293e+00,
       7.0967559028768792e-02, -6.4126661325051695e-02,
       -3.0383117345137687e+00, 4.0131111946029160e-03,
       -3.8154924556156086e-02, -3.0908165463385013e+00,
       5.5729101343425895e-02, -1.9179841050910158e-02,
       3.0827781608774969e+00, -3.8674440366311583e-02,
       1.2899335998124416e-02, 3.0822253782006719e+00,
       -3.2999722782172357e-02, 6.4526541429242136e-03,
       3.0914275290856716e+00, -2.4102230916346584e-02,
       2.1371701166892028e-02, 3.1027827250659485e+00,
       -4.2195691101804874e-03, 5.0288421761887352e-02,
       -3.0648336006040693e+00, 2.7611671662314059e-02,
       -5.6337700766986888e-02, -2.9802357861728961e+00,
       3.2385197600262858e-02, -8.4688326202890116e-02,
       -2.9344842390892718e+00, 1.4063607924693497e-01,
       -1.1156089584294691e-01, -2.9591675670914026e+00,
       9.3996423916357916e-02, -6.6549601094965355e-02,
       -2.9065174849276656e+00, 1.2795864723004377e-01,
       -1.5627983905781094e-02, -2.8459002771659567e+00,
       1.2329620051604455e-01, -2.2605909494788606e-02,
       -2.9464988445267197e+00, 5.5527773077867520e-02,
       9.2446803252166698e-02, 3.0961746502913998e+00,
       -1.9818955630158605e-02, -7.2379762709916820e-02,
       3.1174741720079080e+00, 1.8034153493574463e-02,
       -2.9661377924017941e-02, 3.1347994289583099e+00,
       -5.4137804543896891e-03, -4.3172391823133656e-02,
       3.1040853264663810e+00, -9.4006687781394288e-02,
       -7.7742482322918652e-02, 3.0060955184781712e+00,
       -1.0202934741361835e-01, 4.8385044384453663e-01,
       2.9772325696603916e+00, -1.3891265374583583e-01,
       4.5274722023900621e-01, 3.0737243404989667e+00,
       -6.5546739863094033e-02, -1.3857598991694511e-01,
       -3.0439214023651462e+00, -9.5076478989006091e-02,
       7.1696897516001257e-01, -2.9514588478042607e+00,
       -5.8313534632109731e-03, 7.7610038507964185e-01,
       -2.9353465180733456e+00, -6.2988716530495578e-02,
       8.5488343117112264e-01, -2.9834208029575491e+00,
       -2.4730264625191178e-03, 8.6792836126343575e-01,
       2.9823480021842750e+00, 7.9890374601242434e-03,
       -8.5977523830768077e-01, 2.9641966227749625e+00,
       -1.4085973680528537e-03, -8.5901504535938344e-01,
       2.9959418088646395e+00, -4.9935269646373239e-03,
       -8.4563467012395288e-01, 3.0238007135030607e+00,
       2.7859372059754108e-02, -8.4917903649463378e-01,
       -2.9802839020939405e+00, -5.0569941207923290e-02,
       7.9468730674811938e-01, -2.7070580872381309e+00,
       3.3909707841284942e-02, 6.2611132331925734e-01,
       -2.7346252174254873e+00, 3.1421639061381033e-02,
       6.9544653817338431e-01, -2.7297490451740782e+00,
       4.5285819764180911e-02, 7.2711498521778950e-01,
       -2.8711154514152919e+00, 1.2006379598913906e-01,
       7.8256081501658714e-01, 2.9887671807279927e+00,
       -8.3106255698186526e-02, -7.7413612243439034e-01,
       2.9819982852848006e+00, -5.2009305300321105e-03,
       -7.7182904461801827e-01, 2.9529594753412707e+00,
       -5.5950696713150297e-02, -7.8394769947596454e-01,
       2.9778270885318929e+00, 1.2934676268042532e-02,
       -8.1158486396227625e-01, -2.9415911065119129e+00,
       -4.9873538125493590e-02, 9.9624939621503705e-01,
       -2.9027490481292237e+00, -4.5389154983919988e-02,
       1.0863435577980851e+00, -2.9270650733851067e+00,
       -8.3261202365261331e-03, 1.1189804237537451e+00,
       2.8609059235908756e+00, 1.4653405958707668e-02,
       -1.3447335069400435e+00, 2.7514782527889707e+00,
       4.2829689690913421e-02, -1.4684742299051745e+00,
       2.6373288609849865e+00, 8.1805881924604376e-02,
       -1.7056485651267033e+00, 2.7760152111653866e+00,
       4.7285647813068640e-02, -1.4445439056374261e+00,
       2.6718756721450849e+00, -2.7286653119478005e-02,
       -1.4335917377230132e+00, 2.6622757280673603e+00,
       -1.7965550728049208e-02, -1.4399301645411355e+00,
       -2.7174232001364853e+00, -6.5345966402183186e-03,
       1.4545193728457058e+00, -2.5872021030123085e+00,
       -3.9506111497299830e-02, 1.4720043725304932e+00,
       -2.5341304101329678e+00, -5.8949088746449670e-02,
       1.5302155782211571e+00, -2.5901503405318835e+00,
       -3.4838261768560433e-02, 1.4766382163249661e+00,
       2.7402924816051888e+00, -8.2262635830161163e-02,
       -1.4976822478973775e+00, 2.6846712934170456e+00,
       -5.1459574336829406e-02, -1.5547984182661423e+00,
       2.6546468359924487e+00, -3.4130610973352425e-02,
       -1.6664124321229459e+00, -2.6668493200170689e+00,
       -2.4125160952239218e-02, 1.5865372393851491e+00,
       -2.8542566191304259e+00, 3.6088327703536816e-02,
       1.1658216008209470e+00, -2.8130669340601657e+00,
       6.7754232117544791e-02, 1.0119088321945473e+00,
       -2.9445387990879124e+00, 1.1589011090801046e-01,
       7.5837162366694821e-01, -3.0271840086286863e+00,
       7.7602823963345280e-02, 5.7746392969281568e-01,
       -3.0841050296293653e+00, -9.4408416830826045e-03,
       2.8790358750124118e-01, -3.0792422608974968e+00,
       -3.5890114224588945e-02, 1.0852914609181773e-01,
       3.1019476562536692e+00, 4.2158560175123219e-02,
       -4.7889448475662016e-01, -2.9781244530414730e+00,
       3.2487509582640961e-02, 5.6178757257456524e-01,
       -9.9301157926337105e-02, -3.1506050200939231e+00,
       -2.7305799613371845e-01, -2.9672554204175885e+00,
       1.6300614320295712e-01, -9.8735739938781630e-01,
       -2.8625167104360401e+00, 1.1494014798045867e-01,
       -1.1618262442387755e+00, -2.9231036500824579e+00,
       3.2120118758088498e-02, -1.1300853905887760e+00,
       2.9004891185178607e+00, -2.2827763254689576e-03,
       1.1021494439819466e+00, 2.9230024516454014e+00,
       -2.4342847905088703e-02, 1.1437186186845631e+00,
       2.8482751429003468e+00, 3.3224309609559299e-02,
       1.0761285160718215e+00, 2.8515289077545178e+00,
       2.8615313850956399e-02, 1.1829219103426105e+00,
       2.8837106356084949e+00, 6.3002948254656634e-03,
       1.1264357175507798e+00, 2.7621795737147417e+00,
       -1.4713576207549475e-02, 1.1327659587995393e+00,
       2.7709851340302998e+00, -7.5841058471879056e-03,
       1.1460111140363349e+00, 2.7858659306746851e+00,
       -1.8150412336921936e-02, 1.1746260858500199e+00,
       2.8023708586433060e+00, -4.4174434098595609e-02,
       1.2218872351819363e+00, -2.7529408570989355e+00,
       1.2751767527182317e-01, -1.2089671385125709e+00,
       -2.7892721784783361e+00, 1.1668897256028789e-01,
       -1.2149341175078014e+00, -2.7967226649053885e+00,
       1.6544492523213067e-01, -1.1615036947785558e+00,
       -2.7558413733239684e+00, 2.7980569641877390e-01,
       -1.0566660577776577e+00, -2.7226129328447555e+00,
       3.3362899628134535e-01, -9.8581978158028949e-01,
       -2.7543270990949567e+00, 3.0341460015105803e-01,
       -1.0463356046315033e+00, -2.8013611735602786e+00,
       2.0972101176427924e-01, -1.0922843040513255e+00,
       2.8487325617875725e+00, -6.8576092191975982e-02,
       1.0848376228106986e+00, -2.8758620502178895e+00,
       5.3277828315944284e-02, -1.1330951500012900e+00,
       -2.7102818210068254e+00, -2.3317978917535534e-03,
       -1.4997123344381296e+00, -2.7741262416205297e+00,
       5.7036475317690044e-02, -1.4192726346999673e+00,
