%YAML:1.0
---
summary: "Filter by time and points, rd=20, rs=10, sp=5, sf=1."
init_cam_calib: C99-1010_3p_3
camera_matrix: !!opencv-matrix
   rows: 3
   cols: 3
   dt: d
   data: [ 2.5612475479304658e+03, 0., 1.8709172394907653e+03, 0.,
       2.5551542520725388e+03, 1.0831545407817450e+03, 0., 0., 1. ]
dist_coeff: !!opencv-matrix
   rows: 5
   cols: 1
   dt: d
   data: [ -2.0417139136715767e-01, 1.0576242444445948e-02,
       1.1155952260210481e-03, -7.2679803718519089e-03,
       -1.3802143564674234e-04 ]
std_intrinsics: !!opencv-matrix
   rows: 18
   cols: 1
   dt: d
   data: [ 3.0946562131112010e-04, 1.3028316411183905e-04,
       7.7010481799408964e-04, 3.9090672871662947e-04,
       1.7470501443419438e-03, 1.8533828450227710e-04,
       3.8754825985133921e-04, 2.7514228248821048e-04,
       3.5983796926023194e-06, 0., 0., 0., 0., 0., 0., 0., 0., 0. ]
std_extrinsics: !!opencv-matrix
   rows: 642
   cols: 1
   dt: d
   data: [ 3.4149849312495976e-02, 1.3759118190387745e-02,
       3.6675127704079429e-02, 3.4702428631458832e-05,
       3.2752424636841268e-05, 2.5334346158733102e-05,
       3.6380773489761008e-02, 1.4130692964905239e-02,
       3.8041886658775836e-02, 3.6430459059395953e-05,
       9.5461650309317216e-06, 2.4043032029369347e-05,
       3.1716176042976219e-02, 1.5144456655269391e-02,
       3.8412469609463158e-02, 1.3119963987965059e-05,
       2.1333872803318918e-05, 2.1606806877960496e-05,
       3.4794677609812655e-02, 1.4688669959948024e-02,
       3.9791211063346522e-02, 5.2063574474065424e-05,
       1.7644636042718029e-05, 3.0590850547425287e-05,
       3.9743813764204876e-02, 1.4132182847489351e-02,
       3.9193421645794618e-02, 5.6767879475170106e-05,
       2.7544791109452045e-05, 3.6006070486069239e-05,
       3.9924107844820166e-02, 1.4782551447327767e-02,
       4.4260493801160532e-02, 9.1261117092079609e-05,
       3.3046358078991150e-05, 3.5017612780793583e-05,
       3.0230936497152104e-02, 1.3500872265814794e-02,
       3.4224518188128376e-02, 2.8512624036510055e-05,
       1.2309274080273100e-05, 2.2547751451362462e-05,
       3.2931811272383871e-02, 1.2617269354169368e-02,
       3.4213361331692331e-02, 4.4207256259575672e-05,
       7.0952964160622342e-06, 2.5609485899544323e-05,
       3.5197852853467555e-02, 1.4140764585916678e-02,
       3.6807508362056623e-02, 2.7307260614798911e-05,
       2.4060365662694578e-05, 2.5684765203161099e-05,
       4.4927899092209442e-02, 1.3494173347589107e-02,
       3.8273061124187609e-02, 6.3184195194044816e-05,
       4.0341437601187605e-05, 2.6525198501290574e-05,
       5.0110961895625791e-02, 1.3741283866160863e-02,
       4.4973993453459697e-02, 7.8919137284973179e-05,
       2.8132477548639861e-05, 3.0840278900254572e-05,
       4.7356320333616621e-02, 1.3214725865560188e-02,
       3.9583943814865262e-02, 7.1846080490918431e-05,
       3.2413689582544085e-05, 2.8837171324927188e-05,
       5.1062459394265042e-02, 1.2166642409615987e-02,
       4.0120350439213734e-02, 7.7906823443076308e-05,
       6.8197077673250303e-06, 2.3834967529005060e-05,
       5.1019667466365957e-02, 1.3671525475925345e-02,
       4.8194534050722770e-02, 1.1264121861722864e-04,
       5.4725806650138052e-05, 2.4544698543783528e-05,
       3.6124040293003687e-02, 1.4013381414499353e-02,
       3.8338007016973201e-02, 4.9878722159079029e-05,
       2.5104911017633709e-05, 2.2939958000504014e-05,
       4.8491598424928534e-02, 1.6493128143783991e-02,
       4.8029568782554474e-02, 9.4471978463063052e-05,
       4.3432883844729725e-05, 4.0993117726639274e-05,
       3.9277286546301901e-02, 1.5832234447258859e-02,
       4.9691062493277476e-02, 8.6213385795225189e-05,
       2.1705835512541548e-05, 5.0220234771638210e-05,
       3.3489428167450111e-02, 1.4277122396195578e-02,
       3.6900933053374232e-02, 4.7515825627514478e-05,
       1.7260121344499377e-05, 3.1747887230981920e-05,
       2.8469568991725838e-02, 1.2466861995193066e-02,
       3.0040430806397032e-02, 3.6822088832646277e-05,
       1.9315306092001697e-05, 2.2522690104080203e-05,
       5.1000222157240524e-02, 2.8524366350888446e-02,
       6.2916386289927420e-02, 1.1052082644810154e-04,
       1.5165424001449294e-04, 7.1465724609881249e-06,
       4.4160851176538798e-02, 1.3367066907888000e-02,
       3.6011646814384644e-02, 8.2447600672813808e-05,
       6.7012585529175386e-05, 2.3990943348125844e-05,
       2.6621334795937840e-02, 1.0254310479492318e-02,
       3.1571489600243266e-02, 3.8017785706835509e-05,
       1.8523788449715946e-05, 1.2728770847370412e-05,
       3.1310937235274547e-02, 1.1811369518159306e-02,
       2.7520413935590533e-02, 4.2831362253686897e-05,
       1.1367956174513541e-05, 1.4312329075436413e-05,
       3.3768563726070788e-02, 1.3143263704651430e-02,
       3.4101925855615389e-02, 4.2915989090389078e-05,
       2.3235330196654111e-05, 1.7053749534212218e-05,
       3.0967169979396383e-02, 1.2408004221051228e-02,
       3.2773834659301365e-02, 3.3113643007087760e-05,
       1.9755712530859788e-05, 1.8551419277434233e-05,
       2.2031823737343127e-02, 1.3057014402909557e-02,
       3.5055516124952564e-02, 4.5207088507856822e-05,
       2.1681981952710914e-05, 9.1883287928982564e-06,
       2.4918533886725151e-02, 1.3942120353974704e-02,
       3.9424954619002771e-02, 2.5517771034220946e-05,
       2.0697778987764253e-05, 6.5885418091073115e-06,
       2.1746466688267917e-02, 1.4076846409263082e-02,
       3.4729910403645405e-02, 4.7852365622138382e-05,
       1.3525270485871133e-05, 1.0723491744928208e-05,
       2.1797362989319898e-02, 1.4430750781288504e-02,
       3.9253525966705644e-02, 4.6401014390366142e-05,
       1.8917227832412575e-05, 1.1024520343767106e-05,
       3.2211329445211143e-02, 1.2898799608304231e-02,
       3.2319690987736099e-02, 3.2987355759029686e-05,
       1.9882132053611298e-05, 1.3518295745942938e-05,
       3.2226072624353709e-02, 1.1471266204600454e-02,
       3.0570496075590918e-02, 3.6364685917642847e-05,
       1.8440984593987219e-05, 1.3262856551380540e-05,
       3.1480015504620089e-02, 1.0803702017431416e-02,
       3.3751472191722649e-02, 1.7637964318741816e-05,
       1.6661932685060842e-05, 1.9044817816674667e-05,
       3.4487427583514418e-02, 1.2327688263820826e-02,
       3.4641749319205002e-02, 2.8764807389130204e-05,
       1.8888599503648621e-05, 2.2327726777814114e-05,
       3.5070231235276861e-02, 1.1946638510243418e-02,
       3.4447772656598839e-02, 4.3377895627267034e-05,
       1.2518963578407273e-05, 2.0164019715255889e-05,
       3.2709186243537657e-02, 1.5523875085277918e-02,
       4.1269291576635253e-02, 2.5800919894793074e-05,
       6.8824506151935003e-06, 1.8021544468154572e-05,
       3.0187138347997959e-02, 1.5432214784770056e-02,
       4.4962060760601462e-02, 2.7904603406624630e-05,
       1.0563035379175635e-05, 1.7748772964947637e-05,
       3.0501590242650204e-02, 1.4676244397427794e-02,
       4.5082442456981113e-02, 2.9057144287341501e-05,
       1.4357243822492652e-05, 8.6763465491092652e-06,
       3.0939283224465597e-02, 1.3771082824994762e-02,
       3.8382393312572392e-02, 2.8214393945082614e-05,
       2.1640351492969844e-05, 1.5994639903161820e-05,
       3.2749214851570105e-02, 1.2184358864340097e-02,
       3.3141666581173145e-02, 8.9945556144970486e-06,
       1.5137521267571441e-05, 1.7784700040057587e-05,
       3.4784996341628772e-02, 1.4922632134969764e-02,
       2.7656842108956060e-02, 3.0693957168343255e-05,
       9.8762076810390633e-06, 1.6992760415385037e-05,
       3.1817941505243294e-02, 1.7671266551697429e-02,
       2.8607290270455100e-02, 4.4014451302469939e-05,
       9.4710351111443010e-06, 1.1211100676398848e-05,
       2.7304888400791569e-02, 1.7631277851394223e-02,
       3.0697701936392707e-02, 4.3402577307456006e-05,
       1.4457266674109941e-05, 1.3496658277771550e-05,
       3.2689246860112695e-02, 2.2057235235484987e-02,
       2.3539262727789199e-02, 3.5621165809175638e-05,
