%YAML:1.0
---
summary: "Filter by time and points, rd=20, rs=10, sp=5, sf=1."
init_cam_calib: C99-1010_3p_3
camera_matrix: !!opencv-matrix
   rows: 3
   cols: 3
   dt: d
   data: [ 2.5612475479304658e+03, 0., 1.8709172394907653e+03, 0.,
       2.5551542520725388e+03, 1.0831545407817450e+03, 0., 0., 1. ]
dist_coeff: !!opencv-matrix
   rows: 5
   cols: 1
   dt: d
   data: [ -2.0417139136715767e-01, 1.0576242444445948e-02,
       1.1155952260210481e-03, -7.2679803718519089e-03,
       -1.3802143564674234e-04 ]
rvec: !!opencv-matrix
   rows: 107
   cols: 3
   dt: d
   data: [ -2.9624658363539114e+00, 4.3734547553301147e-02,
       1.3590259225336379e-01, -2.9746274596738340e+00,
       6.6234905515872948e-04, -3.2787893070682734e-03,
       -2.9802416282182009e+00, 1.7697968758500878e-02,
       6.7883694938931413e-02, 3.1847903522146037e+00,
       -3.6298488213989066e-02, -9.7014371952222095e-02,
       3.1926506135036163e+00, 4.4415098869116876e-02,
       -1.4872340143613583e-01, 3.1954448130669815e+00,
       3.3907345910326615e-03, -1.5072659601788832e-01,
       3.1899890719372146e+00, -3.6302170543409465e-02,
       -1.3749519014724829e-01, -2.9747169224466838e+00,
       -2.3192160072049103e-02, 7.1146034806080670e-03,
       -2.9452975536403927e+00, 1.2922301737649111e-02,
       3.7318961617167024e-02, -2.7753380694502590e+00,
       1.4386915542495440e-01, 5.4522421827703130e-02,
       -2.8285349439562140e+00, 1.6305799685908498e-01,
       7.4441152961964116e-02, -2.8052067970214889e+00,
       1.2426625767514386e-01, 1.5188096354978478e-01,
       -2.7114124103781148e+00, 1.3094808355581292e-01,
       1.4278961854441552e-01, -2.6912624708884789e+00,
       1.3494970320752189e-01, 3.2395685093481014e-01,
       -2.9817263130275484e+00, 5.4548627126265660e-02,
       3.4162234294231590e-02, 3.1185917175166482e+00,
       -1.1471996463272675e-02, -1.7095967797579195e-01,
       3.2714240337027478e+00, -3.6922375846839342e-02,
       -3.9349679670829524e-01, 3.2388108363952171e+00,
       -9.9491061553171986e-02, -1.8675429608346769e-01,
       3.1470071755900006e+00, -1.5720959783949634e-01,
       -1.7218723523949817e-01, 2.9345234489827865e+00,
       -5.2847789893816451e-02, 6.2859872038576303e-01,
       3.1254946533475794e+00, -5.5467715353381686e-02,
       1.0458194319107800e-01, 3.2149086120581361e+00,
       5.5572309358533210e-02, -5.8797398334553952e-01,
       -2.9851748057768024e+00, 3.5042711753957209e-04,
       7.5226655185861646e-01, -2.9530804613108397e+00,
       -4.4054184739679314e-02, 8.2649211674963075e-01,
       -2.9321225433730871e+00, -2.7527333313632881e-02,
       8.5550327354387268e-01, 3.0342648469438531e+00,
       9.1755872927900221e-03, -8.6453467964893616e-01,
       2.9838866385432818e+00, 1.9266118915494203e-02,
       -9.2302280788426183e-01, 2.9995996313392670e+00,
       4.1036657267697958e-04, -8.4960384150919965e-01,
       3.0131894364234717e+00, -1.7573788702836581e-02,
       -8.5816656398092395e-01, -2.9646071166879508e+00,
       -3.1931654867429583e-02, 8.6836489190971378e-01,
       -2.8654551345347681e+00, -1.5541039096138120e-02,
       7.0689733176393488e-01, -2.7599514971171328e+00,
       4.2604896140963619e-02, 7.0763512578341536e-01,
       -2.7463964287532834e+00, 4.7262612566987487e-02,
       7.1585239807085577e-01, -2.7515605821929894e+00,
       8.0959496067514639e-02, 7.4226103509813524e-01,
       3.0672858172825164e+00, -1.3885907988525723e-01,
       -6.1749234631168781e-01, 2.9876184033253668e+00,
       -2.5778990658920302e-02, -7.6230497217435889e-01,
       3.0077979359297418e+00, -1.1228240217177783e-03,
       -8.6362846523319592e-01, 3.0173799491797526e+00,
       -4.2223855672528864e-02, -6.6496475574373914e-01,
       -3.0191362342178736e+00, -9.2084919595193451e-03,
       8.5314561802255218e-01, -2.9342847459263579e+00,
       -5.3224056397091206e-02, 1.0056910843481250e+00,
       -2.8900029357148829e+00, -9.4226247596471177e-02,
       1.0195248845593141e+00, -2.8946815467300544e+00,
       4.5937528907778837e-02, 1.1264107905062557e+00,
       2.7568894836822504e+00, 3.9003172869807631e-02,
       -1.4902951349422398e+00, 2.7494386738511847e+00,
       5.4048155696926767e-02, -1.5223048266635573e+00,
       -2.7033305795118743e+00, -5.7773207431057919e-02,
       1.6241222711546468e+00, 2.7222201557021766e+00,
       -2.6731491358428200e-02, -1.4558046860750575e+00,
       2.6626696864375456e+00, -3.9461598982927289e-02,
       -1.3738107813377300e+00, 2.7135876044135849e+00,
       4.2927012332796824e-03, -1.4366348744486941e+00,
       -2.6773784646229175e+00, -1.0409556412971936e-01,
       1.3672229566481502e+00, -2.6006873447079428e+00,
       -5.6894586967190491e-02, 1.5096993011112378e+00,
       -2.5626796587781921e+00, -4.9288330057457405e-02,
       1.4702727914669564e+00, -2.6454078694969594e+00,
       3.5432012518263258e-02, 1.4616824655494232e+00,
       2.7309278384843716e+00, -5.5470363618626284e-02,
       -1.4921019711336816e+00, 2.7628380818914313e+00,
       -6.6824569588503177e-02, -1.3960392501902232e+00,
       -2.6288259714280242e+00, 4.7072163268028272e-03,
       1.7482098830117587e+00, -2.7605895611706530e+00,
       6.3504663679044213e-02, 1.2094731226335096e+00,
       -2.7527140433158488e+00, 2.1118812846599635e-02,
       1.0006794357264837e+00, -2.8787903108402437e+00,
       1.3307471197152926e-01, 7.5749916529148775e-01,
       -2.9530756046165476e+00, 7.3498125958536997e-02,
       6.7690721762675921e-01, -2.9227830799703476e+00,
       5.5426822386163227e-02, 5.5993375823973748e-02,
       -2.9089147965071902e+00, -7.3098683696565811e-03,
       2.0504970738578399e-01, -3.0055883593256576e+00,
       6.4857927443928510e-03, 2.1553195179673401e-01,
       -2.9260767215951669e+00, 1.5356889663945333e-02,
       6.0672907739515725e-01, -3.0384161042206981e+00,
       3.0390144188577363e-02, 6.0930065388952799e-02,
       -2.9000434462236151e+00, 1.3732721876968165e-01,
       -6.3455818534800490e-01, -2.8570230941403039e+00,
       1.4726654457700208e-01, -1.1105349062760117e+00,
       -2.9240439265658060e+00, 4.8640775250338011e-02,
       -1.0282519392284182e+00, 2.9404373551893239e+00,
       -8.8506730958477307e-03, 1.0999248824007559e+00,
       2.9467836490936756e+00, -5.0489668993847894e-02,
       1.1091368968687594e+00, 2.9402801996308932e+00,
       -4.1656686985038410e-02, 1.1009621665517522e+00,
       2.8390452165711926e+00, 4.7983515612710269e-02,
       1.1077879799966255e+00, 2.8621092228060445e+00,
       -2.5077053280959442e-02, 1.1794521733994783e+00,
       2.8272401149579829e+00, -1.5038903889832143e-02,
       1.0680207192736304e+00, 2.7771485448201290e+00,
       1.3183465743863209e-02, 1.1109378478629712e+00,
       2.7879765563470396e+00, -1.2423543854360231e-02,
       1.1387130419732887e+00, 2.8028058487018432e+00,
       -2.0163749102085494e-02, 1.1657030900878542e+00,
       2.8763129139598305e+00, -3.1495264461451115e-02,
       1.2273324114946695e+00, -2.8033449719715184e+00,
       1.1158924502480300e-01, -1.1585012139659128e+00,
       -2.7918265093506056e+00, 1.2404028394354251e-01,
       -1.1576144370043566e+00, -2.7058139934603957e+00,
       2.3113441720343547e-01, -1.0511387746658627e+00,
       -2.7184206371961253e+00, 3.2129284324421320e-01,
       -9.5850041668143326e-01, -2.7262517378506650e+00,
       3.2676050733415313e-01, -9.7681480976575386e-01,
       -2.7494067279799022e+00, 2.9735652452915512e-01,
       -1.0306674985526614e+00, 2.8410963277422101e+00,
       -1.0673808315120882e-01, 1.2043689634982724e+00,
       2.8871189816072493e+00, -6.6731410847078204e-02,
       1.1667642961430180e+00, -2.7236976513766011e+00,
       2.2691444780970172e-02, -1.3050652330744481e+00,
       -2.8440110998222301e+00, 7.7526693079772765e-02,
       -1.3197868059830447e+00, -2.7108653705968351e+00,
       1.2057762270988664e-01, -1.5157393608170424e+00,
