%YAML:1.0
---
summary: "Filter by time and points, rd=20, rs=10, sp=5, sf=4."
init_cam_calib: C99-1010_3p_3
camera_matrix: !!opencv-matrix
   rows: 3
   cols: 3
   dt: d
   data: [ 2.5715397652134461e+03, 0., 1.8692940463703742e+03, 0.,
       2.5748380231088313e+03, 1.0847411136431592e+03, 0., 0., 1. ]
dist_coeff: !!opencv-matrix
   rows: 5
   cols: 1
   dt: d
   data: [ 2.4479384736134698e-02, -4.1367613596169625e-02,
       -7.3683196349155885e-04, -1.9804664421889948e-03,
       2.4054169140325481e-02 ]
std_intrinsics: !!opencv-matrix
   rows: 18
   cols: 1
   dt: d
   data: [ 2.3499923783376642e+00, 2.1596053046588986e+00,
       4.3444441842885348e+00, 2.8749907598580675e+00,
       4.8376246923598548e-03, 1.8031673143517331e-02,
       3.8556009520760272e-04, 5.9466450385831115e-04,
       1.9344044350590492e-02, 0., 0., 0., 0., 0., 0., 0., 0., 0. ]
std_extrinsics: !!opencv-matrix
   rows: 642
   cols: 1
   dt: d
   data: [ 3.8290414342226119e-03, 1.2294981096929384e-03,
       3.7305694104612657e-03, 6.7873238754878509e+00,
       4.5453320683485217e+00, 5.3059093150065220e+00,
       3.3092591775459577e-03, 1.1903135416084633e-03,
       3.9814022492553553e-03, 6.8034482765930928e+00,
       4.5656119579126804e+00, 5.1554082714329095e+00,
       3.5658602402318948e-03, 1.1082682361766682e-03,
       3.8060638075367815e-03, 6.7877381074213288e+00,
       4.5585559198445553e+00, 5.1661315451304111e+00,
       2.6519581871573459e-03, 1.1708798870163674e-03,
       3.7414871926699424e-03, 6.6601134786862284e+00,
       4.4555341622844722e+00, 5.0321153069344211e+00,
       2.6124684435072268e-03, 1.1844710750578732e-03,
       3.6477180097171584e-03, 6.6611758200655924e+00,
       4.4708728402444864e+00, 4.9389729492022179e+00,
       2.5915535300495853e-03, 1.1722443728697995e-03,
       3.5341580694338705e-03, 6.6325260733516433e+00,
       4.4587608939399725e+00, 4.9715998367179388e+00,
       3.0789699634137815e-03, 1.2956603959522128e-03,
       3.8223105950983766e-03, 6.6566153467548803e+00,
       4.4535128100832271e+00, 5.5089547113451918e+00,
       2.8733895021838922e-03, 1.2494372381682596e-03,
       3.9764445111065876e-03, 6.5700575894038931e+00,
       4.4238403360990430e+00, 5.1684289125049290e+00,
       3.3634838012054397e-03, 1.1323350396785102e-03,
       3.6874155987410987e-03, 6.6652247023272659e+00,
       4.4586451409533163e+00, 4.9039618834897345e+00,
       3.2611789087667134e-03, 1.1186060466403928e-03,
       3.5504751873215146e-03, 6.6383325145055165e+00,
       4.4383607976357151e+00, 4.7021014144898299e+00,
       3.5014717139434763e-03, 1.2555258085797496e-03,
       3.7820760764364107e-03, 6.8443410997020635e+00,
       4.5613663503104886e+00, 4.8434634853062279e+00,
       4.0262756560530332e-03, 1.0983619131384387e-03,
       3.8714805044709620e-03, 6.9059931363618503e+00,
       4.6180806719218621e+00, 4.9969092823763033e+00,
       3.7062565708945523e-03, 1.1500294954177267e-03,
       3.7363835109629397e-03, 6.8697631589829706e+00,
       4.5901401257548375e+00, 4.8392328724982390e+00,
       3.3506312704016761e-03, 1.0712690597056574e-03,
       3.6601721692080891e-03, 6.8266967030592678e+00,
       4.5819517876441909e+00, 5.0171725034444599e+00,
       3.9125994208405700e-03, 1.2014352935192853e-03,
       4.2492947908032873e-03, 6.8200377755839288e+00,
       4.5601423301790138e+00, 4.9315189230417156e+00,
       3.4865241737209534e-03, 1.1806815929772292e-03,
       4.1924889439542744e-03, 6.7973601349998773e+00,
       4.6148399226252037e+00, 5.3397605114860003e+00,
       3.0358561958150330e-03, 1.0886755089423226e-03,
       3.7106032986823361e-03, 6.4494462892893241e+00,
       4.3533821424834116e+00, 4.7823136796095085e+00,
       2.6771665365868573e-03, 1.0572302502925293e-03,
       3.5916200055610952e-03, 5.8252533640862385e+00,
       3.9305579782345696e+00, 4.3556126391381706e+00,
       3.7691809366159732e-03, 9.9135337068951852e-04,
       3.6811366131507223e-03, 5.1156893346479455e+00,
       3.4918418054927827e+00, 3.9002106194930568e+00,
       7.6054230574063297e-03, 2.7763186688393162e-03,
       7.0446555257464164e-03, 5.1564533417277536e+00,
       3.3819702494730084e+00, 7.1712046308451658e+00,
       4.7693580891358415e-03, 1.3025197953583057e-03,
       4.6317719602920757e-03, 4.2831733135880103e+00,
       3.0337354923139768e+00, 4.2957756435390024e+00,
       2.2288453941093100e-03, 8.8038097460310845e-04,
       3.2457054841316816e-03, 4.7933954818335520e+00,
       3.2554591069151759e+00, 2.9483396162393722e+00,
       2.3914778883448737e-03, 9.3997534522740733e-04,
       3.4099540829119019e-03, 5.3911989230975985e+00,
       3.6080859784046577e+00, 2.9693332481329837e+00,
       2.7101856199710367e-03, 9.6853392824215528e-04,
       3.6694679131912722e-03, 5.7716017640209554e+00,
       3.8680469539703193e+00, 3.1737370290768667e+00,
       2.8512830266702698e-03, 1.0668397112644883e-03,
       3.7307691136038591e-03, 5.8072177497432191e+00,
       3.8759417857572678e+00, 3.2734108088436025e+00,
       2.0362636660893460e-03, 1.0590078692941671e-03,
       3.9936904420914800e-03, 5.7179004763692083e+00,
       3.8185847985541148e+00, 3.2307719293058703e+00,
       1.9368295889711522e-03, 1.0763197774897901e-03,
       3.9365505800552708e-03, 5.7238457680228390e+00,
       3.8304240177093645e+00, 3.2579172352447188e+00,
       2.0878850430347097e-03, 1.3126057640825398e-03,
       4.0938083193884697e-03, 5.7024851900755404e+00,
       3.8340341332582555e+00, 3.5416517622719912e+00,
       1.9118014381483783e-03, 1.1634394186977499e-03,
       4.1354783681325094e-03, 5.7029808025539754e+00,
       3.8024116157423071e+00, 3.3663627795800535e+00,
       2.8431555093599119e-03, 1.1663831074341020e-03,
       3.7114775820222151e-03, 5.7332050071303184e+00,
       3.8297406387963751e+00, 3.3948110918220373e+00,
       2.6231413939350784e-03, 9.7152069333054697e-04,
       3.4902461606103768e-03, 5.8315967885119031e+00,
       3.9066062585874191e+00, 3.2779411621994621e+00,
       2.7188520433087874e-03, 1.0646954814976380e-03,
       3.5343560686994704e-03, 5.8953406331193756e+00,
       3.9492142420178320e+00, 3.7021657415399569e+00,
       2.6608877261249395e-03, 1.0109104696198715e-03,
       3.6083895607641964e-03, 5.9772836527380742e+00,
       3.9964530915049186e+00, 3.4585456914014756e+00,
       2.8935262599354560e-03, 1.0969007961391601e-03,
       3.5165683676133368e-03, 5.9961319533303854e+00,
       4.0105415736695900e+00, 3.5219295176067065e+00,
       3.2779279813612990e-03, 1.3602266590688086e-03,
       4.1586874681107146e-03, 6.0018978118703057e+00,
       4.0374718792967270e+00, 3.8895298214196932e+00,
       2.3954170583034757e-03, 1.1201692102132343e-03,
       4.0710433702801753e-03, 6.0035021630903413e+00,
       4.0436579264810311e+00, 3.6953570040826382e+00,
       2.8521424906197564e-03, 1.2181635375344729e-03,
       4.0333727204636179e-03, 5.9956823803181010e+00,
       4.0330039953782704e+00, 3.5737379766398045e+00,
       2.5883270783615617e-03, 1.0802204372894275e-03,
       3.9208281297234068e-03, 6.0053695139556771e+00,
       4.0637266620642194e+00, 3.6141090367769038e+00,
       2.8296031376542356e-03, 1.3092192141479851e-03,
       3.9473082405072921e-03, 6.2645609727494573e+00,
       4.1986554290190297e+00, 4.3688010026989668e+00,
       2.9284981547879891e-03, 1.3508973986760724e-03,
       3.9291614845990558e-03, 6.6911790100129958e+00,
       4.4847397019546893e+00, 4.2544242394521916e+00,
       3.4509319883095193e-03, 1.9700935970202939e-03,
       3.9077646283419646e-03, 6.9865479796009664e+00,
       4.7563388765077610e+00, 5.9527612780265722e+00,
       3.5663337007130606e-03, 2.1940841409743908e-03,
       4.0327842201044748e-03, 6.6904455570042316e+00,
       4.4911529878380811e+00, 6.6372728042134872e+00,
       3.4678978923801630e-03, 2.1693847693387137e-03,
       3.8198772172720039e-03, 6.4981901037925347e+00,
