%YAML:1.0
---
summary: "Filter by distance, md=200, ds=100."
init_cam_calib: C99-1010_3p_3
camera_matrix: !!opencv-matrix
   rows: 3
   cols: 3
   dt: d
   data: [ 2.5684383378002758e+03, 0., 1.8774033944272010e+03, 0.,
       2.5711729193121023e+03, 1.0845123075292954e+03, 0., 0., 1. ]
dist_coeff: !!opencv-matrix
   rows: 5
   cols: 1
   dt: d
   data: [ 1.3922585503896006e-02, -2.1010430935099259e-02,
       4.9139501247432529e-05, -1.3301382123279664e-03,
       1.2286074148533258e-02 ]
rvec: !!opencv-matrix
   rows: 229
   cols: 3
   dt: d
   data: [ -3.0324686314642948e+00, 1.6028760663868370e-02,
       6.7466364397794467e-03, -3.0459956648995732e+00,
       1.6363320154194078e-02, -2.3052139798733363e-02,
       -3.0839110455696344e+00, 4.2578512635260850e-02,
       -2.0892743758295397e-02, -3.1290805840599307e+00,
       6.9925245838505040e-02, -1.7981853919767411e-02,
       3.1103435885454935e+00, -6.0964886207145887e-02,
       1.6985631863642499e-02, 3.0389545530895643e+00,
       1.9586009587070938e-03, 1.9625545189191889e-02,
       3.0612826354207003e+00, -3.1326879317107537e-02,
       -6.0466147420116377e-02, 3.0866807888403835e+00,
       -3.1866360247022239e-02, 1.0886989408306538e-02,
       3.1306158483171709e+00, 1.2022732981306610e-02,
       5.2345169358098721e-02, -3.1121612380442589e+00,
       -1.7366882676511260e-02, -9.8417422649821812e-02,
       -3.0669934675312400e+00, -4.7836311048482984e-03,
       -1.0345455082018498e-01, -3.0734710218300649e+00,
       3.6136550547604578e-03, -6.4437348746054127e-02,
       -3.0235888391931471e+00, 1.1451235514308669e-02,
       -5.8675226053685775e-02, -2.9982135487418944e+00,
       1.1178222012560416e-02, -5.6896685446866595e-02,
       -2.9392684184484028e+00, 6.8156070211005240e-02,
       -5.7530284419814628e-02, -2.9082500738544987e+00,
       1.2120360935038439e-01, -1.0531265436020075e-01,
       -2.9193333180216432e+00, 1.2964436911289870e-01,
       -5.9366381174013293e-02, -2.9407662034399378e+00,
       1.3979524172464786e-01, -1.1019510365226193e-01,
       -2.9725791577054861e+00, 1.0148175171642207e-01,
       -8.0396136284810793e-02, -2.9382873772239697e+00,
       1.1755158025683511e-01, 8.1039631205273317e-03,
       -2.9082577564582923e+00, 1.2780392504946853e-01,
       -1.1711665684210120e-02, -2.8839749011381302e+00,
       1.2069210942806302e-01, -1.5453577194734858e-02,
       -2.8505141636460838e+00, 1.1823251895254212e-01,
       1.3385247297222085e-02, -2.8773123338220019e+00,
       1.2248404292631331e-01, 1.9300144894969992e-02,
       -2.9081982387568588e+00, 1.1106260224890310e-01,
       5.5984892721884186e-02, -2.9318208294889345e+00,
       6.9501423305493235e-02, 6.3950888753689691e-02,
       -2.8999636686536543e+00, 9.3846972242057541e-02,
       1.2025593298027411e-01, -2.9592854294653428e+00,
       8.5163105426298305e-02, -3.8479746856065804e-02,
       -2.9828779581658349e+00, 5.9910227954614842e-02,
       -4.7887529319194398e-02, -3.0086688530327330e+00,
       6.2724499015999718e-02, -5.0076075039213179e-02,
       -3.0392959072629804e+00, 4.9654376799328034e-02,
       -4.7203128950973568e-02, -3.0762450261629555e+00,
       3.5444776225096203e-02, -1.1642313232446581e-01,
       -3.1355505402039818e+00, 2.6202251641868356e-02,
       -1.1483066968020966e-01, 3.0856246270022076e+00,
       -3.3508603717179369e-02, 5.6274002958639630e-02,
       3.0482805531328556e+00, -1.7329289954578039e-02,
       7.4023724215473916e-03, 3.0807138558890537e+00,
       -1.8982601900890482e-02, -1.1408681767342353e-01,
       3.0373839323508713e+00, -1.5901997383400642e-02,
       -2.3384904497012315e-02, 3.0607579406652419e+00,
       -2.7337624561760321e-03, -2.2425673694153075e-02,
       3.0818513663807403e+00, 2.6934754561734976e-02,
       -1.2421134861987150e-02, 3.1092854003312671e+00,
       4.4010064989355793e-02, -2.3577999611273302e-02,
       -3.1409829574735828e+00, 1.8303915010416825e-03,
       6.4533726429810534e-02, 3.1315333177930125e+00,
       -7.2799945435007415e-03, -6.3524558282636423e-02,
       -3.1312630264620465e+00, 5.7852991523875637e-02,
       3.6411765594309704e-02, 3.1246829831025718e+00,
       -7.4932297246632376e-02, -3.6243846940722697e-02,
       3.1037830360013134e+00, -9.2988587494205854e-02,
       -8.0385069413897808e-02, 3.0821887702352706e+00,
       -1.4254343393265775e-01, -6.6638741151757025e-02,
       3.0575482727982535e+00, -1.5170511387331653e-01,
       4.3661456173395979e-02, 3.0187791353777298e+00,
       -1.0365751784824688e-01, 2.1959197533426522e-01,
       2.9567373837304598e+00, -9.9919873393703187e-02,
       6.2726261432845598e-01, 2.9147036833866635e+00,
       -8.9666589627477727e-02, 6.3176384630478943e-01,
       2.9358105559926453e+00, -7.5263181001741911e-02,
       5.4403407335627829e-01, 2.9857216846286154e+00,
       -1.3669313203781389e-01, 4.4605969729984857e-01,
       3.0113574418269193e+00, -1.0304780727395134e-01,
       1.8596264625835762e-01, 3.0343871923236563e+00,
       -5.7085986832535296e-02, -5.7424243383016417e-02,
       3.0717386147903336e+00, -5.5625578821551343e-02,
       -1.6788590724618568e-01, 3.0865571158126639e+00,
       -9.9372071050581896e-03, -3.8445594033382796e-01,
       -3.0694882662199472e+00, -7.6395459027535612e-02,
       5.5997627139744932e-01, -3.0326615680103490e+00,
       -6.2358828718347331e-02, 7.3592323279339589e-01,
       -3.0040554427787574e+00, -1.5512622988943321e-03,
       7.5600943439147994e-01, -2.9713636664140104e+00,
       1.7825218500135590e-02, 7.6615264609534972e-01,
       -2.9478988486525286e+00, -5.8666553217758273e-02,
       8.5152414812574617e-01, -3.0052788372518231e+00,
       -1.3960042054131490e-02, 8.4859467501826924e-01,
       2.9893287043366321e+00, 3.7089428167004245e-03,
       -8.5627074866412789e-01, -3.0295272081349620e+00,
       -9.1474420359657759e-03, 8.0995232532716577e-01,
       3.0254497366584605e+00, 2.5311182233552981e-02,
       -8.4943234260065270e-01, -2.9344828223041426e+00,
       -5.6056870669333569e-02, 7.4420230519656549e-01,
       -2.8779858272774073e+00, -2.1642573168047980e-02,
       7.1519472337427914e-01, -2.8379145330294411e+00,
       -4.9287827836439332e-03, 7.1215664267959133e-01,
       -2.7954886142849626e+00, -1.0433656398707277e-02,
       7.0110167385740707e-01, -2.7423324154305715e+00,
       -3.5709702893144952e-03, 6.5234205697988812e-01,
       -2.7343764935464163e+00, 6.3682390403068487e-02,
       6.8228003843237683e-01, -2.7748985227633058e+00,
       2.5854170329248007e-02, 7.1301191124528951e-01,
       -2.7503740608185492e+00, 3.1426188588922474e-02,
       6.7469768280923459e-01, -2.7824568472824320e+00,
       8.3640754244576759e-02, 7.4750041233550690e-01,
       -2.8041779242615035e+00, 1.1722598359988462e-01,
       7.6868793372884259e-01, -2.8536426690180385e+00,
       1.1526088694024340e-01, 7.9446074690278046e-01,
       -2.9033903422756207e+00, 1.3830619226266835e-01,
       7.7051269103951903e-01, -2.9488566147899458e+00,
       1.5488809130196865e-01, 7.4615667889795179e-01,
       -3.0299617165070609e+00, 1.5606978194848550e-01,
       6.6279980000305483e-01, 3.0688288971877329e+00,
       -1.6649175450700093e-01, -6.5672534470071908e-01,
       3.0214471730643537e+00, -1.1323681085481596e-01,
       -6.6712828275897662e-01, 2.9399073985775299e+00,
       -4.7895533301378412e-02, -8.2190750117469114e-01,
       2.9891376197181798e+00, -5.8287423579470157e-02,
       -7.1672936540169507e-01, 2.9692879516793615e+00,
       4.8962765256532316e-03, -8.1803033499392741e-01,
       3.0138552437639268e+00, 1.0610368099929613e-02,
       -8.3234623705613475e-01, -3.0069945463765708e+00,
       -2.0133548485803201e-02, 8.6657334184424761e-01,
       -2.9567867922568363e+00, -3.8334436092357899e-02,
       9.8213493823407705e-01, -2.9126141757746828e+00,
       -7.6903065275927510e-02, 1.0351141580191894e+00,
