%YAML:1.0
---
summary: "Filter by distance, md=200, ds=150."
init_cam_calib: C99-1010_3p_3
camera_matrix: !!opencv-matrix
   rows: 3
   cols: 3
   dt: d
   data: [ 2.5680438914583870e+03, 0., 1.8772281055908709e+03, 0.,
       2.5708711972524347e+03, 1.0844091744675245e+03, 0., 0., 1. ]
dist_coeff: !!opencv-matrix
   rows: 5
   cols: 1
   dt: d
   data: [ 1.4037003035950200e-02, -2.1608799135425568e-02,
       2.8440742564353806e-05, -1.3579830152243213e-03,
       1.2946755680863361e-02 ]
std_intrinsics: !!opencv-matrix
   rows: 18
   cols: 1
   dt: d
   data: [ 7.3670350005280583e-01, 6.8540582563816610e-01,
       1.3182641598980156e+00, 8.7039088333104597e-01,
       1.4862537266408199e-03, 5.4790803767661026e-03,
       1.1340080429257894e-04, 1.7655471805007878e-04,
       5.8397468522549557e-03, 0., 0., 0., 0., 0., 0., 0., 0., 0. ]
std_extrinsics: !!opencv-matrix
   rows: 1386
   cols: 1
   dt: d
   data: [ 1.5268445230331555e-03, 5.1929251147100018e-04,
       1.5841564821138378e-03, 2.0886545383333548e+00,
       1.4182531136593963e+00, 2.0404277800774975e+00,
       1.5006805271260899e-03, 5.3546406715964702e-04,
       1.5654034945349735e-03, 2.0814979233581767e+00,
       1.4099772917635918e+00, 2.0312269829446095e+00,
       1.5074872421024308e-03, 5.4484035186826065e-04,
       1.5622824790675306e-03, 2.0933987692634282e+00,
       1.4196245245852308e+00, 2.0435995654408718e+00,
       1.4785651672951650e-03, 5.2642682050493025e-04,
       1.5570324040058480e-03, 2.0696745708877677e+00,
       1.4030401440954807e+00, 2.0181266333613901e+00,
       1.4278043078508260e-03, 5.3654253563895278e-04,
       1.5410239932108049e-03, 2.0518007830596989e+00,
       1.3890933058127433e+00, 1.9948331801619792e+00,
       1.3914905725506488e-03, 5.4530054241824473e-04,
       1.5432972805022281e-03, 2.0461693186781171e+00,
       1.3852408052612222e+00, 1.9917530015676592e+00,
       1.3651848095448890e-03, 5.3427538597299192e-04,
       1.5253629336658145e-03, 2.0430934841942348e+00,
       1.3843795233508083e+00, 1.9975523944140268e+00,
       1.1819005137598303e-03, 5.2301683695445123e-04,
       1.4022323625931677e-03, 2.0276645136016724e+00,
       1.3767608449343720e+00, 2.0238149280784654e+00,
       1.2240698955887500e-03, 5.1773133647067392e-04,
       1.4753770147486270e-03, 2.0486952413216897e+00,
       1.3900901275946842e+00, 2.0441648809672364e+00,
       1.2198463356545659e-03, 5.2648626335816107e-04,
       1.4502017478292707e-03, 2.0354058416235254e+00,
       1.3832372952967740e+00, 2.0220093347675165e+00,
       1.2628945548572692e-03, 5.4294902187481124e-04,
       1.4844957839300233e-03, 2.0313310696950100e+00,
       1.3818533929377810e+00, 1.9923788003774907e+00,
       1.2513024731797661e-03, 5.3831814562451199e-04,
       1.4720874840800809e-03, 2.0214133673817973e+00,
       1.3791622846871465e+00, 1.9670666542043649e+00,
       1.2841960150341181e-03, 5.2222417920274949e-04,
       1.4431456367367062e-03, 2.0042222169240649e+00,
       1.3695017407847208e+00, 1.9299717347910508e+00,
       1.3502951492335765e-03, 5.1552234298418904e-04,
       1.4710240347812495e-03, 2.0051800263742496e+00,
       1.3618171234691596e+00, 1.9261421376943706e+00,
       1.4804781006052565e-03, 5.1691774497593075e-04,
       1.5239263933494345e-03, 2.0442890449224702e+00,
       1.3864421287643078e+00, 1.9533808908946804e+00,
       1.4834418095197401e-03, 5.0944092624403254e-04,
       1.5099168784669561e-03, 2.0487881060046438e+00,
       1.3946866647437965e+00, 1.9676134119381492e+00,
       1.5918543931044108e-03, 5.1274346031838613e-04,
       1.5303351284087626e-03, 2.0672827404833467e+00,
       1.4059810777123045e+00, 1.9458470448221445e+00,
       1.6038864161692895e-03, 5.3684342630175351e-04,
       1.5045635409438279e-03, 2.0646627787324174e+00,
       1.4105902127809644e+00, 1.9463348325332719e+00,
       1.5981774306153679e-03, 5.0873567102205526e-04,
       1.4855526819242924e-03, 2.0508067700529384e+00,
       1.3923187312412850e+00, 1.9098709286645383e+00,
       1.6548345757648141e-03, 5.4971302947836936e-04,
       1.5487821799018437e-03, 2.0886284128397632e+00,
       1.4088790770230608e+00, 1.9278101166655428e+00,
       1.6754359458649385e-03, 5.5196108770524152e-04,
       1.5982639933186957e-03, 2.1202181398817430e+00,
       1.4316405918722999e+00, 1.9983678092699921e+00,
       1.7127989971860041e-03, 5.2178368875037515e-04,
       1.5971543102773285e-03, 2.1162551304566408e+00,
       1.4318583070118842e+00, 1.9858399308416743e+00,
       1.7209548406712609e-03, 5.1681042900948541e-04,
       1.5782651827037715e-03, 2.1138564101880322e+00,
       1.4325781151662926e+00, 1.9763847145558264e+00,
       1.7236596714233284e-03, 5.0784344991937607e-04,
       1.5642832728883921e-03, 2.1127158907698123e+00,
       1.4367920226209339e+00, 1.9784876134808496e+00,
       1.7790365227085380e-03, 5.0309930307049873e-04,
       1.5793116785398711e-03, 2.1140237709652974e+00,
       1.4470317216543016e+00, 1.9827392484923423e+00,
       1.7033372230819755e-03, 4.9467759814830010e-04,
       1.5360814264788788e-03, 2.0921574212222440e+00,
       1.4296668435462552e+00, 1.9807810603043072e+00,
       1.6655696182790399e-03, 4.8877540783055003e-04,
       1.5320395376318156e-03, 2.0879448970011114e+00,
       1.4189814173042181e+00, 1.9698154109962855e+00,
       1.6953733001239600e-03, 5.0151126514441288e-04,
       1.5841190911175241e-03, 2.1016255495127081e+00,
       1.4240079042187341e+00, 1.9710470057970280e+00,
       1.7342798989901387e-03, 4.8543915147044616e-04,
       1.5967557444002151e-03, 2.0989914689358136e+00,
       1.4253720136001169e+00, 1.9470782442749224e+00,
       1.6368323537597736e-03, 5.2322096389664807e-04,
       1.5708122929393891e-03, 2.0951764666714694e+00,
       1.4200113843231537e+00, 1.9900550782401756e+00,
       1.5944539494205710e-03, 5.2154478111385413e-04,
       1.5512299416803770e-03, 2.0705485234390095e+00,
       1.4009459154323947e+00, 1.9509511778808586e+00,
       1.5902628564874249e-03, 5.3336935660193722e-04,
       1.5689880983955945e-03, 2.0687493835281634e+00,
       1.3975282853065860e+00, 1.9373177210351371e+00,
       1.6138096409754586e-03, 5.5082485004926275e-04,
       1.6361129618879364e-03, 2.0925113374450701e+00,
       1.4129968025604562e+00, 1.9707499679699163e+00,
       1.5460884344748265e-03, 5.7070594645695677e-04,
       1.6373128386109566e-03, 2.0673914795673789e+00,
       1.3991249123903584e+00, 2.0542759012544862e+00,
       1.5196275620796601e-03, 5.9532897651366182e-04,
       1.7110761868976512e-03, 2.0554297602833809e+00,
       1.3984555385285775e+00, 2.1391910089659554e+00,
       1.4942077894908343e-03, 5.7853110870513622e-04,
       1.7113696293245397e-03, 2.0598921406121762e+00,
       1.4104946125612052e+00, 2.1552679142870241e+00,
       1.5318201931407869e-03, 5.8029635363029291e-04,
       1.7462685245432645e-03, 2.0811613670481024e+00,
       1.4324487483102208e+00, 2.2374535588279012e+00,
       1.5769822120146890e-03, 5.8832975896450155e-04,
       1.8724201777130596e-03, 2.1192560923864185e+00,
       1.4542163374635937e+00, 2.2259644775797995e+00,
       1.6433642281467968e-03, 5.9029051999085424e-04,
       1.8526168706640299e-03, 2.0962770059464759e+00,
       1.4472397280457145e+00, 2.3076541463069939e+00,
       1.5003897982558854e-03, 5.7446341814923539e-04,
       1.7683736579914579e-03, 2.0944377859030832e+00,
       1.4367069658738645e+00, 2.1809136390540220e+00,
       1.4756006000677796e-03, 5.6805746547135380e-04,
       1.7247387271987567e-03, 2.0816850755888758e+00,
       1.4221854777359759e+00, 2.1381480353976516e+00,
       1.4627525831706978e-03, 5.6090577840791397e-04,
       1.6924898660129620e-03, 2.0654175853700103e+00,
       1.4067920010481005e+00, 2.1026965104186792e+00,
       1.4533757694385823e-03, 5.4130278758636843e-04,
       1.6330513278013594e-03, 2.0435775810320225e+00,
