%YAML:1.0
---
summary: "Filter by time and points, rd=20, rs=0, sp=5, sf=1."
init_cam_calib: C99-1010_3p_3
camera_matrix: !!opencv-matrix
   rows: 3
   cols: 3
   dt: d
   data: [ 2.5754179475279348e+03, 0., 1.8759593444342916e+03, 0.,
       2.5685326984844664e+03, 1.0868836501934722e+03, 0., 0., 1. ]
dist_coeff: !!opencv-matrix
   rows: 5
   cols: 1
   dt: d
   data: [ 1.0868213533097642e-02, -1.4606536998898944e-02,
       -1.5672033590075430e-03, -2.6841989122522066e-03,
       4.6743364806852072e-03 ]
std_intrinsics: !!opencv-matrix
   rows: 18
   cols: 1
   dt: d
   data: [ 2.1426610683994771e+00, 1.9594822347869412e+00,
       3.9591178635843258e+00, 2.6118431059768548e+00,
       4.3659202496537800e-03, 1.6463780096814928e-02,
       3.5106284408027450e-04, 5.3263631580021233e-04,
       1.7836264600409456e-02, 0., 0., 0., 0., 0., 0., 0., 0., 0. ]
std_extrinsics: !!opencv-matrix
   rows: 648
   cols: 1
   dt: d
   data: [ 2.9031008080918196e-03, 9.9664744015660867e-04,
       3.4367041642383253e-03, 6.1864419194706883e+00,
       4.1627320155700760e+00, 4.5220457845236206e+00,
       3.3177190385055622e-03, 1.0174104191444022e-03,
       3.3254282870885665e-03, 6.2156620743225242e+00,
       4.1638564593079606e+00, 4.6739812214888854e+00,
       3.1441058291320737e-03, 1.0437220708479520e-03,
       3.4894595300899623e-03, 6.1806383482415157e+00,
       4.1584398459230059e+00, 4.7724389179891906e+00,
       2.9468128968886407e-03, 9.9570147980517138e-04,
       3.3891524730282150e-03, 6.1089341115673896e+00,
       4.0914700532896706e+00, 4.5323403981962063e+00,
       2.3282541238840437e-03, 9.8033272346893970e-04,
       3.2479178252955154e-03, 6.0384768863314076e+00,
       4.0726677590611464e+00, 4.4546504795466459e+00,
       2.6433409476561902e-03, 1.0408550374010643e-03,
       3.2500221261931176e-03, 6.0530868019673223e+00,
       4.0557783605326927e+00, 4.7555808439723570e+00,
       2.3040977664447095e-03, 9.9264490276629942e-04,
       3.2150657935368491e-03, 6.0274651541644868e+00,
       4.0542386713434651e+00, 4.4287588143320979e+00,
       2.5133622748120389e-03, 1.0242697707986835e-03,
       3.1986227426349548e-03, 6.0364563708425623e+00,
       4.0545418718211002e+00, 4.4965418428850095e+00,
       3.0096240263512864e-03, 9.7497153067410247e-04,
       3.4796631349720292e-03, 5.9853928490624115e+00,
       4.0299833150420090e+00, 4.5488254786738995e+00,
       3.0098336410084468e-03, 1.0257158354506780e-03,
       3.3800115914690418e-03, 6.0841461744314591e+00,
       4.0794677474554097e+00, 4.4613231934547839e+00,
       3.0090422491611968e-03, 1.0124143514125695e-03,
       3.3909224018095971e-03, 6.1833411172688457e+00,
       4.1311243654903853e+00, 4.3249348507770868e+00,
       2.9568350819162859e-03, 1.0098145729827948e-03,
       3.3657308628323372e-03, 6.2645256198151706e+00,
       4.1968517186409144e+00, 4.3273199427094760e+00,
       3.4775074262521763e-03, 9.3282926859124965e-04,
       3.5975053670906287e-03, 6.2856072662550639e+00,
       4.2127281827994141e+00, 4.3137026124690774e+00,
       3.4231368998413514e-03, 9.7682255857087577e-04,
       3.2560534501412325e-03, 6.2109193059546515e+00,
       4.1648664833073328e+00, 4.3122165518033366e+00,
       3.0805201706298043e-03, 9.2272941662847863e-04,
       3.3476062810302732e-03, 6.1600799118793379e+00,
       4.1679007153931238e+00, 4.5024928198101763e+00,
       2.8351451694221845e-03, 1.0432269222424653e-03,
       3.8810133078977286e-03, 6.2764106445636738e+00,
       4.2544968016865488e+00, 4.7557468513260348e+00,
       3.1482915966534008e-03, 1.0462241723343489e-03,
       3.2789370738317732e-03, 6.0773888998223713e+00,
       4.0985800384131252e+00, 4.8411676123334528e+00,
       2.8325252148602149e-03, 9.9121558194286579e-04,
       3.5118479872862499e-03, 5.6434341946716318e+00,
       3.8190975226846757e+00, 4.3899187210186259e+00,
       2.7812362895182864e-03, 9.6963331820533731e-04,
       3.4933491280471560e-03, 4.9370349667665288e+00,
       3.3507720291565191e+00, 3.7773980390642565e+00,
       4.3517899004024471e-03, 1.4446032392295748e-03,
       4.7877527534122026e-03, 4.4837738670035643e+00,
       2.9817373306206973e+00, 4.2854980318507838e+00,
       5.4836667710524405e-03, 1.7287051731928935e-03,
       5.2194996317106151e-03, 4.1799671215560013e+00,
       2.8394378713673194e+00, 5.3068359500567084e+00,
       2.6001484811290169e-03, 9.2424220013807422e-04,
       3.4165529161854012e-03, 3.9806348964731391e+00,
       2.7606049294736361e+00, 3.3439673252025557e+00,
       2.0208051210410644e-03, 8.1471034233749728e-04,
       2.9771685050202063e-03, 4.6435923145788918e+00,
       3.1297882021311163e+00, 2.6140211631862003e+00,
       2.3168596274378526e-03, 9.2207984860649737e-04,
       3.2100971772696081e-03, 5.0991896603669087e+00,
       3.4125872201151721e+00, 3.0056367437807432e+00,
       2.3864381246324656e-03, 8.9168469037508350e-04,
       3.0437844917366426e-03, 5.2947869895176209e+00,
       3.5458897831646423e+00, 2.9400885930777658e+00,
       2.3977311146636108e-03, 9.0614729483808195e-04,
       3.1338759185559483e-03, 5.2105084462287090e+00,
       3.4860072301392466e+00, 2.8894200806070995e+00,
       1.7862574088296460e-03, 9.7804511806907002e-04,
       3.4236335194180079e-03, 5.1908398101122826e+00,
       3.4822865420672495e+00, 2.9755524865188203e+00,
       1.8685098694100543e-03, 1.1313348659462647e-03,
       3.6660178886405454e-03, 5.2148530403391318e+00,
       3.4880578685833155e+00, 3.1914542499197571e+00,
       1.7575886093378443e-03, 9.8799731962888478e-04,
       3.5448619428456057e-03, 5.2069952910370816e+00,
       3.5034901267237748e+00, 3.0428158172925803e+00,
       1.7794018320424966e-03, 9.7521927548192898e-04,
       3.6246934201721354e-03, 5.1472112538875754e+00,
       3.4554512082614002e+00, 3.0696500349076770e+00,
       2.2693125205684914e-03, 8.6131927800829980e-04,
       3.1418307036604211e-03, 5.2529814339698762e+00,
       3.5103910327294288e+00, 2.8818787898495040e+00,
       2.5287395495956770e-03, 9.9260147141090691e-04,
       3.4714924462604202e-03, 5.2997962730207009e+00,
       3.5756719320833423e+00, 3.6142897883761949e+00,
       2.6676371089443271e-03, 8.8139260415487451e-04,
       3.3612977315380195e-03, 5.3771436808192066e+00,
       3.6035578124236771e+00, 3.0818836865665964e+00,
       2.7253444789180421e-03, 9.5847692106619704e-04,
       3.2962952198751162e-03, 5.4048670963108867e+00,
       3.6282089295722444e+00, 3.5170859275651560e+00,
       2.4901829139934999e-03, 9.0402733795915476e-04,
       3.0909928344145061e-03, 5.4674589333665891e+00,
       3.6579932358582234e+00, 3.0504108999563897e+00,
       2.3211872818234129e-03, 1.0097789225308313e-03,
       3.6135146265706699e-03, 5.4711595098447923e+00,
       3.6849410663417417e+00, 3.2415253091340519e+00,
       2.4980374486111962e-03, 1.0931153926488823e-03,
       3.8067559202587249e-03, 5.4512495337203895e+00,
       3.6552412959593523e+00, 3.3297972739785577e+00,
       2.6461126098455707e-03, 1.1572255378805448e-03,
       3.7922090955851513e-03, 5.4394891185746070e+00,
       3.6468510141022050e+00, 3.5780745257342077e+00,
       2.2302712580962551e-03, 1.0914727824639185e-03,
       3.7892430925408542e-03, 5.5871439138634429e+00,
       3.7680550004609734e+00, 3.4629804772999044e+00,
       2.4129546867990648e-03, 1.0178319284161110e-03,
       3.1500835613463975e-03, 5.9412303467594541e+00,
       3.9803185473001199e+00, 3.4437209841732361e+00,
       2.7105508188231958e-03, 1.2949746402114732e-03,
       3.2396646239481030e-03, 6.2346445816943934e+00,
       4.1836770540499479e+00, 4.2843584484287849e+00,
       3.6164314109776649e-03, 2.4857197936019124e-03,
       4.3305745632310011e-03, 6.2788001745576647e+00,
       4.2588567991951081e+00, 6.2790734227536911e+00,
       3.4848798582284004e-03, 2.4356265208554510e-03,
       3.8547734862381376e-03, 6.0689262727796107e+00,
