%YAML:1.0
---
summary: "Filter by distance, md=250, ds=125."
init_cam_calib: C99-1010_3p_3
camera_matrix: !!opencv-matrix
   rows: 3
   cols: 3
   dt: d
   data: [ 2.5658063162364260e+03, 0., 1.8673942111827853e+03, 0.,
       2.5694729010523129e+03, 1.0831856112764422e+03, 0., 0., 1. ]
dist_coeff: !!opencv-matrix
   rows: 5
   cols: 1
   dt: d
   data: [ 1.4055730540559860e-02, -1.5814843913816590e-02,
       3.6878143909383458e-04, -1.9015479043007495e-03,
       3.7215094740526760e-03 ]
rvec: !!opencv-matrix
   rows: 168
   cols: 3
   dt: d
   data: [ -3.0329265499893916e+00, 1.5847806514695081e-02,
       1.0553331533642581e-02, -3.0473368092075868e+00,
       4.9870061148860556e-02, -1.8712690009050691e-02,
       -3.0939286196722460e+00, 5.5442341011029517e-02,
       -1.2386167387999246e-02, -3.1358589727153472e+00,
       7.1919834162502111e-02, -9.6495676163421192e-03,
       3.0862992637617976e+00, -2.9820235661850325e-02,
       3.5901001815122166e-02, 3.0859327484472407e+00,
       -2.8021388730594125e-02, -6.8823521766648134e-04,
       3.1303025242700637e+00, 1.2540404199718152e-02,
       4.8111340792622678e-02, -3.0976368442534072e+00,
       -1.3644590073294043e-02, -1.0234737920444179e-01,
       -3.0025297663284434e+00, 1.2270043201635800e-02,
       -6.2706857799271973e-02, -2.9399038041649042e+00,
       6.8104715257872137e-02, -5.3954745299296739e-02,
       -2.9009538089297755e+00, 1.3901196966020990e-01,
       -9.5089704354789015e-02, -2.9201299715401632e+00,
       1.2965995304288178e-01, -5.5910426094508067e-02,
       -2.9416021015245248e+00, 1.3983114603368249e-01,
       -1.0649533408309245e-01, -2.9083210064491007e+00,
       1.3187054508697663e-01, 3.1493889219231901e-02,
       -2.8796818703267086e+00, 1.2095026518473188e-01,
       -1.3368983375289531e-02, -2.8341683136640929e+00,
       1.2253621601515950e-01, 1.2221920446710633e-02,
       -2.8724407681798017e+00, 1.2517743355136371e-01,
       -2.1789714444424855e-03, -2.9086586649698347e+00,
       1.1116023821292217e-01, 5.9425067336631499e-02,
       -2.9715218876986143e+00, 8.2290446436873527e-02,
       4.6538211686467823e-02, -2.8999821937666130e+00,
       9.3976059816401850e-02, 1.2362601506017934e-01,
       -2.9599637331616244e+00, 8.5136967990439863e-02,
       -3.4845512311834304e-02, -3.0092195339480630e+00,
       6.2664869395860620e-02, -4.6318876732983461e-02,
       -3.0770458425787339e+00, 3.5322286834856595e-02,
       -1.1241709799267745e-01, -3.1362987741513280e+00,
       2.6068815292757598e-02, -1.1067062286856660e-01,
       3.0853286282136398e+00, -3.3362078363212172e-02,
       5.2059262017751129e-02, 3.0480280119034235e+00,
       -1.7187520082549340e-02, 3.0831031431736524e-03,
       3.0922519522697849e+00, -1.7665417169156514e-02,
       -8.1232710381276649e-02, 3.0503363354326458e+00,
       -9.4359606106103940e-03, -4.1021666682363525e-03,
       3.0766295363568310e+00, 7.1190522780284274e-03,
       -2.7372844024741282e-02, 3.1068323517417880e+00,
       4.6987112604188024e-02, -2.3850465922277471e-02,
       -3.1410590590724095e+00, 1.6525353447899233e-03,
       6.8824200781188297e-02, 3.1245415831489152e+00,
       -8.5018787595418019e-03, -7.0381405190584098e-02,
       -3.1313844221106675e+00, 5.7640359342207625e-02,
       4.0567518045330167e-02, 3.1211397650869270e+00,
       -7.8790367116218299e-02, -3.9411823791503792e-02,
       3.0956137926162128e+00, -1.1399252503316175e-01,
       -1.0232556680981390e-01, 3.0702325623817113e+00,
       -1.4577487660765751e-01, -5.7367126442880667e-02,
       3.0415897110481382e+00, -1.2091565758535894e-01,
       1.4810079755925259e-01, 2.9433188447553373e+00,
       -9.7116758803969083e-02, 6.3715255784278102e-01,
       2.9164476560865804e+00, -5.2089822295902671e-02,
       6.0547609413598347e-01, 2.9765690716686812e+00,
       -1.0071678990033620e-01, 4.8625322692870337e-01,
       3.0105516894833118e+00, -1.1066497270270757e-01,
       2.2496966154130271e-01, 3.0344187113427989e+00,
       -6.4164996616396131e-02, -8.2466310292744122e-02,
       3.0856217005515623e+00, -3.4458677767522018e-02,
       -2.3831858096207587e-01, 3.0919881851055431e+00,
       5.0054587667965111e-02, -4.8369208253309459e-01,
       -3.0324112620017445e+00, -6.2318037166340823e-02,
       7.3922457933923946e-01, -2.9943512157684538e+00,
       8.6574665494868266e-03, 7.5835436368300180e-01,
       -2.9539635315929411e+00, -6.4203986269216352e-03,
       7.7903527015811791e-01, -2.9858478811064599e+00,
       -3.4372685696764439e-03, 8.7158519912507293e-01,
       3.0079752385501632e+00, 8.5003566540012374e-03,
       -8.2511721075473976e-01, -2.8995624751599545e+00,
       -3.7909512488273497e-02, 7.2668617116556122e-01,
       -2.8373726623931459e+00, -4.6201959771322611e-03,
       7.1542898895371532e-01, -2.7948300391354333e+00,
       -1.0107459425032845e-02, 7.0435698916310130e-01,
       -2.7417462736003197e+00, -3.1871765423630732e-03,
       6.5546459418141012e-01, -2.7488642791921527e+00,
       4.2021834996248411e-02, 7.0303755741427654e-01,
       -2.8038496591448281e+00, 1.1776010853741375e-01,
       7.7181453741740869e-01, -2.8533267956562924e+00,
       1.1575064199937181e-01, 7.9777060552758561e-01,
       -2.9487624963333654e+00, 1.5526187372049333e-01,
       7.4929850094856887e-01, -3.0321845717468614e+00,
       1.7207040005228602e-01, 6.6152887564726603e-01,
       3.0531306308536887e+00, -1.4689083315901061e-01,
       -6.4879067588931327e-01, 2.9758975011257776e+00,
       -1.0857752554736382e-01, -7.5729904794035396e-01,
       2.9745074404019811e+00, -6.9760256222666083e-03,
       -8.0655924956135916e-01, 3.0122283952534978e+00,
       1.0516572459733522e-02, -8.3563983294009314e-01,
       -3.0081043608262741e+00, -1.2037113276328315e-02,
       9.0810300496503449e-01, -2.9432770796567964e+00,
       -5.0021227611401063e-02, 1.0003478997249751e+00,
       -2.9036543054206478e+00, -5.2238553165543856e-02,
       1.0480742283912456e+00, -2.9148313847269209e+00,
       -3.7137764996554613e-02, 1.0740101223078318e+00,
       -2.8939547856988899e+00, -1.1557987131174731e-01,
       1.0707826812494985e+00, -2.8792948953782020e+00,
       -1.3423153985867811e-02, 1.1088324119021120e+00,
       -2.9263356161736702e+00, -7.7783250435074676e-03,
       1.1229278075013536e+00, -2.9052519313859135e+00,
       3.4301472342215839e-02, 1.1476485542735686e+00,
       2.8485937807569837e+00, -9.5035693459737201e-03,
       -1.2827416277842789e+00, -2.7616051249404041e+00,
       -4.1984513955953019e-02, 1.4810377756100697e+00,
       2.7360781196655966e+00, 9.8075292440667188e-03,
       -1.5067122961890584e+00, -2.7069683768239079e+00,
       -5.2519338273989261e-02, 1.5581358724753049e+00,
       2.7454786344171129e+00, -3.2150862224657281e-02,
       -1.5011022982466637e+00, 2.6983924527483385e+00,
       -1.3286588565984664e-02, -1.4821849922433763e+00,
       2.6671646158178755e+00, -2.6516791220808404e-02,
       -1.4391303564322586e+00, 2.7066786498267303e+00,
       2.4654162549544032e-02, -1.4836132134919040e+00,
       -2.7577756227783601e+00, -1.1053559521570085e-02,
       1.4879710845558038e+00, -2.6917259905688820e+00,
       -8.3220634539543259e-02, 1.4199090335400042e+00,
       -2.6317824849441949e+00, -1.1244410073712324e-01,
       1.3926293840014881e+00, -2.6498920851018632e+00,
       3.0008726205766497e-02, 1.5358983711544409e+00,
       -2.7580826313414084e+00, 7.8049069530794046e-02,
       1.5383736669182084e+00, 2.7994687337890034e+00,
       -6.1055030686019605e-02, -1.4290628366224951e+00,
       -2.5535971465442189e+00, -9.3801152484134648e-03,
       1.7724337415497071e+00, -2.6426927804906839e+00,
       -3.1683624828898742e-02, 1.6393198438482159e+00,
       -2.7180100530148330e+00, 1.4862380889489145e-02,
       1.4382382511329395e+00, -2.8406426193349770e+00,
       3.8247346017041613e-02, 1.2014552659254891e+00,
