%YAML:1.0
---
summary: "Filter by distance, md=200."
init_cam_calib: C99-1010_3p_3
camera_matrix: !!opencv-matrix
   rows: 3
   cols: 3
   dt: d
   data: [ 2.5680344075624694e+03, 0., 1.8771250832666321e+03, 0.,
       2.5708708740231964e+03, 1.0844075416429403e+03, 0., 0., 1. ]
dist_coeff: !!opencv-matrix
   rows: 5
   cols: 1
   dt: d
   data: [ 1.4048319361308634e-02, -2.1645107675638424e-02,
       3.3863781997560847e-05, -1.3720493586073901e-03,
       1.2992418683867753e-02 ]
std_intrinsics: !!opencv-matrix
   rows: 18
   cols: 1
   dt: d
   data: [ 7.3673378750160257e-01, 6.8542183349239949e-01,
       1.3182470635542636e+00, 8.7045191550683387e-01,
       1.4861321129066970e-03, 5.4779715481233530e-03,
       1.1340681422665625e-04, 1.7655912609831017e-04,
       5.8380399770801943e-03, 0., 0., 0., 0., 0., 0., 0., 0., 0. ]
std_extrinsics: !!opencv-matrix
   rows: 1386
   cols: 1
   dt: d
   data: [ 1.5269424406931422e-03, 5.1930792115305281e-04,
       1.5842196823111451e-03, 2.0886309630136233e+00,
       1.4183477403543465e+00, 2.0405204727495265e+00,
       1.4936419512886073e-03, 5.3696949906855535e-04,
       1.5610205279792727e-03, 2.0802784324356005e+00,
       1.4090598057986978e+00, 2.0329241052947671e+00,
       1.5075829241137575e-03, 5.4485171738321420e-04,
       1.5623466290598340e-03, 2.0933744368207710e+00,
       1.4197181423066232e+00, 2.0436961660423436e+00,
       1.4786588609035436e-03, 5.2644228510041735e-04,
       1.5570949174009286e-03, 2.0696510420450376e+00,
       1.4031342156530755e+00, 2.0182189334608163e+00,
       1.4278936858160842e-03, 5.3655792381311553e-04,
       1.5410865185024596e-03, 2.0517772778473669e+00,
       1.3891867625957000e+00, 1.9949251975801479e+00,
       1.3915770434794062e-03, 5.4531669057428537e-04,
       1.5433603131916292e-03, 2.0461460350105773e+00,
       1.3853345074990377e+00, 1.9918452304816212e+00,
       1.3652513782546893e-03, 5.3429580689476949e-04,
       1.5254401704317391e-03, 2.0430703126899390e+00,
       1.3844733967031300e+00, 1.9976457214579419e+00,
       1.1819615368186349e-03, 5.2303506553499565e-04,
       1.4022991691056083e-03, 2.0276423848501555e+00,
       1.3768550743653554e+00, 2.0239066315483694e+00,
       1.2241317239705398e-03, 5.1775064305707274e-04,
       1.4754498282677931e-03, 2.0486729853256009e+00,
       1.3901848557915233e+00, 2.0442563388160995e+00,
       1.2199096582090579e-03, 5.2650386976300868e-04,
       1.4502728183266151e-03, 2.0353824944535543e+00,
       1.3833302779801022e+00, 2.0221026701303066e+00,
       1.2629617734332028e-03, 5.4296458629947246e-04,
       1.4845709094463524e-03, 2.0313074018908601e+00,
       1.3819455151876363e+00, 1.9924738604336174e+00,
       1.2513854523393355e-03, 5.3833076284039866e-04,
       1.4721467588869454e-03, 2.0213896380878285e+00,
       1.3792536995428815e+00, 1.9671621763197564e+00,
       1.2842810668245099e-03, 5.2223596106135541e-04,
       1.4432030765240439e-03, 2.0041985855514821e+00,
       1.3695922943420220e+00, 1.9300647683272603e+00,
       1.3503816722913134e-03, 5.1553639590944372e-04,
       1.4710816575848676e-03, 2.0051566558332725e+00,
       1.3619081660993144e+00, 1.9262322494867821e+00,
       1.4805724371206432e-03, 5.1693123800310191e-04,
       1.5239868425084670e-03, 2.0442656985538648e+00,
       1.3865344204276298e+00, 1.9534719035852319e+00,
       1.4835377193859927e-03, 5.0945356860186523e-04,
       1.5099765307103690e-03, 2.0487646175122958e+00,
       1.3947790968291445e+00, 1.9677045270507372e+00,
       1.5919559570672435e-03, 5.1275275929575041e-04,
       1.5303962206969469e-03, 2.0672592287378899e+00,
       1.4060727463892211e+00, 1.9459369851723072e+00,
       1.6039898773947878e-03, 5.3685012911402433e-04,
       1.5046252687362283e-03, 2.0646389938576752e+00,
       1.4106812113035003e+00, 1.9464265034215289e+00,
       1.5982748389480235e-03, 5.0874550633855757e-04,
       1.4856116855731681e-03, 2.0507827283181927e+00,
       1.3924097873970052e+00, 1.9099565477309288e+00,
       1.6549336680754289e-03, 5.4972228634949099e-04,
       1.5488462655225287e-03, 2.0886053334187991e+00,
       1.4089716949354927e+00, 1.9278990991139355e+00,
       1.6755375931794064e-03, 5.5197444278441091e-04,
       1.5983309601937932e-03, 2.1201951445715141e+00,
       1.4317364301969044e+00, 1.9984578346111697e+00,
       1.7129025179938408e-03, 5.2179957894502829e-04,
       1.5972194158210102e-03, 2.1162317461627440e+00,
       1.4319542140322346e+00, 1.9859239618056965e+00,
       1.7210582585218386e-03, 5.1682351791328444e-04,
       1.5783290806356699e-03, 2.1138326116189203e+00,
       1.4326728651799634e+00, 1.9764689907872868e+00,
       1.7237641449958511e-03, 5.0785489918017419e-04,
       1.5643456024548065e-03, 2.1126919064120928e+00,
       1.4368860849587128e+00, 1.9785722468884774e+00,
       1.7791456221299708e-03, 5.0311064018543003e-04,
       1.5793722986643588e-03, 2.1139996362453428e+00,
       1.4471253861744569e+00, 1.9828232503923418e+00,
       1.7034415744660277e-03, 4.9469151129087369e-04,
       1.5361390540192851e-03, 2.0921332658696445e+00,
       1.4297606683015078e+00, 1.9808640204504886e+00,
       1.6656687891073694e-03, 4.8879355059188616e-04,
       1.5320950826401445e-03, 2.0879211503452484e+00,
       1.4190761396958274e+00, 1.9698963034910777e+00,
       1.6954741149113350e-03, 5.0153263931345890e-04,
       1.5841786259944018e-03, 2.1016023566583195e+00,
       1.4241040266420155e+00, 1.9711279302190794e+00,
       1.7343814352617005e-03, 4.8545917519569643e-04,
       1.5968112900564214e-03, 2.0989677144469931e+00,
       1.4254663372131533e+00, 1.9471581174853565e+00,
       1.6369341946558898e-03, 5.2323283122979918e-04,
       1.5708759182592106e-03, 2.0951526948503982e+00,
       1.4201050789858605e+00, 1.9901448471703862e+00,
       1.5945501981546454e-03, 5.2155897297294167e-04,
       1.5512914835028703e-03, 2.0705248180467288e+00,
       1.4010390582946510e+00, 1.9510395700709411e+00,
       1.5903577899771056e-03, 5.3338454310941413e-04,
       1.5690507036339727e-03, 2.0687261047803438e+00,
       1.3976217032488429e+00, 1.9374063768821010e+00,
       1.6139067066659593e-03, 5.5084043619937375e-04,
       1.6361786756071022e-03, 2.0924885346495743e+00,
       1.4130914190579362e+00, 1.9708422511614709e+00,
       1.5461780864159751e-03, 5.7072177214718229e-04,
       1.6373781949090113e-03, 2.0673675143571741e+00,
       1.3992184155184861e+00, 2.0543741554333450e+00,
       1.5197119740757723e-03, 5.9534829683689577e-04,
       1.7111458800189089e-03, 2.0554061789377882e+00,
       1.3985494836114751e+00, 2.1392922306021651e+00,
       1.4942735495056909e-03, 5.7855557201590699e-04,
       1.7114567124556603e-03, 2.0598703932735241e+00,
       1.4105903389327741e+00, 2.1553677559569397e+00,
       1.5318861409609826e-03, 5.8032150973432969e-04,
       1.7463586414577211e-03, 2.0811403864575482e+00,
       1.4325465020778756e+00, 2.2375557367061778e+00,
       1.5770508783827795e-03, 5.8836337404408721e-04,
       1.8725225430315606e-03, 2.1192378673157530e+00,
       1.4543173253709913e+00, 2.2260610430500560e+00,
       1.6434325115052670e-03, 5.9031687397479294e-04,
       1.8527126619094518e-03, 2.0962561773772612e+00,
       1.4473380788489472e+00, 2.3077593533652467e+00,
       1.5004553514444182e-03, 5.7448888602209505e-04,
       1.7684673355113352e-03, 2.0944170210205195e+00,
       1.4368052627295671e+00, 2.1810140518350707e+00,
       1.4756673032999454e-03, 5.6808029853117601e-04,
       1.7248306080990695e-03, 2.0816637261869646e+00,
       1.4222828890104522e+00, 2.1382469843396033e+00,
       1.4628209295898425e-03, 5.6092829593415406e-04,
       1.6925803041725666e-03, 2.0653965948682056e+00,
       1.4068886507273575e+00, 2.1027924294846909e+00,
       1.4534670121324723e-03, 5.4132659849165030e-04,
       1.6331163554125416e-03, 2.0435569041834949e+00,
