%YAML:1.0
---
summary: "Filter by time and points, rd=20, rs=0, sp=5, sf=0."
init_cam_calib: C99-1010_3p_3
camera_matrix: !!opencv-matrix
   rows: 3
   cols: 3
   dt: d
   data: [ 2.5768615529927638e+03, 0., 1.8863058682323096e+03, 0.,
       2.5707509565680639e+03, 1.0866180392692411e+03, 0., 0., 1. ]
dist_coeff: !!opencv-matrix
   rows: 5
   cols: 1
   dt: d
   data: [ 2.4876141305054868e-02, -5.3409411451816838e-02,
       -7.8052100371094166e-04, -1.2738151109421602e-03,
       3.9160789849454591e-02 ]
std_intrinsics: !!opencv-matrix
   rows: 18
   cols: 1
   dt: d
   data: [ 2.1370069146160211e+00, 1.9551146608212198e+00,
       4.0340613947786768e+00, 2.6646068667884206e+00,
       4.4683364977147070e-03, 1.6974281340336995e-02,
       3.5724906726833367e-04, 5.4409095765090888e-04,
       1.8501976262462933e-02, 0., 0., 0., 0., 0., 0., 0., 0., 0. ]
std_extrinsics: !!opencv-matrix
   rows: 648
   cols: 1
   dt: d
   data: [ 3.0573435121751219e-03, 9.6413935940516528e-04,
       3.5296414891767859e-03, 6.3166095263067916e+00,
       4.2549149541024134e+00, 4.6722548114675853e+00,
       2.9499215273078639e-03, 1.0600628497052563e-03,
       3.4366807493963936e-03, 6.3349675720005356e+00,
       4.2452482150483606e+00, 4.6561867624433599e+00,
       2.8737024471195902e-03, 9.8624802696644872e-04,
       3.3082690299373833e-03, 6.3027253564820134e+00,
       4.2559785011297135e+00, 4.7213394594571643e+00,
       2.8154487558854761e-03, 1.0650592135643194e-03,
       3.4380982149673192e-03, 6.2088098326369892e+00,
       4.1856725461359972e+00, 4.5222548061828194e+00,
       2.6307983600505624e-03, 1.0330857358666200e-03,
       3.2284828106633645e-03, 6.1714740336252518e+00,
       4.1356592313289786e+00, 4.5616763462189569e+00,
       2.2553921451147966e-03, 9.6103046015452178e-04,
       3.2053647606977466e-03, 6.1573701544035799e+00,
       4.1578264188462004e+00, 4.3986503941060446e+00,
       2.3663015954679804e-03, 1.0702533961754938e-03,
       3.2779543494843902e-03, 6.1436737095481062e+00,
       4.1305276735325647e+00, 4.5514474947379915e+00,
       2.3970461219724238e-03, 1.1524143364204111e-03,
       3.4422233514406196e-03, 6.1439953512168222e+00,
       4.1283626174409358e+00, 4.6465974001879431e+00,
       2.9751106003720776e-03, 1.0160521751680211e-03,
       3.3967227841919336e-03, 6.0925607963180752e+00,
       4.0885192869345266e+00, 4.2765182719565829e+00,
       2.8416900102715436e-03, 9.4868353399510657e-04,
       3.3452742443514064e-03, 6.2046416331652150e+00,
       4.1789975414307685e+00, 4.4283380045971592e+00,
       3.7653214025438180e-03, 1.1152586747119231e-03,
       3.5789732099966195e-03, 6.3123134412427300e+00,
       4.2280727654669539e+00, 4.7123194185482529e+00,
       3.5131318211310708e-03, 1.0273285962182066e-03,
       3.4486376148057597e-03, 6.3949001641729604e+00,
       4.2741916128623343e+00, 4.4262169049179354e+00,
       3.1216844863253628e-03, 9.9049573046020045e-04,
       3.5393555930791354e-03, 6.3918039032100840e+00,
       4.2782086993585704e+00, 4.3910074974709792e+00,
       3.4262082970965653e-03, 1.0335954999984051e-03,
       3.6313161162482913e-03, 6.3183219717424626e+00,
       4.2408781910703999e+00, 4.5436164509420953e+00,
       3.9333877889224872e-03, 9.2968045280733688e-04,
       3.3686546323111986e-03, 6.3018973763838959e+00,
       4.2245246678865520e+00, 4.6155615083319583e+00,
       3.5174096895294492e-03, 1.1291935619570394e-03,
       3.9688282110728586e-03, 6.4075812498692315e+00,
       4.3323441967313245e+00, 5.1825569029729142e+00,
       2.6566699322421081e-03, 1.0519248768479119e-03,
       3.8422451039733293e-03, 6.2308583037793097e+00,
       4.2079205094668337e+00, 4.3024468710367376e+00,
       3.3311687742447024e-03, 1.0625884118793600e-03,
       3.7041932080415694e-03, 5.7666789382157910e+00,
       3.8954658000320217e+00, 4.5010309127378170e+00,
       2.2197722786646244e-03, 9.6470542474682674e-04,
       3.2850528995865863e-03, 5.0272725737409969e+00,
       3.4052450708090825e+00, 3.6460526060040008e+00,
       5.6869857075696074e-03, 1.6643718200856463e-03,
       5.0301908313625512e-03, 4.5284211535766259e+00,
       3.1123298965324713e+00, 4.5963946139520262e+00,
       6.2592232775255862e-03, 1.8423212697360725e-03,
       5.9613885285527083e-03, 4.3371522021139679e+00,
       2.9572276485592228e+00, 5.6388619342888679e+00,
       3.8739066908625077e-03, 1.0498499956702026e-03,
       3.6818597757767493e-03, 4.0387692743701633e+00,
       2.8319309631602443e+00, 3.5939058617618560e+00,
       2.2186784059560834e-03, 8.9156835162341650e-04,
       3.1691597459687338e-03, 4.7072135680989318e+00,
       3.1844458093423631e+00, 2.6952588539945954e+00,
       2.3668159974926644e-03, 9.6901081598835552e-04,
       3.2135452977654698e-03, 5.2014532193615359e+00,
       3.4754306612270920e+00, 2.9553862348500131e+00,
       2.5977775694802875e-03, 9.7703996260490493e-04,
       3.3480868937952549e-03, 5.4015374927946080e+00,
       3.6103901565013743e+00, 3.0424226518583146e+00,
       2.4175381516505089e-03, 9.3684684206333569e-04,
       3.2247302459727208e-03, 5.2960150949684346e+00,
       3.5522315685931822e+00, 2.8590761722765952e+00,
       1.8649022356788895e-03, 1.0545134696366054e-03,
       3.8189174378918701e-03, 5.3156188877939572e+00,
       3.5698919133773863e+00, 3.0372002950116999e+00,
       1.8313562526039418e-03, 1.0550098475405690e-03,
       3.5068000672172474e-03, 5.3059879168022519e+00,
       3.5588965629946090e+00, 3.0938575584346411e+00,
       1.7971051244584069e-03, 1.1329195402614688e-03,
       3.6631081575435238e-03, 5.2857504069340457e+00,
       3.5456663255966041e+00, 3.2696031279031854e+00,
       1.8067380473080672e-03, 1.0142613981383010e-03,
       3.6213641937177564e-03, 5.2472277753294732e+00,
       3.5170196068794350e+00, 2.9652859608443736e+00,
       2.6696663387249867e-03, 9.8919453853609169e-04,
       3.5560725291717940e-03, 5.3502093696961586e+00,
       3.5745549007564419e+00, 3.0149054017574981e+00,
       3.2196718185030977e-03, 1.1866484213983682e-03,
       4.0414276374951151e-03, 5.4094971328301495e+00,
       3.6924959083130422e+00, 4.5742266418420847e+00,
       2.4123345272448102e-03, 9.0665347238161548e-04,
       3.1765739903518893e-03, 5.5054491698937413e+00,
       3.6939809719214156e+00, 3.3232488423514299e+00,
       2.7658609237355674e-03, 9.7754233187992293e-04,
       3.2963668130663029e-03, 5.4964945253549722e+00,
       3.6963490766038025e+00, 3.4008676916971416e+00,
       2.7804122720524894e-03, 9.8944693243398761e-04,
       3.1729058587045616e-03, 5.5724163961287667e+00,
       3.7306741585834837e+00, 3.2321822038948134e+00,
       2.4588109825005723e-03, 1.1031817675680585e-03,
       3.6264735698234300e-03, 5.5841340684648317e+00,
       3.7613536937462810e+00, 3.4258506796518233e+00,
       2.1070826463089089e-03, 9.4725545211955114e-04,
       3.6143957872259613e-03, 5.5743172000347982e+00,
       3.7738415506060718e+00, 3.1907294627522824e+00,
       2.7605850742258363e-03, 1.1976275437761339e-03,
       3.5882822889942039e-03, 5.5392883260845656e+00,
       3.7290981663578080e+00, 3.3825804022731716e+00,
       2.1691880487205088e-03, 1.0569920351044108e-03,
       3.7726280639976775e-03, 5.6827239268925647e+00,
       3.8286469086627393e+00, 3.4795824518229299e+00,
       2.6990247932263747e-03, 1.1275849080996396e-03,
       3.3641636064808854e-03, 6.0331434659499532e+00,
       4.0582813415649426e+00, 3.5585312475914734e+00,
       2.8870272243683537e-03, 1.4683419050066154e-03,
       3.4377655740225653e-03, 6.3528987689844225e+00,
       4.2828682244305210e+00, 4.5458787586915950e+00,
       3.6126706189715425e-03, 2.4406203996261218e-03,
       4.3999190214915928e-03, 6.3864308851352165e+00,
       4.3561083171036419e+00, 7.5457293385729454e+00,
       2.8503102334665022e-03, 1.9498606335923341e-03,
       3.5930996260078074e-03, 6.1263492093699394e+00,
