%YAML:1.0
---
summary: "Filter by distance, md=150, ds=10."
init_cam_calib: C99-1010_3p_3
camera_matrix: !!opencv-matrix
   rows: 3
   cols: 3
   dt: d
   data: [ 2.5667397726859467e+03, 0., 1.8756377715816050e+03, 0.,
       2.5695479777492137e+03, 1.0841352028074562e+03, 0., 0., 1. ]
dist_coeff: !!opencv-matrix
   rows: 5
   cols: 1
   dt: d
   data: [ 1.3831815428689938e-02, -1.6961261795006465e-02,
       -2.0669829999635478e-04, -1.5959134495832084e-03,
       5.3873733244647780e-03 ]
std_intrinsics: !!opencv-matrix
   rows: 18
   cols: 1
   dt: d
   data: [ 6.0292257435178509e-01, 5.6061637878698056e-01,
       1.0652776202448024e+00, 7.0633714009331938e-01,
       1.2250337325083358e-03, 4.5446216372166592e-03,
       9.2532789208184062e-05, 1.4311472172891479e-04,
       4.8814660084749092e-03, 0., 0., 0., 0., 0., 0., 0., 0., 0. ]
std_extrinsics: !!opencv-matrix
   rows: 1902
   cols: 1
   dt: d
   data: [ 1.4428999563341298e-03, 4.9339965599839183e-04,
       1.4592141375597591e-03, 1.7008040622347060e+00,
       1.1708111437621440e+00, 1.8656919333050874e+00,
       1.4389107922801085e-03, 4.9339080438880764e-04,
       1.4534063626679607e-03, 1.6980800926510384e+00,
       1.1688330679694263e+00, 1.8606390869194520e+00,
       1.4180685225430899e-03, 5.0878013652179324e-04,
       1.4409545802085448e-03, 1.6948092903804288e+00,
       1.1628023532123501e+00, 1.8573927582503891e+00,
       1.4196789570372346e-03, 5.2010442358065598e-04,
       1.4381702805922251e-03, 1.7049044282647365e+00,
       1.1714715372646989e+00, 1.8730839038541560e+00,
       1.3968272965588662e-03, 5.0015278837786290e-04,
       1.4322806439735307e-03, 1.6852370751812973e+00,
       1.1571803754923351e+00, 1.8449194977759193e+00,
       1.3678846160826948e-03, 5.0616203085023447e-04,
       1.4243901189901055e-03, 1.6784298624763414e+00,
       1.1509861116068405e+00, 1.8372491924556034e+00,
       1.3286438913913080e-03, 5.1445742550482046e-04,
       1.4134077651109119e-03, 1.6682677874293437e+00,
       1.1428135038823770e+00, 1.8226748614612056e+00,
       1.3110396414932174e-03, 5.0631915948211824e-04,
       1.4078953782859305e-03, 1.6632940788299098e+00,
       1.1392016001948027e+00, 1.8143340042671214e+00,
       1.2745903069666888e-03, 5.0719541370125999e-04,
       1.3950326154571621e-03, 1.6652059247762672e+00,
       1.1415629627853674e+00, 1.8328736204614542e+00,
       1.1121028102665039e-03, 4.9583622622262021e-04,
       1.2795537938242818e-03, 1.6513774940468133e+00,
       1.1341493231631739e+00, 1.8502190095534294e+00,
       1.1492288690319946e-03, 4.8768102174694128e-04,
       1.3503217165523843e-03, 1.6697642598322584e+00,
       1.1449692763027062e+00, 1.8680510744308774e+00,
       1.1582349896709651e-03, 4.9477836249096875e-04,
       1.3485591825520441e-03, 1.6667520083249137e+00,
       1.1451561187376518e+00, 1.8642764575184234e+00,
       1.1488416172486839e-03, 5.0612068389344826e-04,
       1.3296669108920291e-03, 1.6576745544852538e+00,
       1.1423066957082413e+00, 1.8462635020125302e+00,
       1.1895358089094568e-03, 5.1522750945596693e-04,
       1.3575827487563301e-03, 1.6537938296305477e+00,
       1.1409160703446519e+00, 1.8207625600846915e+00,
       1.1788436139485361e-03, 5.1089161359632812e-04,
       1.3452870975186413e-03, 1.6458306137710443e+00,
       1.1405190302734964e+00, 1.7968229006178797e+00,
       1.1956214032606430e-03, 5.0040951718887782e-04,
       1.3220706356749114e-03, 1.6360016403896618e+00,
       1.1371026151381622e+00, 1.7726655955185404e+00,
       1.2739986704120747e-03, 4.8958396508489354e-04,
       1.3467772800728642e-03, 1.6325238314428596e+00,
       1.1239578609573990e+00, 1.7583886473766992e+00,
       1.3988558769674978e-03, 4.9104326135016691e-04,
       1.4011278362689814e-03, 1.6645522875689802e+00,
       1.1442557330852758e+00, 1.7837386715320307e+00,
       1.3910598236540701e-03, 4.8497374729339755e-04,
       1.3789414076649227e-03, 1.6633144699417683e+00,
       1.1486347812900908e+00, 1.7884349090661427e+00,
       1.4220636126762317e-03, 4.8256354351995125e-04,
       1.3692316990862796e-03, 1.6653485691509207e+00,
       1.1524925071853744e+00, 1.7797453053314602e+00,
       1.5136526555522267e-03, 4.9730059062988701e-04,
       1.3954510697398706e-03, 1.6804777973301195e+00,
       1.1654167242603901e+00, 1.7695844416278086e+00,
       1.5286317039866202e-03, 5.1737991754794300e-04,
       1.3815981689345091e-03, 1.6746325962134023e+00,
       1.1688801331180683e+00, 1.7716812160286834e+00,
       1.5037291538974294e-03, 4.9764964379721071e-04,
       1.3502055051600988e-03, 1.6596928837315010e+00,
       1.1500483470282226e+00, 1.7349509996603010e+00,
       1.5115290128501486e-03, 4.8313071552036991e-04,
       1.3664576235925289e-03, 1.6699258940113180e+00,
       1.1508567360719291e+00, 1.7414059038258860e+00,
       1.5484247566739313e-03, 4.9155237325920580e-04,
       1.4093520871886361e-03, 1.6891880024651329e+00,
       1.1600456154788148e+00, 1.7668918454308247e+00,
       1.5540156612625785e-03, 5.2315504215600544e-04,
       1.4263332121854954e-03, 1.7026149947864486e+00,
       1.1632827942674131e+00, 1.7745899610327327e+00,
       1.6373136565368185e-03, 4.8555372087958596e-04,
       1.4683395944022281e-03, 1.7133987955432546e+00,
       1.1731093305412219e+00, 1.7628089143282488e+00,
       1.5977945612561154e-03, 5.1726307713849515e-04,
       1.4642265168231200e-03, 1.7169113919534396e+00,
       1.1733611464286338e+00, 1.7935235227064761e+00,
       1.6203149964546882e-03, 4.9454474413754225e-04,
       1.4715134378306038e-03, 1.7226050981367040e+00,
       1.1808769609428345e+00, 1.8113606625758774e+00,
       1.6288587187784647e-03, 4.9062655016815667e-04,
       1.4580486202001946e-03, 1.7214455237177997e+00,
       1.1828676282305211e+00, 1.8034007327252777e+00,
       1.6485847828770492e-03, 4.7532711991967727e-04,
       1.4601540674215768e-03, 1.7194719359666624e+00,
       1.1852722192684588e+00, 1.7874796913732596e+00,
       1.6425505630564504e-03, 4.7596991876355408e-04,
       1.4433081115272036e-03, 1.7189340645136164e+00,
       1.1937320440423922e+00, 1.8144279016064564e+00,
       1.7304086159176790e-03, 4.9553051767985210e-04,
       1.4823289582896113e-03, 1.7191396394393170e+00,
       1.2058580790745701e+00, 1.8122568324793025e+00,
       1.6730013613175468e-03, 4.8432111428055302e-04,
       1.4432991244277681e-03, 1.7050647115084685e+00,
       1.1897690629201076e+00, 1.7874427250566307e+00,
       1.6115473491418457e-03, 4.6958777000641544e-04,
       1.4158222234057661e-03, 1.7041717231749647e+00,
       1.1842484557623056e+00, 1.8070829529667092e+00,
       1.5857538042199964e-03, 4.5917414256865943e-04,
       1.4062259801501053e-03, 1.6985755798054243e+00,
       1.1738457982724564e+00, 1.7906195724553546e+00,
       1.5722225128646777e-03, 4.6600159558486426e-04,
       1.4164314593223255e-03, 1.7010601652461397e+00,
       1.1699862994291250e+00, 1.7943849340351381e+00,
       1.5872081728672259e-03, 4.7978518217319281e-04,
       1.4596375313567450e-03, 1.7175122280501220e+00,
       1.1792598768344464e+00, 1.8324424578791356e+00,
       1.5671975350855312e-03, 4.6360890222706173e-04,
       1.4277377070888088e-03, 1.7053699474534112e+00,
       1.1734599497134204e+00, 1.8160645487206668e+00,
       1.6413837702589087e-03, 4.6080362172242682e-04,
       1.4751280808617108e-03, 1.7105405578878903e+00,
       1.1778089155319085e+00, 1.7731742144098008e+00,
       1.5628282524067401e-03, 4.8542362847705882e-04,
       1.4329911492071683e-03, 1.6957188861263026e+00,
       1.1666623885429448e+00, 1.7813340500774713e+00,
       1.5206124738967391e-03, 4.9512798430506513e-04,
       1.4323890826029770e-03, 1.6952107651659523e+00,
       1.1643065536964516e+00, 1.8041300622722301e+00,
       1.5042708287216770e-03, 5.0664637952055227e-04,
       1.4474894021957656e-03, 1.6845997227576006e+00,
