%YAML:1.0
---
summary: "Filter by distance, md=250."
init_cam_calib: C99-1010_3p_3
camera_matrix: !!opencv-matrix
   rows: 3
   cols: 3
   dt: d
   data: [ 2.5641955712197896e+03, 0., 1.8671418303516368e+03, 0.,
       2.5687664013288158e+03, 1.0830206877401520e+03, 0., 0., 1. ]
dist_coeff: !!opencv-matrix
   rows: 5
   cols: 1
   dt: d
   data: [ 1.4106874293108732e-02, -1.6885467457431871e-02,
       3.0324731637934425e-04, -1.9047146314679466e-03,
       5.2964237118043904e-03 ]
std_intrinsics: !!opencv-matrix
   rows: 18
   cols: 1
   dt: d
   data: [ 9.3271102999635724e-01, 8.6952174550549943e-01,
       1.6365661106435059e+00, 1.0855789896971766e+00,
       1.8614848373004938e-03, 6.8616679365564367e-03,
       1.4088635846804754e-04, 2.1982166811967813e-04,
       7.3262449606541673e-03, 0., 0., 0., 0., 0., 0., 0., 0., 0. ]
std_extrinsics: !!opencv-matrix
   rows: 1008
   cols: 1
   dt: d
   data: [ 1.6170573042012318e-03, 5.4538687049307749e-04,
       1.7337275605873764e-03, 2.5783294170923470e+00,
       1.7439274102107776e+00, 2.2770632909765882e+00,
       1.5832554674819030e-03, 5.6434000293925396e-04,
       1.7110096789945367e-03, 2.5671364785147270e+00,
       1.7332404282720857e+00, 2.2662347968592935e+00,
       1.5966076190346622e-03, 5.7155356642061693e-04,
       1.7103795687788280e-03, 2.5838971036735949e+00,
       1.7450597398778778e+00, 2.2803907548420899e+00,
       1.5468405354656465e-03, 5.5646267720357054e-04,
       1.6993501992343368e-03, 2.5462489480179826e+00,
       1.7201755742089979e+00, 2.2427297319089967e+00,
       1.4924643928219713e-03, 5.6868376538218802e-04,
       1.6907285467211903e-03, 2.5295911890857536e+00,
       1.7084787471384995e+00, 2.2277662316483284e+00,
       1.4611188054472267e-03, 5.6152880095476231e-04,
       1.6861492917335640e-03, 2.5220196157748331e+00,
       1.7050203494632745e+00, 2.2278541520018180e+00,
       1.2591222941487051e-03, 5.5112943611994628e-04,
       1.5537802278571360e-03, 2.5031292146426480e+00,
       1.6963704531464534e+00, 2.2568025021445184e+00,
       1.3084593840031200e-03, 5.4941046922062228e-04,
       1.6279187354569975e-03, 2.5262207599869035e+00,
       1.7105801076791238e+00, 2.2745705053736800e+00,
       1.3190367456764477e-03, 5.6983062601887737e-04,
       1.6135669923402151e-03, 2.5125640473505988e+00,
       1.7018553485104553e+00, 2.2395811629185420e+00,
       1.3400498682083341e-03, 5.6896922307153922e-04,
       1.6512712985883380e-03, 2.5045320251539187e+00,
       1.6974902358581150e+00, 2.2123716017191351e+00,
       1.3499635304544183e-03, 5.5394824209268668e-04,
       1.6012383196189945e-03, 2.4802350637665356e+00,
       1.6848266468275626e+00, 2.1712507822731544e+00,
       1.5930718662151681e-03, 5.2964056308848323e-04,
       1.6583944553133325e-03, 2.5274216789751947e+00,
       1.7121383342680496e+00, 2.1862185945605721e+00,
       1.6933143816360906e-03, 5.4892598803862500e-04,
       1.6593245610771468e-03, 2.5464577831879156e+00,
       1.7242919534368935e+00, 2.1727956156744881e+00,
       1.7140507505089681e-03, 5.3681180997936558e-04,
       1.6545490282241929e-03, 2.5437381042462781e+00,
       1.7166028554125796e+00, 2.1474028934372069e+00,
       1.7441131241358726e-03, 5.7640991825582918e-04,
       1.7000757787577966e-03, 2.5935535326681749e+00,
       1.7462388991251288e+00, 2.2105703902726286e+00,
       1.8159829566609983e-03, 5.4743222022975201e-04,
       1.7310704990149473e-03, 2.6161909676507031e+00,
       1.7655498884923013e+00, 2.2308110557803791e+00,
       1.8403320020974716e-03, 5.2673175858472499e-04,
       1.7228111077652105e-03, 2.6060023843844635e+00,
       1.7615412277797844e+00, 2.1967990997209981e+00,
       1.8795923104681829e-03, 5.2882855421043304e-04,
       1.7219471219618050e-03, 2.6094030226029852e+00,
       1.7726712012189358e+00, 2.2199974624640952e+00,
       1.7681326796564988e-03, 5.1733501151868309e-04,
       1.6635179625773253e-03, 2.5672408105849502e+00,
       1.7421153141554346e+00, 2.2088539148709878e+00,
       1.7581102254757687e-03, 5.1692207256621298e-04,
       1.6837392572726817e-03, 2.5755943973750091e+00,
       1.7422402892900521e+00, 2.2045923428964613e+00,
       1.6863640916477156e-03, 5.4780884386818008e-04,
       1.6953097018975304e-03, 2.5559432838955960e+00,
       1.7239748187663522e+00, 2.1837866936812969e+00,
       1.7065298459952452e-03, 5.7832894997463945e-04,
       1.7811407118293618e-03, 2.5828303700365618e+00,
       1.7405915958307572e+00, 2.2069745274606825e+00,
       1.6356839596774109e-03, 5.9924065568342478e-04,
       1.7847428686899125e-03, 2.5508556852290845e+00,
       1.7230396178216174e+00, 2.2884448267131434e+00,
       1.6081229453389935e-03, 6.2549219701743151e-04,
       1.8630480294215496e-03, 2.5351949074031750e+00,
       1.7212807176124942e+00, 2.3748912511614444e+00,
       1.5805900938079976e-03, 6.0838168735947713e-04,
       1.8626493681070239e-03, 2.5403974604209432e+00,
       1.7344569093579019e+00, 2.3946224449087614e+00,
       1.6200735575291818e-03, 6.1031183205067835e-04,
       1.8975138100594329e-03, 2.5662239620949654e+00,
       1.7599958348435012e+00, 2.4811774169277214e+00,
       1.6578918074944820e-03, 6.1418613693329702e-04,
       2.0160289836838731e-03, 2.6150661550757737e+00,
       1.7855304755800909e+00, 2.4539585757326998e+00,
       1.7240419323015180e-03, 6.1917383454579064e-04,
       1.9811210843379214e-03, 2.5686089360904707e+00,
       1.7630643693661827e+00, 2.5353212025861915e+00,
       1.5974065169926939e-03, 6.0394177853482513e-04,
       1.9218660554071072e-03, 2.5805011310131500e+00,
       1.7612592924558006e+00, 2.4134216894424005e+00,
       1.5567602683771069e-03, 5.9220617623432213e-04,
       1.8518962337022800e-03, 2.5537237904951233e+00,
       1.7364915416183866e+00, 2.3442214267553099e+00,
       1.5408561757089627e-03, 5.6952707776201754e-04,
       1.7882210821293224e-03, 2.5214668445184332e+00,
       1.7104582371818677e+00, 2.2761689249720476e+00,
       1.4021637363807616e-03, 5.4239667840901213e-04,
       1.7089954375322115e-03, 2.3836451218293835e+00,
       1.6221910408233808e+00, 2.1312514004241550e+00,
       1.3692822073051775e-03, 5.1980375276997537e-04,
       1.6015110649430903e-03, 2.2876135716410695e+00,
       1.5537218994540569e+00, 1.9683558357216757e+00,
       1.2689755333018657e-03, 4.9781321832601520e-04,
       1.5572643575949689e-03, 2.1723564778417952e+00,
       1.4796635991208607e+00, 1.8512239374738952e+00,
       1.1817731376575348e-03, 4.9620766300480538e-04,
       1.5862043353000608e-03, 2.0343750025143019e+00,
       1.3901552829810409e+00, 1.6983819918336378e+00,
       1.2910087592485847e-03, 4.7408478792226199e-04,
       1.5267387876012873e-03, 1.9552610170944360e+00,
       1.3414350745961561e+00, 1.6545021346220472e+00,
       1.6181369071058358e-03, 4.8334521927547526e-04,
       1.5171903321848962e-03, 1.9094709552395905e+00,
       1.3107326398944790e+00, 1.6709779601825707e+00,
       2.9872477666023764e-03, 1.0782377459443706e-03,
       3.1055688320813062e-03, 2.0633819590743463e+00,
       1.3345049477387743e+00, 2.7716808774605037e+00,
       3.5035943401036927e-03, 1.2081471094581807e-03,
       3.3909058367304749e-03, 2.1781543274549389e+00,
       1.4264678515314073e+00, 3.3716420937529161e+00,
       3.0752133671301538e-03, 9.9941690265935778e-04,
       3.1416871550320330e-03, 1.9381012321463886e+00,
       1.3111666976845928e+00, 2.8319976952368831e+00,
       2.7082038238457982e-03, 7.2492576853166676e-04,
       2.4171608592615059e-03, 1.7114407185777358e+00,
       1.2284672956605911e+00, 2.1548821102870304e+00,
       1.9870263528195802e-03, 5.4924218653579682e-04,
       1.7751239580417052e-03, 1.6522847647784482e+00,
       1.1767006621795297e+00, 1.7016563291795175e+00,
       1.4535829640270649e-03, 4.8777225384354192e-04,
       1.5757428524030006e-03, 1.7016495301091608e+00,
