%YAML:1.0
---
summary: "Filter by time and points, rd=20, rs=10, sp=5, sf=2."
init_cam_calib: C99-1010_3p_3
camera_matrix: !!opencv-matrix
   rows: 3
   cols: 3
   dt: d
   data: [ 2.5695120845625311e+03, 0., 1.8716879526106648e+03, 0.,
       2.5713586452840896e+03, 1.0830165555999945e+03, 0., 0., 1. ]
dist_coeff: !!opencv-matrix
   rows: 5
   cols: 1
   dt: d
   data: [ 1.2108073748833539e-02, -1.0774196863717058e-02,
       -1.3286424158886873e-03, -2.0306874149127155e-03,
       1.8069451581089570e-03 ]
std_intrinsics: !!opencv-matrix
   rows: 18
   cols: 1
   dt: d
   data: [ 1.7895005761020830e+00, 1.6354557374950611e+00,
       3.3697276350991032e+00, 2.2460201770027561e+00,
       3.8633282773484563e-03, 1.4779326439733724e-02,
       2.9959487837158606e-04, 4.5659024993938488e-04,
       1.6299896955160043e-02, 0., 0., 0., 0., 0., 0., 0., 0., 0. ]
std_extrinsics: !!opencv-matrix
   rows: 642
   cols: 1
   dt: d
   data: [ 2.9708877066785184e-03, 8.6610281459412674e-04,
       3.0734412920300088e-03, 5.2668600761499027e+00,
       3.5573107792447844e+00, 4.0245166977455025e+00,
       2.4110047862002291e-03, 8.5106392927769342e-04,
       2.7561281416056292e-03, 5.2763491157821916e+00,
       3.5576026473401523e+00, 3.8451692038176275e+00,
       2.6739555538578875e-03, 8.2229174150843360e-04,
       3.0603208842949767e-03, 5.2597879230651872e+00,
       3.5475596309983284e+00, 3.8689589308659698e+00,
       2.2980157779514828e-03, 8.8078710424038234e-04,
       2.7277040838790331e-03, 5.1569064133827194e+00,
       3.4876595829626407e+00, 3.6525291437357725e+00,
       2.3161625628862082e-03, 8.7886970002462161e-04,
       2.8060586746240287e-03, 5.1717826697035729e+00,
       3.4996180602888876e+00, 3.8796263068117245e+00,
       2.2172711110329387e-03, 8.4077230767068141e-04,
       2.7474133432659927e-03, 5.1625381161417065e+00,
       3.4808090167973877e+00, 3.8626609352269297e+00,
       2.1729562598269522e-03, 9.0564445269004619e-04,
       2.9752469306733222e-03, 5.1496131109046415e+00,
       3.4841599777163155e+00, 3.9071727226453929e+00,
       2.3578232281583292e-03, 8.7808357125290424e-04,
       2.7946007493407595e-03, 5.0943148551833346e+00,
       3.4492461515510078e+00, 3.8343701658449669e+00,
       2.7807748260898079e-03, 8.0343771645733871e-04,
       3.0218603709414277e-03, 5.1694702585717796e+00,
       3.4936178896694710e+00, 3.7802638734664056e+00,
       2.3521595448817161e-03, 8.2278061077798316e-04,
       2.6997154009265598e-03, 5.1397514313128303e+00,
       3.4621978036227814e+00, 3.6160515595579183e+00,
       2.6871079678967976e-03, 8.5280999151993338e-04,
       2.6847248096572717e-03, 5.3133900309878070e+00,
       3.5769791156171911e+00, 3.5670193597079565e+00,
       2.6611667845405080e-03, 9.6222180220533219e-04,
       2.9958463270139905e-03, 5.3298718132768155e+00,
       3.5930012215477714e+00, 3.7414609943519697e+00,
       2.6582219270065858e-03, 8.3792260815939215e-04,
       2.7185445495035666e-03, 5.3115803816165439e+00,
       3.5916228295253494e+00, 3.6899317594052898e+00,
       2.6647853311620238e-03, 7.7619187032104307e-04,
       2.8069870867294048e-03, 5.2887192158053207e+00,
       3.5710105047790837e+00, 3.6949424694647597e+00,
       3.1368280206604828e-03, 9.4884663028544378e-04,
       3.2549312902131278e-03, 5.2858244333303004e+00,
       3.5647273973349551e+00, 3.9541379149588076e+00,
       2.2199385215081746e-03, 9.4281254508728858e-04,
       3.1238303094125192e-03, 5.2873924137715882e+00,
       3.6069055930909961e+00, 3.9933428142022986e+00,
       2.8004931540268258e-03, 8.6474395782503626e-04,
       3.1715136920394999e-03, 4.9864290669287383e+00,
       3.4084017855476025e+00, 4.1362055952141619e+00,
       1.8914468790590657e-03, 7.4379894991280493e-04,
       2.6482031152113839e-03, 4.5224283192536197e+00,
       3.0843180542679964e+00, 3.1401937789270153e+00,
       2.6223221267285108e-03, 7.4255672355872640e-04,
       3.0431160296195314e-03, 3.9547365811364790e+00,
       2.7229688356698625e+00, 2.9123754327202720e+00,
       5.3226241838756419e-03, 1.7622707372728934e-03,
       5.7511692097328400e-03, 4.1216459862848840e+00,
       2.6428412016024394e+00, 5.8274133467008458e+00,
       3.9964511090369781e-03, 1.0062319933610557e-03,
       3.2892691306983823e-03, 3.2930038026318074e+00,
       2.3600787898910740e+00, 3.5492991289511560e+00,
       1.8276346227510717e-03, 7.0688182099379619e-04,
       2.6551551665226379e-03, 3.6871598992084178e+00,
       2.5359244726019958e+00, 2.2341356541968214e+00,
       1.9202731105832905e-03, 7.4336229441481188e-04,
       2.5033524660574313e-03, 4.1876285402715308e+00,
       2.8277264655856404e+00, 2.2879061251829262e+00,
       2.2137333347733894e-03, 8.4374543147588792e-04,
       2.8091013639534100e-03, 4.4845609895030094e+00,
       3.0085824794535614e+00, 2.5954066778593052e+00,
       2.1680534964187022e-03, 7.7455233354588391e-04,
       2.7890603712700762e-03, 4.5290151209846785e+00,
       3.0457589899420547e+00, 2.5071441634827436e+00,
       1.6256266068201085e-03, 8.9631066203145092e-04,
       3.3366256091338095e-03, 4.4529501947368102e+00,
       2.9951151094494852e+00, 2.6315447376834249e+00,
       1.5899089338064080e-03, 9.8583705538815114e-04,
       2.9861414090108563e-03, 4.4358637592147776e+00,
       2.9882967128377036e+00, 2.8642562383070342e+00,
       1.6299199304858855e-03, 9.3122501729840873e-04,
       3.2384914745460032e-03, 4.4198388794542947e+00,
       2.9846109911163716e+00, 2.6487439748919370e+00,
       1.5947135087625512e-03, 1.1050948905996806e-03,
       3.2014857267221968e-03, 4.4103312266176653e+00,
       2.9665471991099075e+00, 2.9383039120465444e+00,
       2.0171047417082972e-03, 8.0040343076718721e-04,
       2.8418220710111721e-03, 4.4362087930773493e+00,
       2.9733326040381649e+00, 2.4204621353612716e+00,
       2.0091149510991411e-03, 7.8754990773426971e-04,
       2.8191332752226790e-03, 4.5248096934330144e+00,
       3.0399593555133526e+00, 2.6876814718082072e+00,
       2.2166691464728973e-03, 8.0723347812129741e-04,
       2.9266361785703788e-03, 4.5617952137709548e+00,
       3.0739380505595926e+00, 2.6793238568411768e+00,
       2.3129118993669528e-03, 8.0975651343814976e-04,
       2.8793821520334672e-03, 4.6286224653482408e+00,
       3.1265222370559473e+00, 2.9105782978286299e+00,
       2.2904476069954202e-03, 7.7540314574742512e-04,
       2.9197246179009590e-03, 4.6540127306386383e+00,
       3.1188616003528322e+00, 2.7190008043603728e+00,
       2.4601361559452193e-03, 1.0418360184551920e-03,
       3.3481193972247510e-03, 4.6306028182024939e+00,
       3.1404847231400073e+00, 3.1085676146202483e+00,
       1.9410855067442661e-03, 9.0395565321037459e-04,
       3.1259048050068013e-03, 4.6506307989697726e+00,
       3.1647945688757617e+00, 2.8146897264888708e+00,
       1.9847045508601642e-03, 9.9457047487000417e-04,
       3.2429388692687884e-03, 4.6419938001689003e+00,
       3.1482405215800227e+00, 3.0275327289424556e+00,
       2.3823827919425091e-03, 1.0155610214124978e-03,
       3.3142988993461265e-03, 4.6596350098583192e+00,
       3.1587557586553681e+00, 3.1923531180410101e+00,
       2.1017633275458940e-03, 8.8668118791701783e-04,
       2.9744920252220432e-03, 4.8552454624374199e+00,
       3.2896374648806126e+00, 2.9555009910701262e+00,
       2.1856655649767341e-03, 1.0401288277361103e-03,
       2.8782423981485580e-03, 5.1905262466418138e+00,
       3.4938094995690583e+00, 3.4818069002334715e+00,
       3.0292045052156885e-03, 1.8319863044065474e-03,
       3.2934834474717036e-03, 5.4270222116325222e+00,
       3.7627147750489418e+00, 5.6346875302305417e+00,
       2.7970907842615770e-03, 1.8110424612007194e-03,
       3.2755656845085907e-03, 5.1835971857283356e+00,
       3.5061559010220171e+00, 4.9559522760712866e+00,
       2.7161541817247083e-03, 2.1561502263193815e-03,
       3.1302296545792766e-03, 4.9303687432510426e+00,
