%YAML:1.0
---
summary: "Filter by distance, md=200, ds=150."
init_cam_calib: C99-1010_3p_3
camera_matrix: !!opencv-matrix
   rows: 3
   cols: 3
   dt: d
   data: [ 2.5680438914583870e+03, 0., 1.8772281055908709e+03, 0.,
       2.5708711972524347e+03, 1.0844091744675245e+03, 0., 0., 1. ]
dist_coeff: !!opencv-matrix
   rows: 5
   cols: 1
   dt: d
   data: [ 1.4037003035950200e-02, -2.1608799135425568e-02,
       2.8440742564353806e-05, -1.3579830152243213e-03,
       1.2946755680863361e-02 ]
rvec: !!opencv-matrix
   rows: 231
   cols: 3
   dt: d
   data: [ -3.0325315087239701e+00, 1.6024016589975452e-02,
       6.8790255564642692e-03, -3.0556739266633377e+00,
       5.8571451346048152e-02, -2.9787371080984629e-02,
       -3.0331525062821516e+00, 6.4683021534836321e-02,
       -7.3613592381890261e-02, -3.0599350818752939e+00,
       3.1435514407229817e-02, -1.5618403663777022e-02,
       -3.0986804229360403e+00, 6.3729903197133231e-02,
       -1.9646555616393880e-02, -3.1354497045750183e+00,
       7.2240365992843503e-02, -1.3776462287046137e-02,
       3.1102675136623898e+00, -6.0953008741862297e-02,
       1.6862718559061428e-02, 3.0388787023808463e+00,
       1.9743690214571469e-03, 1.9498070228460458e-02,
       3.0612023546342835e+00, -3.1309035496589921e-02,
       -6.0586654296903283e-02, 3.0866064903574562e+00,
       -3.1852133941191400e-02, 1.0763277289848661e-02,
       3.1305475657565469e+00, 1.2030546442520159e-02,
       5.2217690732728243e-02, -3.1122321139572455e+00,
       -1.7372689888954570e-02, -9.8290343860652038e-02,
       -3.0670619486348989e+00, -4.7883349490052945e-03,
       -1.0332328802276203e-01, -3.0735389091900647e+00,
       3.6080974457326129e-03, -6.4302492262787558e-02,
       -3.0236523524221037e+00, 1.1448832563358819e-02,
       -5.8541978823316458e-02, -2.9982749639924466e+00,
       1.1175601567835322e-02, -5.6760892102163382e-02,
       -2.9393269591332967e+00, 6.8156619364389062e-02,
       -5.7400203345015929e-02, -2.9083111666221355e+00,
       1.2120628072487981e-01, -1.0518481039780248e-01,
       -2.9193885902452341e+00, 1.2964448142190829e-01,
       -5.9231630433985806e-02, -2.9408224403331489e+00,
       1.3979798292408646e-01, -1.1006866002349695e-01,
       -2.9726342785650468e+00, 1.0148281844948792e-01,
       -8.0265560745398465e-02, -2.9383362461689519e+00,
       1.1755132167416606e-01, 8.2388369091767645e-03,
       -2.9083051301369016e+00, 1.2780442097173009e-01,
       -1.1576893775377416e-02, -2.8840204631478472e+00,
       1.2069253311213128e-01, -1.5317716877644109e-02,
       -2.8505577063793677e+00, 1.1823382435823092e-01,
       1.3523015130432624e-02, -2.8773607764958689e+00,
       1.2248328130915916e-01, 1.9441384206354658e-02,
       -2.9082460242592245e+00, 1.1105993717655424e-01,
       5.6126912542523798e-02, -2.9318645544307924e+00,
       6.9500179410294502e-02, 6.4093871952736040e-02,
       -2.9000079635501388e+00, 9.3845228553869370e-02,
       1.2039017542686463e-01, -2.9593417887096658e+00,
       8.5162722415725187e-02, -3.8348410511543307e-02,
       -2.9829365818856770e+00, 5.9910132929969502e-02,
       -4.7753021752463230e-02, -3.0087303387528217e+00,
       6.2724750426518400e-02, -4.9944666967114706e-02,
       -3.0393596508362286e+00, 4.9654824749523638e-02,
       -4.7078644129036826e-02, -3.0763194786280486e+00,
       3.5444595759745061e-02, -1.1629818142604585e-01,
       -3.1356319634213516e+00, 2.6198761391378885e-02,
       -1.1470526837343901e-01, 3.0855447695749612e+00,
       -3.3499578264529047e-02, 5.6149700548885059e-02,
       3.0481917462248420e+00, -1.7317580119502372e-02,
       7.2841726606791913e-03, 3.0806248865186481e+00,
       -1.8970890961292911e-02, -1.1420597492790163e-01,
       3.0372924380290542e+00, -1.5889959430913429e-02,
       -2.3498298172968019e-02, 3.0606706307521780e+00,
       -2.7243349673895254e-03, -2.2539321340361906e-02,
       3.0817696080683801e+00, 2.6942265704874426e-02,
       -1.2540378733108646e-02, 3.1092062882209981e+00,
       4.4016794666370339e-02, -2.3703759383710696e-02,
       -3.1410548069928423e+00, 1.8196993394791812e-03,
       6.4670074389410540e-02, 3.1314531411706201e+00,
       -7.2673617880699174e-03, -6.3662191062866608e-02,
       -3.1313386806424184e+00, 5.7842669094370067e-02,
       3.6547743732793313e-02, 3.1246022600939694e+00,
       -7.4916711043656714e-02, -3.6373770313563009e-02,
       3.1036992999758057e+00, -9.2971071402116176e-02,
       -8.0502997718307767e-02, 3.0821061684825533e+00,
       -1.4252364996404265e-01, -6.6749712065518912e-02,
       3.0574711753924566e+00, -1.5169083594751531e-01,
       4.3549533091380481e-02, 3.0187204054474104e+00,
       -1.0365136264015515e-01, 2.1947042085876833e-01,
       2.9567168201613265e+00, -9.9915987153129548e-02,
       6.2709418895985525e-01, 2.9146920696179426e+00,
       -8.9659799727519682e-02, 6.3159824288563582e-01,
       2.9358054792881405e+00, -7.5254612141435001e-02,
       5.4387580794594759e-01, 2.9857145593705252e+00,
       -1.3668465200601684e-01, 4.4591591910318096e-01,
       3.0113240558903378e+00, -1.0304369794107839e-01,
       1.8585406351714712e-01, 3.0343438157333193e+00,
       -5.7088004355013808e-02, -5.7491578754381628e-02,
       3.0716971254150023e+00, -5.5631514757616025e-02,
       -1.6793585328578078e-01, 3.0865131201584735e+00,
       -9.9469016751359638e-03, -3.8448649228065324e-01,
       -3.0695160549373761e+00, -7.6389557447005277e-02,
       5.6002408344136045e-01, -3.0326954455971449e+00,
       -6.2353133211980015e-02, 7.3596027716884282e-01,
       -3.0040910894582882e+00, -1.5463724966400974e-03,
       7.5604502008957208e-01, -2.9714012080959287e+00,
       1.7830199412101119e-02, 7.6618559686877608e-01,
       -2.9479386068419400e+00, -5.8665373770270361e-02,
       8.5155364051720928e-01, -3.0053193359692285e+00,
       -1.3959562257992770e-02, 8.4862473324648302e-01,
       2.9892750052245027e+00, 3.7103194080295525e-03,
       -8.5627959160928913e-01, -3.0295657243568890e+00,
       -9.1467488408458978e-03, 8.0999015072148983e-01,
       3.0253972713999211e+00, 2.5310168631880958e-02,
       -8.4943915708796447e-01, -2.9345182403383934e+00,
       -5.6052866413676225e-02, 7.4423850687573367e-01,
       -2.8780200834705196e+00, -2.1635888287461547e-02,
       7.1523029819681760e-01, -2.8379463996449461e+00,
       -4.9213425185730382e-03, 7.1219645554097388e-01,
       -2.7955178963682612e+00, -1.0424526279248841e-02,
       7.0114355556553365e-01, -2.7423622277114297e+00,
       -3.5594772446486912e-03, 6.5238003127799937e-01,
       -2.7344071315201313e+00, 6.3695365985125513e-02,
       6.8231263589545976e-01, -2.7749286184877922e+00,
       2.5864808533375593e-02, 7.1304474067537071e-01,
       -2.7504021552705873e+00, 3.1438207053486107e-02,
       6.7473534225392673e-01, -2.7824882925063101e+00,
       8.3650914698337450e-02, 7.4752720990056920e-01,
       -2.8042113721042816e+00, 1.1723665216386178e-01,
       7.6871045179115050e-01, -2.8536754130069086e+00,
       1.1526955303896053e-01, 7.9448706726614227e-01,
       -2.9034250630703222e+00, 1.3831598245085014e-01,
       7.7053606599420343e-01, -2.9488907190177689e+00,
       1.5489864865289327e-01, 7.4618043734504080e-01,
       -3.0299967257615417e+00, 1.5608076600699336e-01,
       6.6283008738018223e-01, 3.0687796043966991e+00,
       -1.6649885651192151e-01, -6.5673313295628355e-01,
       3.0213926710327845e+00, -1.1324119420983832e-01,
       -6.6714571840032455e-01, 2.9398521873373991e+00,
       -4.7896000192306047e-02, -8.2192018897370700e-01,
       2.9890854079921412e+00, -5.8291397050081940e-02,
       -7.1674298952792970e-01, 2.9692376839410448e+00,
       4.8892613375722477e-03, -8.1804195686924763e-01,
       3.0138062940997026e+00, 1.0601997157616257e-02,
       -8.3235669016845215e-01, -3.0070309223998724e+00,
       -2.0123409012175165e-02, 8.6660377088059393e-01,
