%YAML:1.0
---
summary: "Filter by time, rd=20, rs=15."
init_cam_calib: C99-1010_3p_3
camera_matrix: !!opencv-matrix
   rows: 3
   cols: 3
   dt: d
   data: [ 2.5761436030208101e+03, 0., 1.8771492368966958e+03, 0.,
       2.5784945525117864e+03, 1.0874494406153351e+03, 0., 0., 1. ]
dist_coeff: !!opencv-matrix
   rows: 5
   cols: 1
   dt: d
   data: [ 2.5329586483403638e-02, -4.8989628433960146e-02,
       2.2453634490820945e-04, -1.3226900058494603e-03,
       3.0838747347371118e-02 ]
std_intrinsics: !!opencv-matrix
   rows: 18
   cols: 1
   dt: d
   data: [ 7.1610355652801583e-01, 6.5357463130579496e-01,
       1.3356717082311322e+00, 8.9432436616677669e-01,
       1.4691326995902559e-03, 5.4204028305050288e-03,
       1.1985324422519930e-04, 1.8080709964598906e-04,
       5.7676662212826791e-03, 0., 0., 0., 0., 0., 0., 0., 0., 0. ]
std_extrinsics: !!opencv-matrix
   rows: 642
   cols: 1
   dt: d
   data: [ 1.0226027547691906e-03, 3.5647988509806525e-04,
       1.1803169248039253e-03, 2.0839300111462684e+00,
       1.4134622046707948e+00, 1.5540951766317490e+00,
       1.0169703977580889e-03, 3.5471480447860131e-04,
       1.1822216987559951e-03, 2.0931242084296962e+00,
       1.4204109522876613e+00, 1.5657143565027229e+00,
       1.0126679594058198e-03, 3.4934929286853985e-04,
       1.1788955886385850e-03, 2.0741408428458303e+00,
       1.4077597733072413e+00, 1.5458965637073083e+00,
       8.9249947720812961e-04, 3.5548635958925379e-04,
       1.1356963608467757e-03, 2.0468479544411649e+00,
       1.3905236230369626e+00, 1.5429409510085734e+00,
       8.3982368067930075e-04, 3.4287877236230727e-04,
       1.1259797946813607e-03, 2.0444439677949440e+00,
       1.3935485606823961e+00, 1.5712370742154487e+00,
       8.4842837062041167e-04, 3.5512215963466294e-04,
       1.1269259179196146e-03, 2.0397272667763340e+00,
       1.3875556585751871e+00, 1.5494003280186659e+00,
       8.4871010114250997e-04, 3.5633053311975198e-04,
       1.1224674293175657e-03, 2.0415186979695177e+00,
       1.3882413881353171e+00, 1.5505436848187693e+00,
       9.0308853416182255e-04, 3.4525053539358501e-04,
       1.1195404170194249e-03, 2.0044236002893880e+00,
       1.3618598276482947e+00, 1.4829122799697847e+00,
       1.0090223644285867e-03, 3.3910972792630548e-04,
       1.1435964074378747e-03, 2.0476197554929363e+00,
       1.3900526609004740e+00, 1.5057748657149106e+00,
       1.1094802607822577e-03, 3.4277395073346173e-04,
       1.1473027854910427e-03, 2.0724912412763357e+00,
       1.4034674019260347e+00, 1.4859438338294664e+00,
       1.1514488317501436e-03, 3.5459363518167852e-04,
       1.1854154474400030e-03, 2.1133036903705187e+00,
       1.4310279804421959e+00, 1.5167095789919967e+00,
       1.1626272978976125e-03, 3.4741207950213964e-04,
       1.1902734465387642e-03, 2.1199154892869849e+00,
       1.4367038959423388e+00, 1.5283642091966743e+00,
       1.2391957239529807e-03, 3.4803551896531984e-04,
       1.1936255071766980e-03, 2.1143769494163527e+00,
       1.4391755809291511e+00, 1.5368936778831346e+00,
       1.1531143074066390e-03, 3.3465114627966356e-04,
       1.1863305404648755e-03, 2.1039487255368767e+00,
       1.4287326032868641e+00, 1.5220620899826771e+00,
       1.0764032682450231e-03, 3.8606478373079910e-04,
       1.3140215327731551e-03, 2.0644195946657078e+00,
       1.4222580954096797e+00, 1.7254130728276571e+00,
       1.0138553717599121e-03, 3.7656627208072308e-04,
       1.2861209903701828e-03, 2.0785827806299801e+00,
       1.4212672495253422e+00, 1.6214260216405585e+00,
       9.1998764922938449e-04, 3.4495609489037425e-04,
       1.1840151031557158e-03, 1.9422113939518419e+00,
       1.3287022528280266e+00, 1.4764539373044503e+00,
       8.1600175364296033e-04, 3.1133250119748634e-04,
       1.0883118834228774e-03, 1.7393193594629250e+00,
       1.1917362277640149e+00, 1.2684136293624810e+00,
       1.2124031390870673e-03, 3.4719775969917037e-04,
       1.1756866020592386e-03, 1.5191741943958497e+00,
       1.0537620134694901e+00, 1.2448700671260076e+00,
       2.0338751031739452e-03, 6.8415776972596473e-04,
       2.0576711356929270e-03, 1.4952179632039428e+00,
       1.0198883345028245e+00, 1.9883983353678414e+00,
       1.5231244408971912e-03, 3.5895992888467491e-04,
       1.3014995605857276e-03, 1.3206714404175677e+00,
       9.5077069096653033e-01, 1.2709189606332969e+00,
       7.1289234928605474e-04, 2.8737859483229640e-04,
       1.0189190606017791e-03, 1.5143235359521465e+00,
       1.0373325241222719e+00, 8.7883328070009603e-01,
       7.8385206748965430e-04, 3.0975030863518227e-04,
       1.0691660668463187e-03, 1.6922356548864501e+00,
       1.1470190458455198e+00, 9.5792918730075838e-01,
       8.4808462297113608e-04, 3.2664655505986259e-04,
       1.1174393943150990e-03, 1.7886802876353654e+00,
       1.2102481867230646e+00, 1.0240077709719686e+00,
       8.4971373581638166e-04, 3.2623309591151028e-04,
       1.1143954995622976e-03, 1.7821462387886320e+00,
       1.2052039233733722e+00, 1.0238004885578460e+00,
       6.3943532229119942e-04, 3.4546658774534919e-04,
       1.2231350012530809e-03, 1.7540282560129223e+00,
       1.1887113451478388e+00, 1.0193373783396522e+00,
       6.3169231888707484e-04, 3.6082357967128089e-04,
       1.2098576293135268e-03, 1.7634588556542685e+00,
       1.1952104298759376e+00, 1.0487774482827954e+00,
       6.3020016978451330e-04, 3.7316102099891783e-04,
       1.2410562729729153e-03, 1.7569240185771120e+00,
       1.1912696388319226e+00, 1.0676714756992214e+00,
       6.2567756316736403e-04, 3.7443196294665698e-04,
       1.2841272616927802e-03, 1.7335973355122931e+00,
       1.1776551164992075e+00, 1.0585865310567846e+00,
       8.3084472161105755e-04, 3.2431891790046970e-04,
       1.1018530009005161e-03, 1.7611969467245494e+00,
       1.1916078344764174e+00, 1.0034347866064708e+00,
       8.6528212479537389e-04, 3.1895248166903057e-04,
       1.1173077240866555e-03, 1.7943881176289000e+00,
       1.2158617588154241e+00, 1.0795122395192382e+00,
       8.3641273123350108e-04, 3.1404439228051176e-04,
       1.0935895696989033e-03, 1.8189042181944566e+00,
       1.2324657686051881e+00, 1.0920555030009322e+00,
       8.8104308235394373e-04, 3.2609024091803722e-04,
       1.1115822378547776e-03, 1.8271412051296045e+00,
       1.2372573941179412e+00, 1.1136607355267727e+00,
       8.3567807244042862e-04, 3.1886473490838960e-04,
       1.0604066436818132e-03, 1.8205505980495957e+00,
       1.2295152109287675e+00, 1.0451063632359345e+00,
       8.5136862161556916e-04, 3.8505508329336665e-04,
       1.2746354867079724e-03, 1.8610689877963624e+00,
       1.2664230146128526e+00, 1.1641336018804955e+00,
       7.8813131041722162e-04, 3.5806656285351947e-04,
       1.2634212475223583e-03, 1.8429287868242987e+00,
       1.2560247596605381e+00, 1.1299880287881052e+00,
       8.2943683286028325e-04, 3.7869757529378141e-04,
       1.2661870810934013e-03, 1.8438399623909565e+00,
       1.2537295775257493e+00, 1.1242176339011261e+00,
       7.6695109021403674e-04, 3.5935589121779293e-04,
       1.2608033172520538e-03, 1.8667364277021095e+00,
       1.2735985404137717e+00, 1.1774377143208634e+00,
       8.8054682764839270e-04, 3.8106310442237923e-04,
       1.1848302168409191e-03, 1.9667178854154705e+00,
       1.3364822550319535e+00, 1.2636746047115195e+00,
       9.4171466823303246e-04, 4.5349750611797676e-04,
       1.1724410785573572e-03, 2.0771280064518454e+00,
       1.4112224488220337e+00, 1.4873838530330010e+00,
       1.1841212380025886e-03, 6.9951196447844578e-04,
       1.2773535747865382e-03, 2.1471941618530543e+00,
       1.4696175481836142e+00, 2.1326106960217470e+00,
       1.1073924902908470e-03, 7.4474834134770015e-04,
       1.2549823351743255e-03, 2.0475947067382454e+00,
       1.3887555420562556e+00, 1.9301842136096707e+00,
       9.5707255846370714e-04, 6.9810576594228765e-04,
       1.1625324471463189e-03, 1.9259488786451939e+00,
