%YAML:1.0
---
summary: "Filter by time and points, rd=20, rs=0, sp=5, sf=4."
init_cam_calib: C99-1010_3p_3
camera_matrix: !!opencv-matrix
   rows: 3
   cols: 3
   dt: d
   data: [ 2.5764244328355858e+03, 0., 1.8883265727650498e+03, 0.,
       2.5695672606237517e+03, 1.0820153026392493e+03, 0., 0., 1. ]
dist_coeff: !!opencv-matrix
   rows: 5
   cols: 1
   dt: d
   data: [ 2.0929885299601672e-02, -4.7552242750548875e-02,
       -1.0604342176276853e-03, -1.0740946432764244e-03,
       3.6846861522411754e-02 ]
std_intrinsics: !!opencv-matrix
   rows: 18
   cols: 1
   dt: d
   data: [ 1.5134953130172697e+00, 1.3798780029841891e+00,
       2.8425859052319975e+00, 1.8824339886688823e+00,
       2.9702376892951389e-03, 1.0783858526249286e-02,
       2.5017060311687569e-04, 3.7969989198643171e-04,
       1.1272695801964227e-02, 0., 0., 0., 0., 0., 0., 0., 0., 0. ]
std_extrinsics: !!opencv-matrix
   rows: 648
   cols: 1
   dt: d
   data: [ 2.2900841542483966e-03, 7.9742404723121062e-04,
       2.6942700784469342e-03, 4.4454591592852246e+00,
       2.9862579760246075e+00, 3.4319445878164636e+00,
       2.3029744235929517e-03, 7.4695461834386144e-04,
       2.5808254919203934e-03, 4.4784906670922346e+00,
       2.9992610328729432e+00, 3.2262034298964366e+00,
       2.4044734760720336e-03, 7.3546262252934577e-04,
       2.5438728658071712e-03, 4.4502588988238649e+00,
       3.0022985844336114e+00, 3.5127603563873486e+00,
       2.2649950024541230e-03, 7.3712572324032769e-04,
       2.4539173214860655e-03, 4.3856840468488549e+00,
       2.9575899030051422e+00, 3.3327539298498730e+00,
       1.5863960474870209e-03, 7.7523037684329942e-04,
       2.4325199573541410e-03, 4.3390039614105822e+00,
       2.9259261864943338e+00, 3.3410261053507742e+00,
       1.6381732084416595e-03, 7.5628116431599661e-04,
       2.3178355913733716e-03, 4.3403128124143491e+00,
       2.9283492129936795e+00, 3.2070373693281260e+00,
       1.9538014650489731e-03, 7.2118627009926431e-04,
       2.5009683748537224e-03, 4.3420905897124049e+00,
       2.9350393725728643e+00, 3.2277835614956407e+00,
       1.9438841304991262e-03, 7.6434959403665320e-04,
       2.6722473158109759e-03, 4.3506394003991815e+00,
       2.9321101665576248e+00, 3.1638792381317256e+00,
       1.9744695661226453e-03, 7.9741366172809980e-04,
       2.4531137862394076e-03, 4.2845436292050358e+00,
       2.8846214909133043e+00, 3.2271833217924955e+00,
       2.3938590814025318e-03, 7.6027001086019237e-04,
       2.4530684741452405e-03, 4.3621237420309473e+00,
       2.9315845485120002e+00, 3.1594970281497887e+00,
       3.1609099574363914e-03, 7.8760991822157829e-04,
       2.4343336042007206e-03, 4.4633725767953045e+00,
       2.9891129705444892e+00, 3.2243118855528339e+00,
       2.6532158769285020e-03, 8.2523085330021471e-04,
       3.0354967315020603e-03, 4.4922076061683320e+00,
       3.0341659974539592e+00, 3.5967052174272776e+00,
       2.5527626575776482e-03, 8.0347822010913106e-04,
       2.5662018564168295e-03, 4.4892388249973454e+00,
       3.0155540682456006e+00, 3.2711361593663666e+00,
       2.4499875655007684e-03, 6.9587164772242542e-04,
       2.2837467491974889e-03, 4.4530860748211811e+00,
       3.0083638170382185e+00, 3.1453428065327915e+00,
       2.2721346460318368e-03, 6.9044488751456945e-04,
       2.5234165268271892e-03, 4.4358738140260510e+00,
       2.9894830624849735e+00, 3.0559010961418180e+00,
       2.7447962805122687e-03, 8.3693518673834042e-04,
       2.8798100298503249e-03, 4.4770885688364501e+00,
       3.0476084386570030e+00, 3.5970750955451543e+00,
       2.0421715672971157e-03, 7.6360936793537775e-04,
       2.5585176220895411e-03, 4.3644937163929480e+00,
       2.9628760456361789e+00, 3.3203916916638545e+00,
       1.7646490332488001e-03, 7.5870242970793513e-04,
       2.4357986970523142e-03, 4.0626103736027064e+00,
       2.7492291160842379e+00, 2.9690193236548104e+00,
       2.0842942957213406e-03, 6.7207427831825065e-04,
       2.4314175527033739e-03, 3.5491474688156495e+00,
       2.4259189066795055e+00, 2.6864616422330267e+00,
       3.7924242151559776e-03, 1.2637834803744944e-03,
       4.3799032855009893e-03, 3.1927695340453752e+00,
       2.1628450473703804e+00, 3.5393332158123423e+00,
       3.3265359360847300e-03, 1.0451088756180333e-03,
       3.5172504416822910e-03, 2.9539115113646366e+00,
       2.0606315347291808e+00, 3.4268525731373702e+00,
       2.6719088194454561e-03, 6.8496570366791923e-04,
       2.4200659493378127e-03, 2.8465949592859148e+00,
       2.0191501548216984e+00, 2.5649389084221124e+00,
       1.6436432437966829e-03, 6.9083990519656165e-04,
       2.2953868332224871e-03, 3.2944501476880244e+00,
       2.2363577392149603e+00, 1.9643043937616782e+00,
       1.8034394952754483e-03, 6.8579479333035680e-04,
       2.4531612405705575e-03, 3.6723877910533913e+00,
       2.4673795332945665e+00, 2.1548254228602133e+00,
       1.7637103130501387e-03, 6.5622810604237607e-04,
       2.3592214729077623e-03, 3.8037208711059884e+00,
       2.5555096891594347e+00, 2.0800865807340116e+00,
       1.6185545564010996e-03, 6.8449918494036237e-04,
       2.2518522466929980e-03, 3.7369435731605853e+00,
       2.5045916238066419e+00, 2.1085136245863301e+00,
       1.3277995780662123e-03, 7.2758511299299375e-04,
       2.4633622123133459e-03, 3.7376993707112112e+00,
       2.5215759502450079e+00, 2.1451128975557898e+00,
       1.4320081160757172e-03, 7.6497523690618682e-04,
       2.5896367235082869e-03, 3.7594850980062247e+00,
       2.5227259941920543e+00, 2.2097450053528789e+00,
       1.3043481120688857e-03, 7.8879935725715904e-04,
       2.6062269419843309e-03, 3.7195813881284572e+00,
       2.5047782813613142e+00, 2.2148454330124774e+00,
       1.2748169843539250e-03, 6.9702131116302463e-04,
       2.5921283204937565e-03, 3.6826631630979443e+00,
       2.4846970137126401e+00, 2.0282490708145340e+00,
       1.7267960571857742e-03, 6.9186218927984333e-04,
       2.4083590596541706e-03, 3.7603770003974692e+00,
       2.5421525798408093e+00, 2.1394787503225103e+00,
       2.0273089319437455e-03, 6.5931895014161392e-04,
       2.4717102438096905e-03, 3.8026257693958074e+00,
       2.5664356047906192e+00, 2.3187489250066462e+00,
       1.8555039552049181e-03, 7.2900991030456597e-04,
       2.3420877888943362e-03, 3.8588645703422175e+00,
       2.5982706749876634e+00, 2.4489755319745528e+00,
       1.9041902324841778e-03, 7.2308260611373375e-04,
       2.3064287353435292e-03, 3.8763269741705706e+00,
       2.5970088985556901e+00, 2.2847270334331178e+00,
       1.7413436294590895e-03, 6.5034334523927841e-04,
       2.1977636659077904e-03, 3.9265307904098781e+00,
       2.6302576516714296e+00, 2.1504559327964770e+00,
       1.8435349192473898e-03, 8.0956500501056558e-04,
       2.7162716161034969e-03, 3.9360154029075631e+00,
       2.6541411933490489e+00, 2.4334915054937718e+00,
       1.9688477739715354e-03, 8.7525884690037303e-04,
       2.8012914177736373e-03, 3.9308117893276759e+00,
       2.6462146330365810e+00, 2.6475075440648097e+00,
       1.5800396900293658e-03, 6.9006000137614848e-04,
       2.6280819481495844e-03, 3.9004568591827335e+00,
       2.6445496649465805e+00, 2.1921566446329486e+00,
       1.6166255658045983e-03, 7.6485024699812917e-04,
       2.7141056901488054e-03, 4.0099598208946707e+00,
       2.7036248433974914e+00, 2.4820265736976532e+00,
       1.9667036768450351e-03, 9.5264918178093229e-04,
       2.6777030815818290e-03, 4.2545277778755874e+00,
       2.8641921254741041e+00, 3.0753209937178134e+00,
       2.0931469419190780e-03, 1.0708434137650965e-03,
       2.4246619287751283e-03, 4.4772725421934849e+00,
       3.0151741726627281e+00, 3.5092717705644141e+00,
       2.3296714332218392e-03, 1.4596610632244633e-03,
       2.8424356853355647e-03, 4.4865316411438751e+00,
       3.0348404355397354e+00, 4.7524172727805984e+00,
       2.4839445726377342e-03, 1.6736615482591897e-03,
       2.6094729127759380e-03, 4.3254194319891495e+00,
