%YAML:1.0
---
summary: "Filter by time, rd=10, rs=0."
init_cam_calib: C99-1010_3p_3
camera_matrix: !!opencv-matrix
   rows: 3
   cols: 3
   dt: d
   data: [ 2.5726329201903714e+03, 0., 1.8748848462878000e+03, 0.,
       2.5704856339469156e+03, 1.0854520692022436e+03, 0., 0., 1. ]
dist_coeff: !!opencv-matrix
   rows: 5
   cols: 1
   dt: d
   data: [ 1.6658465377725237e-02, -2.9077960142051669e-02,
       -8.5038748012698589e-04, -2.0407986804434888e-03,
       1.7948403744289257e-02 ]
rvec: !!opencv-matrix
   rows: 215
   cols: 3
   dt: d
   data: [ -3.0317594105444834e+00, 1.6131020571254706e-02,
       7.9164857946533457e-03, -3.0445433982025754e+00,
       3.4984371814571563e-02, -1.7716510932712433e-02,
       -3.0559557292281583e+00, 7.0784021885004322e-02,
       -5.8293662848629572e-02, -3.0422425537088968e+00,
       3.4172265771164109e-03, -7.7075993277541152e-02,
       -3.0399469156670818e+00, 4.0981743940521238e-03,
       -3.2565719051872055e-02, -3.0287266961450778e+00,
       1.4402764575195348e-02, -1.5182938814312352e-02,
       -3.0926220399842190e+00, 5.5786914279178736e-02,
       -1.5447973221153584e-02, 3.1032978952089816e+00,
       -3.4899105316353325e-02, 2.4248773490228290e-02,
       3.0808120714974505e+00, -3.8107536386904943e-02,
       7.0399484827911776e-03, 3.0676041914604970e+00,
       4.3611842983968196e-02, 1.6364781210720342e-02,
       3.0803094014431003e+00, -3.2199667543976351e-02,
       6.7890223846832831e-04, 3.0926929249228396e+00,
       -2.4376523854238046e-04, 2.5816447228084669e-02,
       3.0896727545951825e+00, -2.3369438890601172e-02,
       1.5802024637963739e-02, 3.0952916358139020e+00,
       -3.6092949165944653e-02, 2.6748486744578612e-02,
       3.1027899130072285e+00, -3.5502458376887773e-03,
       4.3954064910581271e-02, -3.0959674915239344e+00,
       -1.3219443901362211e-02, -1.0462406115780380e-01,
       -3.0670976739890885e+00, 2.6932448025386420e-02,
       -4.9167418803598956e-02, -3.0380718749379483e+00,
       1.1266682979571568e-02, -6.3402687716623995e-02,
       -2.9809292221556953e+00, 3.2471638015980721e-02,
       -7.9626289362569810e-02, -2.9070411679807431e+00,
       1.4194542850238417e-01, -9.3644273701264547e-02,
       -2.9406477204246477e+00, 1.4015210508001591e-01,
       -1.0924192431195999e-01, -2.9417218570788428e+00,
       1.6048599261255767e-01, -4.6365828658445962e-02,
       -2.9588587631194341e+00, 9.3874371989012440e-02,
       -6.1518675501904645e-02, -2.9509009886043991e+00,
       1.1254171055770940e-01, -1.5408680754835834e-02,
       -2.9083200439927515e+00, 1.2808664394617628e-01,
       -1.0901074546405641e-02, -2.8813844891080218e+00,
       1.2414428986701591e-01, -1.7201520659842876e-02,
       -2.8451292701689050e+00, 1.2310250652176712e-01,
       -1.7759852081218205e-02, -2.8891983831708465e+00,
       1.1317744327642866e-01, 7.9956434306685115e-02,
       -2.9431078151976742e+00, 5.4309967872087479e-02,
       9.9133069585013181e-02, -3.0388483859468445e+00,
       4.9865786467025851e-02, -4.6344492700923529e-02,
       3.0925898010371271e+00, -1.7596619920710634e-02,
       -7.7777406231519242e-02, 3.0511382184241147e+00,
       -6.4196961624272929e-03, -2.2466851235462128e-02,
       3.1135473303439958e+00, 1.9825851137677944e-02,
       -3.3279788171993570e-02, 3.1311038166122542e+00,
       -9.5399538372929714e-03, -8.6776775780449525e-02,
       3.1332535096632688e+00, -4.9882360391186207e-03,
       -4.8951965836168017e-02, 3.1306922529100918e+00,
       -8.3915553716370217e-02, -8.4757929741211702e-03,
       3.1037757368668264e+00, -9.2919884749850981e-02,
       -8.1818041695090230e-02, 3.0625104560128014e+00,
       -1.5072942639432821e-01, 9.0110068882278988e-04,
       3.0049186907272158e+00, -1.0057442528506394e-01,
       4.8987407040001169e-01, 2.9156901994270310e+00,
       -5.2785673139112130e-02, 6.0925915207496517e-01,
       2.9847647258903041e+00, -1.3727817065962364e-01,
       4.4431096881893167e-01, 3.0135853532821795e+00,
       -7.0475480096641355e-02, 9.4609166196380559e-02,
       3.0674688376640811e+00, -6.5219248716625960e-02,
       -1.4038958320612524e-01, -3.0880886366950064e+00,
       -6.5517437209124979e-02, 5.2395933340013578e-01,
       -3.0441966974568082e+00, -9.5277201837589448e-02,
       7.2123141995609719e-01, -3.0020617328571748e+00,
       -1.2827979959872263e-03, 7.5952145853766395e-01,
       -2.9524020577820616e+00, -6.3338187354709200e-03,
       7.7897385318108348e-01, -2.9516702895871769e+00,
       -4.3432129465773212e-02, 8.4727380888008419e-01,
       -2.9359506583504786e+00, -6.3146780124937033e-02,
       8.5844261632928276e-01, -2.9448699301916359e+00,
       -2.8619740268668641e-02, 8.6184283545197549e-01,
       -2.9842094307900515e+00, -3.3458677259398566e-03,
       8.7094679350559778e-01, 3.0138278203663287e+00,
       8.4545533867508797e-03, -8.4688112170801788e-01,
       2.9798755300054656e+00, 8.3952186562029022e-03,
       -8.6247828125175319e-01, 2.9687268644017251e+00,
       2.5284598985780192e-02, -8.6900670648810208e-01,
       2.9621447746726690e+00, -9.6374325236825529e-04,
       -8.6213436700768076e-01, 2.9865905704649300e+00,
       3.4311668481237963e-03, -8.5866834710492890e-01,
       2.9940714259539063e+00, -4.5409785313056264e-03,
       -8.4937993999325878e-01, 2.9980554432289792e+00,
       -1.4445269594303953e-02, -8.5226297984757726e-01,
       3.0217274763249864e+00, 2.8247446214991340e-02,
       -8.5118422586923614e-01, -2.9761666356472585e+00,
       -3.3799953163154033e-02, 8.7490911676060712e-01,
       -2.9787082791328015e+00, -4.9954247929676718e-02,
       8.0179983755730588e-01, -2.8763461753182713e+00,
       -2.1405350709504115e-02, 7.1877864112826062e-01,
       -2.7087749874400786e+00, 3.2921068686631819e-02,
       6.3157517787467543e-01, -2.7536356635378856e+00,
       3.1968651990472607e-02, 7.1545259693536500e-01,
       -2.7339267158346212e+00, 3.1365360145615494e-02,
       6.9918193952782570e-01, -2.7313590860352752e+00,
       3.8732719005818858e-02, 7.3292123354615191e-01,
       -2.7305550793097946e+00, 4.5410823312581922e-02,
       7.2866846665528462e-01, -2.7657587256590079e+00,
       7.6277235606104263e-02, 7.3839343616842013e-01,
       -2.8713329578747926e+00, 1.2098186773093453e-01,
       7.8249195671654415e-01, 3.0475052165976546e+00,
       -1.4297123173074175e-01, -6.7996700032135871e-01,
       2.9875171515510455e+00, -8.3069248758611366e-02,
       -7.7649805071519018e-01, 2.9671420402773454e+00,
       -3.1780159499886461e-02, -7.7348670139499021e-01,
       2.9804427268047129e+00, -5.0836859288133892e-03,
       -7.7472549305394134e-01, 2.9655520337083452e+00,
       -8.2671307281218295e-03, -8.1760886180827763e-01,
       2.9517102448461117e+00, -5.6398470527684104e-02,
       -7.8681061912399308e-01, 2.9963690659977562e+00,
       -4.3291619152396037e-02, -7.0351817682941353e-01,
       2.9746968138332432e+00, 1.2976832596703833e-02,
       -8.1800415720984732e-01, -3.0029040507930511e+00,
       -9.9248632654956818e-03, 8.8931522178961908e-01,
       -2.9414469169260844e+00, -4.9904982136386000e-02,
       9.9968010205791402e-01, -2.9022983147170405e+00,
       -5.2218048169509271e-02, 1.0471674631639223e+00,
       -2.9019999125396754e+00, -4.6623124408587589e-02,
       1.0930240828000777e+00, -2.9011741231541146e+00,
       -1.1105025432383960e-01, 1.0600953198584182e+00,
       -2.9265750934318748e+00, -8.3964188159230280e-03,
       1.1225173914163107e+00, -2.9055615476824639e+00,
       3.3637609052604996e-02, 1.1472727812216306e+00,
       2.8583637286514083e+00, 1.5303204046706412e-02,
       -1.3467148652746157e+00, -2.7603097051998486e+00,
       -4.8165801521136739e-02, 1.5049352529951838e+00,
       2.7481043989619320e+00, 4.3204688388306864e-02,
       -1.4736502951883423e+00, 2.7398671148331797e+00,
       6.4907834788293567e-02, -1.5510673084317910e+00,
