%YAML:1.0
---
summary: "Filter by time, rd=10, rs=0."
init_cam_calib: C99-1010_3p_3
camera_matrix: !!opencv-matrix
   rows: 3
   cols: 3
   dt: d
   data: [ 2.5726329201903714e+03, 0., 1.8748848462878000e+03, 0.,
       2.5704856339469156e+03, 1.0854520692022436e+03, 0., 0., 1. ]
dist_coeff: !!opencv-matrix
   rows: 5
   cols: 1
   dt: d
   data: [ 1.6658465377725237e-02, -2.9077960142051669e-02,
       -8.5038748012698589e-04, -2.0407986804434888e-03,
       1.7948403744289257e-02 ]
std_intrinsics: !!opencv-matrix
   rows: 18
   cols: 1
   dt: d
   data: [ 5.2460873993406321e-01, 4.7951975458266677e-01,
       9.8542206072165905e-01, 6.5599067157260460e-01,
       1.0692373022094231e-03, 3.9321545504011806e-03,
       8.7460951891827506e-05, 1.3282475068018373e-04,
       4.1662289523119265e-03, 0., 0., 0., 0., 0., 0., 0., 0., 0. ]
std_extrinsics: !!opencv-matrix
   rows: 1290
   cols: 1
   dt: d
   data: [ 1.0624072097411789e-03, 3.5881818742097545e-04,
       1.1142972119446474e-03, 1.5564408128602865e+00,
       1.0646426498253294e+00, 1.4234026065942595e+00,
       1.0499984495785544e-03, 3.6483686370160432e-04,
       1.1056866011476894e-03, 1.5523104282728710e+00,
       1.0604729859329862e+00, 1.4178072790224407e+00,
       1.0515497664551003e-03, 3.7990205601765763e-04,
       1.1111209104397812e-03, 1.5617283436568199e+00,
       1.0648173515796144e+00, 1.4271937500730094e+00,
       1.0361470664184416e-03, 3.7062816424895170e-04,
       1.0996565856315130e-03, 1.5556977005478716e+00,
       1.0629552168765257e+00, 1.4236169134651140e+00,
       1.0432689864276761e-03, 3.6362000007882724e-04,
       1.1039412729155309e-03, 1.5560119354867974e+00,
       1.0643252454150163e+00, 1.4291355060952855e+00,
       1.0490793503792613e-03, 3.5841887503137087e-04,
       1.0983427244153957e-03, 1.5492208265407614e+00,
       1.0600153704374424e+00, 1.4150751080458457e+00,
       9.9941775079131503e-04, 3.6976228303031933e-04,
       1.0892048960338867e-03, 1.5338748986681976e+00,
       1.0469221067228807e+00, 1.4005451498225709e+00,
       9.3930387001533858e-04, 3.7125969228205729e-04,
       1.0720229651697932e-03, 1.5217697151095855e+00,
       1.0392069059477727e+00, 1.3926541787760494e+00,
       8.7488126003790916e-04, 3.6443889449281957e-04,
       1.0341317445636440e-03, 1.5201185898318124e+00,
       1.0392275442127290e+00, 1.4117028566653358e+00,
       8.5695460398058283e-04, 3.7055783214067005e-04,
       1.0322931908747441e-03, 1.5227916708420153e+00,
       1.0420588904301242e+00, 1.4200311054819217e+00,
       8.4899410333795174e-04, 3.6357886389832032e-04,
       1.0247089385344345e-03, 1.5193650788783994e+00,
       1.0401918890952007e+00, 1.4177569213566468e+00,
       8.5171529491757751e-04, 3.6935144619368727e-04,
       1.0287912948170328e-03, 1.5175717990577646e+00,
       1.0395044544672130e+00, 1.4095589230783463e+00,
       8.4964205236600612e-04, 3.6536172590572840e-04,
       1.0235564824341886e-03, 1.5161224006983616e+00,
       1.0383604569773850e+00, 1.4111035721255292e+00,
       8.5130145040430419e-04, 3.6712716267580493e-04,
       1.0238382488157050e-03, 1.5188731811838745e+00,
       1.0405798609069101e+00, 1.4138989241590192e+00,
       8.5653144944967811e-04, 3.7204366070480571e-04,
       1.0291086204580813e-03, 1.5173870959792932e+00,
       1.0395931086431947e+00, 1.4063630215713991e+00,
       8.7492850839423467e-04, 3.6893688312318552e-04,
       1.0299119194859623e-03, 1.5022442828191953e+00,
       1.0324655332357162e+00, 1.3660830418642114e+00,
       9.6875353479815621e-04, 3.5766612324521116e-04,
       1.0484324233697704e-03, 1.5021573129705579e+00,
       1.0264289071435986e+00, 1.3503539684988710e+00,
       1.0155755452213070e-03, 3.5951278499486580e-04,
       1.0692380254873413e-03, 1.5207868909063917e+00,
       1.0385837299353355e+00, 1.3637640040684149e+00,
       1.0362596838336873e-03, 3.5445581813624565e-04,
       1.0530395872002355e-03, 1.5282662423796594e+00,
       1.0480881666884569e+00, 1.3722351395995100e+00,
       1.1059006060976765e-03, 3.6196073536266837e-04,
       1.0349897478821779e-03, 1.5191236460805608e+00,
       1.0414242757288614e+00, 1.3294258213834798e+00,
       1.1494718445448000e-03, 3.7985349082167474e-04,
       1.0877473502463768e-03, 1.5562958633884207e+00,
       1.0576955582371921e+00, 1.3450031454293454e+00,
       1.1757336536812612e-03, 3.7349738112334884e-04,
       1.1067911515257676e-03, 1.5663847245542106e+00,
       1.0656361465472326e+00, 1.3582096875533536e+00,
       1.1809389936953756e-03, 3.7688839128740512e-04,
       1.1309250517999477e-03, 1.5757315309412698e+00,
       1.0716643193201161e+00, 1.3667282816649142e+00,
       1.1802209704264057e-03, 3.6633657759376181e-04,
       1.1211421998952181e-03, 1.5750710008015982e+00,
       1.0732403325167994e+00, 1.3833719361522439e+00,
       1.1951899291392119e-03, 3.5729192312199316e-04,
       1.1082972758903345e-03, 1.5749367906487559e+00,
       1.0752114272509341e+00, 1.3790126800019460e+00,
       1.1911909443531074e-03, 3.4992484920155304e-04,
       1.0920433647085323e-03, 1.5700122032016981e+00,
       1.0752889149237559e+00, 1.3762406216328551e+00,
       1.2229242915246469e-03, 3.5659380504985408e-04,
       1.0936267182536897e-03, 1.5593340221182528e+00,
       1.0756425813530379e+00, 1.3736983305145700e+00,
       1.1787560560899196e-03, 3.3423040878185410e-04,
       1.0857795563560706e-03, 1.5589353861624147e+00,
       1.0683657759106322e+00, 1.3703637883502320e+00,
       1.1473874208777065e-03, 3.4055600779144712e-04,
       1.0972253234174149e-03, 1.5548423152499800e+00,
       1.0635281007615327e+00, 1.3831700987203492e+00,
       1.1213873784064914e-03, 3.8061669902485408e-04,
       1.1478437392558830e-03, 1.5591279999308447e+00,
       1.0610209317439034e+00, 1.3743085112159017e+00,
       1.0900196945494080e-03, 4.0383492084359712e-04,
       1.3019622918025867e-03, 1.5783480247961810e+00,
       1.0880183393434897e+00, 1.5401752347807633e+00,
       1.0589145098527885e-03, 4.0026457671508774e-04,
       1.2451569588664009e-03, 1.5594760223214934e+00,
       1.0786163500491837e+00, 1.5360672044253392e+00,
       9.9564019066645387e-04, 3.8014653788843793e-04,
       1.1538307041828954e-03, 1.5329583431559433e+00,
       1.0509805013174229e+00, 1.4420991409533745e+00,
       9.4575539487133458e-04, 3.6331056576108174e-04,
       1.1194983556276916e-03, 1.4741735851555491e+00,
       1.0113588733400278e+00, 1.3812119330534951e+00,
       9.2334174819617076e-04, 3.5475098215767049e-04,
       1.0940564147099085e-03, 1.4233413888894777e+00,
       9.7775598070001590e-01, 1.3023851463798741e+00,
       8.4771989896310776e-04, 3.3331583664317319e-04,
       9.9974249682357867e-04, 1.3347832871292418e+00,
       9.1699151374649168e-01, 1.1877487680275047e+00,
       7.8335025213574624e-04, 3.2257077927324462e-04,
       1.0029857604205341e-03, 1.2426888567640868e+00,
       8.5703151540024147e-01, 1.0667557002461656e+00,
       9.0857584682621582e-04, 3.0976920517331480e-04,
       9.7002767789222926e-04, 1.1733103709619923e+00,
       8.1206519739456651e-01, 1.0236240169394837e+00,
       1.7868139186041185e-03, 5.4626524946221628e-04,
       1.6724824346515761e-03, 1.1962414909078682e+00,
       8.1078460504619265e-01, 1.4241487089463842e+00,
       2.3046347751739535e-03, 7.9664107672583928e-04,
       2.2203352076381384e-03, 1.3752312271869154e+00,
       8.9942597479359021e-01, 2.1929427998699307e+00,
       1.9080425594140656e-03, 6.0047807344689266e-04,
       1.9201621692578350e-03, 1.1471855212326636e+00,
       7.9315428695751000e-01, 1.6320909884150181e+00,
       1.6179146192319071e-03, 4.1331162785975510e-04,
       1.3438006969612177e-03, 1.0119580000027943e+00,
       7.4289838004345621e-01, 1.2145485202106758e+00,
       1.2270298042544724e-03, 3.5330926220548741e-04,
       1.1189737501812120e-03, 1.0111938405259466e+00,
