%YAML:1.0
---
summary: "Filter by time and points, rd=20, rs=10, sp=5, sf=0."
init_cam_calib: C99-1010_3p_3
camera_matrix: !!opencv-matrix
   rows: 3
   cols: 3
   dt: d
   data: [ 2.5723571338320826e+03, 0., 1.8770084714217833e+03, 0.,
       2.5755514257550026e+03, 1.0889314050002183e+03, 0., 0., 1. ]
dist_coeff: !!opencv-matrix
   rows: 5
   cols: 1
   dt: d
   data: [ 2.8069463113705204e-02, -4.7766371798567214e-02,
       -9.1128635949680849e-04, -1.6248544204639122e-03,
       2.2813029012634774e-02 ]
std_intrinsics: !!opencv-matrix
   rows: 18
   cols: 1
   dt: d
   data: [ 3.2482392048827515e+00, 2.9860773522337016e+00,
       5.8799433333823137e+00, 3.9054650063598206e+00,
       6.8429869311733759e-03, 2.6292280242348934e-02,
       5.2698163551017675e-04, 8.0003117176764881e-04,
       2.9070713742585848e-02, 0., 0., 0., 0., 0., 0., 0., 0., 0. ]
std_extrinsics: !!opencv-matrix
   rows: 642
   cols: 1
   dt: d
   data: [ 4.0047180909193918e-03, 1.4804803710647628e-03,
       5.5836517196889085e-03, 9.1894038220609389e+00,
       6.1831248693572300e+00, 6.6714961973664737e+00,
       4.4478775769513090e-03, 1.5248865368269208e-03,
       5.0520458088637076e-03, 9.2052344980305563e+00,
       6.1927903070756054e+00, 7.1183551369770734e+00,
       4.5154957199162659e-03, 1.5205450223132969e-03,
       5.1544070655856122e-03, 9.1687019434459138e+00,
       6.1747203309771121e+00, 6.9492093187286983e+00,
       4.6685656358870752e-03, 1.5111705313169607e-03,
       5.2719725470166592e-03, 9.0272049440890498e+00,
       6.0828546651523059e+00, 6.9487177210671636e+00,
       3.2592943966370750e-03, 1.5682088100076835e-03,
       4.8339480802463359e-03, 8.9792437996962864e+00,
       6.0909126774005857e+00, 6.8297090755138274e+00,
       3.3203131758988602e-03, 1.5651273621841216e-03,
       4.7696233788025342e-03, 8.9659472448924706e+00,
       6.0455239506206659e+00, 6.5548779087559810e+00,
       3.5454777621953849e-03, 1.5150760917027402e-03,
       4.9072118471767982e-03, 8.9819769117752468e+00,
       6.0651622530109179e+00, 6.7224908582060099e+00,
       3.4893825067159254e-03, 1.4876605150071214e-03,
       4.7215260296345190e-03, 8.8697775355730197e+00,
       5.9937052868253682e+00, 6.4084671205788108e+00,
       3.9117058931197653e-03, 1.6130738246153511e-03,
       5.1379397022476830e-03, 8.9787482069746716e+00,
       6.0352109615383798e+00, 6.3364762016088330e+00,
       5.3298147561865955e-03, 1.4577243165255682e-03,
       4.7760647110299224e-03, 8.9964036517901018e+00,
       6.0317964661215502e+00, 6.5087523641219640e+00,
       4.8584540709271243e-03, 1.5979648455246348e-03,
       5.2537602947488804e-03, 9.2620110079133564e+00,
       6.2048276757249026e+00, 6.9372780609584090e+00,
       4.9868021606814606e-03, 1.4723574676383776e-03,
       4.9856702628042577e-03, 9.3094335365703920e+00,
       6.2713817171464532e+00, 6.8293803900439158e+00,
       5.8259473475304677e-03, 1.6041006516356153e-03,
       6.3565437554294430e-03, 9.2927718066800864e+00,
       6.2888663341777216e+00, 7.2404036415326045e+00,
       5.3486144210235500e-03, 1.4061251319875507e-03,
       4.9300284117613545e-03, 9.2064079907167695e+00,
       6.1828283137758220e+00, 6.5905794821218482e+00,
       4.7962840313909893e-03, 1.5501591678922383e-03,
       5.8192772346256196e-03, 9.2693369965399341e+00,
       6.2161086201095888e+00, 6.7469906629819656e+00,
       5.0490440189552713e-03, 1.7202750553698565e-03,
       5.7889982445240877e-03, 9.1695682727381680e+00,
       6.2518595888625210e+00, 8.0421932680399149e+00,
       3.6336125696869235e-03, 1.4961325671073082e-03,
       5.0286807727131901e-03, 8.6885173509343190e+00,
       5.9095198659626336e+00, 6.4287246451749427e+00,
       3.6160845329508686e-03, 1.3987600032940213e-03,
       4.9932733966797770e-03, 7.8763256010577960e+00,
       5.3544256110591828e+00, 6.0719362402910120e+00,
       3.5422016666133657e-03, 1.2324653275090861e-03,
       4.3996979250017967e-03, 6.9073355875212190e+00,
       4.7156604673600704e+00, 5.1128077464862081e+00,
       1.1106130116122073e-02, 3.5120574256917855e-03,
       9.3809316993190908e-03, 6.6877475824171482e+00,
       4.8118966226763851e+00, 9.1427644135031514e+00,
       6.9841472376821808e-03, 1.7797715246086153e-03,
       6.5659452602436479e-03, 5.8032086933704887e+00,
       4.1697568006687149e+00, 5.9951570384771840e+00,
       3.1477137317858705e-03, 1.2439094146964992e-03,
       4.4154823691966993e-03, 6.4508372154027951e+00,
       4.4041114413365081e+00, 4.0399350550167181e+00,
       3.2400264051891544e-03, 1.3823967911408121e-03,
       4.8980349532680824e-03, 7.2705218688814579e+00,
       4.8914216347154991e+00, 4.1970019117547084e+00,
       3.6994633220507099e-03, 1.3789861073520125e-03,
       4.5083753498170696e-03, 7.7849377058769136e+00,
       5.2233013787115166e+00, 4.3716739971703857e+00,
       3.8118408188309197e-03, 1.4813864668178267e-03,
       4.8353896088717558e-03, 7.8306281969704861e+00,
       5.2562973891846845e+00, 4.4979074095794322e+00,
       3.0588516159369612e-03, 1.5024062649474448e-03,
       5.3900813660236946e-03, 7.7198907244149240e+00,
       5.2094430731403722e+00, 4.5460786237003505e+00,
       2.7342435395769139e-03, 1.7757357139329725e-03,
       6.2547266114772798e-03, 7.7795962792577171e+00,
       5.2340843656651916e+00, 4.8044450990452079e+00,
       2.6882221678110126e-03, 1.6166168525179249e-03,
       5.7167874050051007e-03, 7.7534911186305093e+00,
       5.2258925035276782e+00, 4.7564060817595859e+00,
       3.0943815107573941e-03, 1.6500670991407640e-03,
       5.4573793639861364e-03, 7.7359791403852416e+00,
       5.2160437489974809e+00, 4.7856408485206456e+00,
       3.7131675018009136e-03, 1.4282473812948695e-03,
       4.7922385723353856e-03, 7.7451866000486520e+00,
       5.2032337442912793e+00, 4.4892360438511920e+00,
       3.5613925145375797e-03, 1.3773013938845574e-03,
       4.8586215950940622e-03, 7.8678486789453688e+00,
       5.2824524381181481e+00, 4.7614872550455676e+00,
       3.8507762572286327e-03, 1.4106730075284361e-03,
       4.7182128102616159e-03, 7.9466456782768118e+00,
       5.3172352650466728e+00, 4.8784515533946387e+00,
       3.9017029700947948e-03, 1.4188994308965649e-03,
       4.8894295196689015e-03, 8.0572687161621559e+00,
       5.4214162727737731e+00, 5.0172647386289100e+00,
       3.7286791070906206e-03, 1.3949680354300611e-03,
       4.6961493490020375e-03, 8.0823036596572582e+00,
       5.4269193128153637e+00, 4.8985823878274255e+00,
       4.3229921988749498e-03, 1.8666657634814786e-03,
       5.4928230394301102e-03, 8.1059185120920283e+00,
       5.4646163666495244e+00, 5.7448839950612758e+00,
       3.6245928801782014e-03, 1.5670979534721165e-03,
       5.5358392600376397e-03, 8.1224143845546806e+00,
       5.4680342064975642e+00, 4.9880259892865864e+00,
       3.5322385834569777e-03, 1.5603806453600077e-03,
       5.5790483596677059e-03, 8.0710186701354854e+00,
       5.4375499864886923e+00, 4.9457132755817570e+00,
       3.3456482681479137e-03, 1.5319177390460213e-03,
       5.9290445829848857e-03, 8.1356388667544586e+00,
       5.5014617127971128e+00, 5.2600730594781622e+00,
       3.6212342013570249e-03, 1.6281726141060158e-03,
       5.1432078915511006e-03, 8.4763039687948840e+00,
       5.7157354128366222e+00, 5.8589114944565832e+00,
       3.8819059380640637e-03, 1.7978576589528124e-03,
       5.1096486853935020e-03, 9.0506598635221458e+00,
       6.0837745261760032e+00, 6.2664668647353157e+00,
       4.7666104237124472e-03, 2.5969058811075810e-03,
       5.1483117000551692e-03, 9.4408331705338195e+00,
       6.4359221499255490e+00, 7.8875796137752445e+00,
       4.9577469020633978e-03, 3.2668743651900543e-03,
       5.9913867298451527e-03, 9.1067449963133615e+00,
       6.1223306911189068e+00, 9.9953852368511384e+00,
       4.1134026287288107e-03, 3.1236014159577272e-03,
       5.0138341401132222e-03, 8.5563781574270639e+00,
