%YAML:1.0
---
summary: "Filter by time, rd=20, rs=5."
init_cam_calib: C99-1010_3p_3
camera_matrix: !!opencv-matrix
   rows: 3
   cols: 3
   dt: d
   data: [ 2.5652578118403599e+03, 0., 1.8849127690589987e+03, 0.,
       2.5642608621803597e+03, 1.0862313380370347e+03, 0., 0., 1. ]
dist_coeff: !!opencv-matrix
   rows: 5
   cols: 1
   dt: d
   data: [ 1.7450883591152985e-02, -3.7425404894174820e-02,
       -7.7243969708356707e-04, -7.0490467479041334e-04,
       2.3976743604227441e-02 ]
rvec: !!opencv-matrix
   rows: 107
   cols: 3
   dt: d
   data: [ -3.0356954099613449e+00, 9.3016397158290458e-03,
       -1.1952325465047015e-02, -3.0282775129797459e+00,
       5.5565567409395215e-02, -8.4789931595106768e-02,
       -3.0344657791354299e+00, 5.9389787363073477e-03,
       -2.3703792544108562e-02, 3.1355780090446590e+00,
       -7.5350936755275169e-02, 1.9882341497917844e-02,
       3.0473376561436010e+00, -2.9243165423798002e-02,
       -3.6338462388977547e-02, 3.0872246072163132e+00,
       -2.9005380217069231e-02, 7.5119154973326465e-03,
       3.0851380572902656e+00, -3.6368687375921811e-02,
       2.3695037194765022e-02, 3.0997346760560198e+00,
       -1.8966655540068381e-03, 7.5564927620609706e-02,
       -3.0432392424380863e+00, 2.6239311704308901e-02,
       -5.9898894156204174e-03, -2.9413490526321677e+00,
       9.9546345376504419e-02, -1.0669681816717165e-01,
       -2.9612431717236412e+00, 1.6122342365280481e-01,
       -7.1206242708202368e-04, -2.9606412932640351e+00,
       1.0784743076092342e-01, -3.9242732361849345e-02,
       -2.9075279120121187e+00, 1.3175810050208556e-01,
       2.4513132323741225e-02, -2.8711436807180539e+00,
       1.2507672144589563e-01, -8.7418486364879439e-03,
       -2.9325873527808319e+00, 9.7689971800376030e-02,
       -2.5316737672245810e-02, 3.0529391751657071e+00,
       -1.7850182024632719e-02, -9.4812296601100993e-03,
       -3.1165338147110875e+00, 1.7300686731767264e-02,
       9.1563499203064586e-02, 3.1422262048230940e+00,
       -5.0381840251557786e-02, -3.6470177185152303e-02,
       3.1091944278481995e+00, -1.4126893468491941e-01,
       -1.0148028480953444e-01, 2.9419825987660606e+00,
       -9.8347241763583129e-02, 6.4731614815822447e-01,
       3.0052167337357103e+00, -1.1735108790470233e-01,
       2.6917384648657167e-01, 3.0997846982738988e+00,
       -2.5858739142540631e-02, -3.2317199355465409e-01,
       -3.0177066890041053e+00, -3.9415353245220087e-02,
       7.4846808377466900e-01, -2.9526890095291445e+00,
       -3.9795094881172360e-02, 8.0025385075897149e-01,
       -2.9318851412742366e+00, -5.2424096173617922e-02,
       8.5995705495547170e-01, -3.0275356898644841e+00,
       -1.4786187237773833e-02, 8.3581569970233482e-01,
       2.9838173995460320e+00, 1.2631691309518479e-02,
       -8.4496768066001793e-01, 2.9771656595815115e+00,
       4.4577479853855845e-03, -8.5451549567602003e-01,
       2.9913662193807067e+00, -4.1902191421531749e-03,
       -8.4755711834446612e-01, -3.0096381243177572e+00,
       -1.8578115954264941e-02, 8.4298743464971027e-01,
       -2.9186422121100191e+00, -5.4583461801531820e-02,
       7.4446946407939896e-01, -2.7239517798565336e+00,
       8.4863213196597162e-02, 6.6510621962899696e-01,
       -2.7240533145604573e+00, 2.4617504037080549e-02,
       7.0958326693840668e-01, -2.7198790469497158e+00,
       5.4786875718501007e-02, 7.1919766569439336e-01,
       -3.0299746240080481e+00, 1.5607991986312356e-01,
       6.6001442327076731e-01, 2.9708468787394566e+00,
       -7.2307867943018911e-02, -7.7530799304092890e-01,
       2.9670652252323784e+00, 1.7418141254116741e-04,
       -7.9026593749559759e-01, 2.9782525393119399e+00,
       -5.9482358686217443e-02, -7.2089281883812262e-01,
       -3.0266247447514538e+00, -2.5114520839809692e-02,
       8.7458775132596223e-01, -2.9149092572524955e+00,
       -7.9631802091179274e-02, 1.0282939038070997e+00,
       -2.9358110340004853e+00, -1.2570039124273127e-01,
       1.0932162283321745e+00, -2.9184425488256509e+00,
       -3.4460419064539136e-03, 1.0896199372211592e+00,
       -2.7647370999972112e+00, -4.2555540977255592e-02,
       1.4724207181406521e+00, 2.7611567091076981e+00,
       6.4976850175064077e-02, -1.5113362486476882e+00,
       -2.6258270698500397e+00, -5.9191253563711931e-02,
       1.7055349692523527e+00, 2.7778342736159307e+00,
       -1.6249913881867986e-02, -1.4599767962093471e+00,
       2.6530420390974512e+00, -3.0751941417173027e-02,
       -1.4124184940144329e+00, 2.6585556292028176e+00,
       -8.5811029277677777e-03, -1.4593046867275223e+00,
       -2.6948962527913531e+00, -8.4417178707411403e-02,
       1.4123006227631378e+00, -2.5482554445180607e+00,
       -2.1167335254781740e-02, 1.4985414947008049e+00,
       -2.5291609311274565e+00, -5.8505579675996955e-02,
       1.5285138389681727e+00, -2.5917166341150950e+00,
       -7.9542262882733462e-03, 1.4791228746833907e+00,
       2.7320303249540165e+00, -7.0416973195729843e-02,
       -1.4711495728116331e+00, 2.6961712558405151e+00,
       -4.3881259085324142e-02, -1.4988328079036894e+00,
       2.5881028569372617e+00, 2.9003052764754733e-02,
       -1.7313356191326092e+00, -2.7333197899398685e+00,
       3.2141231916916278e-02, 1.3721664164315883e+00,
       -2.8435409687459812e+00, 2.4466986366305971e-02,
       1.1430888675231106e+00, -2.8751523057654054e+00,
       9.9125718460435219e-02, 1.0104569756860373e+00,
       -2.9244272441203569e+00, 8.4002182307200995e-02,
       6.8118022827291824e-01, -3.0734515954513975e+00,
       3.1949150357984138e-02, 3.8965389529779465e-01,
       -3.1081941325227866e+00, -1.9113163814423351e-02,
       2.7988159853481431e-01, -3.1082195725619615e+00,
       5.3039139880431529e-03, 1.2028381760174375e-01,
       3.0874786605889639e+00, 3.8708084799522958e-02,
       -5.4831220721344154e-01, -3.0228503151936232e+00,
       5.6619307965008105e-03, 5.4218997211443087e-01,
       -2.9232491733217776e+00, 1.1808892196234193e-01,
       -4.0894668288488123e-01, -2.9070173703225133e+00,
       1.6094946239651489e-01, -1.0211005164180535e+00,
       -2.8964776991334982e+00, 9.3576178495558146e-02,
       -1.1206312389889024e+00, 2.9364837159307977e+00,
       -3.0446850564855809e-02, 1.1105310759246083e+00,
       2.9327181160060887e+00, -4.8281286521141720e-02,
       1.1149972867713760e+00, 2.9249971409735536e+00,
       -3.7962414195813525e-02, 1.1362030776902503e+00,
       2.8307196198884275e+00, 5.5676972857489924e-02,
       1.1318019429746746e+00, 2.8564062859619894e+00,
       7.7533656288367508e-03, 1.2054847417394468e+00,
       2.8733399587878501e+00, 4.4276155399641456e-03,
       1.1125894046910636e+00, 2.7548300324844224e+00,
       -6.1505093402069166e-03, 1.1382272653152525e+00,
       2.7752430200534226e+00, -2.6362838108857967e-02,
       1.1466355138702584e+00, 2.7904860193008831e+00,
       -2.2594235512146902e-02, 1.1787836006299646e+00,
       2.8442670636309582e+00, -3.4842133382063545e-02,
       1.2920128606713539e+00, -2.7841764878831676e+00,
       1.2563241199006775e-01, -1.1896874299602986e+00,
       -2.7646519112107963e+00, 1.2518287651050677e-01,
       -1.2175471375490583e+00, -2.7457216446644588e+00,
       2.1635501086985648e-01, -1.1331059491310256e+00,
       -2.8058053820388711e+00, 3.3457348520964192e-01,
       -1.0011163698294521e+00, -2.7124353616385517e+00,
       3.5788514140213767e-01, -1.0175547051150637e+00,
       -2.7238643600809724e+00, 2.9871745002518668e-01,
       -1.0536101126342663e+00, -2.8450405309887490e+00,
       1.6457538174705494e-01, -1.1470049747760365e+00,
       2.8841879209564185e+00, -8.9713122440655116e-02,
       1.2083112762474588e+00, -2.8123808776526289e+00,
       7.0933613170802767e-02, -1.2041939448829329e+00,
       -2.7860211442780769e+00, 8.6983077495553451e-02,
       -1.4337148284504244e+00, -2.7316742106461609e+00,
       8.8753391703063678e-02, -1.4659802332942340e+00,
