%YAML:1.0
---
summary: "Filter by distance, md=250, ds=0."
init_cam_calib: C99-1010_3p_3
camera_matrix: !!opencv-matrix
   rows: 3
   cols: 3
   dt: d
   data: [ 2.5643206831991479e+03, 0., 1.8673638049618537e+03, 0.,
       2.5688065628895451e+03, 1.0830330067607877e+03, 0., 0., 1. ]
dist_coeff: !!opencv-matrix
   rows: 5
   cols: 1
   dt: d
   data: [ 1.4191576247230287e-02, -1.7203322892429044e-02,
       3.0525899680310423e-04, -1.8812646759437147e-03,
       5.5852145536989702e-03 ]
rvec: !!opencv-matrix
   rows: 169
   cols: 3
   dt: d
   data: [ -3.0332196327724854e+00, 1.5811993805260275e-02,
       1.0678228869177216e-02, -3.0332020829916977e+00,
       1.7764369525280588e-02, 8.1359854540511284e-03,
       -3.0647133133656128e+00, 7.3037234494064504e-02,
       -2.0847620135375874e-02, -3.0341094832551367e+00,
       6.4458380344335778e-02, -6.9755082215568823e-02,
       -3.0734041290249361e+00, 3.8065201729783747e-02,
       -1.8287739649311161e-02, -3.1167705235478622e+00,
       6.7354682313221781e-02, -1.9016657167536907e-02,
       3.1214670563828033e+00, -6.9420174456990974e-02,
       1.0339740871625239e-02, 3.0383685423201960e+00,
       2.5734300931292741e-03, 1.5101545502842253e-02,
       3.0723184413656388e+00, -2.9466881342172947e-02,
       -4.0127320000697235e-02, 3.1088535967210102e+00,
       -5.1836410641242685e-03, 5.7562586677405651e-02,
       -3.1303665996766985e+00, -2.0043398433031205e-02,
       -7.1387347935656473e-02, -3.0790403138245201e+00,
       -8.1833112994161589e-03, -1.0057617914133911e-01,
       -2.9822487628901744e+00, 9.9052472090173857e-03,
       -4.7037904144578299e-02, -2.9193312344914975e+00,
       1.0408322697772657e-01, -7.6292833054337178e-02,
       -2.9294146979733884e+00, 1.1763327139392704e-01,
       -4.3588409295762146e-02, -2.9617982389624666e+00,
       1.4742401018596402e-01, -8.2101166877782752e-02,
       -2.9222278463535671e+00, 1.2587602249953350e-01,
       -5.6160119583840594e-03, -2.8839582497275233e+00,
       1.1681535420866705e-01, 2.5131262005888600e-02,
       -2.8513749569586921e+00, 1.1832867917369910e-01,
       1.6867064839778265e-02, -2.8911458974219961e+00,
       1.2792966779030626e-01, 3.2684101653908060e-02,
       -2.9191105391243908e+00, 1.0730143194601624e-01,
       6.8838076573256163e-02, -2.9837154132408812e+00,
       5.9830973417258147e-02, -4.4070390930686695e-02,
       -3.0400186661897930e+00, 4.9548473298598218e-02,
       -4.3124350988625187e-02, -3.0773094449840710e+00,
       3.5309822469245418e-02, -1.1228570985256424e-01,
       -3.1365676800487665e+00, 2.6056531331085868e-02,
       -1.1054761356473619e-01, 3.0850637818417406e+00,
       -3.3336861953571016e-02, 5.1940886416287246e-02,
       3.0477252875754308e+00, -1.7155238970993688e-02,
       2.9883332914401070e-03, 3.0919655628639728e+00,
       -1.7628287672101065e-02, -8.1314535850494987e-02,
       3.0500350222717980e+00, -9.4056709948078278e-03,
       -4.1836220121088882e-03, 3.0763355199507325e+00,
       7.1422953088682477e-03, -2.7456391942451447e-02,
       3.1065428750919923e+00, 4.7004847413414839e-02,
       -2.3974263142950543e-02, -3.1413508613640131e+00,
       1.6059342476253185e-03, 6.8967296311349097e-02,
       3.1242523490797249e+00, -8.4494121301524287e-03,
       -7.0510261463602689e-02, -3.1316902252673877e+00,
       5.7593443360847277e-02, 4.0681422004571324e-02,
       3.1208332885287593e+00, -7.8727330098139064e-02,
       -3.9476480824908365e-02, 3.0953124702425714e+00,
       -1.1391729482608677e-01, -1.0230597419010097e-01,
       3.0699400309222651e+00, -1.4569678623242588e-01,
       -5.7322814622552995e-02, 3.0412994301502181e+00,
       -1.2090476951431665e-01, 1.4815053318302143e-01,
       2.9432153684281408e+00, -9.7145390613505869e-02,
       6.3678168234599319e-01, 2.9163817139723367e+00,
       -5.2132009098887759e-02, 6.0509527224894111e-01,
       2.9764983061984456e+00, -1.0073516428458490e-01,
       4.8605711797760626e-01, 3.0103836244497453e+00,
       -1.1066936478864764e-01, 2.2506255839140557e-01,
       3.0342134734590722e+00, -6.4172247031062724e-02,
       -8.2148294895375507e-02, 3.0854431340304815e+00,
       -3.4465728763997568e-02, -2.3789078244616693e-01,
       3.0918007511396679e+00, 5.0059629347909106e-02,
       -4.8320904965571598e-01, -3.0327743227047459e+00,
       -6.2373874000045057e-02, 7.3881383949298629e-01,
       -2.9947166038115092e+00, 8.5931725991918503e-03,
       7.5794554304070794e-01, -2.9543381946861671e+00,
       -6.4889860038389365e-03, 7.7862592850225076e-01,
       -2.9862376798460182e+00, -3.5105277932190888e-03,
       8.7116661559728770e-01, 3.0078537864367632e+00,
       8.5263941638242177e-03, -8.2458715801131066e-01,
       -2.8998973658441427e+00, -3.7971944681830377e-02,
       7.2628348903833084e-01, -2.8376856253275355e+00,
       -4.6790807637549147e-03, 7.1505123967380468e-01,
       -2.7951245220687411e+00, -1.0159008262439709e-02,
       7.0398565081254250e-01, -2.7420239756875113e+00,
       -3.2396316496226957e-03, 6.5508144568179882e-01,
       -2.7491181418940549e+00, 4.1966353614998009e-02,
       7.0264201334843279e-01, -2.8041159077602864e+00,
       1.1769088602719580e-01, 7.7139293012965970e-01,
       -2.8536161368975352e+00, 1.1567459471499000e-01,
       7.9735992436086967e-01, -2.9490402348867577e+00,
       1.5520180764939370e-01, 7.4885231894372029e-01,
       -3.0324956351362720e+00, 1.7201778955109984e-01,
       6.6105452093785777e-01, 3.0530188860911762e+00,
       -1.4681968279233670e-01, -6.4824011460757225e-01,
       2.9757541895781054e+00, -1.0848890919267649e-01,
       -7.5679665360633031e-01, 2.9743665432311501e+00,
       -6.9100492867857407e-03, -8.0603717711745226e-01,
       3.0121114422875732e+00, 1.0577059761931273e-02,
       -8.3509246375367008e-01, -3.0084871469085104e+00,
       -1.2099011000733666e-02, 9.0769246500893097e-01,
       -2.9436504943131827e+00, -5.0088686960031180e-02,
       9.9996529657902100e-01, -2.9040081671573956e+00,
       -5.2298454090491837e-02, 1.0476963509806498e+00,
       -2.9151735214165608e+00, -3.7182455056353106e-02,
       1.0736302405846354e+00, -2.8942738349727621e+00,
       -1.1559867880256393e-01, 1.0703818497062723e+00,
       -2.8795267549840160e+00, -1.3384515010013844e-02,
       1.1083703046417948e+00, -2.9265917178792176e+00,
       -7.7402230791250989e-03, 1.1224678681991811e+00,
       -2.9054979687619604e+00, 3.4344181507590651e-02,
       1.1471921427097478e+00, 2.8487158866330500e+00,
       -9.5400141424435009e-03, -1.2823042204249768e+00,
       -2.7618063723482940e+00, -4.1951431373412389e-02,
       1.4807456223162767e+00, 2.7361836150117105e+00,
       9.7831467991584160e-03, -1.5063899909270395e+00,
       -2.7071391473343116e+00, -5.2484767430759263e-02,
       1.5578966314914375e+00, 2.7456058403935493e+00,
       -3.2190650829055846e-02, -1.5007918232848498e+00,
       2.6984891946043867e+00, -1.3315777786993863e-02,
       -1.4818743896705622e+00, 2.6672370240611163e+00,
       -2.6541267586680274e-02, -1.4388071853329409e+00,
       2.7067721326283105e+00, 2.4626116739716552e-02,
       -1.4833088310456151e+00, -2.7579673747716926e+00,
       -1.1014280449548924e-02, 1.4876940712287121e+00,
       -2.6918898707674606e+00, -8.3176256258377740e-02,
       1.4196300583280823e+00, -2.6319312747000958e+00,
       -1.1239496963207696e-01, 1.3923404627397467e+00,
       -2.6500176859524731e+00, 3.0071757242457416e-02,
       1.5356688287144640e+00, -2.7582656924624902e+00,
       7.8098440533502012e-02, 1.5381179105506164e+00,
       2.7996121362606461e+00, -6.1098787830464962e-02,
       -1.4287118919964987e+00, -2.5536898334303286e+00,
       -9.3496267895165682e-03, 1.7723206173599728e+00,
       -2.6428128366974373e+00, -3.1642782125816178e-02,
       1.6391166570943450e+00, -2.7181714141910067e+00,
       1.4911155937741885e-02, 1.4379241184283242e+00,
