%YAML:1.0
---
summary: "Filter by time and points, rd=20, rs=0, sp=5, sf=3."
init_cam_calib: C99-1010_3p_3
camera_matrix: !!opencv-matrix
   rows: 3
   cols: 3
   dt: d
   data: [ 2.5722237226987236e+03, 0., 1.8840826894776005e+03, 0.,
       2.5667751979756204e+03, 1.0851577430982081e+03, 0., 0., 1. ]
dist_coeff: !!opencv-matrix
   rows: 5
   cols: 1
   dt: d
   data: [ 1.6871876011720494e-02, -3.4675189212245931e-02,
       -7.1848096731510342e-04, -1.3815993449355387e-03,
       2.8107765665438541e-02 ]
std_intrinsics: !!opencv-matrix
   rows: 18
   cols: 1
   dt: d
   data: [ 1.4477914194332231e+00, 1.3240721234155155e+00,
       2.7501127317593750e+00, 1.8271149879362538e+00,
       3.1050066536423347e-03, 1.1864583724275698e-02,
       2.4139934140525533e-04, 3.6990658284777046e-04,
       1.3154851031984268e-02, 0., 0., 0., 0., 0., 0., 0., 0., 0. ]
std_extrinsics: !!opencv-matrix
   rows: 648
   cols: 1
   dt: d
   data: [ 2.1128843629962344e-03, 6.5627239398418074e-04,
       2.4269150724405583e-03, 4.3072979359189834e+00,
       2.9031064298853066e+00, 2.9829156376569381e+00,
       2.5902353301554223e-03, 7.3363323066391454e-04,
       2.4863221035077328e-03, 4.3200563385926678e+00,
       2.9142650095918285e+00, 3.2420142723871659e+00,
       2.2478927384050988e-03, 7.2635973393339343e-04,
       2.5104272867592248e-03, 4.3037854432991463e+00,
       2.8978342927417438e+00, 3.1267812292950672e+00,
       2.2149440244858985e-03, 7.5585779852516491e-04,
       2.4612870349901236e-03, 4.2359809071862227e+00,
       2.8592681767268426e+00, 3.2630966868595808e+00,
       2.0847208378372843e-03, 6.8748912512960872e-04,
       2.3994576095984544e-03, 4.2103347726070206e+00,
       2.8485751252926290e+00, 3.1902374253846726e+00,
       1.8237000765475547e-03, 7.4469641550904101e-04,
       2.3318182736030090e-03, 4.1953797181601411e+00,
       2.8402678310075902e+00, 3.1699536766500396e+00,
       1.7382090947897803e-03, 7.0251460732067802e-04,
       2.3537157268818639e-03, 4.1949075844431176e+00,
       2.8382017567253914e+00, 3.0888579502923257e+00,
       1.7859090492838335e-03, 7.0776490520478249e-04,
       2.2331197001739739e-03, 4.1937872261583031e+00,
       2.8476386845015220e+00, 3.2027952593563467e+00,
       1.9451651863063816e-03, 6.6288712527414178e-04,
       2.2416674300191706e-03, 4.1544346133570516e+00,
       2.8104425430418956e+00, 3.0042539681671547e+00,
       1.9674001490089560e-03, 6.2775394505024020e-04,
       2.1973306231981879e-03, 4.2234294323877002e+00,
       2.8646773158237737e+00, 2.9636936470240629e+00,
       1.9522434206993751e-03, 7.2051862832448420e-04,
       2.3307639890089845e-03, 4.2901114882048139e+00,
       2.8902208644500984e+00, 2.9684620570696429e+00,
       2.3251012944040406e-03, 7.1714600772462909e-04,
       2.3146160304787439e-03, 4.3514380785625510e+00,
       2.9333685392097939e+00, 3.0785603056611870e+00,
       2.4642084676295231e-03, 7.0532305258635887e-04,
       2.2611731289044414e-03, 4.3492005589654363e+00,
       2.9256434532754421e+00, 3.0272594920816847e+00,
       2.4304679705869645e-03, 6.9331613824827874e-04,
       2.5977959539457470e-03, 4.3107687403908601e+00,
       2.9202796963693975e+00, 3.1007193581330572e+00,
       2.4837921395733584e-03, 6.5774753826946511e-04,
       2.4169807159993210e-03, 4.2922248088935264e+00,
       2.9068971422244472e+00, 3.2286634474214666e+00,
       2.1529937800195023e-03, 7.7141003008668687e-04,
       2.8362740093953948e-03, 4.3514088821088146e+00,
       2.9663319595970976e+00, 3.2536152257164628e+00,
       1.9947227063174260e-03, 7.0277644265037101e-04,
       2.4788970352639986e-03, 4.2397698176961471e+00,
       2.8716908375936652e+00, 3.2957839631155967e+00,
       1.7495573772471375e-03, 6.9231963877845607e-04,
       2.3736390277804761e-03, 3.9212819720515255e+00,
       2.6689882967551943e+00, 2.8717320296288680e+00,
       1.4526289620878134e-03, 5.9411499059645477e-04,
       2.0703970998019803e-03, 3.4200042850069461e+00,
       2.3408624676684004e+00, 2.3200956603081053e+00,
       3.5939212877182055e-03, 1.0458893168281528e-03,
       3.5826414885607128e-03, 3.1402667071539692e+00,
       2.1523691498551725e+00, 3.2133645201926790e+00,
       3.6999853280143625e-03, 1.1703274679759612e-03,
       4.2857577025646890e-03, 2.8802393521726803e+00,
       2.0137232329721662e+00, 3.2913502205112768e+00,
       2.8259383504112869e-03, 7.6993073047423540e-04,
       2.9465266968752546e-03, 2.7540340307810491e+00,
       1.9405131857630349e+00, 2.3078488997439592e+00,
       1.4102384235524343e-03, 5.6487970642237688e-04,
       2.0362456208099979e-03, 3.2203689915993494e+00,
       2.1959832576805614e+00, 1.7638499737074784e+00,
       1.6689896709958265e-03, 6.1405490128091736e-04,
       2.3047848174141761e-03, 3.5536210498062482e+00,
       2.3940605631921872e+00, 1.9650087086936634e+00,
       1.6201619060156503e-03, 6.6047253387746367e-04,
       2.3407411807846805e-03, 3.6971849101979970e+00,
       2.4912354980520268e+00, 2.1140578716865557e+00,
       1.7245281524621904e-03, 6.6391207199320969e-04,
       2.2975663317066322e-03, 3.6094645880761620e+00,
       2.4325384496852842e+00, 1.9736117443768908e+00,
       1.3911467036562862e-03, 7.5628431843090228e-04,
       2.5954348784727036e-03, 3.6123066153951027e+00,
       2.4298575450546687e+00, 2.1172521751189257e+00,
       1.2154086976552229e-03, 7.0231203631520699e-04,
       2.4534487070366194e-03, 3.6201911517478882e+00,
       2.4431485172632832e+00, 2.0825152479944848e+00,
       1.4100900536871783e-03, 8.1486890868581491e-04,
       2.6202562777363687e-03, 3.6185653259304398e+00,
       2.4386453620873501e+00, 2.2905574810040039e+00,
       1.4674259434502412e-03, 7.7532410670515316e-04,
       2.5384678264319263e-03, 3.5728628420740174e+00,
       2.4080003055249248e+00, 2.0805136997834448e+00,
       1.6336180302355271e-03, 6.6751231951718668e-04,
       2.2731991646783934e-03, 3.6570917076440304e+00,
       2.4609154623887006e+00, 2.1386012778937173e+00,
       1.9325469921698429e-03, 6.9272319606087697e-04,
       2.4420531885601957e-03, 3.6821846090928023e+00,
       2.5007598574770293e+00, 2.4602077971399128e+00,
       1.7263240179116049e-03, 6.5190283776472868e-04,
       2.2839021748845977e-03, 3.7385265679181292e+00,
       2.5163496665117542e+00, 2.2382043113674284e+00,
       1.6970844864872636e-03, 6.2332609511347710e-04,
       2.3112080751718903e-03, 3.7569315959323255e+00,
       2.5261821320215749e+00, 2.1270000009746406e+00,
       1.7099090144962689e-03, 6.5437246368230790e-04,
       2.2364767053226478e-03, 3.7906036596492716e+00,
       2.5411113476816447e+00, 2.0645766934572838e+00,
       1.5655066005394701e-03, 7.4012847475617518e-04,
       2.5918097811452089e-03, 3.7988798381715410e+00,
       2.5763430558613383e+00, 2.2564993969014480e+00,
       1.5819078494895423e-03, 6.9111163635257676e-04,
       2.5137616831634145e-03, 3.7770878428454626e+00,
       2.5630318748624994e+00, 2.1857469387307806e+00,
       1.6405649206271951e-03, 7.5891498646673422e-04,
       2.6376502708940304e-03, 3.7685034030798610e+00,
       2.5500152940159428e+00, 2.2776570639678848e+00,
       1.3916283368674964e-03, 7.1187580225941292e-04,
       2.4715917110357103e-03, 3.8723210345230217e+00,
       2.6319688113165567e+00, 2.3647419078660827e+00,
       1.8958316671112030e-03, 8.0373961629069842e-04,
       2.4292318858275055e-03, 4.1165278399870457e+00,
       2.7711281909616239e+00, 2.5626491823648161e+00,
       1.9448499798134507e-03, 9.9388273841782338e-04,
       2.4899174930634455e-03, 4.3315585002219761e+00,
       2.9226393757319209e+00, 3.3371981082634683e+00,
       2.2935771517452151e-03, 1.3740685749544003e-03,
       2.6032785294552063e-03, 4.3395671861558140e+00,
       2.9415526328210291e+00, 4.4416911559116956e+00,
       1.9747042115558461e-03, 1.4273370989914655e-03,
       2.5997505636648119e-03, 4.2114328085302084e+00,
