%YAML:1.0
---
summary: "Filter by distance, md=150, ds=75."
init_cam_calib: C99-1010_3p_3
camera_matrix: !!opencv-matrix
   rows: 3
   cols: 3
   dt: d
   data: [ 2.5668055452882218e+03, 0., 1.8755970760683983e+03, 0.,
       2.5695726656377769e+03, 1.0841503884876647e+03, 0., 0., 1. ]
dist_coeff: !!opencv-matrix
   rows: 5
   cols: 1
   dt: d
   data: [ 1.3869446648062261e-02, -1.7055223234057403e-02,
       -2.0300702053439922e-04, -1.6042554058692746e-03,
       5.4616856901215042e-03 ]
std_intrinsics: !!opencv-matrix
   rows: 18
   cols: 1
   dt: d
   data: [ 6.0299590143925097e-01, 5.6067335904990068e-01,
       1.0654287706996290e+00, 7.0647357308523273e-01,
       1.2252061416883498e-03, 4.5456257736596877e-03,
       9.2556280965947475e-05, 1.4313550937197921e-04,
       4.8825217153066940e-03, 0., 0., 0., 0., 0., 0., 0., 0., 0. ]
std_extrinsics: !!opencv-matrix
   rows: 1902
   cols: 1
   dt: d
   data: [ 1.4431030172493530e-03, 4.9344867722032860e-04,
       1.4593908182927696e-03, 1.7010332537519512e+00,
       1.1710449150492979e+00, 1.8659061608440461e+00,
       1.4379748242891082e-03, 5.0030568291020694e-04,
       1.4669811665774548e-03, 1.7003587765412502e+00,
       1.1683637517401890e+00, 1.8598468482994530e+00,
       1.4114187708070759e-03, 5.1024958964067564e-04,
       1.4366168342387674e-03, 1.6940547857505714e+00,
       1.1620624008263813e+00, 1.8591471056717308e+00,
       1.4198804164226283e-03, 5.2015387107625733e-04,
       1.4383430562826054e-03, 1.7051343248589692e+00,
       1.1717053990669872e+00, 1.8733001550359154e+00,
       1.3970228581189942e-03, 5.0020241536901310e-04,
       1.4324528454314977e-03, 1.6854639298438920e+00,
       1.1574116522706825e+00, 1.8451334339101368e+00,
       1.3680763031809124e-03, 5.0621221655319044e-04,
       1.4245608777279076e-03, 1.6786557696015396e+00,
       1.1512162661001615e+00, 1.8374638143221742e+00,
       1.3288312041585357e-03, 5.1450818814387407e-04,
       1.4135770480631119e-03, 1.6684924108458092e+00,
       1.1430420878974061e+00, 1.8228897774735062e+00,
       1.3112186781123660e-03, 5.0637705401992842e-04,
       1.4080857875669944e-03, 1.6635180361385020e+00,
       1.1394293279797396e+00, 1.8145499340968998e+00,
       1.2747656549502899e-03, 5.0725302649582771e-04,
       1.3952211693212377e-03, 1.6654306630272202e+00,
       1.1417912369125798e+00, 1.8330936345400948e+00,
       1.1122584831616343e-03, 4.9589185763931529e-04,
       1.2797267859222185e-03, 1.6516018337240832e+00,
       1.1343774161832079e+00, 1.8504440500544763e+00,
       1.1493920538443534e-03, 4.8773675122165970e-04,
       1.3505084710117234e-03, 1.6699908948280775e+00,
       1.1451997141792036e+00, 1.8682777678255966e+00,
       1.1584001828569479e-03, 4.9483400877368858e-04,
       1.3487456791073113e-03, 1.6669788592968144e+00,
       1.1453867589073836e+00, 1.8645004164310497e+00,
       1.1490057256091774e-03, 5.0617646470693634e-04,
       1.3298503176576767e-03, 1.6579007226180247e+00,
       1.1425368351201759e+00, 1.8464839057563383e+00,
       1.1897062676495015e-03, 5.1528367924877578e-04,
       1.3577714092785841e-03, 1.6540193396684679e+00,
       1.1411456715529558e+00, 1.8209781764704127e+00,
       1.1790192193902556e-03, 5.1093976893044056e-04,
       1.3454526499869011e-03, 1.6460553219205671e+00,
       1.1407482435650744e+00, 1.7970348147263009e+00,
       1.1957992831376277e-03, 5.0045661832115831e-04,
       1.3222346767169020e-03, 1.6362249331638912e+00,
       1.1373307447171823e+00, 1.7728735890057874e+00,
       1.2741799465691604e-03, 4.8963183053756854e-04,
       1.3469406756664950e-03, 1.6327444302035716e+00,
       1.1241830844462881e+00, 1.7585937558812894e+00,
       1.3990497013729546e-03, 4.9109140728833200e-04,
       1.4012956685677690e-03, 1.6647760176472035e+00,
       1.1444840720074714e+00, 1.7839439438613103e+00,
       1.3912541129645439e-03, 4.8502093841852248e-04,
       1.3791085133582875e-03, 1.6635385431234355e+00,
       1.1488637742038179e+00, 1.7886396423834290e+00,
       1.4222613779498829e-03, 4.8261004956089458e-04,
       1.3693986599477112e-03, 1.6655727704259369e+00,
       1.1527216708245380e+00, 1.7799474614937536e+00,
       1.5138631370002313e-03, 4.9734683459116481e-04,
       1.3956213990889796e-03, 1.6807036905019825e+00,
       1.1656470393419267e+00, 1.7697824597402245e+00,
       1.5288451356607554e-03, 5.1742815412249472e-04,
       1.3817680781158257e-03, 1.6748579395059697e+00,
       1.1691101527334662e+00, 1.7718803904847686e+00,
       1.5039311740396033e-03, 4.9769684508811597e-04,
       1.3503693170676375e-03, 1.6599150763163339e+00,
       1.1502752199947390e+00, 1.7351456213492338e+00,
       1.5117290628678321e-03, 4.8317745492650169e-04,
       1.3666230552247208e-03, 1.6701487546605460e+00,
       1.1510843055653555e+00, 1.7416011239824374e+00,
       1.5486265218475120e-03, 4.9160060143117019e-04,
       1.4095200636269982e-03, 1.6894128300486582e+00,
       1.1602751155475506e+00, 1.7670908377319006e+00,
       1.5542133438548732e-03, 5.2320575623866371e-04,
       1.4264990669959822e-03, 1.7028409223598933e+00,
       1.1635129443993055e+00, 1.7747934022711473e+00,
       1.6375227215288174e-03, 4.8560341383506228e-04,
       1.4685152918562528e-03, 1.7136254104199220e+00,
       1.1733410244459730e+00, 1.7630065046751098e+00,
       1.5979971418475880e-03, 5.1731423327265374e-04,
       1.4643972795546200e-03, 1.7171389443013545e+00,
       1.1735931473357044e+00, 1.7937286683261306e+00,
       1.6205218766208746e-03, 4.9459497299194906e-04,
       1.4716876343993583e-03, 1.7228335883282235e+00,
       1.1811104294625290e+00, 1.8115652147073404e+00,
       1.6290666049199151e-03, 4.9067565492143912e-04,
       1.4582218224058528e-03, 1.7216739874023224e+00,
       1.1831009908414318e+00, 1.8036029581036750e+00,
       1.6487963508471724e-03, 4.7537514634008268e-04,
       1.4603294758395516e-03, 1.7197002746970220e+00,
       1.1855055817176341e+00, 1.7876781285695880e+00,
       1.6427661927662523e-03, 4.7601684669250675e-04,
       1.4434832662881853e-03, 1.7191633770269139e+00,
       1.1939665399514403e+00, 1.8146273944974247e+00,
       1.7306365010716571e-03, 4.9557909075624584e-04,
       1.4825086588478801e-03, 1.7193694816978122e+00,
       1.2060930722283905e+00, 1.8124565397644581e+00,
       1.6732188649401178e-03, 4.8436902616259570e-04,
       1.4434737174883652e-03, 1.7052921948121980e+00,
       1.1900018279244611e+00, 1.7876406368971074e+00,
       1.6117601004920178e-03, 4.6963496388517726e-04,
       1.4159950463055355e-03, 1.7043991795661200e+00,
       1.1844814719290317e+00, 1.8072821126876348e+00,
       1.5859623892157321e-03, 4.5922190474202685e-04,
       1.4063984103971001e-03, 1.6988015922943951e+00,
       1.1740776823739671e+00, 1.7908178486655593e+00,
       1.5724278787402717e-03, 4.6605061642769738e-04,
       1.4166041753845158e-03, 1.7012861551618246e+00,
       1.1702180915242824e+00, 1.7945855388850116e+00,
       1.5874158427042157e-03, 4.7983551799210116e-04,
       1.4598135749139445e-03, 1.7177406885381776e+00,
       1.1794938047366097e+00, 1.8326486317165827e+00,
       1.5674085312883273e-03, 4.6365770461442759e-04,
       1.4279131988207093e-03, 1.7055971926651228e+00,
       1.1736929242500018e+00, 1.8162667212687167e+00,
       1.6415996306542533e-03, 4.6085235852051518e-04,
       1.4753079869181285e-03, 1.7107677746360652e+00,
       1.1780415370260398e+00, 1.7733697675503672e+00,
       1.5630344793215883e-03, 4.8547142628832415e-04,
       1.4331629469225408e-03, 1.6959451061478708e+00,
       1.1668932509329188e+00, 1.7815343236262196e+00,
       1.5208143537283948e-03, 4.9517678924316936e-04,
       1.4325593735488940e-03, 1.6954372019240680e+00,
       1.1645376204393241e+00, 1.8043351969996284e+00,
       1.5044654771475794e-03, 5.0669747627723983e-04,
       1.4476578972247350e-03, 1.6848238593980955e+00,
