%YAML:1.0
---
summary: "Filter by distance, md=100, ds=0."
init_cam_calib: C99-1010_3p_3
camera_matrix: !!opencv-matrix
   rows: 3
   cols: 3
   dt: d
   data: [ 2.5794013590156324e+03, 0., 1.8873422848543687e+03, 0.,
       2.5789996635405118e+03, 1.0925812726373856e+03, 0., 0., 1. ]
dist_coeff: !!opencv-matrix
   rows: 5
   cols: 1
   dt: d
   data: [ 1.7822954669226104e-02, -4.1722654473102250e-02,
       -4.7190270640959852e-04, -4.7688958298811984e-04,
       3.2729974616064160e-02 ]
std_intrinsics: !!opencv-matrix
   rows: 18
   cols: 1
   dt: d
   data: [ 3.8391291852552289e-01, 3.5184216706315330e-01,
       7.9646216705102579e-01, 5.0451184753132605e-01,
       9.5331792714944594e-04, 3.4086808335696008e-03,
       6.7128176941638342e-05, 1.0509547746440152e-04,
       3.6264636900383319e-03, 0., 0., 0., 0., 0., 0., 0., 0., 0. ]
std_extrinsics: !!opencv-matrix
   rows: 2670
   cols: 1
   dt: d
   data: [ 1.1163903531238415e-03, 4.2727166747736256e-04,
       1.1525180219287905e-03, 1.1409778443448155e+00,
       7.5533424751703826e-01, 1.2118232158106832e+00,
       1.0866390452669245e-03, 4.0536786752056137e-04,
       1.1078229982529988e-03, 1.1312019384561705e+00,
       7.5028644046090720e-01, 1.1644105802230942e+00,
       1.0465374041590939e-03, 3.8486200599145969e-04,
       1.0538158465655373e-03, 1.1024848639129081e+00,
       7.3472546986254816e-01, 1.1479417651199499e+00,
       1.0319951441304831e-03, 3.6960816983283264e-04,
       1.0212562520714027e-03, 1.0873495210258042e+00,
       7.2534802211485194e-01, 1.1147470737055616e+00,
       1.0303180128409420e-03, 3.7058177471446666e-04,
       1.0238729499148543e-03, 1.0633854230601876e+00,
       7.1062174333793415e-01, 1.1220691877478479e+00,
       1.0047413469013639e-03, 3.8673306700095215e-04,
       1.0139893893276327e-03, 1.0451019008753146e+00,
       6.9561602217128005e-01, 1.0847403389161496e+00,
       9.9564002307118852e-04, 3.9498606074198978e-04,
       1.0356055030878717e-03, 1.0364332927067532e+00,
       6.9094434732370769e-01, 1.1057030371725849e+00,
       9.7800023803703662e-04, 4.0256787074252208e-04,
       1.0231246216252242e-03, 1.0237425309956447e+00,
       6.8063732884089123e-01, 1.0686497951879248e+00,
       9.6422171363414529e-04, 4.0791813522993891e-04,
       1.0194388688228690e-03, 1.0050049189812518e+00,
       6.6579851121630462e-01, 1.0258321767507697e+00,
       9.2072623332594111e-04, 4.1797565028911651e-04,
       1.0070807763443489e-03, 9.8788992559868227e-01,
       6.5177937040619460e-01, 9.7692238311103252e-01,
       9.5777465606745372e-04, 3.7566700309814885e-04,
       1.0004805532907728e-03, 9.7687793056456151e-01,
       6.4572923365514989e-01, 9.5845556792890674e-01,
       9.4483278076232192e-04, 3.7234959532671187e-04,
       9.9121018610116591e-04, 9.6766857171089049e-01,
       6.4039812791457507e-01, 9.3922983427181550e-01,
       1.0573549218681200e-03, 3.6963947106222775e-04,
       1.0082228624746568e-03, 9.5033014311525232e-01,
       6.3236598368544894e-01, 9.7294826152105940e-01,
       1.1070415157754803e-03, 3.7003671928575495e-04,
       1.0124355863501023e-03, 9.4352945928359155e-01,
       6.3010627403406683e-01, 1.0057180809260740e+00,
       1.0991492749078870e-03, 3.6523662024165362e-04,
       1.0212250226913759e-03, 9.3774304249301910e-01,
       6.2810301898497967e-01, 9.7970822791765821e-01,
       1.0889454682798672e-03, 3.5693235153997439e-04,
       9.9160633457784646e-04, 9.1605257912697813e-01,
       6.1485994159994983e-01, 9.5218011164893956e-01,
       1.0966359400563866e-03, 3.5032722681868227e-04,
       9.7464657258805425e-04, 8.9900209106100126e-01,
       6.0701878748293769e-01, 9.2941633164065329e-01,
       1.1438487168291380e-03, 3.4793086056499598e-04,
       9.7059864831427881e-04, 8.8520636841763978e-01,
       6.0110520339853035e-01, 9.2744887865714654e-01,
       1.1835684464977891e-03, 3.5018493345558591e-04,
       9.8299566588361665e-04, 8.7043830401484246e-01,
       5.9289076951298314e-01, 9.2701116892752533e-01,
       1.1391905431766282e-03, 3.4517458509479218e-04,
       9.5675083402192566e-04, 8.6400868070786496e-01,
       5.8934861804679628e-01, 8.9204477348646261e-01,
       1.1278800570968218e-03, 3.5140033149664711e-04,
       9.6120925832476987e-04, 8.6129483174398802e-01,
       5.8699552604728000e-01, 8.7916161531001413e-01,
       1.0306630136893711e-03, 3.5664692091288177e-04,
       1.0051666660952242e-03, 8.5874566681299014e-01,
       5.8265863064759404e-01, 8.5434702224387205e-01,
       9.4100176463178184e-04, 3.5934576963350754e-04,
       1.0620251701044428e-03, 8.6336766551389299e-01,
       5.8182661699221083e-01, 8.0583251741330764e-01,
       8.1698732771191807e-04, 3.6189965906708492e-04,
       1.1235506740040050e-03, 8.7426132550738711e-01,
       5.8583154738834331e-01, 7.4088570500797823e-01,
       8.2440436755714221e-04, 3.6044643531420791e-04,
       1.1117661338818305e-03, 8.7844480070582631e-01,
       5.9061636503251480e-01, 7.4219749405481816e-01,
       8.1000917022408341e-04, 3.6291348689592074e-04,
       1.1173786769531639e-03, 8.9071525413685726e-01,
       5.9900627747231960e-01, 7.4154236798228113e-01,
       9.1757879225261654e-04, 3.6617747941170855e-04,
       1.0152117176554668e-03, 9.1452094914400461e-01,
       6.1463078720552167e-01, 7.4623154030830186e-01,
       8.6836897738321321e-04, 3.5104536850168947e-04,
       9.8986805353392239e-04, 9.2277567709928554e-01,
       6.1995873748908348e-01, 7.2449566730091053e-01,
       8.8580108563853313e-04, 3.4875824899722617e-04,
       9.8243186699142893e-04, 9.3053957524938191e-01,
       6.2587146617754874e-01, 7.3054748938346004e-01,
       8.7211255503413592e-04, 3.4977089896912473e-04,
       9.8411383704956746e-04, 9.4701257847482856e-01,
       6.3724955089602142e-01, 7.3865437762176200e-01,
       9.0977829146635298e-04, 3.6263345173337158e-04,
       1.0112343786535711e-03, 9.7539226776612598e-01,
       6.5614061508720156e-01, 7.7640013482067660e-01,
       9.4074514072151625e-04, 3.8042611961187429e-04,
       1.0422394668640042e-03, 1.0012191749505175e+00,
       6.7206121018995579e-01, 8.1303019135416099e-01,
       9.4927964345998953e-04, 3.8937295424286401e-04,
       1.0593005495606069e-03, 1.0259910872915654e+00,
       6.8856665015849849e-01, 8.4241106590670167e-01,
       9.5090635238342209e-04, 3.9635410541970944e-04,
       1.0668434871230193e-03, 1.0461715210521381e+00,
       7.0303400476817191e-01, 8.7141711384082643e-01,
       9.3591310961903436e-04, 3.9133252746170418e-04,
       1.0618693377392847e-03, 1.0571095344626760e+00,
       7.1159377311164496e-01, 8.7897608843204367e-01,
       9.5703571866786314e-04, 4.0310051038236727e-04,
       1.0876370121914881e-03, 1.0878030281217446e+00,
       7.3340724095126031e-01, 9.2774268088960077e-01,
       9.7705386455763563e-04, 4.1209142091205641e-04,
       1.1150245971306119e-03, 1.1120037390175475e+00,
       7.5006249509113210e-01, 9.8150361273786324e-01,
       9.8502728172596686e-04, 4.1229193930312444e-04,
       1.1363483143977879e-03, 1.1278557816232873e+00,
       7.6290566592317244e-01, 1.0206032022956617e+00,
       9.9658383634847365e-04, 4.1735762570736741e-04,
       1.1611887793322449e-03, 1.1391799003069893e+00,
       7.7409630214452962e-01, 1.0659737182546403e+00,
       9.9623323784346347e-04, 4.1422105929871122e-04,
       1.1649978833613225e-03, 1.1486596798884290e+00,
       7.8171385930076343e-01, 1.0910911943955941e+00,
       9.8697023928525935e-04, 4.1529659666146465e-04,
       1.1623454407227684e-03, 1.1533797476568735e+00,
       7.8296946943175849e-01, 1.0920932945114332e+00,
       1.0171811441784622e-03, 4.2612974990649001e-04,
       1.1723779542910891e-03, 1.1555244684004982e+00,
       7.8372364768177250e-01, 1.1180690457652076e+00,
       1.0368563155804685e-03, 4.2998666222471049e-04,
       1.1956377869602136e-03, 1.1700018689555580e+00,
