%YAML:1.0
---
summary: "Filter by time and points, rd=20, rs=0, sp=5, sf=3."
init_cam_calib: C99-1010_3p_3
camera_matrix: !!opencv-matrix
   rows: 3
   cols: 3
   dt: d
   data: [ 2.5822706788304995e+03, 0., 1.8850507507970647e+03, 0.,
       2.5764691219140227e+03, 1.0906079459746124e+03, 0., 0., 1. ]
dist_coeff: !!opencv-matrix
   rows: 5
   cols: 1
   dt: d
   data: [ 2.2891899149368743e-02, -4.9597190457702445e-02,
       -4.7293494814786615e-04, -7.6073806395864801e-04,
       3.4767804912934699e-02 ]
rvec: !!opencv-matrix
   rows: 103
   cols: 3
   dt: d
   data: [ -3.0592579505300246e+00, 3.8270596671589108e-02,
       -6.9709297211474480e-02, -3.0573542731944174e+00,
       4.0454862587057980e-02, -5.1628012021266184e-02,
       -3.0538566714680795e+00, 2.6743437581259570e-02,
       -4.5716552184691707e-02, -3.0330991187220744e+00,
       4.4710479144659677e-02, 6.1619983284695687e-02,
       -3.1032978857708229e+00, 1.6951745264319351e-01,
       -8.6305921774381719e-02, 3.0636122233524796e+00,
       -1.2005647400050649e-01, -4.7668940760526102e-03,
       3.0583007940348366e+00, -7.4465391545891241e-02,
       -1.9709993338245918e-01, 3.0806577476057875e+00,
       5.9922014345872333e-02, -5.6819318552642351e-01,
       -3.0106709763706330e+00, 2.5708320151216754e-02,
       7.6800283163451699e-01, -2.9446668840661210e+00,
       -4.0720876337057663e-02, 8.9624024244613665e-01,
       -2.9398368257548659e+00, -1.5484257223533636e-02,
       8.4358614557893064e-01, 2.9914265086319816e+00,
       1.4030480801922516e-02, -9.4857343283005624e-01,
       -2.9738366900320643e+00, 6.9746865298573402e-03,
       9.2973001635264185e-01, -2.9340172606690178e+00,
       1.3758042393511666e-02, 9.4197260343621425e-01,
       -2.9229556105587431e+00, 6.6181062103403696e-03,
       9.6757230522301640e-01, 2.9899235993156590e+00,
       -5.6919217072161785e-02, -1.0094512154010797e+00,
       2.8553072647062248e+00, -2.5837906193213581e-02,
       -9.1724683352553094e-01, 2.8724114604449698e+00,
       -3.3577229374739954e-02, -9.1073528433175621e-01,
       -2.9791750856276193e+00, -5.6004729011727358e-02,
       9.1162347360557860e-01, -2.8139082578100894e+00,
       -8.0312689527537187e-02, 8.8918461427642415e-01,
       -2.6937470183110332e+00, -3.2841025902294818e-02,
       8.9237669907728223e-01, -2.6089241374122891e+00,
       -1.3067910400750288e-01, 8.9016711747111787e-01,
       -2.9665239410099300e+00, 3.5875304715707851e-02,
       9.0294355102241242e-01, 2.9542841975115115e+00,
       3.0934092961019746e-02, -1.0586378950765842e+00,
       -2.8911767543529328e+00, 1.6970059698606453e-02,
       1.1157321956720727e+00, 2.8033705394272102e+00,
       -8.7226256715259173e-02, -1.3456634893427506e+00,
       2.7895266935030567e+00, 1.6000714462405544e-02,
       -1.4328879374200327e+00, 2.7463117485131576e+00,
       1.1790866152004210e-01, -1.5399503846682487e+00,
       -2.7444887542428842e+00, -1.5473313474175895e-01,
       1.5348739244817200e+00, -2.6520064505000991e+00,
       -1.4208475026400194e-01, 1.5720692866709092e+00,
       2.7801069638309461e+00, -8.7832532547334613e-02,
       -1.4110374247637343e+00, 2.7762083972642246e+00,
       -2.4195094678309123e-03, -1.4447170347872422e+00,
       2.7798779425551277e+00, 6.0951015029564827e-02,
       -1.4493166189238726e+00, -2.7231101259901389e+00,
       -6.7206551126948233e-02, 1.5393588341881439e+00,
       2.7194165095271901e+00, 6.2356352359321209e-02,
       -1.5631716196759282e+00, -2.7166515751808618e+00,
       -7.6716011030594972e-02, 1.4856906155205143e+00,
       -2.7413082913243509e+00, -5.9764139121157134e-02,
       1.4943309596591885e+00, 2.7284398557011862e+00,
       -3.0375000826640144e-02, -1.4421054562111930e+00,
       -2.7216424861803512e+00, -3.9398774598767138e-02,
       1.4480095912493591e+00, -2.4902673838551217e+00,
       -8.2880553598769557e-02, 1.3804314877972490e+00,
       -2.4623793927586592e+00, -2.1106883725052938e-01,
       1.3489554997142250e+00, -2.5576676406580998e+00,
       -1.3515891846414005e-01, 1.3361912703439331e+00,
       2.7758196621948188e+00, 6.3013862697121007e-03,
       -1.4820510306298751e+00, 2.7043693773188848e+00,
       -1.3070361420943267e-02, -1.4926359346402043e+00,
       2.6091736332880942e+00, -5.6383721614216051e-02,
       -1.4829288328097268e+00, 2.5610369751371098e+00,
       -1.2673499435725769e-01, -1.4892661154145679e+00,
       2.5304404422033988e+00, -1.4514815058773697e-01,
       -1.5170775627911626e+00, 2.5506569138174373e+00,
       -1.3013174659240470e-01, -1.5247775465900160e+00,
       2.6621052233901419e+00, 2.3000935705966841e-03,
       -1.6471175090457451e+00, -2.8269291364492308e+00,
       3.3037616847404722e-02, 1.3176239488760846e+00,
       2.7817990743296011e+00, 1.7562215519209903e-02,
       -1.4379258787857867e+00, -2.8072587616081490e+00,
       -7.5319862375520831e-03, 1.3758701287684203e+00,
       -2.9416240863096421e+00, -9.8483152005743022e-02,
       1.1189401205440486e+00, -3.0249362590558575e+00,
       -1.0607802918436518e-01, 7.4500607369895711e-01,
       3.0439265586739408e+00, 2.0370132688649886e-02,
       -5.5169577603417408e-01, 3.1440107061952753e+00,
       -1.6794795229575801e-02, -5.0046437225004119e-02,
       3.1425356693998663e+00, 3.6864195060955875e-02,
       -7.7690341957960166e-02, -3.1544084248774524e+00,
       -3.6911851409230735e-02, -1.5416820602567988e-01,
       -3.0812185832586203e+00, -3.5369622608136787e-02,
       -1.9698667663431405e-01, -3.1011826724475786e+00,
       -6.3050085563961245e-02, -3.6801295132725009e-01,
       3.1166572457295136e+00, 2.1104558248929473e-01,
       3.6971677491787480e-01, -2.8976663340834858e+00,
       3.3634456850910710e-02, -9.8098729292462783e-01,
       -2.6611480413954833e+00, 1.8455454305129024e-01,
       -1.3722797074823108e+00, -2.6908153876408414e+00,
       1.0327972856607603e-01, -1.1714666980191888e+00,
       -2.7131895890459976e+00, 7.1923618360628758e-02,
       -1.2410206904730214e+00, -2.6625997772255254e+00,
       9.1116520799424505e-02, -1.3631075081958526e+00,
       -2.6154047216547744e+00, 1.1416979610624496e-01,
       -1.4902523190473493e+00, -2.7032247012107109e+00,
       1.0971786688278178e-01, -1.3388626373724435e+00,
       -2.7109356449887327e+00, 8.6668250246886028e-02,
       -1.3521158588651665e+00, -2.7231153780643922e+00,
       1.5199468011041548e-01, -1.4437019380271729e+00,
       -2.7542065852613296e+00, 5.6758580710162994e-02,
       -1.3603688481513252e+00, -2.6997955107195764e+00,
       1.1418377512434283e-01, -1.4826927850962859e+00,
       -2.6748895579296916e+00, 1.1768224766757188e-01,
       -1.5851244410208476e+00, 2.6364549372840580e+00,
       3.5379021212608240e-02, 1.4773472605308489e+00,
       2.5889001833926972e+00, 5.1429806129778328e-02,
       1.4661449933156798e+00, 2.6643752671277392e+00,
       -1.1397455013864233e-02, 1.5427232666259907e+00,
       -2.6705504806192537e+00, 1.3647073270952306e-01,
       -1.5485201927978751e+00, 3.0314090700127705e-01,
       2.1063509602013757e+00, 1.0746023082604812e-02,
       2.2587169696909876e-01, 2.1462484238624913e+00,
       1.7226839633840738e-01, -2.6804608346709400e+00,
       1.4001851064637200e-01, -1.2408019798205687e+00,
       -2.6702884588354938e+00, 1.8479249172038129e-01,
       -1.2548642924298927e+00, -2.6432438242345286e+00,
       1.5722138514553138e-01, -1.3242523773463069e+00,
       -2.6560324530984776e+00, 3.4560746758033534e-01,
       -1.1560207378456178e+00, -2.5807117426733823e+00,
       3.5285885656717608e-01, -1.1252958320772743e+00,
       -2.5903055027144859e+00, 3.1258245174150623e-01,
       -1.1074759581757709e+00, 2.9022388851681065e+00,
       -1.1212142278741891e-01, 1.2010677781517793e+00,
       2.8966065902809381e+00, -1.1605425322227258e-02,
       1.1708023361317306e+00, 2.8232114041712211e+00,
       4.2649712279063598e-02, 1.1226403813628221e+00,
