%YAML:1.0
---
summary: "Filter by time, rd=15, rs=10."
init_cam_calib: C99-1010_3p_3
camera_matrix: !!opencv-matrix
   rows: 3
   cols: 3
   dt: d
   data: [ 2.5787155703346043e+03, 0., 1.8753549498630377e+03, 0.,
       2.5748240134607049e+03, 1.0868303127521540e+03, 0., 0., 1. ]
dist_coeff: !!opencv-matrix
   rows: 5
   cols: 1
   dt: d
   data: [ 2.0234239416670918e-02, -4.6344342398438293e-02,
       -6.4333730832459254e-04, -1.4829346124091579e-03,
       3.5104172333166081e-02 ]
rvec: !!opencv-matrix
   rows: 137
   cols: 3
   dt: d
   data: [ -3.0637392466506221e+00, 4.7242254476117289e-02,
       -6.5986329689547776e-02, -3.0584546233500478e+00,
       3.3661532803577254e-02, -4.5448144755768777e-02,
       -3.0554893764955304e+00, 2.6633517668358961e-02,
       -4.1475221601244207e-02, -3.0471753863157280e+00,
       2.6993178448061771e-02, 2.7609429454164423e-02,
       -3.0635683885209675e+00, 1.0972944020083993e-01,
       -1.7069322955565191e-02, -3.1159734979421483e+00,
       1.8229003058268151e-01, -1.5209974275885479e-01,
       3.0618375090316041e+00, -1.1833264285081570e-01,
       -8.1524797685777212e-03, 3.0298996378818019e+00,
       -4.7896084857909631e-02, -1.5516237606972974e-01,
       3.0454883784575686e+00, 7.5424754462355706e-02,
       -4.6543053803449524e-01, -3.0736062090338199e+00,
       -4.7838699610298685e-02, 5.9422438357800944e-01,
       -3.0107186092300289e+00, 2.5933409975547043e-02,
       7.7145127984627015e-01, -2.9496658126125097e+00,
       -6.9667068429336010e-02, 8.9891291940864770e-01,
       -2.9555225809085583e+00, -1.6143456891175637e-02,
       8.5923696878982603e-01, -2.9540610592990801e+00,
       -9.3626108447352916e-04, 8.8691756405440147e-01,
       2.9884778005037131e+00, 1.3717083948705149e-02,
       -9.4919857465098956e-01, -2.9779593945472165e+00,
       1.3428508759197455e-02, 9.4286586500684855e-01,
       -2.9533472124094953e+00, 1.5776348607240299e-02,
       9.3920168075758459e-01, -2.9280461537037086e+00,
       1.8445799702618445e-02, 9.6183944573090974e-01,
       -2.9236653922551401e+00, 7.2049853044049740e-03,
       9.7059164439698375e-01, -2.9523298625082308e+00,
       3.1306433279852927e-02, 9.6652377076440410e-01,
       2.8932190201227121e+00, -4.3405195997779061e-02,
       -9.3584478552869399e-01, 2.8389160486092555e+00,
       -2.2576843483245478e-02, -9.0474361341285203e-01,
       2.8696829265879260e+00, -3.3524608395146094e-02,
       -9.1407919126083526e-01, 2.9448569627525782e+00,
       1.7713742357239347e-02, -9.1762352034971839e-01,
       -2.9244646186941070e+00, -4.7991073649311627e-02,
       9.2939503113576805e-01, -2.8002161346844523e+00,
       -3.6974681927976594e-02, 9.0545090301043185e-01,
       -2.6930059464602496e+00, -3.1432966264884260e-02,
       8.9840930529720875e-01, -2.5787505276114522e+00,
       -1.1543277171716133e-01, 9.0791362681945931e-01,
       -2.7060254157228600e+00, -1.0408692852075982e-02,
       9.7853628093180489e-01, -2.9886350737924903e+00,
       2.7330895625947076e-02, 9.9307461825846566e-01,
       2.9502369179223029e+00, 3.1669704736561818e-02,
       -1.0612249974904957e+00, -2.8953533034543075e+00,
       2.5679799341416287e-02, 1.1365318513029783e+00,
       -2.8798165649629692e+00, 6.5793603432376238e-02,
       1.1233649550714859e+00, -2.8179301734375364e+00,
       5.5817311671312181e-02, 1.3780018641855265e+00,
       2.7865947184738973e+00, 1.4229191751504723e-02,
       -1.4364197808832400e+00, 2.7643531402690393e+00,
       9.3647060170785237e-02, -1.4828138948752887e+00,
       -2.6923121489638930e+00, -1.1171979598868957e-01,
       1.5967910644478585e+00, -2.7183357608146137e+00,
       -1.7930786575271726e-01, 1.4787525022981154e+00,
       -2.6498468081989284e+00, -1.4085546120671272e-01,
       1.5768858171491194e+00, 2.7368971448940029e+00,
       -9.9423561762075361e-05, -1.4803668139214634e+00,
       2.7540451907394292e+00, -2.5512250343219231e-02,
       -1.4398826873716457e+00, 2.7628009692242315e+00,
       6.9816842877579123e-03, -1.4403400636768846e+00,
       2.7769724348925786e+00, 6.0050899673126275e-02,
       -1.4528676702300114e+00, -2.7510770901732302e+00,
       -6.3546646618398095e-02, 1.4904763651880719e+00,
       -2.6954856593446164e+00, -7.7432237910861096e-02,
       1.6082567203466074e+00, 2.6940772719900834e+00,
       8.8839996047656952e-02, -1.5596014307013186e+00,
       -2.7153238149773289e+00, -7.5668698058119807e-02,
       1.4904020474011563e+00, -2.7016571015456257e+00,
       -6.8638149777997828e-02, 1.5189503172705927e+00,
       2.7528247173100988e+00, 7.7280498369878175e-03,
       -1.4558755164995041e+00, 2.7306433054494326e+00,
       -2.5888743948445182e-02, -1.4406018487607570e+00,
       -2.7198300280493570e+00, -3.7719132670077017e-02,
       1.4533903199689566e+00, -2.5322009268461789e+00,
       -9.0100504702111048e-02, 1.3655653402590582e+00,
       -2.4378302476283524e+00, -1.7701301573712608e-01,
       1.4125513549296653e+00, -2.4614126996586947e+00,
       -2.3155954621503938e-01, 1.3513003759993518e+00,
       -2.5571633114672712e+00, -1.3523053033392529e-01,
       1.3401955416897615e+00, -2.7317266495569461e+00,
       2.5725141163677932e-02, 1.4530305993694657e+00,
       2.6770930021627728e+00, -2.2848981886043104e-02,
       -1.5543125845064509e+00, 2.6953724983014560e+00,
       2.5700428303097561e-03, -1.4633740805120103e+00,
       2.6053402285576599e+00, -5.5817022748705300e-02,
       -1.4867899089686274e+00, 2.5438969848462833e+00,
       -1.6120067278406455e-01, -1.5132555867783686e+00,
       2.5271656571388559e+00, -1.4604565350862511e-01,
       -1.5142380160950673e+00, 2.5252054569806646e+00,
       -1.5642949938575690e-01, -1.5357080681392148e+00,
       2.5468709395720075e+00, -1.3011585840466475e-01,
       -1.5280846667728698e+00, 2.5618909741525950e+00,
       -1.6293692990869808e-02, -1.6886108183184958e+00,
       -2.6923514370648793e+00, -5.4918886858898154e-02,
       1.5150947248971209e+00, 2.8006189505745440e+00,
       -1.0395069387097249e-01, -1.3631734778590967e+00,
       2.7779035566132748e+00, 1.7754406678964944e-02,
       -1.4409222597772280e+00, 2.8201859612144466e+00,
       -1.3124145808689629e-02, -1.3999538426799445e+00,
       -2.8479312696300361e+00, -1.0002797125965920e-01,
       1.3025229309877191e+00, -2.9538697686166406e+00,
       -8.6415620606749816e-02, 1.0222679459491537e+00,
       -3.0243656686187501e+00, -1.0547288498112128e-01,
       7.4808275829753046e-01, 3.0477899346772697e+00,
       5.9757650122132515e-02, -6.7120260713687852e-01,
       -3.1384956031920010e+00, 6.8547469192617328e-03,
       1.4871909402154987e-01, 3.1336296186590045e+00,
       -4.8899533001643932e-03, -7.1803236878799540e-02,
       3.1387242677659026e+00, 3.6984240148397324e-02,
       -7.6457591795343796e-02, -3.1200152325922672e+00,
       -9.6095827155717753e-02, -7.6523071117082855e-02,
       -3.1144419334308124e+00, -5.0367246552251707e-02,
       -4.9175661596763266e-02, -3.0455254545883674e+00,
       -5.4454748846031020e-02, -2.0961601941187524e-01,
       -3.0924615801374506e+00, -6.3379493551426982e-02,
       -3.7514625688291947e-01, 3.0955270083829407e+00,
       1.9355337842424464e-01, 3.1008521568170772e-01,
       -3.0100414357394523e+00, -1.1663056792011332e-01,
       -6.7447208257939462e-01, -2.8569158482593671e+00,
       1.2799348512048758e-01, -1.0719777068276493e+00,
       -2.6627885791518415e+00, 1.8387313335554081e-01,
       -1.3666182633105757e+00, -2.6583263174910443e+00,
       1.6546935990523434e-01, -1.2309764019779967e+00,
       -2.7475344212338331e+00, 8.2366215322483449e-02,
       -1.1743322096119924e+00, -2.7404372706891200e+00,
       1.0597383122983912e-01, -1.2169663795706942e+00,
       -2.6686365350729888e+00, 9.1102931963099529e-02,
       -1.3580642537769478e+00, -2.6101185773716176e+00,
       1.1195258049517881e-01, -1.4569652436959519e+00,
