%YAML:1.0
---
summary: "Filter by time, rd=20, rs=5."
init_cam_calib: C99-1010_3p_3
camera_matrix: !!opencv-matrix
   rows: 3
   cols: 3
   dt: d
   data: [ 2.5744630137159979e+03, 0., 1.8867018746225863e+03, 0.,
       2.5753686317019105e+03, 1.0877205301552065e+03, 0., 0., 1. ]
dist_coeff: !!opencv-matrix
   rows: 5
   cols: 1
   dt: d
   data: [ 1.0953067113164513e-02, -1.1552844363164451e-02,
       -1.2056732717548306e-03, -1.0374057689384082e-04,
       -5.5721252945466222e-03 ]
rvec: !!opencv-matrix
   rows: 103
   cols: 3
   dt: d
   data: [ -3.0683156967507368e+00, 4.8810640322907398e-02,
       -7.3493871737076374e-02, -3.0598456628210529e+00,
       3.3683710386519503e-02, -5.1157181280417664e-02,
       -3.0481991965679409e+00, 1.1235602199118847e-02,
       -3.5894082711508922e-02, -3.0457580958979835e+00,
       7.0880477461277860e-02, 6.1912952030679473e-02,
       -3.1168595144926265e+00, 1.8258705364731376e-01,
       -1.5851919432487208e-01, 3.0482379134730371e+00,
       -1.4219104348876896e-01, -3.9149244097861441e-02,
       3.0363465095499049e+00, -7.8648429296441034e-03,
       -2.9799323286800500e-01, -3.0763793343208978e+00,
       -4.8106542537133562e-02, 5.8682376443987139e-01,
       -2.9938913861013994e+00, -1.1370922290283945e-02,
       8.3239291842593421e-01, -2.9622976102483807e+00,
       -2.0905794687228738e-02, 8.8691335816660444e-01,
       -2.9576985130224371e+00, -1.6905582626490071e-03,
       8.7888684199229417e-01, 2.9823692551899366e+00,
       -5.1155677127821533e-03, -9.4186063578739909e-01,
       -2.9673673649604728e+00, 1.2517019447179803e-02,
       9.2373078673802456e-01, -2.9316295016181280e+00,
       1.7634990613682483e-02, 9.5407995698104087e-01,
       -2.9199643762595393e+00, 5.8966522007600705e-03,
       9.5271742222339750e-01, 2.9293041818362933e+00,
       -4.5698069374354042e-02, -9.6828279257005057e-01,
       2.8402658224694699e+00, -2.2373137812196124e-02,
       -8.9694611858473838e-01, 2.8682381705644477e+00,
       -3.4831134187449334e-02, -9.0845825127243562e-01,
       -2.9484897422321028e+00, -4.3331762537953344e-02,
       9.3465723503645870e-01, -2.8034743192099865e+00,
       -3.7809556870822415e-02, 8.9797560726846670e-01,
       -2.6478415729490252e+00, -8.5300261404859204e-02,
       8.8243669330021379e-01, -2.6792857837679178e+00,
       -5.3917215675614041e-02, 8.9400205680817624e-01,
       -2.9921338233110100e+00, 2.6592854492431376e-02,
       9.8531997585764042e-01, -2.9373595835563857e+00,
       -1.7148728238519886e-02, 1.0931934496200904e+00,
       -2.8800070296251845e+00, 3.3627130123224755e-02,
       1.1194350986657557e+00, -2.8215531638531499e+00,
       5.5065218330076125e-02, 1.3707818539017260e+00,
       -2.7620296312434367e+00, -3.8455881488435227e-02,
       1.4864676924499354e+00, 2.7165106674105108e+00,
       1.1194247119632356e-01, -1.5780929252375873e+00,
       -2.7225424263046829e+00, -1.7924987424810424e-01,
       1.4712340958324071e+00, -2.6577211364273627e+00,
       -1.2608489650772453e-01, 1.5919263057238815e+00,
       2.7910754891167269e+00, -5.3552713549304881e-02,
       -1.3543026843625654e+00, 2.7669145002241153e+00,
       6.9805900333415761e-03, -1.4331412959660295e+00,
       2.7865920966761375e+00, 6.5457870504199211e-02,
       -1.4383443235784559e+00, -2.6929435311626531e+00,
       -3.8625156206249942e-02, 1.5786193585539141e+00,
       2.6984246600711068e+00, 8.8678635447584669e-02,
       -1.5527443275008515e+00, -2.7068043757080535e+00,
       -7.3457872284646369e-02, 1.5074177669325803e+00,
       2.7700303503888315e+00, 4.8685300116856192e-02,
       -1.4685691911947973e+00, 2.7346512706099038e+00,
       -2.5805450144797459e-02, -1.4337074473462339e+00,
       -2.6571462565097557e+00, -8.5613774512045063e-02,
       1.4340666846469527e+00, -2.4266310841158263e+00,
       -1.2405137835932750e-01, 1.4085966980065290e+00,
       -2.4645779904271370e+00, -2.3201797792336104e-01,
       1.3445149703734074e+00, -2.5879845125839385e+00,
       -5.9214263771282999e-02, 1.3553353217887820e+00,
       2.7075205477238669e+00, -2.4641766154764350e-02,
       -1.5564737048392090e+00, 2.6994701608848746e+00,
       2.5270947093171169e-03, -1.4564518981710919e+00,
       2.5908425687512384e+00, -1.1589379401720397e-01,
       -1.4625042757552851e+00, 2.5603110621478793e+00,
       -1.3765314168248255e-01, -1.4941582734717387e+00,
       2.5297634277273544e+00, -1.5702596963969492e-01,
       -1.5295463352590279e+00, 2.5334276752083507e+00,
       -1.4018904895402642e-01, -1.5610771463550841e+00,
       -2.6448563997671881e+00, -1.0037327913583406e-01,
       1.5733974135822961e+00, 2.8046998844768551e+00,
       -1.0389054808500972e-01, -1.3555529436698137e+00,
       -2.7827001182332141e+00, 1.1263227380902684e-01,
       1.3858528343744307e+00, -2.8301314693017976e+00,
       -4.9141105873590454e-02, 1.3274873853523581e+00,
       -2.9573183841300490e+00, -8.6130030838453192e-02,
       1.0130674200301286e+00, -3.0403091222201546e+00,
       -9.9489250054856648e-02, 6.8275953954812618e-01,
       3.0337404554790757e+00, -6.0640943022613400e-03,
       -3.9849504530187541e-01, 3.1325025431394962e+00,
       -5.4885289729257949e-03, -6.0893067772211075e-02,
       3.1526324629839797e+00, 3.6976512423879608e-02,
       -8.4998462498688143e-02, -3.1248313094588829e+00,
       -1.0791651084048268e-02, -1.3901377772179005e-01,
       -3.0448946282496565e+00, -5.4383471572872141e-02,
       -2.1562050696300181e-01, -3.1275843941271493e+00,
       -9.0284269836465744e-02, -2.9649399896627487e-01,
       -3.0361439390512102e+00, -2.1537135569875418e-01,
       -4.8996445049440152e-01, -2.8557953874681918e+00,
       1.2874796697742666e-01, -1.0771934889242440e+00,
       -2.6656945983766658e+00, 1.5140230358073070e-01,
       -1.3170167747053534e+00, -2.7304695555231899e+00,
       8.7007268231146503e-02, -1.1828076865991530e+00,
       -2.7389974642853021e+00, 1.0670204717493058e-01,
       -1.2218346008776662e+00, -2.6509482577258590e+00,
       9.9349816530294580e-02, -1.4050426698596858e+00,
       -2.6186381296675925e+00, 1.2230447656448055e-01,
       -1.4812112345385717e+00, -2.7066030482431587e+00,
       1.0154048046621392e-01, -1.3463539069975679e+00,
       -2.7507361965290502e+00, 8.9716113546922882e-02,
       -1.3736704961008859e+00, -2.7527099670026449e+00,
       8.8917765536952159e-02, -1.3679688127300169e+00,
       -2.7365016007726424e+00, 5.9764490747013538e-02,
       -1.4225915937994495e+00, -2.6791055043716279e+00,
       1.1540043080679438e-01, -1.5171892956321569e+00,
       -2.7132946842203927e+00, 5.3713920808515836e-02,
       -1.5484807824847853e+00, 2.6066043236868897e+00,
       7.2389033232007766e-02, 1.4635129240830911e+00,
       2.5846683767276528e+00, 4.9161888741485200e-02,
       1.4655181969127440e+00, 2.6799303663622629e+00,
       -6.4714746266541029e-02, 1.5925953713050951e+00,
       -2.5617431438163223e+00, 2.3804629623935925e-01,
       -1.5363408130416913e+00, 2.6721496150804053e-01,
       2.1522621139657594e+00, 8.8170504094968502e-02,
       1.9748083253167001e-01, 2.1398405401757206e+00,
       1.6774618198046468e-01, -2.6809594360846880e+00,
       1.6197646834673407e-01, -1.2506159568640456e+00,
       -2.6485166507541669e+00, 1.9384989540470060e-01,
       -1.2795156045096292e+00, -2.6636537747815039e+00,
       1.3652871306960196e-01, -1.2956740998215852e+00,
       -2.6594375920113018e+00, 3.8981706161214708e-01,
       -1.0787485225381830e+00, -2.5630970314786463e+00,
       3.6314401889789832e-01, -1.1272264428016101e+00,
       -2.7100982661335742e+00, 2.6510591530689698e-01,
       -1.1176779633278640e+00, -2.8598045739083933e+00,
       5.0774855772622321e-02, -1.2288728380212997e+00,
       2.8989586136547216e+00, -1.5000045374229186e-02,
       1.1501420605288524e+00, 2.7869433950170475e+00,
       2.1436676104986941e-02, 1.1633203758512343e+00,
