%YAML:1.0
---
summary: "Filter by time and points, rd=20, rs=0, sp=5, sf=1."
init_cam_calib: C99-1010_3p_3
camera_matrix: !!opencv-matrix
   rows: 3
   cols: 3
   dt: d
   data: [ 2.5769439909384614e+03, 0., 1.8860598167666690e+03, 0.,
       2.5717428407121688e+03, 1.0848989914824347e+03, 0., 0., 1. ]
dist_coeff: !!opencv-matrix
   rows: 5
   cols: 1
   dt: d
   data: [ 1.6092215732849805e-02, -2.5526944380045602e-02,
       -7.9654973745793198e-04, -4.0131003931614994e-04,
       2.7824433997852300e-03 ]
std_intrinsics: !!opencv-matrix
   rows: 18
   cols: 1
   dt: d
   data: [ 1.3261449282453333e+00, 1.2176535430724049e+00,
       2.6934335014652149e+00, 1.7053331660766291e+00,
       3.1718252685669895e-03, 1.1675661630191465e-02,
       2.3172878010962352e-04, 3.5057562169717198e-04,
       1.2664866304947226e-02, 0., 0., 0., 0., 0., 0., 0., 0., 0. ]
std_extrinsics: !!opencv-matrix
   rows: 618
   cols: 1
   dt: d
   data: [ 1.8466460332850648e-03, 6.7868311883663337e-04,
       2.2270653269426282e-03, 3.7064543223100817e+00,
       2.3921060431460606e+00, 2.4880611894109492e+00,
       1.7047275087333331e-03, 6.5397912947922883e-04,
       2.1925045802157366e-03, 3.6939942714254954e+00,
       2.3779913779915920e+00, 2.5021973775725534e+00,
       1.7896487459086710e-03, 6.1107345883193421e-04,
       2.1828241687667886e-03, 3.7002778185390754e+00,
       2.3733356666695302e+00, 2.3375761844836385e+00,
       1.7719088758406491e-03, 5.5335652754767717e-04,
       2.0656702084913474e-03, 3.5670176262937496e+00,
       2.2927575289958542e+00, 2.2361108389961708e+00,
       1.6996442310591899e-03, 6.7255353870315001e-04,
       2.2805753283961006e-03, 3.2476828580728543e+00,
       2.1055262327325615e+00, 2.1604577717210534e+00,
       1.8633601549333963e-03, 5.1524668393655205e-04,
       2.0168246094846480e-03, 2.9196953681724294e+00,
       1.9365494391930382e+00, 2.0186158220787531e+00,
       1.4422221145430059e-03, 5.2642355581983291e-04,
       1.9826661544664419e-03, 2.7101249390185149e+00,
       1.7901466495839664e+00, 1.7973787393998573e+00,
       1.3170233725887659e-03, 5.6850320419296846e-04,
       2.2437188579570713e-03, 2.9161120058903522e+00,
       1.9024252343002894e+00, 1.6774970108104570e+00,
       1.6987902601793407e-03, 6.5674744653900364e-04,
       2.0682629522798144e-03, 3.2683495021737818e+00,
       2.1148816984224892e+00, 1.8423592044976460e+00,
       1.6419496216110035e-03, 7.0751964532560381e-04,
       2.2149527095662509e-03, 3.5621394683690752e+00,
       2.3093621037792418e+00, 2.0432329383026180e+00,
       1.6683134950752016e-03, 6.6949376151977016e-04,
       2.1927619150052826e-03, 3.7742637545493909e+00,
       2.4428038418813887e+00, 2.0970043595049210e+00,
       1.4160396044160212e-03, 7.6590120039385758e-04,
       2.6690193285365082e-03, 3.8533342794362082e+00,
       2.4903345475563037e+00, 2.3582496679597340e+00,
       1.8426444869035729e-03, 7.7976567133566780e-04,
       2.4355501200319066e-03, 3.8534730468339706e+00,
       2.4779215484941735e+00, 2.4500091043507628e+00,
       1.8252647139979830e-03, 7.3924242225898178e-04,
       2.2047138122187606e-03, 3.8716826610773909e+00,
       2.4933644729244517e+00, 2.2124592589819052e+00,
       1.6614851557638292e-03, 6.8620102536000381e-04,
       2.1703039152225685e-03, 3.8737146957270290e+00,
       2.4909898910233572e+00, 2.1435491267628346e+00,
       1.3480738497623681e-03, 7.1306836041866775e-04,
       2.3707390883357876e-03, 3.7616584626523055e+00,
       2.4216307843773888e+00, 2.0976634818690387e+00,
       1.3374396564620990e-03, 6.7514906004006406e-04,
       2.4055167600710672e-03, 3.6940331638676454e+00,
       2.3915497313474470e+00, 2.0644576445709930e+00,
       1.3432592572246056e-03, 6.8615421453944081e-04,
       2.2892592874820478e-03, 3.7323563093384649e+00,
       2.4183535106867327e+00, 2.0339004468603417e+00,
       1.6678028100854906e-03, 7.4182935316662003e-04,
       2.2297689451445885e-03, 3.6589363788727365e+00,
       2.3695664327507182e+00, 2.2020445217312683e+00,
       1.6843139855642409e-03, 6.9147658871932069e-04,
       2.2800470831491550e-03, 3.7218794538359363e+00,
       2.4077152692341279e+00, 2.1129760515398774e+00,
       1.8721825277137841e-03, 7.5967060545731671e-04,
       2.0787137556096571e-03, 3.8588359444899045e+00,
       2.4952160175964266e+00, 2.4168630232654920e+00,
       2.0679003616126687e-03, 8.5889504563316883e-04,
       2.5949711695660519e-03, 3.8177464728146262e+00,
       2.4994040678715743e+00, 2.6268795441324766e+00,
       1.7916381659293461e-03, 8.2026303545411241e-04,
       2.4487512488601364e-03, 3.8482841897863094e+00,
       2.4793898396953291e+00, 2.6085883944692387e+00,
       1.3971460884512543e-03, 7.6228518114971006e-04,
       2.5760083159872067e-03, 3.9056219004646691e+00,
       2.5095062181544536e+00, 2.3790909283803874e+00,
       1.7683129820226914e-03, 7.3791302786569313e-04,
       2.1541788991626706e-03, 4.0302429821062660e+00,
       2.5870163804896049e+00, 2.2830504143582528e+00,
       1.7669913546148113e-03, 1.1478623132854721e-03,
       2.6339768286668531e-03, 4.3252626740912241e+00,
       2.7532263238889203e+00, 3.2504292201751359e+00,
       2.0495117637837389e-03, 1.3553509376267778e-03,
       2.3968607380748562e-03, 4.3578742028432789e+00,
       2.7748619725696493e+00, 3.3311639167005533e+00,
       2.0639127436897849e-03, 1.4831248541313947e-03,
       2.3219422153755828e-03, 4.2255379380761662e+00,
       2.7005912593523300e+00, 3.2159572075606428e+00,
       2.5356071025451994e-03, 2.1369515153311148e-03,
       2.8700747014656675e-03, 3.9566088875716643e+00,
       2.5850772080879918e+00, 3.9450267212328884e+00,
       2.2684237628940915e-03, 1.5319687718912433e-03,
       2.3518500752188472e-03, 3.7513587251962370e+00,
       2.4301731953072392e+00, 2.5998321394481234e+00,
       1.8186304767712840e-03, 1.2877990002564739e-03,
       2.2544640122998910e-03, 3.2086170135781549e+00,
       2.0607875589259277e+00, 2.0684460243687468e+00,
       1.8521828951738280e-03, 1.3461824847359849e-03,
       2.6201611353841073e-03, 3.1309924557559321e+00,
       1.9865294593099529e+00, 2.1952941662694556e+00,
       1.8005334414072946e-03, 1.2122651404890780e-03,
       2.0231234127156494e-03, 3.0647877985326852e+00,
       1.9801827671179324e+00, 1.9876344479845440e+00,
       1.7937799962037808e-03, 1.4523362997903161e-03,
       2.0957788123449859e-03, 3.1244922811185316e+00,
       2.0052504824195010e+00, 2.0859278226440310e+00,
       1.9610394512736959e-03, 1.5002420038557399e-03,
       2.3290918944604303e-03, 3.1334100784778922e+00,
       2.0176155935045332e+00, 2.3876260488267547e+00,
       1.6365998093123006e-03, 1.0679728899974684e-03,
       1.9711269921468791e-03, 3.1015700313331123e+00,
       1.9791848367678826e+00, 1.8205851372996966e+00,
       1.5902540960000262e-03, 1.0667279408768241e-03,
       1.8513581982147992e-03, 3.0650888123955062e+00,
       1.9668740676625611e+00, 1.6251437144057370e+00,
       1.6736762083950775e-03, 1.0936535430352990e-03,
       2.1044962016781459e-03, 3.1121209547547610e+00,
       1.9802178331062881e+00, 1.5382447998500546e+00,
       1.7840391271141454e-03, 1.2420526094002577e-03,
       2.1391671849004066e-03, 3.1708844538688119e+00,
       2.0366277291623391e+00, 2.2825105004642050e+00,
       1.9514130073334079e-03, 1.2388627558368717e-03,
       2.0275865442041818e-03, 3.2259636643675962e+00,
       2.0729672044275023e+00, 2.0552952624211356e+00,
       1.9756131221439779e-03, 1.2443724305721468e-03,
       2.2023274511847137e-03, 3.2606814777812447e+00,
       2.0985325695398624e+00, 2.2138084801989755e+00,
       1.7423453119080870e-03, 1.1477439279152699e-03,
       2.0489943233868830e-03, 3.2043392368023613e+00,
       2.0711072713821332e+00, 1.7589503185093618e+00,
       1.7044663758847998e-03, 1.0705960936523643e-03,
       2.0425518489220963e-03, 3.1855362765280848e+00,
