%YAML:1.0
---
summary: "Filter by time, rd=10, rs=5."
init_cam_calib: C99-1010_3p_3
camera_matrix: !!opencv-matrix
   rows: 3
   cols: 3
   dt: d
   data: [ 2.5766012545173053e+03, 0., 1.8882785112135862e+03, 0.,
       2.5778558719730686e+03, 1.0904193830059287e+03, 0., 0., 1. ]
dist_coeff: !!opencv-matrix
   rows: 5
   cols: 1
   dt: d
   data: [ 1.3406736305894154e-02, -1.9187373219107958e-02,
       -8.1452088740527654e-04, 1.8200885997306712e-05,
       2.8914827308988552e-03 ]
std_intrinsics: !!opencv-matrix
   rows: 18
   cols: 1
   dt: d
   data: [ 4.5169999472463690e-01, 4.1391345722649397e-01,
       9.4124328101347443e-01, 6.0241550603418981e-01,
       1.0747645325750337e-03, 3.8204307269738046e-03,
       8.0592239801420925e-05, 1.2281580610533531e-04,
       4.0266231609087681e-03, 0., 0., 0., 0., 0., 0., 0., 0., 0. ]
std_extrinsics: !!opencv-matrix
   rows: 1230
   cols: 1
   dt: d
   data: [ 8.7820002121174231e-04, 3.3439753638979413e-04,
       9.7399126144553309e-04, 1.3108995888263273e+00,
       8.5789792671684850e-01, 1.0406552066795072e+00,
       8.7893789903793437e-04, 3.2988357557471365e-04,
       9.7196682787974262e-04, 1.3095572869495966e+00,
       8.5750475161736683e-01, 1.0419672410202254e+00,
       8.7887749885124527e-04, 3.2670559556793069e-04,
       9.7057063439059000e-04, 1.3072747523352359e+00,
       8.5632067394303257e-01, 1.0400112615061092e+00,
       8.7685075608839034e-04, 3.2613177684872718e-04,
       9.6887375819572602e-04, 1.3059086067266654e+00,
       8.5556479480079051e-01, 1.0397595169263347e+00,
       8.5447996425163308e-04, 3.1355704697950000e-04,
       9.3635486088584007e-04, 1.3023563680368206e+00,
       8.5213683359459513e-01, 1.0015375040671528e+00,
       8.3708312816827956e-04, 2.9904049240222201e-04,
       9.1021582138638894e-04, 1.2771818126941916e+00,
       8.3800759480596299e-01, 9.9036918626401493e-01,
       8.1663320291830747e-04, 2.8836938558008535e-04,
       8.8975860293791264e-04, 1.2255119162253607e+00,
       8.0701903388734597e-01, 9.7097792724997345e-01,
       7.8267852180220819e-04, 3.1036618577226814e-04,
       8.9484104042888155e-04, 1.1803768272964270e+00,
       7.7718542754390174e-01, 9.3423418313202500e-01,
       7.3022854314388022e-04, 3.2527830644213054e-04,
       8.7891070463782780e-04, 1.1246046617395085e+00,
       7.3952810086196730e-01, 8.6084418396763618e-01,
       8.7208209404907424e-04, 2.8813682454332618e-04,
       8.7864743806805978e-04, 1.0641497889055060e+00,
       7.0815324079190922e-01, 8.7755119509807800e-01,
       8.6344971205553408e-04, 2.7275100904585028e-04,
       8.5301170462409950e-04, 1.0123530073168485e+00,
       6.7875771793530393e-01, 8.1920558995786696e-01,
       9.2993367731979387e-04, 2.7309671819178454e-04,
       8.6098135386473800e-04, 9.7441965251460594e-01,
       6.5855472506420210e-01, 8.1240827845696650e-01,
       8.1342342355570849e-04, 2.7914761203392077e-04,
       8.7751231025697928e-04, 9.6979209092675356e-01,
       6.5224168772403734e-01, 7.5837535535018707e-01,
       6.5617765974215769e-04, 2.8442276656666458e-04,
       9.5539454522540381e-04, 1.0028207451934958e+00,
       6.6708797626552807e-01, 6.7580773970442376e-01,
       6.9775331834488849e-04, 2.7790053603353367e-04,
       8.6778147699029045e-04, 1.0592106749291770e+00,
       7.0253962084276711e-01, 6.7044015980615246e-01,
       7.2128989334944906e-04, 2.8416846736235987e-04,
       8.7098200137702161e-04, 1.1161779766313340e+00,
       7.3891534019324578e-01, 6.9975634955292243e-01,
       7.7310600261254751e-04, 3.1536021992948824e-04,
       9.2202631172866355e-04, 1.1888383713436235e+00,
       7.8370242355106590e-01, 7.6333145815718939e-01,
       7.5173943825997743e-04, 3.1689047296945371e-04,
       9.1829384981738284e-04, 1.2383973273378457e+00,
       8.1694930457169479e-01, 7.9175435281630802e-01,
       7.8460716456819565e-04, 3.2989595554841895e-04,
       9.5111170684197821e-04, 1.2838146602826048e+00,
       8.4751812824288475e-01, 8.5629548154136981e-01,
       8.0349658841283225e-04, 3.3322722256836908e-04,
       9.8716525529480561e-04, 1.3235686783908047e+00,
       8.7760784884168785e-01, 9.3474425600614452e-01,
       8.2962580317250774e-04, 3.4415545554060932e-04,
       1.0086685572718876e-03, 1.3519490875698901e+00,
       8.9243193424161094e-01, 9.6982094372139971e-01,
       8.3330693649721422e-04, 3.5746468686922528e-04,
       1.0322934921279392e-03, 1.3605847706542489e+00,
       8.9711556924525393e-01, 9.9730749215020165e-01,
       7.0623022239166831e-04, 3.7063569047380977e-04,
       1.1489873450984728e-03, 1.3649849931729723e+00,
       8.9918760047438995e-01, 1.0177957609135571e+00,
       8.4391253385259618e-04, 3.5940780107612434e-04,
       1.0237186405999607e-03, 1.3624418421770088e+00,
       8.9779281409158074e-01, 9.9732781212783184e-01,
       8.5100779608948847e-04, 3.5887152109282744e-04,
       1.0209953325056775e-03, 1.3628654316048794e+00,
       8.9847636828845157e-01, 9.9425237748785955e-01,
       8.3057924475173669e-04, 3.4889544084787025e-04,
       1.0064354736757776e-03, 1.3619954862697092e+00,
       8.9701312900989250e-01, 9.7150688840388000e-01,
       8.4317093055209628e-04, 3.5152495424057683e-04,
       1.0035851896495799e-03, 1.3669135705778610e+00,
       8.9923155258335152e-01, 9.6597364383136730e-01,
       8.1822135628498768e-04, 3.4404299494450197e-04,
       9.9729373242909438e-04, 1.3651079486244351e+00,
       8.9831634966992346e-01, 9.5563362357028447e-01,
       8.2131283183245246e-04, 3.4295827698615215e-04,
       9.9481241872620982e-04, 1.3613659287135793e+00,
       8.9569677973109663e-01, 9.4437050289065549e-01,
       8.4087421075111028e-04, 3.5234577887735590e-04,
       9.9515300179100043e-04, 1.3395193330420556e+00,
       8.8040531609809114e-01, 9.2922245277519278e-01,
       6.9745381172028127e-04, 3.5971808009978778e-04,
       1.0914316361736423e-03, 1.3262156511449628e+00,
       8.7036553722499266e-01, 9.2163614654541126e-01,
       6.8875073563802772e-04, 3.5068084700149343e-04,
       1.0606169887508604e-03, 1.3164171770365847e+00,
       8.6634806407971332e-01, 9.2194080774238307e-01,
       6.4390641059543284e-04, 3.4070949773518447e-04,
       1.0355945595014559e-03, 1.3129860183067281e+00,
       8.6643086986049167e-01, 9.0006166464085269e-01,
       6.3450896772270806e-04, 3.4564466908600870e-04,
       1.0373307817390762e-03, 1.3185507531425187e+00,
       8.7033004947931747e-01, 8.9604462946522700e-01,
       6.1688749373165570e-04, 3.4140208836272727e-04,
       1.0338104656032812e-03, 1.3155797517017338e+00,
       8.6838354399334783e-01, 8.8005286842946084e-01,
       6.0735009478019421e-04, 3.3513541558636542e-04,
       1.0515413699143559e-03, 1.3040156845569719e+00,
       8.6073944671947633e-01, 8.5978367878208306e-01,
       7.7562170071962912e-04, 3.3233533600204927e-04,
       9.5993257373156772e-04, 1.2973118429718624e+00,
       8.5579746845376381e-01, 8.6036335396489438e-01,
       7.9779616592143602e-04, 3.3842734670079533e-04,
       9.5699546061190862e-04, 1.3065387185078783e+00,
       8.6274188501746774e-01, 8.9692515836170017e-01,
       8.4049472716613623e-04, 3.4040435167093737e-04,
       9.7389504384380241e-04, 1.3324650847450425e+00,
       8.8204673879072104e-01, 9.5915075505111236e-01,
       8.6962114691590295e-04, 3.4271953271701455e-04,
       9.6352174673969781e-04, 1.3680102357168409e+00,
       9.0288479765762220e-01, 9.9172429533761031e-01,
       9.3334173062292291e-04, 3.6755477103388238e-04,
       1.0762388727252005e-03, 1.3613731690189996e+00,
       9.1461155615735457e-01, 1.1693201294265958e+00,
       1.0603303677732172e-03, 4.0910525664161816e-04,
       1.2095511848667759e-03, 1.3537663966746918e+00,
       9.2588331000033386e-01, 1.3715347037188170e+00,
       8.4747092774585888e-04, 3.4817291439087996e-04,
       9.7884626209853820e-04, 1.3453426023836821e+00,
