%YAML:1.0
---
summary: "Filter by time and points, rd=20, rs=0, sp=5, sf=1."
init_cam_calib: C99-1010_3p_3
camera_matrix: !!opencv-matrix
   rows: 3
   cols: 3
   dt: d
   data: [ 2.5769439909384614e+03, 0., 1.8860598167666690e+03, 0.,
       2.5717428407121688e+03, 1.0848989914824347e+03, 0., 0., 1. ]
dist_coeff: !!opencv-matrix
   rows: 5
   cols: 1
   dt: d
   data: [ 1.6092215732849805e-02, -2.5526944380045602e-02,
       -7.9654973745793198e-04, -4.0131003931614994e-04,
       2.7824433997852300e-03 ]
rvec: !!opencv-matrix
   rows: 103
   cols: 3
   dt: d
   data: [ -3.0611778943381336e+00, 3.8064683910840454e-02,
       -7.1815798679661147e-02, -3.0598433268553453e+00,
       4.0478735664784223e-02, -5.3613544524259107e-02,
       -3.0557403929885703e+00, 2.6828118569529408e-02,
       -4.7003956995269651e-02, -3.0367674280655432e+00,
       4.4781930658866528e-02, 6.0936209100429781e-02,
       -3.1060397605098555e+00, 1.6942813978627652e-01,
       -8.8372610836946752e-02, 3.0605634597662150e+00,
       -1.1829807468424933e-01, -3.2271411919567038e-03,
       3.0556649105414411e+00, -7.4218597072368872e-02,
       -1.9359564607157201e-01, 3.0812065657644090e+00,
       5.9052062676383632e-02, -5.6632859053777174e-01,
       -3.0104248391832518e+00, 2.6894285252618021e-02,
       7.6720068253300255e-01, -2.9455140777553792e+00,
       -3.9104257768914241e-02, 8.9515405988767760e-01,
       -2.9424542028211818e+00, -1.3562993752415117e-02,
       8.4124658317430168e-01, 2.9898220063816967e+00,
       1.3132888061934704e-02, -9.4250535684469861e-01,
       -2.9763693002752181e+00, 7.5444666452053740e-03,
       9.2870309527874317e-01, -2.9353174781144080e+00,
       1.4830604004137484e-02, 9.4150878154792184e-01,
       -2.9254805714631962e+00, 7.8562304098884830e-03,
       9.6531187985490408e-01, 2.9856964698559971e+00,
       -5.8418554059889209e-02, -1.0038764179929800e+00,
       2.8543011602643804e+00, -2.6812783816193272e-02,
       -9.1263307409483174e-01, 2.8710965196092473e+00,
       -3.4372004323773596e-02, -9.0910372274950368e-01,
       -2.9814473354642805e+00, -5.5391231420398042e-02,
       9.0943067296685454e-01, -2.8167106599571414e+00,
       -7.9841664546774993e-02, 8.8776986978138306e-01,
       -2.6955108086133901e+00, -3.0328449818065439e-02,
       8.9262771811842578e-01, -2.6083804890585629e+00,
       -1.2645504736121715e-01, 8.7972795246699576e-01,
       -2.9624782823821221e+00, 3.6115473923078449e-02,
       9.1273407309004873e-01, 2.9522424761635269e+00,
       3.1189976516775252e-02, -1.0535213767824418e+00,
       -2.8941999726717960e+00, 1.7651675435891728e-02,
       1.1168068183104072e+00, 2.8008194650350604e+00,
       -8.8066305310432400e-02, -1.3403037140004910e+00,
       2.7874424140323883e+00, 1.4537913263022012e-02,
       -1.4309336659732232e+00, 2.7454350377080905e+00,
       1.1644503194247305e-01, -1.5386024272524053e+00,
       -2.7429457698992015e+00, -1.5155575715866801e-01,
       1.5357615729188980e+00, -2.6541685022019266e+00,
       -1.4010789999661824e-01, 1.5708923169635440e+00,
       2.7770816768869535e+00, -8.7256754622285063e-02,
       -1.4071423864738302e+00, 2.7704896255459688e+00,
       -6.9414910323928867e-04, -1.4410568099593999e+00,
       2.7792709702358400e+00, 5.9554378898538658e-02,
       -1.4469962495686384e+00, -2.7252831220135154e+00,
       -6.6227296175969383e-02, 1.5393757396892433e+00,
       2.7190348990832351e+00, 6.0887809027701002e-02,
       -1.5620030798847127e+00, -2.7188576685183818e+00,
       -7.5218355693463704e-02, 1.4859767411666231e+00,
       -2.7481225081165697e+00, -6.2159360870340775e-02,
       1.4924521854284525e+00, 2.7273965461188947e+00,
       -3.1206795881824671e-02, -1.4402068706669646e+00,
       -2.7236913770872135e+00, -3.7185571468628449e-02,
       1.4484160140332045e+00, -2.4916166663952346e+00,
       -8.1493374970636953e-02, 1.3815977561745518e+00,
       -2.4710249300154921e+00, -2.1414021508787190e-01,
       1.3428428475520897e+00, -2.5606070233915053e+00,
       -1.3574206059254509e-01, 1.3358278757517359e+00,
       2.7746264730187784e+00, 5.6665198410711173e-03,
       -1.4799348354007835e+00, 2.7027321235040356e+00,
       -1.4918086120536534e-02, -1.4910714104600458e+00,
       2.6081006917080716e+00, -5.7327590967114615e-02,
       -1.4841912196760962e+00, 2.5589728185463256e+00,
       -1.2795861260803909e-01, -1.4877579507576884e+00,
       2.5271205946290554e+00, -1.4661150119986341e-01,
       -1.5170759452055489e+00, 2.5489822306197016e+00,
       -1.3144089623554436e-01, -1.5237372073315334e+00,
       2.6515747067720059e+00, 8.2603484025895058e-03,
       -1.6428453016598366e+00, -2.8307951155081432e+00,
       3.3543818595785098e-02, 1.3165106756293339e+00,
       2.7771290066905543e+00, 1.9637939042813492e-02,
       -1.4346816940155960e+00, -2.8106990161937562e+00,
       -6.7851521897176574e-03, 1.3753324528669661e+00,
       -2.9452453246779191e+00, -9.7185832430341249e-02,
       1.1160109998478467e+00, -3.0242976145230700e+00,
       -1.0418665865263062e-01, 7.4246656510474462e-01,
       3.0445030919653364e+00, 1.9597367406051659e-02,
       -5.4973551348984484e-01, 3.1423356892418113e+00,
       -1.4427074738328969e-02, -5.5013056920659095e-02,
       3.1410321086622415e+00, 3.7544998266682235e-02,
       -6.6118473986901516e-02, 3.1221985666691912e+00,
       3.6092469893372940e-02, 1.5891668815601953e-01,
       -3.0876048864912216e+00, -3.5263238548006358e-02,
       -2.0255516684998284e-01, -3.0769488931860942e+00,
       -6.2934395631881440e-02, -3.8646940536765767e-01,
       3.1130569976676696e+00, 2.1117127194135921e-01,
       3.7527392480223370e-01, -2.9032392688315980e+00,
       3.3241726938688043e-02, -9.7856525877803302e-01,
       -2.6589692189325338e+00, 1.8254187893538171e-01,
       -1.3721118925928495e+00, -2.6943997224093019e+00,
       1.0409063619544569e-01, -1.1732321001544685e+00,
       -2.7151258292033411e+00, 7.1203418586143707e-02,
       -1.2407423198902832e+00, -2.6638578629348189e+00,
       8.9491693115533594e-02, -1.3643830469624294e+00,
       -2.6184926285680827e+00, 1.1392349358789849e-01,
       -1.4922775753909241e+00, -2.7032905131050047e+00,
       1.0845242057921221e-01, -1.3404634655283811e+00,
       -2.7167853153684263e+00, 8.7143578833888236e-02,
       -1.3485702247047999e+00, -2.7153127422095289e+00,
       1.4184191306857125e-01, -1.4410292838766143e+00,
       -2.7540785244636123e+00, 5.5074743791904593e-02,
       -1.3644173846923855e+00, -2.7028628173171478e+00,
       1.1364992764535997e-01, -1.4848774891281620e+00,
       -2.6720749967551169e+00, 1.1600535967550572e-01,
       -1.5872138116137815e+00, 2.6370582000868863e+00,
       3.8273880121382546e-02, 1.4760414517312137e+00,
       2.5867764985553410e+00, 5.2360168230454189e-02,
       1.4660836100394570e+00, 2.6683130401584960e+00,
       -7.2868331892805204e-03, 1.5396313283291692e+00,
       -2.6696616248631271e+00, 1.3486155637187638e-01,
       -1.5512802682128002e+00, 2.8919479975674289e-01,
       2.0859924220894239e+00, 3.4713928348804206e-02,
       2.3680753309570729e-01, 2.1395469610762001e+00,
       1.4476026244373780e-01, -2.6821612456573871e+00,
       1.3870849377851183e-01, -1.2414910929239245e+00,
       -2.6718021138461894e+00, 1.8357663237955962e-01,
       -1.2562414360340082e+00, -2.6444585512361454e+00,
       1.5651071720631496e-01, -1.3265227232309418e+00,
       -2.6573700569726797e+00, 3.4482313830218592e-01,
       -1.1518785820143909e+00, -2.5847062082256742e+00,
       3.5302216545583415e-01, -1.1258078629244863e+00,
       -2.5900920039762791e+00, 3.1140996114786357e-01,
       -1.1085388715020978e+00, 2.9021414470223190e+00,
       -1.0996596958124534e-01, 1.2012919602960035e+00,
       2.8946205400611040e+00, -1.0301093931047257e-02,
       1.1697494054178350e+00, 2.8198461626974409e+00,
       4.1822264633058499e-02, 1.1198631664543350e+00,
