%YAML:1.0
---
summary: "Filter by distance, md=200, ds=50."
init_cam_calib: C99-1010_3p_3
camera_matrix: !!opencv-matrix
   rows: 3
   cols: 3
   dt: d
   data: [ 2.5807658978604236e+03, 0., 1.8967010631640096e+03, 0.,
       2.5805622108091029e+03, 1.0934841276379289e+03, 0., 0., 1. ]
dist_coeff: !!opencv-matrix
   rows: 5
   cols: 1
   dt: d
   data: [ 1.3796617387443552e-02, -2.6424590085521314e-02,
       -3.9022509419364991e-04, 2.2416796459589710e-04,
       1.7142975196442554e-02 ]
std_intrinsics: !!opencv-matrix
   rows: 18
   cols: 1
   dt: d
   data: [ 5.9264177852586875e-01, 5.4603159156512759e-01,
       1.2162993122065258e+00, 7.6970953582291124e-01,
       1.4789088805073811e-03, 5.3154364978345893e-03,
       1.0235827867785347e-04, 1.6055478017683720e-04,
       5.6741369460271349e-03, 0., 0., 0., 0., 0., 0., 0., 0., 0. ]
std_extrinsics: !!opencv-matrix
   rows: 1266
   cols: 1
   dt: d
   data: [ 1.2100597137365014e-03, 4.5894304543674460e-04,
       1.3250099164157619e-03, 1.7014740270942268e+00,
       1.1031798511423498e+00, 1.4091613730233779e+00,
       1.2017896729580725e-03, 4.4702457384180130e-04,
       1.3056972332469345e-03, 1.6929997298515793e+00,
       1.0987153169806099e+00, 1.4003610415674423e+00,
       1.1218833175743411e-03, 3.9677211131026281e-04,
       1.1967249175096320e-03, 1.6273380812356855e+00,
       1.0589476330853720e+00, 1.3081346648821606e+00,
       1.1101043097048887e-03, 4.1086700974524620e-04,
       1.1995316309521067e-03, 1.5700274214918375e+00,
       1.0224638147139211e+00, 1.2835072555051941e+00,
       1.0828319916594707e-03, 4.2415355160816607e-04,
       1.2123226336989063e-03, 1.5456551518824859e+00,
       1.0082922489641162e+00, 1.2902681200827371e+00,
       1.0388552442091570e-03, 4.4096055447172407e-04,
       1.1902341965301143e-03, 1.4855917395374147e+00,
       9.6654352973791080e-01, 1.1930576146558212e+00,
       1.0441601677848591e-03, 4.0297332224604386e-04,
       1.1804234736462122e-03, 1.4358815741077084e+00,
       9.3683321848214995e-01, 1.1320762905643684e+00,
       1.1477858673277774e-03, 3.9701245501087476e-04,
       1.1870185950859304e-03, 1.3969945902060603e+00,
       9.1685736419480302e-01, 1.1523715706016731e+00,
       1.1909936751048637e-03, 3.9221553617989065e-04,
       1.1967361142804487e-03, 1.3747512635352912e+00,
       9.0742546092901777e-01, 1.1556682360606645e+00,
       1.2006079275032908e-03, 3.7508394414559679e-04,
       1.1622795455381025e-03, 1.3119910162569743e+00,
       8.7162532584194163e-01, 1.0914989423539156e+00,
       1.2785413485567265e-03, 3.7619069788372172e-04,
       1.1610063967287647e-03, 1.2676094283846293e+00,
       8.4852629239152544e-01, 1.0924139819782044e+00,
       1.2198195265661752e-03, 3.7730911000424957e-04,
       1.1414797562447957e-03, 1.2597222933842072e+00,
       8.4218723352262048e-01, 1.0448843515095583e+00,
       1.0216326793448189e-03, 3.8765545086638133e-04,
       1.2398505285534504e-03, 1.2696645639205080e+00,
       8.4099341163038555e-01, 9.6486116210710071e-01,
       8.8853788304929775e-04, 3.9471371578576637e-04,
       1.3069884105701669e-03, 1.2926953010190585e+00,
       8.5028889204386549e-01, 8.9558448132568835e-01,
       8.6589470034609750e-04, 3.9840940491621873e-04,
       1.3177255754028710e-03, 1.3442922024195743e+00,
       8.8400909534459882e-01, 9.0748213064912175e-01,
       9.4321678508387560e-04, 3.7751313777443639e-04,
       1.1610956795798911e-03, 1.3788338696275013e+00,
       9.0589158850581142e-01, 8.8964296445647462e-01,
       9.9267169911661257e-04, 3.9152977319877833e-04,
       1.1765239234577522e-03, 1.4370519743267125e+00,
       9.4341835926446027e-01, 9.3372167531867434e-01,
       1.0162309324707782e-03, 4.1395832224217459e-04,
       1.2127469488012867e-03, 1.5018083567259912e+00,
       9.8239192202451531e-01, 9.7943579710043061e-01,
       1.0423797390931020e-03, 4.3293450001875399e-04,
       1.2381498663656090e-03, 1.5624874604129901e+00,
       1.0217556584649363e+00, 1.0371332733005436e+00,
       1.0493525172144058e-03, 4.4078863493298781e-04,
       1.2578638318305768e-03, 1.6260749789882492e+00,
       1.0646978445343205e+00, 1.0963718833596299e+00,
       1.0897864714165975e-03, 4.5654366828734897e-04,
       1.3336168877332911e-03, 1.7052374994272321e+00,
       1.1216786135397014e+00, 1.2434777696858805e+00,
       1.1327430494358487e-03, 4.7056984809161782e-04,
       1.3668824999300594e-03, 1.7508995495357640e+00,
       1.1470434476573943e+00, 1.3124835166882676e+00,
       1.1354918917490437e-03, 4.8174267816307513e-04,
       1.3768045443115782e-03, 1.7527613555319597e+00,
       1.1466545993070005e+00, 1.3171737711930214e+00,
       9.5169771043742692e-04, 5.0256866464646439e-04,
       1.5605392891065600e-03, 1.7614341263933138e+00,
       1.1524358969542383e+00, 1.3726703388934220e+00,
       1.1577707964954180e-03, 4.9368299240331128e-04,
       1.3910918004113402e-03, 1.7659608159932765e+00,
       1.1551039689825051e+00, 1.3565826129226435e+00,
       1.1185266942925101e-03, 4.7219772971162055e-04,
       1.3623500095388977e-03, 1.7646785744747973e+00,
       1.1531219335494571e+00, 1.3104989082103751e+00,
       1.1274846375547644e-03, 4.7809013396697778e-04,
       1.3316677560779222e-03, 1.7233137215791130e+00,
       1.1218674176433661e+00, 1.2286485873401256e+00,
       9.2496821550091797e-04, 4.8699092320317848e-04,
       1.4930109068162529e-03, 1.7201645720122614e+00,
       1.1186770394461911e+00, 1.2292123056112076e+00,
       9.5400268710603441e-04, 4.9215883776285315e-04,
       1.4805875176116064e-03, 1.7180470601515201e+00,
       1.1180806793240246e+00, 1.2433692295340348e+00,
       9.6232528069225426e-04, 4.8882868816412938e-04,
       1.4538170615216138e-03, 1.7022490665628616e+00,
       1.1112365268563436e+00, 1.2594583815512677e+00,
       8.4318514836221985e-04, 4.6822275447914021e-04,
       1.4101944038770581e-03, 1.7069937308964422e+00,
       1.1180667014885064e+00, 1.1869035190555555e+00,
       8.2525935935407249e-04, 4.7082320718602315e-04,
       1.4262771039391024e-03, 1.6944250748985215e+00,
       1.1124388465446906e+00, 1.1767265951692329e+00,
       8.3291312724067363e-04, 4.6360773398275537e-04,
       1.4476744490567327e-03, 1.6802390371915041e+00,
       1.1024862570100247e+00, 1.1568094305900301e+00,
       1.0524090148656881e-03, 4.6713119828729931e-04,
       1.3295565540243043e-03, 1.6768987013353849e+00,
       1.1028443328778368e+00, 1.1767790663446951e+00,
       1.1166279827910606e-03, 4.6249877865045205e-04,
       1.3223592393315957e-03, 1.7109929107450581e+00,
       1.1207044237743793e+00, 1.2075595037464364e+00,
       1.0877764363728584e-03, 4.5729765653495098e-04,
       1.3265727366175610e-03, 1.7055021653741318e+00,
       1.1232632733474108e+00, 1.2489615106004830e+00,
       1.1120281233874955e-03, 4.5978909054243103e-04,
       1.3148721598168099e-03, 1.7050161602869416e+00,
       1.1249665467189509e+00, 1.2851558893775969e+00,
       1.1300002614694515e-03, 4.5680404811353182e-04,
       1.3157517490581046e-03, 1.7194238705638110e+00,
       1.1364148023749630e+00, 1.3459550519806525e+00,
       1.1343172678957116e-03, 4.5776446310912217e-04,
       1.2754243511237859e-03, 1.7331871924980333e+00,
       1.1388959958233691e+00, 1.3072900447427898e+00,
       1.2024596747227463e-03, 4.7742421541919979e-04,
       1.3125472449464688e-03, 1.7698404581484459e+00,
       1.1632610601937954e+00, 1.3721909648926662e+00,
       1.1948204761111287e-03, 4.7813729507837456e-04,
       1.3639544416157968e-03, 1.7651833352369113e+00,
       1.1670932164067382e+00, 1.4479001856337486e+00,
       1.2335992811625339e-03, 4.8579304042224578e-04,
       1.4117853636171904e-03, 1.7622807534060743e+00,
       1.1766807985303980e+00, 1.5407871889943741e+00,
       1.3543199797576774e-03, 5.2566376488577006e-04,
       1.5193049736944996e-03, 1.7635344208697947e+00,
