%YAML:1.0
---
summary: "Filter by time, rd=15, rs=10."
init_cam_calib: C99-1010_3p_3
camera_matrix: !!opencv-matrix
   rows: 3
   cols: 3
   dt: d
   data: [ 2.5787155703346043e+03, 0., 1.8753549498630377e+03, 0.,
       2.5748240134607049e+03, 1.0868303127521540e+03, 0., 0., 1. ]
dist_coeff: !!opencv-matrix
   rows: 5
   cols: 1
   dt: d
   data: [ 2.0234239416670918e-02, -4.6344342398438293e-02,
       -6.4333730832459254e-04, -1.4829346124091579e-03,
       3.5104172333166081e-02 ]
std_intrinsics: !!opencv-matrix
   rows: 18
   cols: 1
   dt: d
   data: [ 5.3672516632256462e-01, 4.8988984334561270e-01,
       1.1180136735749033e+00, 7.1632373713900743e-01,
       1.2912137861194662e-03, 4.6324590614128369e-03,
       9.6117605369303759e-05, 1.4732887953447591e-04,
       4.9359764293130035e-03, 0., 0., 0., 0., 0., 0., 0., 0., 0. ]
std_extrinsics: !!opencv-matrix
   rows: 822
   cols: 1
   dt: d
   data: [ 8.6359908020202118e-04, 3.2130300673556062e-04,
       1.0072908374325884e-03, 1.5450170944125152e+00,
       1.0081732804432468e+00, 1.0874360401301744e+00,
       8.6451980777100146e-04, 3.1496683642125931e-04,
       1.0054159573160189e-03, 1.5415772420981906e+00,
       1.0064878396603729e+00, 1.0863409396226529e+00,
       8.5938220624022055e-04, 3.1123186914862148e-04,
       9.9559892090901516e-04, 1.5382255848539701e+00,
       1.0042151578443446e+00, 1.0804837206329427e+00,
       8.2431162511690094e-04, 2.8885107424266959e-04,
       9.4994753345428067e-04, 1.5074424263914687e+00,
       9.8533355784576382e-01, 1.0394437891543293e+00,
       7.8436727537408227e-04, 2.9025824963690923e-04,
       9.2348507417195161e-04, 1.4191701102723959e+00,
       9.2953087320074157e-01, 9.8621378289371464e-01,
       7.2216367797191651e-04, 3.1353842982692485e-04,
       9.2790071056798212e-04, 1.3228256722949163e+00,
       8.6889151229900530e-01, 9.1248276382510740e-01,
       8.7146698551512881e-04, 2.7193884630411050e-04,
       9.1955136146750112e-04, 1.2178348992035664e+00,
       8.1236497964956278e-01, 9.0395912779118259e-01,
       9.1012701376741293e-04, 2.6549222609874708e-04,
       9.1008196914762291e-04, 1.1416296221060913e+00,
       7.6928031827094501e-01, 8.5760155382142156e-01,
       6.9841279944334814e-04, 2.8533121928243948e-04,
       1.0045609621351307e-03, 1.1621323158536188e+00,
       7.7142643400401456e-01, 7.4890749618978225e-01,
       6.9435563832390146e-04, 2.7300720892813149e-04,
       9.1345697642120137e-04, 1.2499797629858764e+00,
       8.2518594833703951e-01, 7.2774825544484689e-01,
       7.4914381877446562e-04, 3.0071309905521935e-04,
       9.3927399920746841e-04, 1.3606679778406419e+00,
       8.9348587975977101e-01, 7.8270856788811549e-01,
       7.4879814497254055e-04, 3.1448469611105364e-04,
       9.5304912979978504e-04, 1.4626481716066444e+00,
       9.5857927179555213e-01, 8.4003201126065097e-01,
       7.9056375361232932e-04, 3.2919700102709419e-04,
       1.0040071324022655e-03, 1.5444414542036935e+00,
       1.0138371862063016e+00, 9.3666091843149435e-01,
       8.2256358364078707e-04, 3.4154882966692035e-04,
       1.0375651770996800e-03, 1.5970332148465431e+00,
       1.0470808077193017e+00, 1.0083204475559284e+00,
       6.9688567986260128e-04, 3.6697002442311061e-04,
       1.1737511389239700e-03, 1.6089406123577352e+00,
       1.0545135542124244e+00, 1.0516784798847563e+00,
       8.3675771668077987e-04, 3.5681010023419090e-04,
       1.0517439389999899e-03, 1.6089071282441298e+00,
       1.0537854756073792e+00, 1.0327958028530031e+00,
       8.3230822260321269e-04, 3.4970989668798436e-04,
       1.0375947874365374e-03, 1.6090911716502334e+00,
       1.0531029255230722e+00, 1.0139872670742331e+00,
       8.3527129193156882e-04, 3.4899233224223493e-04,
       1.0303902353217219e-03, 1.6135589193183835e+00,
       1.0548143410495041e+00, 1.0026892899537685e+00,
       8.2659140781494046e-04, 3.4646788194157846e-04,
       1.0266044699130123e-03, 1.6106948218713510e+00,
       1.0527585960490018e+00, 9.9489357068398354e-01,
       8.3289578457192875e-04, 3.4981262468622643e-04,
       1.0231115005110618e-03, 1.5808476190691152e+00,
       1.0333090452637710e+00, 9.6757437725542250e-01,
       6.8825517760715623e-04, 3.4927664940262909e-04,
       1.0929115820416866e-03, 1.5492653665991636e+00,
       1.0153722372807512e+00, 9.6536968699618686e-01,
       6.4222558202244094e-04, 3.3790455896605187e-04,
       1.0606070537120703e-03, 1.5488777727383265e+00,
       1.0171622858623066e+00, 9.4381652562238216e-01,
       6.1964663465990336e-04, 3.3968594451763294e-04,
       1.0644957231024563e-03, 1.5538850671091091e+00,
       1.0198547964394387e+00, 9.2876379759448302e-01,
       6.0753640305320593e-04, 3.3242718798804922e-04,
       1.0794595456056985e-03, 1.5393584587068252e+00,
       1.0095792512700836e+00, 9.0692676976653885e-01,
       7.8442034621237070e-04, 3.2962127463141900e-04,
       9.9409890748798505e-04, 1.5428632362174048e+00,
       1.0103457816150057e+00, 9.1941584776660423e-01,
       8.3083527778562700e-04, 3.3761307296219917e-04,
       9.9916254665579664e-04, 1.5728435993338998e+00,
       1.0311105674250451e+00, 9.9450004512763412e-01,
       8.6655159173995187e-04, 3.4629376398913613e-04,
       1.0328832086074192e-03, 1.6082553257868299e+00,
       1.0578889849577982e+00, 1.1075247387150773e+00,
       1.0406299845831476e-03, 4.0475521374346739e-04,
       1.2100164567950288e-03, 1.5914710578253966e+00,
       1.0657291628872732e+00, 1.3823720003316289e+00,
       8.1758983310818440e-04, 3.4240815703516422e-04,
       9.7354237592372334e-04, 1.6089201645473383e+00,
       1.0509026107127919e+00, 1.0429700977754950e+00,
       8.8708493205099303e-04, 3.7750858878278981e-04,
       1.0629377463593898e-03, 1.6169046070416353e+00,
       1.0561358269550314e+00, 1.0331286440083547e+00,
       6.8335081410116104e-04, 3.6688449093801576e-04,
       1.1697450654470974e-03, 1.6275591205950932e+00,
       1.0612740360370436e+00, 1.0224927026197201e+00,
       8.9026736088393941e-04, 3.8428896315741541e-04,
       1.0696149230835846e-03, 1.6739867027635476e+00,
       1.0877322361065289e+00, 1.1136810456057762e+00,
       9.0450810639569721e-04, 4.0604646126442219e-04,
       1.0822701516013233e-03, 1.7348647936180981e+00,
       1.1312587914415009e+00, 1.2107917889702871e+00,
       9.8277625283234326e-04, 5.2830631178123959e-04,
       1.0837710963259282e-03, 1.8219942751398208e+00,
       1.1740173698629139e+00, 1.4415629090181266e+00,
       1.0216116430441810e-03, 7.2973140794216514e-04,
       1.1993170943243347e-03, 1.8408910098002051e+00,
       1.1777737604006053e+00, 1.6686910453637134e+00,
       1.0722229704527176e-03, 7.7679478423780819e-04,
       1.1737263123347593e-03, 1.7989115074450392e+00,
       1.1651042589787601e+00, 1.7199950493926481e+00,
       1.0035656877517198e-03, 8.1584988265980126e-04,
       1.0707640342232994e-03, 1.7279947627488712e+00,
       1.1308110990098041e+00, 1.5835275200389232e+00,
       9.8342251246748432e-04, 7.1825079150390964e-04,
       1.1082265249353687e-03, 1.6263984172084847e+00,
       1.0972382130718077e+00, 1.4277733299668418e+00,
       1.0234137157099383e-03, 7.0788891948985356e-04,
       1.1274356251194432e-03, 1.5861928889984005e+00,
       1.0522372290531601e+00, 1.1875971782012498e+00,
       8.5052164378143379e-04, 6.1412160042332165e-04,
       1.0576858741907168e-03, 1.4005702032888927e+00,
       9.1615958857241142e-01, 9.3479609666495755e-01,
       8.1589007420819839e-04, 5.7661397751173086e-04,
       9.8032779709556449e-04, 1.3143972767648038e+00,
       8.5480126426463388e-01, 8.4329581620770155e-01,
       8.2083996358864992e-04, 5.7293264720653441e-04,
       1.0023702590249909e-03, 1.2971355040111539e+00,
       8.4385672929758471e-01, 8.1973708725148231e-01,
       7.4489561098781837e-04, 5.3005615137631827e-04,
       9.2902603829445865e-04, 1.2894931735081614e+00,
