%YAML:1.0
---
summary: "Filter by time, rd=10, rs=0."
init_cam_calib: C99-1010_3p_3
camera_matrix: !!opencv-matrix
   rows: 3
   cols: 3
   dt: d
   data: [ 2.5823636582871181e+03, 0., 1.8831846265679685e+03, 0.,
       2.5784337964387619e+03, 1.0885774323977680e+03, 0., 0., 1. ]
dist_coeff: !!opencv-matrix
   rows: 5
   cols: 1
   dt: d
   data: [ 2.2403448575093896e-02, -5.0914422210198138e-02,
       -3.9698626759959488e-04, -9.9039732724551808e-04,
       3.7569904174690784e-02 ]
std_intrinsics: !!opencv-matrix
   rows: 18
   cols: 1
   dt: d
   data: [ 4.2454657327107792e-01, 3.8788828553685600e-01,
       8.8479710564992753e-01, 5.6846004997056199e-01,
       1.0492031008527310e-03, 3.8406282997011970e-03,
       7.6487823391621502e-05, 1.1659482392852014e-04,
       4.1591103574288328e-03, 0., 0., 0., 0., 0., 0., 0., 0., 0. ]
std_extrinsics: !!opencv-matrix
   rows: 1236
   cols: 1
   dt: d
   data: [ 8.3018140669591841e-04, 3.1183808818099120e-04,
       9.1808601744329088e-04, 1.2325328967789162e+00,
       8.1112418310090495e-01, 9.7846322834493971e-01,
       8.2841909051786311e-04, 3.1282862051911907e-04,
       9.1655412277379849e-04, 1.2318596415722627e+00,
       8.1062747002646063e-01, 9.7796451216372327e-01,
       8.2981878756186334e-04, 3.0794568587006425e-04,
       9.1453250933868832e-04, 1.2299917776625764e+00,
       8.0999062014269452e-01, 9.7896309529209780e-01,
       8.2783404479769914e-04, 3.0654578300732990e-04,
       9.1391269208201844e-04, 1.2278428966035155e+00,
       8.0873227866127262e-01, 9.7651977361015607e-01,
       8.2420238173297965e-04, 3.0293136889636532e-04,
       9.0453238564145626e-04, 1.2259599467300928e+00,
       8.0751408436750638e-01, 9.7168222877698140e-01,
       7.9912497791910985e-04, 2.8691640784554316e-04,
       8.7046022148986549e-04, 1.2155718014975823e+00,
       8.0071392163813127e-01, 9.3783760324015675e-01,
       7.7072488834464641e-04, 2.7016416882270986e-04,
       8.3217069802185030e-04, 1.1794706276444109e+00,
       7.7893898457673427e-01, 9.0964046657553255e-01,
       7.5023889349747715e-04, 2.8240270502716188e-04,
       8.2789784889990487e-04, 1.1309681016118758e+00,
       7.4728812204568684e-01, 8.8219233965662303e-01,
       7.2440279225879196e-04, 2.9716076825522396e-04,
       8.3700776105834164e-04, 1.0849330441778187e+00,
       7.1784748654789121e-01, 8.5040594954004112e-01,
       7.2843769301481748e-04, 2.7366249152168054e-04,
       8.3233973974758261e-04, 1.0301857452777361e+00,
       6.8434923125092451e-01, 7.9165465310881566e-01,
       8.3783960616837596e-04, 2.6391468876138345e-04,
       8.2178346629729199e-04, 9.7620591714722982e-01,
       6.5587623629968095e-01, 8.0448674586106561e-01,
       8.4068993229019875e-04, 2.5385126122348363e-04,
       7.9979871150357579e-04, 9.3081766188680715e-01,
       6.3040607990126230e-01, 7.6025149751147414e-01,
       8.0731651204131124e-04, 2.5311272584578099e-04,
       7.9587364421043500e-04, 9.1196272471192319e-01,
       6.1750168523155269e-01, 7.2196940959268574e-01,
       6.6708189251938287e-04, 2.7442578316124545e-04,
       9.0880015707279929e-04, 9.2922922300539090e-01,
       6.2178757811345975e-01, 6.5850854863534214e-01,
       6.0156858992697296e-04, 2.7275650374835052e-04,
       9.1607526564229400e-04, 9.6951670159279957e-01,
       6.4701002785339390e-01, 6.3763019839364454e-01,
       6.4916588600272480e-04, 2.5842219937314680e-04,
       8.0860364083138717e-04, 1.0207192853336373e+00,
       6.7908455069118956e-01, 6.3299945335155194e-01,
       7.0904339192844382e-04, 2.8564267484006454e-04,
       8.4430080035042892e-04, 1.0834882621368327e+00,
       7.1879612395041381e-01, 6.8593048728467199e-01,
       7.0830664662205464e-04, 2.9556853282369252e-04,
       8.6237167414652529e-04, 1.1440020707634420e+00,
       7.5810463687803287e-01, 7.3450008697968827e-01,
       7.4019414084043644e-04, 3.0983307964993452e-04,
       8.7755328590681417e-04, 1.1866576524050598e+00,
       7.8703363252099956e-01, 7.7963210482416090e-01,
       7.4803156852075838e-04, 3.1221986800733840e-04,
       9.1127478583107925e-04, 1.2287095292066463e+00,
       8.1642803741928338e-01, 8.3872677752150848e-01,
       7.4359216339316776e-04, 3.1274255299779049e-04,
       9.2435150694462388e-04, 1.2533680482666678e+00,
       8.3378206220636386e-01, 8.8347402069989878e-01,
       7.9638129133498508e-04, 3.3721807320446866e-04,
       9.6251840243078584e-04, 1.2772766763490147e+00,
       8.4611166668901827e-01, 9.3140039474645198e-01,
       6.5956365668604262e-04, 3.4814573001399973e-04,
       1.0810893851380986e-03, 1.2805412264559228e+00,
       8.4822865637991973e-01, 9.5614274113007969e-01,
       8.0770982635309759e-04, 3.4620664881572451e-04,
       9.7045596373903330e-04, 1.2832398661895155e+00,
       8.4958295866474121e-01, 9.5069833412712246e-01,
       7.7160242149122292e-04, 3.3089502125172390e-04,
       9.5600895024194660e-04, 1.2781747603751683e+00,
       8.4686318184178000e-01, 9.3124671505605605e-01,
       7.8861631976865916e-04, 3.3127927002226868e-04,
       9.4681435580547615e-04, 1.2803276995502610e+00,
       8.4738758918172241e-01, 9.1819850788597623e-01,
       7.8111346496863364e-04, 3.2709571391116213e-04,
       9.4134175421942525e-04, 1.2826701746387017e+00,
       8.4874610329960876e-01, 9.1013170364126061e-01,
       7.8392127785769316e-04, 3.2901783010263807e-04,
       9.3726637592155524e-04, 1.2843979733736621e+00,
       8.4910490286345730e-01, 9.0224860611277879e-01,
       7.8297589394853585e-04, 3.2818814941741213e-04,
       9.3732426406325543e-04, 1.2819244249838300e+00,
       8.4724386719701539e-01, 8.9933041958803850e-01,
       7.7942862737370440e-04, 3.2471507986643014e-04,
       9.2791082699861574e-04, 1.2720946051822337e+00,
       8.4030671984208816e-01, 8.7629355596896097e-01,
       6.4120854245767664e-04, 3.4069766696876998e-04,
       1.0413844928507654e-03, 1.2516560472933940e+00,
       8.2508747802741156e-01, 8.5918361187345238e-01,
       6.5094426791177120e-04, 3.3182328055778834e-04,
       1.0039133215231355e-03, 1.2343397060631618e+00,
       8.1667594272141331e-01, 8.6914727276884551e-01,
       6.1178853493986459e-04, 3.1747683570366504e-04,
       9.7166968118591625e-04, 1.2291503683343825e+00,
       8.1433642443709553e-01, 8.4087836862600740e-01,
       5.9438949176416939e-04, 3.2165827358551080e-04,
       9.7524051863041991e-04, 1.2392057894265129e+00,
       8.2200415964274931e-01, 8.4065704472319958e-01,
       5.8228477873351688e-04, 3.2210189469372794e-04,
       9.7517098586261651e-04, 1.2376577730601197e+00,
       8.2104050959406960e-01, 8.2882482610657560e-01,
       5.6787173483220437e-04, 3.2318497763965853e-04,
       9.8848397571840935e-04, 1.2289185051971452e+00,
       8.1672747459221862e-01, 8.2043109597721187e-01,
       7.2536633965476164e-04, 3.2085458483397940e-04,
       9.2137655185532284e-04, 1.2163231554330931e+00,
       8.0926297083048493e-01, 8.2040160480403512e-01,
       7.4130920737348470e-04, 3.1253086584175359e-04,
       9.0335691827346325e-04, 1.2277864089123036e+00,
       8.1361843121983779e-01, 8.2325545516471876e-01,
       7.5904990520632724e-04, 3.1551676525623165e-04,
       9.1395681185473020e-04, 1.2342414619794435e+00,
       8.2361416985525338e-01, 8.9181739387913217e-01,
       7.6828089432148740e-04, 3.1309020205665464e-04,
       8.8882394170871433e-04, 1.2527998626547110e+00,
       8.3318383898359238e-01, 9.1620557654539359e-01,
       8.2408901591540557e-04, 3.2789100846504748e-04,
       9.4985083889383506e-04, 1.2802945709315137e+00,
       8.5641829263472702e-01, 1.0147060329442779e+00,
       9.8137809292094869e-04, 3.8012741840542756e-04,
       1.1258556680523286e-03, 1.2723500235942438e+00,
       8.7200663007984236e-01, 1.2597450922497848e+00,
       9.5267542267858402e-04, 3.7102303997821112e-04,
       1.0886479254257899e-03, 1.2719014361394096e+00,
