%YAML:1.0
---
summary: "Filter by time, rd=20, rs=15."
init_cam_calib: C99-1010_3p_3
camera_matrix: !!opencv-matrix
   rows: 3
   cols: 3
   dt: d
   data: [ 2.5786841747747067e+03, 0., 1.8904170930517619e+03, 0.,
       2.5802954848345639e+03, 1.0932442438699979e+03, 0., 0., 1. ]
dist_coeff: !!opencv-matrix
   rows: 5
   cols: 1
   dt: d
   data: [ 1.6126992891180414e-02, -2.8113680128837540e-02,
       -4.0969240620078706e-04, 2.0709058458207467e-04,
       1.3053518815455046e-02 ]
rvec: !!opencv-matrix
   rows: 102
   cols: 3
   dt: d
   data: [ -3.0600143219814941e+00, 4.0181372745384150e-02,
       -6.1808541395731970e-02, -3.0599934869837360e+00,
       3.4105690408567521e-02, -5.0734715275738577e-02,
       -3.0466266959145112e+00, 2.6965379180003999e-02,
       2.0713999682654020e-02, -3.0983879163578671e+00,
       1.3794448724041977e-01, -4.9541913969573706e-02,
       3.0680490121786019e+00, -1.4303182084668098e-01,
       5.4104239652291351e-02, 3.0306685743013504e+00,
       -4.7980583730008672e-02, -1.4748696864584737e-01,
       3.0801798120622710e+00, 7.9927246000192784e-02,
       -4.9974954287411055e-01, -3.0123723464607535e+00,
       -4.0615125661378109e-03, 6.6129342831144633e-01,
       -2.9520528488031177e+00, -7.1164287634978660e-02,
       8.8981725935743583e-01, -2.9385781370004898e+00,
       -1.7458646631147410e-02, 8.1224061108521117e-01,
       -2.9938466295020265e+00, -3.4937303711000268e-02,
       9.3079315231235948e-01, -2.9804978335106980e+00,
       1.1667556536606005e-02, 9.3312484219678926e-01,
       -2.9509604961107017e+00, 1.2866556839937690e-02,
       9.3126175140681178e-01, -2.9250167774596676e+00,
       3.2883209532091409e-03, 9.5538683040270056e-01,
       -2.9547355813083165e+00, 2.9525129695044949e-02,
       9.5703680618994580e-01, 2.8726048739864551e+00,
       -4.8928255197168216e-02, -9.2361437454930528e-01,
       2.8576677793030343e+00, -3.4998606164634724e-02,
       -9.0485087779828532e-01, 2.9479200709430105e+00,
       1.8844309015231528e-02, -9.0839133864436949e-01,
       -2.8664538387780349e+00, -4.9314891997130475e-02,
       9.4930082065623822e-01, -2.7383633888458268e+00,
       2.0291010476273061e-02, 8.8896657415549918e-01,
       -2.5812213711041321e+00, -1.1759065172290958e-01,
       8.9923467866054974e-01, -2.8517196089850416e+00,
       -3.8405653669232293e-02, 1.0152937598679754e+00,
       2.9437340601935480e+00, -1.5515656970758318e-02,
       -1.0387037978855527e+00, -2.8983830120113048e+00,
       2.3686436380295443e-02, 1.1268656383615914e+00,
       2.9096670639465900e+00, -1.1301691430394363e-01,
       -1.1963674062854230e+00, 2.7813816567674885e+00,
       -3.7919529346438087e-02, -1.3934257390211657e+00,
       2.7711484901532506e+00, 9.4799523181835599e-02,
       -1.4743584940271632e+00, 2.7032957158301025e+00,
       1.2407069621067994e-01, -1.5795348066555024e+00,
       -2.6894833608936679e+00, -1.7701412318900750e-01,
       1.5119064352362994e+00, 2.7436976541926432e+00,
       1.0444907063140180e-03, -1.4720369644125912e+00,
       2.7748772945722413e+00, 1.6305604040186981e-03,
       -1.4247591205300154e+00, 2.7783702297148118e+00,
       3.5763028395518343e-02, -1.4340714389382743e+00,
       -2.7541551210448318e+00, -6.4751064198289396e-02,
       1.4805709670957721e+00, -2.7060437301248910e+00,
       -7.7419133391556344e-02, 1.5855941021524227e+00,
       -2.7199417399726404e+00, -6.9580573239180696e-02,
       1.4784394276878097e+00, -2.7049488617589454e+00,
       -6.9745857870123523e-02, 1.5089947454255301e+00,
       2.7420740416897025e+00, -2.0799293970032884e-02,
       -1.4348578893910051e+00, 2.7754489530398274e+00,
       1.5344001442633747e-02, -1.4578549969372001e+00,
       -2.5347745151373440e+00, -9.1700484409046656e-02,
       1.3560887125378160e+00, -2.4717354771145073e+00,
       -2.0055481159806995e-01, 1.3532001660489104e+00,
       -2.5058772751828862e+00, -1.8219904443521825e-01,
       1.3404876785143056e+00, -2.7343840627178073e+00,
       2.4234730831223308e-02, 1.4430055414223377e+00,
       2.6874762744517025e+00, -8.0206956618621497e-03,
       -1.5279714937894462e+00, 2.6033154586919256e+00,
       -3.5007502901948755e-02, -1.4653434675347938e+00,
       2.5513052945167805e+00, -1.6074989757627953e-01,
       -1.5060923563179716e+00, 2.5266648041481212e+00,
       -1.3079471492076941e-01, -1.5216491208063492e+00,
       2.5451708632844450e+00, -1.4432162076084082e-01,
       -1.5140449883389735e+00, 2.5695839519655834e+00,
       -1.5456954760096101e-02, -1.6811216730179885e+00,
       -2.7469278227565592e+00, -2.8946303561570377e-02,
       1.4074913981349679e+00, 2.7530321253204053e+00,
       6.4386139108094542e-02, -1.4460374827406366e+00,
       2.8268534035245292e+00, -1.1876205740095893e-02,
       -1.3912227710610516e+00, -2.8864353064050827e+00,
       -1.1175569410233888e-01, 1.2238314382802935e+00,
       -3.0340693679654298e+00, -6.1248944575331386e-02,
       7.8159130405721722e-01, 3.0509641970450416e+00,
       6.0477275955215265e-02, -6.6124042886141399e-01,
       -3.1163115848029990e+00, 6.3646632633665070e-03,
       4.6405001251877992e-02, 3.1304571419489786e+00,
       1.4523156362207988e-02, -1.2481074745189849e-01,
       -3.1178657333116737e+00, -9.5861560089063699e-02,
       -8.5012501226587670e-02, -3.1079954058081705e+00,
       -5.4982594032939605e-02, -6.6225382855547230e-02,
       -3.0826026405552507e+00, -8.5214094848552899e-02,
       -3.8949769983533966e-01, 3.0957019977886922e+00,
       1.9243528413457206e-01, 3.1754375164499626e-01,
       -2.9161324411287968e+00, -4.7019925819704517e-02,
       -8.7123738609914791e-01, -2.6163294565942175e+00,
       1.6435039217389194e-01, -1.4095199064296056e+00,
       -2.6539935790060318e+00, 1.6665790381652121e-01,
       -1.2372632352930955e+00, -2.7291631871791124e+00,
       8.7325408605550839e-02, -1.1967763169199295e+00,
       -2.6916013308717166e+00, 8.6019377954325821e-02,
       -1.3038809406858152e+00, -2.6055178356299842e+00,
       1.1352190608136715e-01, -1.4630274920406323e+00,
       -2.6908519161515172e+00, 1.1363266483150666e-01,
       -1.3490853924562396e+00, -2.7319679007258015e+00,
       1.3723715475741741e-01, -1.2762532625799501e+00,
       -2.7124277177114129e+00, 1.5531464927697031e-01,
       -1.4638934092734817e+00, -2.7865608493322718e+00,
       7.6969803395154052e-02, -1.3238396083173796e+00,
       -2.6909852358362101e+00, 9.4847771470817258e-02,
       -1.5053286055793269e+00, -2.6625657101439568e+00,
       1.1366263655302355e-01, -1.5784648504278165e+00,
       2.6545702000955163e+00, 1.7780927833298391e-02,
       1.5335320085544395e+00, 2.5885760860260354e+00,
       6.0035087834811970e-02, 1.4417076603439911e+00,
       2.6392290472039557e+00, -2.3789864441503963e-02,
       1.5379706029516467e+00, 2.6869357461954055e+00,
       -4.9148071282313487e-02, 1.6043912336991839e+00,
       -2.5573199475049702e+00, 2.8332612685462621e-01,
       -1.4813840004855019e+00, 2.0393206999126914e-01,
       2.1362408938942039e+00, 1.0272327124376324e-01,
       -2.6580497347540741e+00, 1.4867858753526886e-01,
       -1.2731897109306356e+00, -2.6788207686951604e+00,
       1.7570249167592902e-01, -1.2448708766510446e+00,
       -2.6290984388411904e+00, 1.5550800443364340e-01,
       -1.3517855996449197e+00, -2.6196692954171330e+00,
       2.6061597482342269e-01, -1.1494075417776364e+00,
       -2.5863285778138727e+00, 3.5023873606011419e-01,
       -1.0963840997065777e+00, -2.5796255443791316e+00,
       3.4645968799816934e-01, -1.1072418532188557e+00,
       2.8805726582482367e+00, -2.1081276073107119e-01,
       1.2605807494019912e+00, 2.8756964932259050e+00,
       -8.2748808473078195e-03, 1.1677257132403542e+00,
       2.8255818500580046e+00, -3.5821539905969845e-03,
       1.0619466157449651e+00, 2.7329635300755872e+00,
       1.1432023967243764e-01, 1.1291482451063155e+00,
