%YAML:1.0
---
summary: "Filter by time, rd=20, rs=15."
init_cam_calib: C99-1010_3p_3
camera_matrix: !!opencv-matrix
   rows: 3
   cols: 3
   dt: d
   data: [ 2.5786841747747067e+03, 0., 1.8904170930517619e+03, 0.,
       2.5802954848345639e+03, 1.0932442438699979e+03, 0., 0., 1. ]
dist_coeff: !!opencv-matrix
   rows: 5
   cols: 1
   dt: d
   data: [ 1.6126992891180414e-02, -2.8113680128837540e-02,
       -4.0969240620078706e-04, 2.0709058458207467e-04,
       1.3053518815455046e-02 ]
std_intrinsics: !!opencv-matrix
   rows: 18
   cols: 1
   dt: d
   data: [ 6.3257435104933257e-01, 5.7845337038323086e-01,
       1.3341812433470697e+00, 8.5121440940038773e-01,
       1.5249003300204845e-03, 5.4489704289799054e-03,
       1.1414410718514667e-04, 1.7491785627170799e-04,
       5.7757184281734854e-03, 0., 0., 0., 0., 0., 0., 0., 0., 0. ]
std_extrinsics: !!opencv-matrix
   rows: 612
   cols: 1
   dt: d
   data: [ 8.9293141851957958e-04, 3.2606417699002560e-04,
       1.0960698449524516e-03, 1.8369129543546621e+00,
       1.1874859709930781e+00, 1.1833826085371326e+00,
       8.9099501152623852e-04, 3.2237189221012241e-04,
       1.0934938809004748e-03, 1.8321990524554459e+00,
       1.1847747680216396e+00, 1.1805417995117169e+00,
       8.5362912631096750e-04, 2.9582798883722919e-04,
       1.0432244519984937e-03, 1.7944299694697545e+00,
       1.1607780557876457e+00, 1.1339453118931699e+00,
       8.0037711736223236e-04, 3.0683446804110432e-04,
       1.0343006620610858e-03, 1.6550423003336761e+00,
       1.0761900462343785e+00, 1.0698128527545354e+00,
       8.8508962159270020e-04, 2.8600548639465034e-04,
       1.0212553408791272e-03, 1.4803240965344138e+00,
       9.7588330930115819e-01, 1.0125906746154447e+00,
       9.3774307014190183e-04, 2.7196444516486973e-04,
       1.0073955521002348e-03, 1.3509532883038438e+00,
       9.0256872283567902e-01, 9.4031122928654232e-01,
       6.7478265552824916e-04, 2.8888073863189034e-04,
       1.0928909471931091e-03, 1.4024886357377695e+00,
       9.2113763607439592e-01, 8.0906280515060280e-01,
       7.5152925290054449e-04, 2.9248723692249775e-04,
       1.0095269496982618e-03, 1.5665491924664359e+00,
       1.0217256390783802e+00, 8.4267218393151089e-01,
       7.8688039240270571e-04, 3.2845252675293767e-04,
       1.0450896054458091e-03, 1.7391580558043882e+00,
       1.1283883876379450e+00, 9.2437634174701633e-01,
       8.3346440063049505e-04, 3.4518641703855911e-04,
       1.1083098619042032e-03, 1.8601517672480425e+00,
       1.2101705236380544e+00, 1.0635228198368820e+00,
       8.6532786366320708e-04, 3.7023874288188611e-04,
       1.1483764991462749e-03, 1.9109420949903200e+00,
       1.2405527464360777e+00, 1.1198532286552425e+00,
       8.7429423417578268e-04, 3.7276894901409945e-04,
       1.1398740172321022e-03, 1.9132319684704673e+00,
       1.2409663955406107e+00, 1.1175019121863268e+00,
       8.6113113475025469e-04, 3.6236744768718718e-04,
       1.1221234822668537e-03, 1.9129194247894996e+00,
       1.2394503449620045e+00, 1.0931476204726571e+00,
       8.4954572934811353e-04, 3.5750164472872834e-04,
       1.1117000218732532e-03, 1.9168063921523244e+00,
       1.2406158742251041e+00, 1.0781683000819080e+00,
       8.7039085322775599e-04, 3.6517115706097254e-04,
       1.1110528626680077e-03, 1.8795401558833238e+00,
       1.2165729265910021e+00, 1.0513139897155557e+00,
       7.1755680047908357e-04, 3.6209161148713603e-04,
       1.1685860322969369e-03, 1.8443796163784028e+00,
       1.1974927647221878e+00, 1.0478171096990276e+00,
       6.6728213020288889e-04, 3.5916783793156639e-04,
       1.1483931898998087e-03, 1.8486152868041252e+00,
       1.2017793417608513e+00, 1.0268308600264382e+00,
       6.4048332605782881e-04, 3.4895122906817769e-04,
       1.1688460817365948e-03, 1.8304358250521473e+00,
       1.1883389756842160e+00, 9.9417688917635938e-01,
       8.2988404168614284e-04, 3.5043431316555626e-04,
       1.0739065818642722e-03, 1.8338535716068218e+00,
       1.1876746411009849e+00, 1.0196011963127241e+00,
       8.9450862957137270e-04, 3.5609005743953499e-04,
       1.0685885417932172e-03, 1.9206397770689987e+00,
       1.2422359351059800e+00, 1.1070188717439922e+00,
       1.0795070265251939e-03, 4.2012371807198285e-04,
       1.2876007759722412e-03, 1.8884894442855851e+00,
       1.2426486269263166e+00, 1.4662588032896890e+00,
       8.8324754927105863e-04, 3.7986133626255952e-04,
       1.0656025987110466e-03, 1.8847641113236155e+00,
       1.2171546268713000e+00, 1.0580572563649702e+00,
       7.5776405714952433e-04, 4.0250411326300518e-04,
       1.2456606865319021e-03, 1.9192554019895744e+00,
       1.2400367080892083e+00, 1.1161178837972061e+00,
       9.3019014272438495e-04, 4.0057998302952820e-04,
       1.1540380097855246e-03, 1.9889463781019419e+00,
       1.2804896045776937e+00, 1.1986963487284306e+00,
       8.3195227657998228e-04, 4.8902474503908079e-04,
       1.2988713288547835e-03, 2.0946222433534953e+00,
       1.3471502216013287e+00, 1.3982513470729228e+00,
       1.0193445945033434e-03, 7.0136561501158746e-04,
       1.2619493819911272e-03, 2.1613860966011007e+00,
       1.3743819995513085e+00, 1.7099631983699768e+00,
       1.1231181081138926e-03, 7.9863315089636895e-04,
       1.2534426417842770e-03, 2.1209641517545372e+00,
       1.3633426043950794e+00, 1.7868454576026060e+00,
       1.0272183300280146e-03, 7.6246580254601525e-04,
       1.1861037031698212e-03, 1.9952972728079934e+00,
       1.2957531057065190e+00, 1.5329744379651566e+00,
       1.0653017089096775e-03, 7.3636738085856954e-04,
       1.1983969202719606e-03, 1.8689685547363188e+00,
       1.2301141990727105e+00, 1.3397970162899924e+00,
       9.0061538847361418e-04, 6.3645790766933552e-04,
       1.1404463001863853e-03, 1.6427574471542081e+00,
       1.0628846448878670e+00, 9.8763215675547855e-01,
       8.5166344973077119e-04, 5.8206285880639693e-04,
       1.0939821308432701e-03, 1.5427475548038323e+00,
       9.9237367526294484e-01, 8.6901205054689057e-01,
       8.1480101585382366e-04, 5.5850393832255530e-04,
       1.0419068108555715e-03, 1.5287396606918580e+00,
       9.8313561386981729e-01, 8.5054043407556335e-01,
       8.2950346165715911e-04, 5.7839546486452751e-04,
       9.8393305746792494e-04, 1.5346772634978310e+00,
       9.8822693225461455e-01, 8.8081190161069722e-01,
       8.6190539409017753e-04, 6.1790453260786966e-04,
       1.0062434429021754e-03, 1.5394905829557766e+00,
       9.8731921545000412e-01, 9.8663607200836356e-01,
       8.5064584696779486e-04, 5.9168301964051520e-04,
       1.0106633438507185e-03, 1.5457863082484635e+00,
       9.9758192209901231e-01, 9.6077238273250221e-01,
       8.8541609637312994e-04, 6.2414253605980739e-04,
       1.0179083963159986e-03, 1.5382666709517951e+00,
       9.9303398045590141e-01, 9.8308049155761712e-01,
       8.6863621371188250e-04, 5.9543883265605923e-04,
       1.0498672490963402e-03, 1.5373078893707106e+00,
       9.8513362644362579e-01, 8.5975535457540853e-01,
       8.5863055015224460e-04, 5.9113881987938168e-04,
       1.0801419701459321e-03, 1.5574503536724105e+00,
       1.0012562366903757e+00, 8.7594978029949677e-01,
       8.7826466602524734e-04, 5.5967878537612522e-04,
       9.9586018019621569e-04, 1.5771245885172340e+00,
       1.0204250036889724e+00, 9.3681851013903039e-01,
       9.3959168656264597e-04, 6.1881996177127563e-04,
       9.9565246649080592e-04, 1.5935735872615606e+00,
       1.0354572287860062e+00, 1.0307535512415427e+00,
       9.0847458775035028e-04, 5.9774906114142218e-04,
       1.0068537494104764e-03, 1.5878640703638380e+00,
       1.0302340471315645e+00, 9.7668113877481566e-01,
       8.6717504225471457e-04, 5.8373182846129489e-04,
       1.0602522796984237e-03, 1.5720097047567283e+00,
       1.0106877016704026e+00, 8.4175272716148974e-01,
       8.7724356556477133e-04, 6.1945894932292596e-04,
       1.0559101276347562e-03, 1.5764246425708297e+00,
