%YAML:1.0
---
summary: "Filter by time and points, rd=20, rs=10, sp=5, sf=3."
init_cam_calib: C99-1010_3p_3
camera_matrix: !!opencv-matrix
   rows: 3
   cols: 3
   dt: d
   data: [ 2.5871394977760920e+03, 0., 1.8754817482562132e+03, 0.,
       2.5857589757272681e+03, 1.0922232969162526e+03, 0., 0., 1. ]
dist_coeff: !!opencv-matrix
   rows: 5
   cols: 1
   dt: d
   data: [ 2.1292033366327654e-02, -4.7994287279754799e-02,
       2.5134936433309169e-04, -2.0961448048369795e-03,
       4.0668274971479623e-02 ]
rvec: !!opencv-matrix
   rows: 103
   cols: 3
   dt: d
   data: [ -3.0613538041010453e+00, 4.7387052892577025e-02,
       -6.3641411625085118e-02, -3.0600117470834522e+00,
       3.3375704649837384e-02, -4.3838624490492466e-02,
       -3.0382443505059897e+00, -1.2451800313431367e-03,
       -1.1840412182314490e-02, -3.0635330819978277e+00,
       1.0974985282448849e-01, -1.8439629274451873e-02,
       3.1093526824439581e+00, -1.4220572642583837e-01,
       1.1617768382436722e-01, 3.0392860795040444e+00,
       -9.9483290094493471e-02, -1.0190882561418402e-01,
       3.0460838437142295e+00, 7.5835051372215384e-02,
       -4.6654832051944939e-01, -3.0205424762724196e+00,
       -2.7571527267145381e-02, 6.2508532302689024e-01,
       -2.9643288279386000e+00, -6.2993384003056582e-02,
       8.6940782188608468e-01, -2.9540282561512687e+00,
       -1.6979340483387152e-02, 8.5785588139839530e-01,
       -2.9831788889078563e+00, -1.8030957692833131e-02,
       9.3159763226484515e-01, -2.9874030981905189e+00,
       1.0666818430756071e-02, 9.5038519824977830e-01,
       -2.9517547446568222e+00, 1.4640564442970627e-02,
       9.4021906443231218e-01, -2.9229210842292317e+00,
       1.3040688907050671e-02, 9.7224126741560168e-01,
       -2.9020938981651563e+00, 1.2426331372716362e-02,
       9.8229816875265619e-01, 2.8939467689805545e+00,
       -4.2147746970536651e-02, -9.3749087440450662e-01,
       2.8503987301012614e+00, -2.9018250796000813e-02,
       -9.0567626506677423e-01, 2.9220222215630001e+00,
       5.6561585440861838e-03, -9.0220063185906874e-01,
       -2.9227597228444364e+00, -4.8336254594194078e-02,
       9.3030862149957561e-01, -2.7591301424682846e+00,
       -1.6371233525751569e-03, 8.8099488728295472e-01,
       -2.5895246124263318e+00, -1.1820268202951306e-01,
       8.9992142508183559e-01, -2.7038778985809824e+00,
       -1.0613058833507926e-02, 9.7703258191800535e-01,
       2.9940511644374554e+00, -7.8442065044070516e-02,
       -9.7312931283874748e-01, -2.9065454584041466e+00,
       4.2200260427034727e-03, 1.1247350230918904e+00,
       -2.8790706259114929e+00, 6.4317745013700689e-02,
       1.1234540105582314e+00, 2.8071575626818279e+00,
       -7.2836127669679396e-02, -1.3847590725545269e+00,
       -2.7691838969832538e+00, -5.3988186484092072e-02,
       1.5043150676920922e+00, -2.6924813330069028e+00,
       -1.1333271013049724e-01, 1.5958522534907424e+00,
       -2.7345624129500909e+00, -1.8923513913506787e-01,
       1.4625147142158899e+00, 2.7110914861651585e+00,
       1.0868626624411709e-01, -1.5834135198536075e+00,
       2.7599556978906676e+00, -2.6173629515686025e-02,
       -1.4400743267322034e+00, 2.7648597333098848e+00,
       1.2467835092992784e-02, -1.4473274045642235e+00,
       -2.7686269431621819e+00, -6.0719732422026294e-02,
       1.4365400238198165e+00, -2.6956707529724486e+00,
       -7.8930891106427606e-02, 1.6060819194740723e+00,
       -2.7300891424397808e+00, -6.5106377949320948e-02,
       1.5323542078465371e+00, -2.6910142293495420e+00,
       -7.6403223251093888e-02, 1.5234994672004758e+00,
       2.7535637047739163e+00, 9.7172828338767323e-03,
       -1.4565934254290951e+00, 2.7482557109661410e+00,
       -1.6275904861643941e-02, -1.4466199832991209e+00,
       -2.5910716928062052e+00, -1.2589921136035073e-01,
       1.3890137611034075e+00, -2.4395055648067210e+00,
       -1.7914912583104262e-01, 1.4097545206763631e+00,
       -2.4840915171872147e+00, -2.3726473163028561e-01,
       1.3588485900387410e+00, -2.7350696934214298e+00,
       -5.2127688775288138e-02, 1.3363830524797582e+00,
       2.6789739040623601e+00, -2.1095919494681075e-02,
       -1.5544249855132586e+00, 2.6612168733296979e+00,
       1.4221611321680493e-02, -1.4740129732359677e+00,
       2.5455750956096113e+00, -1.6565512458207904e-01,
       -1.5243224786034986e+00, 2.5283818648139698e+00,
       -1.4424721006481325e-01, -1.5146265471819129e+00,
       2.5322416026181109e+00, -1.4863983917953985e-01,
       -1.5182661871700189e+00, 2.5252836476781284e+00,
       -1.1422116171775115e-01, -1.6963929765375361e+00,
       -2.6941654763476732e+00, -5.6094929238628626e-02,
       1.5117209606508841e+00, -2.7485844043281586e+00,
       4.0429529933230145e-02, 1.4926434199187943e+00,
       -2.7908894457335625e+00, 6.9820052370723487e-02,
       1.4018306171905164e+00, -2.8465144799801974e+00,
       -1.0167659007972835e-01, 1.3036039068080472e+00,
       -2.9812722633699908e+00, -9.4091339913857486e-02,
       9.3144274186441711e-01, 3.0570826528981261e+00,
       6.8639233569021782e-02, -7.4623799711971006e-01,
       -3.1380548551516925e+00, 6.2112214818547716e-03,
       1.4614031947987507e-01, 3.1368382669962025e+00,
       5.7958316945661593e-03, -1.2438072554655490e-01,
       -3.1292737835825837e+00, -4.6088379638903915e-02,
       -7.6443887471170525e-03, -3.1131690952622604e+00,
       -5.0113616767687358e-02, -4.5093778791852730e-02,
       -3.0594195188717905e+00, -8.3543538110398011e-02,
       -3.3649489266542076e-01, 3.1090307494668612e+00,
       1.3632082605678592e-01, 2.3787008151035399e-01,
       -3.0054331957169316e+00, -1.1783387092160622e-01,
       -6.7076527780197515e-01, -2.7356160249532269e+00,
       1.6622061287943668e-01, -1.2281108294983691e+00,
       -2.6847728107955926e+00, 1.5090919790906238e-01,
       -1.2237065809454124e+00, -2.7466046752602717e+00,
       8.3629592701581226e-02, -1.1736625299083787e+00,
       -2.7278455764867267e+00, 8.9469745349867222e-02,
       -1.2006496812736047e+00, -2.6422693773230135e+00,
       1.1420100379064367e-01, -1.4189738522826154e+00,
       -2.6457079933497201e+00, 1.0046117198825608e-01,
       -1.4212814184765414e+00, -2.7143842771800677e+00,
       8.2659785658225945e-02, -1.3256290468935767e+00,
       -2.7400898204328263e+00, 1.1840368089136410e-01,
       -1.3897673024571828e+00, -2.7920155244802483e+00,
       7.7536363318128937e-02, -1.3114223613327978e+00,
       -2.7121263394490462e+00, 8.5185719445159597e-02,
       -1.4386804219171041e+00, -2.6530066593769916e+00,
       1.1782379608822906e-01, -1.5676886385278912e+00,
       2.6729226978997889e+00, -9.2776670499132279e-03,
       1.5411283020948239e+00, 2.5889552011547488e+00,
       7.5627770597097327e-02, 1.4122120672113276e+00,
       2.6270088447032411e+00, 7.8136934640761248e-03,
       1.4898000097696904e+00, 2.6828953431734575e+00,
       -1.0429442672462863e-01, 1.6157175825295989e+00,
       -2.5004758572048487e+00, 2.6941538641569363e-01,
       -1.5076487352009085e+00, 2.4297747516531701e-01,
       2.1330321380168202e+00, 8.8617608034632103e-02,
       1.4631661218601691e-01, 2.2331359163404567e+00,
       1.7035680179952967e-01, -2.6992613983809095e+00,
       1.6469581847894796e-01, -1.2287824920341726e+00,
       -2.6284700554807672e+00, 1.7307354208069009e-01,
       -1.3262109056931288e+00, -2.6688071920149925e+00,
       1.7056576695841463e-01, -1.1947877742664543e+00,
       -2.6208217567078593e+00, 3.7681530256927809e-01,
       -1.0305103097681454e+00, -2.5834238946066201e+00,
       3.6430143213242305e-01, -1.0957015278210234e+00,
       -2.7281992789329208e+00, 2.1468387130185423e-01,
       -1.1085855761680130e+00, 2.8811782121795058e+00,
       1.5118679582222978e-03, 1.1598774396504588e+00,
       2.9007828120553474e+00, -1.2091328075918841e-03,
       1.1360151336226663e+00, 2.7780880352687349e+00,
       2.7968345653548884e-02, 1.0861614722566044e+00,
