%YAML:1.0
---
summary: "Filter by time, rd=20, rs=10."
init_cam_calib: C99-1010_3p_3
camera_matrix: !!opencv-matrix
   rows: 3
   cols: 3
   dt: d
   data: [ 2.5839208633957678e+03, 0., 1.8795244034728851e+03, 0.,
       2.5817813119246612e+03, 1.0899867909784525e+03, 0., 0., 1. ]
dist_coeff: !!opencv-matrix
   rows: 5
   cols: 1
   dt: d
   data: [ 2.0138105504998075e-02, -4.4110445629502587e-02,
       -2.8141997454441211e-04, -1.6212773570959164e-03,
       3.1732834783354910e-02 ]
std_intrinsics: !!opencv-matrix
   rows: 18
   cols: 1
   dt: d
   data: [ 6.1638294697535367e-01, 5.6351791508667670e-01,
       1.2833397353603784e+00, 8.3244289984357767e-01,
       1.5285115408331098e-03, 5.5854412013629515e-03,
       1.1173459183613981e-04, 1.6929832004070825e-04,
       6.0401025352270106e-03, 0., 0., 0., 0., 0., 0., 0., 0., 0. ]
std_extrinsics: !!opencv-matrix
   rows: 618
   cols: 1
   dt: d
   data: [ 8.7954362467324563e-04, 3.2270860406484101e-04,
       1.0690450122240532e-03, 1.7685773124803179e+00,
       1.1635620011184700e+00, 1.1561809537017764e+00,
       8.7907364427689298e-04, 3.1628927234615478e-04,
       1.0668098638603656e-03, 1.7633812908048239e+00,
       1.1607619608852746e+00, 1.1536093402522891e+00,
       8.5066153469116911e-04, 2.9632889232009742e-04,
       1.0262466275480836e-03, 1.7475677913324288e+00,
       1.1493083368985233e+00, 1.1153697818678603e+00,
       8.0158938084535700e-04, 2.9153273964126523e-04,
       9.9077657104235627e-04, 1.6247318910035140e+00,
       1.0727370770173841e+00, 1.0512854658818962e+00,
       7.7762903423332489e-04, 2.8341890413161600e-04,
       1.0007479657163294e-03, 1.4705229071486059e+00,
       9.8010702708101127e-01, 9.6410301715473268e-01,
       8.8764803396512769e-04, 2.6348580542290094e-04,
       9.6848997253415423e-04, 1.3234530132914508e+00,
       8.9672766559671069e-01, 9.1908890972080892e-01,
       7.1236639064814478e-04, 2.8920285629421442e-04,
       1.0690427032230929e-03, 1.3272416753811989e+00,
       8.8853366663098288e-01, 8.0499641854071347e-01,
       7.0690098968556288e-04, 2.7684808809681625e-04,
       9.7357439136424163e-04, 1.4662612565571931e+00,
       9.7340467164406097e-01, 7.9734114749082818e-01,
       7.7125593782252904e-04, 3.1937810081646660e-04,
       1.0176655356812254e-03, 1.6446353793190509e+00,
       1.0854782662528633e+00, 8.9047315538806693e-01,
       8.1012431626349116e-04, 3.3789400814683899e-04,
       1.0645172065749942e-03, 1.7674633424480986e+00,
       1.1680368826586853e+00, 9.9708975200978345e-01,
       8.5983220966315288e-04, 3.6452237293780622e-04,
       1.1124601694979125e-03, 1.8365914103865155e+00,
       1.2125300246229100e+00, 1.0863798589803488e+00,
       8.7104387973478410e-04, 3.7428224556386040e-04,
       1.1202558312037696e-03, 1.8444981645544651e+00,
       1.2172800651369913e+00, 1.1034142259825512e+00,
       8.5163240581051676e-04, 3.5911343527556184e-04,
       1.0956133792266007e-03, 1.8410781956839373e+00,
       1.2137077514483559e+00, 1.0720649118759047e+00,
       8.4681181452496001e-04, 3.5664446108808848e-04,
       1.0839942210090958e-03, 1.8459639239091317e+00,
       1.2154439272943518e+00, 1.0560046119111706e+00,
       8.4204025511570130e-04, 3.5187243932417733e-04,
       1.0732850039243296e-03, 1.8274488272238547e+00,
       1.2021857531386275e+00, 1.0314960236098967e+00,
       7.0737375125106848e-04, 3.5760842712592326e-04,
       1.1479249219457938e-03, 1.7711600711524345e+00,
       1.1702989845359975e+00, 1.0238562872843568e+00,
       6.5211179112512410e-04, 3.4833752705267298e-04,
       1.1189333751106588e-03, 1.7788814749967552e+00,
       1.1770270082114411e+00, 1.0017523456100996e+00,
       6.2586321687740617e-04, 3.5027936882916583e-04,
       1.1382857066598773e-03, 1.7656772134623799e+00,
       1.1678562351259234e+00, 9.8229396573850614e-01,
       8.0452855642622388e-04, 3.3820841107527186e-04,
       1.0534852179103868e-03, 1.7649994564889222e+00,
       1.1637502333436174e+00, 9.7901029610636514e-01,
       8.2820904826779557e-04, 3.4150351622174260e-04,
       1.0305443270959272e-03, 1.8021269526459949e+00,
       1.1882871457963340e+00, 1.0629344211055507e+00,
       1.0432029556914305e-03, 4.0833574476819461e-04,
       1.2490085581215438e-03, 1.8185278253655968e+00,
       1.2161559751753137e+00, 1.4078230112434285e+00,
       8.3636291890418039e-04, 3.5245699440598259e-04,
       1.0260750401626902e-03, 1.8398660142675387e+00,
       1.2091488947432523e+00, 1.0994116345074532e+00,
       7.4542639549513598e-04, 3.9427936163359567e-04,
       1.2245747132130580e-03, 1.8394184389108170e+00,
       1.2124847120408113e+00, 1.1221429334318913e+00,
       8.8118158004110909e-04, 3.8650844020042557e-04,
       1.1152467040906205e-03, 1.8827963566547132e+00,
       1.2349589997939674e+00, 1.1402889367025293e+00,
       9.2375143086264949e-04, 4.1629566137289418e-04,
       1.1361531361299211e-03, 1.9826427368525010e+00,
       1.3026483970315044e+00, 1.2636916744112054e+00,
       9.1493975626114781e-04, 6.1963957386314554e-04,
       1.2129969599366003e-03, 2.0597678829701134e+00,
       1.3391411813440841e+00, 1.5584284372040189e+00,
       1.0906227650561884e-03, 8.0923010399071142e-04,
       1.1773654259999763e-03, 2.0456427978257512e+00,
       1.3290661484518049e+00, 1.7043671071237794e+00,
       1.0281604803466355e-03, 8.2455101891553599e-04,
       1.1238073489485308e-03, 1.9573076938354765e+00,
       1.2895670500176240e+00, 1.6117530461694496e+00,
       1.0457788428009662e-03, 7.4887065954336719e-04,
       1.1992133217344147e-03, 1.8133004323654809e+00,
       1.2227556739847154e+00, 1.4154583018108378e+00,
       8.6244653893741033e-04, 6.3413889999049057e-04,
       1.1369145006775005e-03, 1.6475728241098251e+00,
       1.0841139738740133e+00, 1.0219809397230113e+00,
       8.4648248036836820e-04, 5.8719781884138491e-04,
       1.0341609328284112e-03, 1.4898744354753723e+00,
       9.7459362289493001e-01, 8.7314706074181914e-01,
       8.3319386098871411e-04, 5.7382266657968705e-04,
       1.0398952204411997e-03, 1.4789579771815295e+00,
       9.6562636061943152e-01, 8.5230387775590855e-01,
       8.1165531926922867e-04, 5.6283663309588674e-04,
       9.7918536327162701e-04, 1.4694432039889003e+00,
       9.6475440592167550e-01, 8.4174626575147826e-01,
       8.1856323456240478e-04, 5.9484425905263771e-04,
       9.5785199568094320e-04, 1.4886627752963701e+00,
       9.6989402269310709e-01, 9.4677635285472872e-01,
       8.4694131000100407e-04, 6.0250697354970976e-04,
       9.9255355741507717e-04, 1.4874990710025500e+00,
       9.7408508992369891e-01, 9.8620437600728317e-01,
       8.4628086564073534e-04, 6.1008484797041925e-04,
       9.7062204232974722e-04, 1.4813178424191087e+00,
       9.7278238060153666e-01, 9.6015153919352092e-01,
       8.0961040347082109e-04, 5.6249402336227921e-04,
       1.0132246369749572e-03, 1.4729337704254517e+00,
       9.6099084653398859e-01, 8.2281934231839693e-01,
       8.7257494058536186e-04, 6.0016256399327331e-04,
       1.0483112034785291e-03, 1.4991925682071980e+00,
       9.7708753666653247e-01, 8.6045227301375315e-01,
       8.5233970089846017e-04, 5.5002718273458292e-04,
       9.5844512436082431e-04, 1.5075609204009779e+00,
       9.9076796891448715e-01, 9.0330080442810279e-01,
       9.4236216178706441e-04, 6.3005562043592196e-04,
       9.7710502951115180e-04, 1.5374620679633439e+00,
       1.0172198704260460e+00, 1.0607443696358212e+00,
       8.9348403077992630e-04, 6.0028117848156474e-04,
       9.6093257510170981e-04, 1.5266035823669812e+00,
       1.0065147501096874e+00, 9.6669168448962706e-01,
       8.2369840481487334e-04, 5.2887548372383068e-04,
       1.0071999062437795e-03, 1.4971965734223633e+00,
       9.8482421485770022e-01, 8.3592769391299937e-01,
       8.4873785990234477e-04, 6.0371185821414541e-04,
       1.0066595641538745e-03, 1.5161309912862095e+00,
