%YAML:1.0
---
summary: "Filter by time and points, rd=20, rs=0, sp=5, sf=0."
init_cam_calib: C99-1010_3p_3
camera_matrix: !!opencv-matrix
   rows: 3
   cols: 3
   dt: d
   data: [ 2.5777584300359599e+03, 0., 1.8937776842659064e+03, 0.,
       2.5718679115424438e+03, 1.0857484031988874e+03, 0., 0., 1. ]
dist_coeff: !!opencv-matrix
   rows: 5
   cols: 1
   dt: d
   data: [ 2.0577174941943967e-02, -4.2623944500703934e-02,
       -8.1587042519018168e-04, 1.1382840051043147e-04,
       2.6224146819842212e-02 ]
std_intrinsics: !!opencv-matrix
   rows: 18
   cols: 1
   dt: d
   data: [ 1.4021248581319725e+00, 1.2721992466876120e+00,
       2.8236590649954767e+00, 1.8267825320982278e+00,
       3.3831869487265494e-03, 1.2596094795726095e-02,
       2.4417685612457361e-04, 3.7214428317359675e-04,
       1.3883653230691583e-02, 0., 0., 0., 0., 0., 0., 0., 0., 0. ]
std_extrinsics: !!opencv-matrix
   rows: 618
   cols: 1
   dt: d
   data: [ 1.8579601221188286e-03, 6.6390964795319605e-04,
       2.1852224821971421e-03, 3.8847127798813705e+00,
       2.5591273949463051e+00, 2.5952112616009186e+00,
       2.2634524623266401e-03, 7.1438286693318524e-04,
       2.3244922075607837e-03, 3.8744819966011983e+00,
       2.5600048618067848e+00, 2.9132554321039459e+00,
       1.7971208374203810e-03, 7.0582270994999673e-04,
       2.3743893980881260e-03, 3.8660303491204546e+00,
       2.5390901678341922e+00, 2.4849366477814128e+00,
       1.7264134262004818e-03, 5.9430886338702105e-04,
       2.0938446627190091e-03, 3.7306180765732484e+00,
       2.4486236186235550e+00, 2.3346898112817582e+00,
       1.4977424600004783e-03, 6.4160532631077252e-04,
       2.2161375383076770e-03, 3.4259572707471020e+00,
       2.2683110692880861e+00, 2.1198063224139512e+00,
       2.1047763105848868e-03, 6.3054677282801854e-04,
       2.1833697367128926e-03, 3.0442646027147817e+00,
       2.0351808484137304e+00, 2.3838206853937507e+00,
       2.5340570800717506e-03, 5.9829502370805255e-04,
       2.1507934343645311e-03, 2.8661610735686431e+00,
       1.9631143371403341e+00, 2.0155619705674468e+00,
       1.4303538625238510e-03, 6.4823479534284240e-04,
       2.4065210542688355e-03, 3.0534916272602413e+00,
       2.0276780787685009e+00, 1.8265458564481660e+00,
       1.6853611086605647e-03, 6.7036169485598608e-04,
       2.1659753974449312e-03, 3.4252499289329150e+00,
       2.2502725869913620e+00, 1.8986119234303156e+00,
       1.8035435331403306e-03, 7.7057892601109328e-04,
       2.2793872639169824e-03, 3.7552810211792140e+00,
       2.4748157188107509e+00, 2.2255417431252420e+00,
       1.8616233681573663e-03, 7.1114955418119031e-04,
       2.3283241518072132e-03, 3.9664166041069984e+00,
       2.6171499709070032e+00, 2.1903228949024931e+00,
       1.3608661577621996e-03, 7.1783633053711744e-04,
       2.5269080737751579e-03, 4.0529366550367154e+00,
       2.6815794220652664e+00, 2.2502366441496262e+00,
       1.7337084620251840e-03, 7.5882355809847818e-04,
       2.4129201294487636e-03, 4.0398775983361945e+00,
       2.6617511216039365e+00, 2.3694960068078559e+00,
       1.7803288831600692e-03, 7.4000459260209462e-04,
       2.3281600655433604e-03, 4.0561450947964142e+00,
       2.6689236455650653e+00, 2.2784276528252527e+00,
       1.9669382585255951e-03, 8.0183730710654811e-04,
       2.5175624866337052e-03, 4.0430055283689006e+00,
       2.6545933428390129e+00, 2.2634810685335558e+00,
       1.7535629721221690e-03, 9.2193400056006221e-04,
       2.6017317315231410e-03, 3.9675165797195882e+00,
       2.6002253555160344e+00, 2.3672772670449258e+00,
       1.4236201205312048e-03, 8.3499943722843218e-04,
       2.5758902076198991e-03, 3.8699781209853028e+00,
       2.5465487709377945e+00, 2.4592971190684842e+00,
       1.4727877269887391e-03, 7.7930765919168650e-04,
       2.4583185686344695e-03, 3.9069622633842789e+00,
       2.5842703430532077e+00, 2.1538223205879956e+00,
       1.7983458897540253e-03, 7.7212897601318224e-04,
       2.5201862347803126e-03, 3.8400120870550953e+00,
       2.5282168280406347e+00, 2.1709749830084051e+00,
       1.7479688953705595e-03, 7.3291652250173829e-04,
       2.3152556449949923e-03, 3.9074686727707797e+00,
       2.5813814358810703e+00, 2.3984152941874020e+00,
       1.8774675026869269e-03, 7.3137205786297373e-04,
       2.3972966920418775e-03, 4.0551233703898628e+00,
       2.6641866458921486e+00, 2.5086125880423435e+00,
       2.2168519346916883e-03, 8.4833645892499880e-04,
       2.8072898717405492e-03, 3.9912972854564361e+00,
       2.6527411237334513e+00, 3.2014990598469573e+00,
       2.0095243790130522e-03, 8.1464772477199377e-04,
       2.3368570941285530e-03, 4.0455250701403491e+00,
       2.6660479495416505e+00, 2.4756044575505998e+00,
       1.5535039822173248e-03, 7.7301437306857065e-04,
       2.5840139467339378e-03, 4.0814208165848340e+00,
       2.6873013949903966e+00, 2.2747048567474866e+00,
       1.9079315198949371e-03, 8.4471819806486502e-04,
       2.4320918043798339e-03, 4.2061665031685598e+00,
       2.7565783461545279e+00, 2.4872410197413068e+00,
       1.7644796474224592e-03, 1.0642457803886783e-03,
       2.6965359604570875e-03, 4.5372576982431969e+00,
       2.9502591680964021e+00, 3.1134516677525061e+00,
       2.3576962120079570e-03, 1.6034291742231725e-03,
       2.6947885859628460e-03, 4.6085859146596837e+00,
       2.9601340612647986e+00, 3.5510363024698108e+00,
       2.1024009625983451e-03, 1.5476618701837192e-03,
       2.5419961703672927e-03, 4.3996327400408344e+00,
       2.8748053967396094e+00, 3.5033837986368850e+00,
       2.2545461382023307e-03, 1.8316312197901796e-03,
       2.7079695277758002e-03, 4.1388022873449595e+00,
       2.7661808412725453e+00, 3.0491031824650001e+00,
       2.2227763087386710e-03, 1.5234997937428477e-03,
       2.5827852930910707e-03, 3.9456941339812839e+00,
       2.5990395093728806e+00, 2.5403518780061183e+00,
       1.7516615538511276e-03, 1.3026751273596435e-03,
       2.6289668836545228e-03, 3.4302405837844168e+00,
       2.2137035161505882e+00, 2.2271180506243278e+00,
       1.7225429008259749e-03, 1.1577448707955349e-03,
       2.0700369761765588e-03, 3.2457331980936099e+00,
       2.1142737709333774e+00, 1.7712282036850149e+00,
       1.5278210197326376e-03, 1.1021635175211314e-03,
       2.2672004844987059e-03, 3.2307993057531488e+00,
       2.1037799150282464e+00, 1.8316300725925150e+00,
       1.8040699696050099e-03, 1.1652401184769185e-03,
       2.1250948555453109e-03, 3.2503871480149531e+00,
       2.1084678100213199e+00, 2.0716682644679549e+00,
       1.8539190029845183e-03, 1.3408872131765684e-03,
       2.2787005667142266e-03, 3.2600355375981525e+00,
       2.1313553620986641e+00, 2.2346260879616260e+00,
       1.7848583856351619e-03, 1.1178100872147000e-03,
       2.0576731913539252e-03, 3.2539321545470954e+00,
       2.1097781256612054e+00, 1.8233871531732109e+00,
       1.8617109551228527e-03, 1.2937854906927575e-03,
       2.2652763811226921e-03, 3.2470453222749160e+00,
       2.1312107309795154e+00, 2.0267687549500741e+00,
       1.9616023218956089e-03, 1.3198186860563785e-03,
       2.2605011912252997e-03, 3.2530927082577943e+00,
       2.1127861024440659e+00, 2.1153617287658033e+00,
       1.8886811980262758e-03, 1.1931911174465524e-03,
       2.1495083521134231e-03, 3.3092129458419794e+00,
       2.1539142221417631e+00, 1.8044662035098373e+00,
       1.9508838013563602e-03, 1.1676699437784461e-03,
       2.0870476200111898e-03, 3.3817447788001003e+00,
       2.2212767247738938e+00, 2.1918317831113545e+00,
       1.9451920039580248e-03, 1.2871214027873738e-03,
       2.3421250520044841e-03, 3.4182220703524524e+00,
       2.2406080162755608e+00, 2.1664419454504387e+00,
       2.1028904966197462e-03, 1.3574318084540495e-03,
       2.2124236094177990e-03, 3.3485584666561476e+00,
       2.2134660123080003e+00, 2.3852403779189988e+00,
       1.9635658004790450e-03, 1.4622233100700713e-03,
       2.3917485675730038e-03, 3.3619351368578538e+00,
