%YAML:1.0
---
summary: "Filter by distance, md=200, ds=150."
init_cam_calib: C99-1010_3p_3
camera_matrix: !!opencv-matrix
   rows: 3
   cols: 3
   dt: d
   data: [ 2.5813763956801627e+03, 0., 1.8969479477800069e+03, 0.,
       2.5813822607547545e+03, 1.0925354375087998e+03, 0., 0., 1. ]
dist_coeff: !!opencv-matrix
   rows: 5
   cols: 1
   dt: d
   data: [ 1.4741884112381004e-02, -2.8732888797150066e-02,
       -5.1312761323148734e-04, 4.0379419560495407e-04,
       1.8573933969187606e-02 ]
std_intrinsics: !!opencv-matrix
   rows: 18
   cols: 1
   dt: d
   data: [ 5.9612416938269475e-01, 5.4875853794782603e-01,
       1.2232135587125812e+00, 7.7493498177780096e-01,
       1.4885465005651285e-03, 5.3540144908414159e-03,
       1.0316731955394080e-04, 1.6139768621118531e-04,
       5.7203735662301799e-03, 0., 0., 0., 0., 0., 0., 0., 0., 0. ]
std_extrinsics: !!opencv-matrix
   rows: 1260
   cols: 1
   dt: d
   data: [ 1.2128517920786093e-03, 4.6010863108613808e-04,
       1.3290673418275532e-03, 1.7107188706380607e+00,
       1.1102387912691480e+00, 1.4142945153559430e+00,
       1.1755438742845792e-03, 4.3191514334958773e-04,
       1.2719485335389142e-03, 1.6965956527917823e+00,
       1.1010866867702453e+00, 1.3583496936466195e+00,
       1.1232756983801180e-03, 3.9880371664960466e-04,
       1.2052718679009203e-03, 1.5984310041885470e+00,
       1.0436417004512595e+00, 1.3172244354341116e+00,
       1.0918579840064043e-03, 4.2309743845126736e-04,
       1.2069116469081449e-03, 1.5609553245712746e+00,
       1.0185968320968191e+00, 1.2961304223333778e+00,
       1.0471986650875799e-03, 4.3946878315587819e-04,
       1.2003441329659702e-03, 1.5175159264798912e+00,
       9.8928934126545243e-01, 1.2292645564232465e+00,
       1.0458494668927584e-03, 4.0471415153689114e-04,
       1.1848648340332449e-03, 1.4514364989854733e+00,
       9.4711594118341680e-01, 1.1440067700297740e+00,
       1.0510543340152875e-03, 3.9976424342618225e-04,
       1.1833806935550831e-03, 1.4246894977983033e+00,
       9.3264763120156613e-01, 1.1292059138175004e+00,
       1.2032022549770638e-03, 3.9846935279809080e-04,
       1.1926598565991371e-03, 1.3912018501656587e+00,
       9.1709267293600538e-01, 1.1872692851099842e+00,
       1.2030971164374417e-03, 3.7884641955644981e-04,
       1.1612860601011396e-03, 1.3286744795395125e+00,
       8.8227610326679518e-01, 1.1138581622765005e+00,
       1.2096434331115612e-03, 3.6852414314279564e-04,
       1.1417105190045255e-03, 1.2777825207022988e+00,
       8.5323913449908739e-01, 1.0676500571443230e+00,
       1.2232720289749844e-03, 3.7811879992168498e-04,
       1.1455826659963154e-03, 1.2663863148317083e+00,
       8.4750046311375515e-01, 1.0492328427392408e+00,
       1.0245109630091875e-03, 3.8854245527881998e-04,
       1.2439284926694782e-03, 1.2764422340538253e+00,
       8.4633915620443845e-01, 9.6902019049804711e-01,
       8.9115297236543023e-04, 3.9565071352623934e-04,
       1.3111831376928802e-03, 1.2996788841907656e+00,
       8.5573163583823819e-01, 8.9952235957114179e-01,
       8.6847018831297739e-04, 3.9936485151968580e-04,
       1.3220002936728910e-03, 1.3515711108047679e+00,
       8.8967991974020044e-01, 9.1151424795650748e-01,
       9.4605161206006913e-04, 3.7853282208156515e-04,
       1.1655233972612468e-03, 1.3863134380201585e+00,
       9.1173587587598803e-01, 8.9366965574068846e-01,
       9.9565868969720165e-04, 3.9258965729656846e-04,
       1.1809257371301236e-03, 1.4448807390204295e+00,
       9.4949161607371235e-01, 9.3781601348694288e-01,
       1.0192687516049959e-03, 4.1509623614375293e-04,
       1.2171688112216680e-03, 1.5100328280086330e+00,
       9.8871142629086706e-01, 9.8361370723182540e-01,
       1.0454689068576867e-03, 4.3411234617859746e-04,
       1.2425931741404527e-03, 1.5710625833518477e+00,
       1.0283082706938109e+00, 1.0413866790889583e+00,
       1.0524823546015176e-03, 4.4198635085097165e-04,
       1.2623374129226287e-03, 1.6350057707116512e+00,
       1.0715145070337684e+00, 1.1008199678812498e+00,
       1.0929699691455132e-03, 4.5778096373898491e-04,
       1.3381777300079361e-03, 1.7145735525877450e+00,
       1.1288264743895620e+00, 1.2482163854787740e+00,
       1.1360197107503048e-03, 4.7185998006124433e-04,
       1.3714868574970049e-03, 1.7605197680182008e+00,
       1.1543800198446577e+00, 1.3174009471444026e+00,
       1.1387557544758587e-03, 4.8306375052942951e-04,
       1.3814402003715972e-03, 1.7624078560500489e+00,
       1.1539963125707400e+00, 1.3221437379884531e+00,
       9.5442804245197542e-04, 5.0382909859140849e-04,
       1.5651580006621078e-03, 1.7711272581430331e+00,
       1.1598078060066284e+00, 1.3777717991968486e+00,
       1.1610781197596918e-03, 4.9503425037628621e-04,
       1.3957484126458121e-03, 1.7756786480626507e+00,
       1.1624895144781540e+00, 1.3616340619502842e+00,
       1.1217826269544658e-03, 4.7349636921987273e-04,
       1.3669609976510323e-03, 1.7744025114776902e+00,
       1.1605018313053275e+00, 1.3154677603035343e+00,
       1.1307541532830541e-03, 4.7939584115438641e-04,
       1.3362689572748300e-03, 1.7328170611889491e+00,
       1.1290501974446183e+00, 1.2335235752097686e+00,
       9.2762627634336678e-04, 4.8819889250267839e-04,
       1.4976368920206803e-03, 1.7296549579874763e+00,
       1.1258458111508518e+00, 1.2341133050281810e+00,
       9.5671532237788471e-04, 4.9337077352291231e-04,
       1.4851364387221144e-03, 1.7275203657662470e+00,
       1.1252402470791256e+00, 1.2483567100180486e+00,
       9.6503831192316805e-04, 4.9002868893261776e-04,
       1.4582254222504807e-03, 1.7116085049140179e+00,
       1.1183344102389448e+00, 1.2644607456980936e+00,
       8.4564737699235730e-04, 4.6937441478164392e-04,
       1.4144910123364512e-03, 1.7163567170410117e+00,
       1.1252041979742762e+00, 1.1916689399899827e+00,
       8.2769135221921807e-04, 4.7197452028216306e-04,
       1.4306179485420131e-03, 1.7037049644478677e+00,
       1.1195305685662382e+00, 1.1814213774604094e+00,
       8.3537628928673094e-04, 4.6474883805002306e-04,
       1.4521435000944057e-03, 1.6894549383391388e+00,
       1.1095218223025904e+00, 1.1614428123240439e+00,
       1.0554850415437013e-03, 4.6838028635086247e-04,
       1.3341825177738307e-03, 1.6860845774701925e+00,
       1.1098532383478237e+00, 1.1814118605734047e+00,
       1.1198969986309095e-03, 4.6373237547089294e-04,
       1.3269653482524072e-03, 1.7204034184973780e+00,
       1.1278375417368467e+00, 1.2122958832895367e+00,
       1.0909811443766543e-03, 4.5851034921268451e-04,
       1.3311846545937200e-03, 1.7148654848070422e+00,
       1.1303585644378138e+00, 1.2537213144515673e+00,
       1.1152998919618708e-03, 4.6102065197213570e-04,
       1.3194311958019691e-03, 1.7143758760262255e+00,
       1.1320381225592866e+00, 1.2899840243956768e+00,
       1.1333179804673213e-03, 4.5805087751503584e-04,
       1.3202925180018804e-03, 1.7288646715299738e+00,
       1.1435313367013751e+00, 1.3509069736154209e+00,
       1.1376509041712646e-03, 4.5901644137619392e-04,
       1.2798256482387266e-03, 1.7427189408377532e+00,
       1.1460917143007696e+00, 1.3121947472199205e+00,
       1.2059172352245930e-03, 4.7871639647718216e-04,
       1.3170230374756873e-03, 1.7795865991811637e+00,
       1.1705679862062210e+00, 1.3773268662334286e+00,
       1.1982529646850481e-03, 4.7944026491360519e-04,
       1.3685698629293161e-03, 1.7748870726250874e+00,
       1.1743538969097558e+00, 1.4531866098132680e+00,
       1.2371322688990000e-03, 4.8711738736336227e-04,
       1.4165233587074134e-03, 1.7719444836567646e+00,
       1.1838972996561923e+00, 1.5462714009777905e+00,
       1.3580797937018066e-03, 5.2707447970198234e-04,
       1.5242829716491200e-03, 1.7731500811567638e+00,
       1.1981969045606962e+00, 1.6758433955311574e+00,
       1.4444829693358256e-03, 5.5651983616936520e-04,
       1.6479037009371103e-03, 1.7687069555354309e+00,
