%YAML:1.0
---
summary: "Filter by time and points, rd=20, rs=0, sp=5, sf=0."
init_cam_calib: C99-1010_3p_3
camera_matrix: !!opencv-matrix
   rows: 3
   cols: 3
   dt: d
   data: [ 2.5777584300359599e+03, 0., 1.8937776842659064e+03, 0.,
       2.5718679115424438e+03, 1.0857484031988874e+03, 0., 0., 1. ]
dist_coeff: !!opencv-matrix
   rows: 5
   cols: 1
   dt: d
   data: [ 2.0577174941943967e-02, -4.2623944500703934e-02,
       -8.1587042519018168e-04, 1.1382840051043147e-04,
       2.6224146819842212e-02 ]
rvec: !!opencv-matrix
   rows: 103
   cols: 3
   dt: d
   data: [ -3.0615848848860283e+00, 3.8466681322935611e-02,
       -7.4576607604318709e-02, -3.0586070794969191e+00,
       4.0708952112240945e-02, -5.6184695892563058e-02,
       -3.0553349861660406e+00, 2.6862388044964436e-02,
       -4.9760526534763060e-02, -3.0365113040377891e+00,
       4.5113943632763991e-02, 5.7165425913822392e-02,
       -3.1065322788672045e+00, 1.6928316207990468e-01,
       -9.0714131188383562e-02, 3.0618439063628715e+00,
       -1.1796660833597486e-01, 1.5612501735725451e-04,
       3.0542296332048542e+00, -7.4574294315581879e-02,
       -1.9158984465680415e-01, 3.0811124057082155e+00,
       5.8917711206425208e-02, -5.6449578319095184e-01,
       -3.0124205592845557e+00, 2.6348054751835711e-02,
       7.6266589129852669e-01, -2.9479056539414783e+00,
       -3.9648235017507520e-02, 8.9156475331913321e-01,
       -2.9417709382787107e+00, -1.3694216131317020e-02,
       8.3996220742799932e-01, 2.9913255017808642e+00,
       1.3241285808836972e-02, -9.4057313476859838e-01,
       -2.9768753865005002e+00, 7.8395251054641860e-03,
       9.2447228853243091e-01, -2.9366567945510522e+00,
       1.4452309761765599e-02, 9.3799939482477324e-01,
       -2.9269572591841042e+00, 7.6490870133168161e-03,
       9.6178798717121416e-01, 2.9878441463081571e+00,
       -5.8455202481502919e-02, -9.9814768399971099e-01,
       2.8555875045774859e+00, -2.6850146551599459e-02,
       -9.1219784353298594e-01, 2.8726553178403189e+00,
       -3.4792361621037014e-02, -9.0542324071081015e-01,
       -2.9815309995198134e+00, -5.4372954707559908e-02,
       9.0635423422116546e-01, -2.8163108973147146e+00,
       -7.9910348462802566e-02, 8.8568532764172225e-01,
       -2.6967320572598070e+00, -3.3154340762349618e-02,
       8.9262801452812268e-01, -2.6085129957600564e+00,
       -1.2738336577295717e-01, 8.7853438182292487e-01,
       -2.9609224692224818e+00, 3.6394460541588250e-02,
       9.1141832024805070e-01, 2.9522998081167722e+00,
       3.1645312937088464e-02, -1.0547702374941279e+00,
       -2.8929829962791787e+00, 1.8569327770140857e-02,
       1.1121635055656358e+00, 2.8023157029070713e+00,
       -8.7852363981980527e-02, -1.3380079285542832e+00,
       2.7948830867201879e+00, 1.0298236775029376e-02,
       -1.4276262626943705e+00, 2.7467076517845719e+00,
       1.1644978230526656e-01, -1.5356391017846396e+00,
       -2.7459384505916127e+00, -1.5255441920282201e-01,
       1.5338154473313921e+00, -2.6551723412520669e+00,
       -1.4029377772318022e-01, 1.5680132301436365e+00,
       2.7796825334811825e+00, -8.6710822499629525e-02,
       -1.4050316466019126e+00, 2.7712978620678346e+00,
       2.9010084438658984e-04, -1.4389993759017394e+00,
       2.7811284715627869e+00, 5.9675593434351033e-02,
       -1.4442513020546679e+00, -2.7277851947261782e+00,
       -6.7569575866168755e-02, 1.5378379190354503e+00,
       2.7200549164234906e+00, 6.1532527457358654e-02,
       -1.5572938264473832e+00, -2.7200094369711771e+00,
       -7.4873523000014458e-02, 1.4824998968255343e+00,
       -2.7495988542440788e+00, -6.1801594458123110e-02,
       1.4902963657011874e+00, 2.7299014249771640e+00,
       -3.1840404103441210e-02, -1.4363729586078329e+00,
       -2.7260863570928757e+00, -3.7686050721468037e-02,
       1.4462436923972468e+00, -2.4947323299345339e+00,
       -8.2276730067726428e-02, 1.3764810922391795e+00,
       -2.4715897645749738e+00, -2.1439026241333459e-01,
       1.3396624544782629e+00, -2.5612224380003781e+00,
       -1.3612808552124084e-01, 1.3328623493391538e+00,
       2.7746047461178729e+00, 4.7090702481802603e-03,
       -1.4786741434177730e+00, 2.7074001756557804e+00,
       -1.5631522213908830e-02, -1.4848353041009896e+00,
       2.6094294570042860e+00, -5.6500297877946866e-02,
       -1.4776478066443093e+00, 2.5622781679439850e+00,
       -1.2823443878344909e-01, -1.4824361404825546e+00,
       2.5321780251186938e+00, -1.4738816730696441e-01,
       -1.5119705715549443e+00, 2.5526517045572112e+00,
       -1.3203519301835367e-01, -1.5198890983067488e+00,
       2.6643580182354705e+00, -1.5077594568102255e-04,
       -1.6376532205740379e+00, -2.8323593417250303e+00,
       3.3436804381028910e-02, 1.3136772401355110e+00,
       2.7841700615477070e+00, 1.5627168587881702e-02,
       -1.4329581675916387e+00, 2.8345633419101532e+00,
       5.8686592742012104e-03, -1.3845337321025069e+00,
       -2.9446501970827983e+00, -9.5638403171968950e-02,
       1.1132450275944461e+00, -3.0275071586493789e+00,
       -1.0455877974390504e-01, 7.3784549925214959e-01,
       3.0437907578959380e+00, 1.9293500323925464e-02,
       -5.4643443945614834e-01, 3.1378683337017206e+00,
       -1.7764726604720761e-02, -4.2453824412111145e-02,
       3.1357826280988061e+00, 3.6209460837373322e-02,
       -6.6149475851033770e-02, 3.1211370452575546e+00,
       3.5822047096291242e-02, 1.5843454971420814e-01,
       -3.0822529655242112e+00, -3.6192187777466578e-02,
       -2.0155025117066624e-01, -3.1023022653611210e+00,
       -6.3280999389756981e-02, -3.7797610745806459e-01,
       3.1038456832320627e+00, 2.0698593032066306e-01,
       3.7723734583059781e-01, -2.8959769370686645e+00,
       3.0863142055393599e-02, -9.8360258991146343e-01,
       -2.6537749840321663e+00, 1.8228661008162253e-01,
       -1.3753294086292336e+00, -2.6884307300631174e+00,
       1.0386615853244252e-01, -1.1764851293369107e+00,
       -2.7119848037339342e+00, 7.1511568788948848e-02,
       -1.2456163640739872e+00, -2.6683521585713721e+00,
       9.2651339644499356e-02, -1.3637854335869517e+00,
       -2.6176325978505868e+00, 1.1579725247881023e-01,
       -1.4940983598415656e+00, -2.7027390059456118e+00,
       1.0981003843295693e-01, -1.3441014705187146e+00,
       -2.7138756050901076e+00, 8.6996707835951231e-02,
       -1.3535306053130025e+00, -2.7143234469813926e+00,
       1.4292293045938598e-01, -1.4458901567243652e+00,
       -2.7617857183526344e+00, 5.9833931664440690e-02,
       -1.3635426639580770e+00, -2.6983618470683237e+00,
       1.1153801554597832e-01, -1.4874919857265785e+00,
       -2.6720223369004388e+00, 1.1643904606854710e-01,
       -1.5919441559404535e+00, 2.6335977994533080e+00,
       3.7716539626424170e-02, 1.4823316223377851e+00,
       2.5849267961471201e+00, 5.1735722464182080e-02,
       1.4703117183510808e+00, 2.6603581545816319e+00,
       -1.3152256410040315e-02, 1.5449951091815197e+00,
       -2.6623695872367392e+00, 1.4268095704214559e-01,
       -1.5553348284978097e+00, 2.9458293570333105e-01,
       2.0853692482854607e+00, 2.2720327780096129e-02,
       2.2960190115223905e-01, 2.1532895731987858e+00,
       1.6905946199927402e-01, -2.6819582306161167e+00,
       1.3987269452566459e-01, -1.2441795426450044e+00,
       -2.6691905973721934e+00, 1.8385121322769934e-01,
       -1.2596185403867302e+00, -2.6413945191945372e+00,
       1.5658766945496988e-01, -1.3291889622087654e+00,
       -2.6488829286912177e+00, 3.4256980819914806e-01,
       -1.1572007884646276e+00, -2.5835683999892867e+00,
       3.5439741461983448e-01, -1.1306543389803434e+00,
       -2.5914028204124606e+00, 3.1299108977920936e-01,
       -1.1105661912568947e+00, 2.8993573961056680e+00,
       -1.1076547828239686e-01, 1.2060098267127102e+00,
       2.8938252211405495e+00, -1.0500017027563381e-02,
       1.1750403195727617e+00, 2.8241590147011788e+00,
       4.4575240083996770e-02, 1.1245676529406810e+00,
