%YAML:1.0
---
summary: "Filter by distance, md=250, ds=125."
init_cam_calib: C99-1010_3p_3
camera_matrix: !!opencv-matrix
   rows: 3
   cols: 3
   dt: d
   data: [ 2.5807702571560594e+03, 0., 1.8780241474598101e+03, 0.,
       2.5807259493827769e+03, 1.0940682605590625e+03, 0., 0., 1. ]
dist_coeff: !!opencv-matrix
   rows: 5
   cols: 1
   dt: d
   data: [ 1.8395807533926792e-02, -4.5820522271458629e-02,
       -3.3931510018392862e-04, -1.5471529985152564e-03,
       3.8996746265955062e-02 ]
rvec: !!opencv-matrix
   rows: 166
   cols: 3
   dt: d
   data: [ -3.0595723369204695e+00, 3.8159445378895367e-02,
       -6.6096244098539481e-02, -3.0452294571858309e+00,
       1.1401272478919335e-02, -3.0176193156239161e-02,
       -3.0521160446782960e+00, 1.0263949950471669e-01,
       9.5618143494581344e-03, -3.0899704215377302e+00,
       1.2974908586351283e-01, -2.2176954784074960e-02,
       -3.1142488748354067e+00, 1.8236583036648280e-01,
       -1.5213265737462597e-01, 3.1139506224052762e+00,
       -1.5225026768652195e-01, 1.1966241583785367e-01,
       3.0690309819342247e+00, -1.4280246976304245e-01,
       4.6605872219307849e-02, 3.0513218265493016e+00,
       -1.4178177090534094e-01, -6.2266023676965578e-02,
       3.0335473630369187e+00, -4.8386635215739188e-02,
       -1.4927940494665418e-01, 3.0385104100365079e+00,
       -7.2639063630421056e-03, -3.0481787500339391e-01,
       3.0613843008378114e+00, 8.1207706981449954e-02,
       -5.0127404561965738e-01, 3.0768577525356258e+00,
       5.9115899727654860e-02, -5.8514660787232431e-01,
       -3.0535904477327773e+00, -4.4095506328897152e-02,
       5.9008019947753021e-01, -3.0055968027729931e+00,
       1.1199273308712674e-02, 7.1011308580406873e-01,
       -2.9831733523388189e+00, -2.7914803271135252e-02,
       8.5868274894772789e-01, -2.9436563688768276e+00,
       -4.1335748497126928e-02, 8.9815774115619385e-01,
       -2.9354656398825312e+00, -1.7346092544686983e-02,
       8.2002086422813059e-01, -2.9559904611781787e+00,
       -1.0555752892598752e-02, 8.4999549543966346e-01,
       -2.9782248551409682e+00, -1.2062415675803875e-02,
       9.2882434071524855e-01, -2.9378405839135602e+00,
       1.2793809023786984e-02, 9.4054805568020650e-01,
       2.9870938210650189e+00, -5.6154548263906118e-02,
       -1.0068075939871484e+00, 2.9368768241915362e+00,
       -4.6416170736619473e-02, -9.8447642024383819e-01,
       2.8884564564558284e+00, -5.3140292755456363e-02,
       -9.3429254698750297e-01, 2.8796726752977784e+00,
       -1.6318668867490352e-02, -9.0432890289885715e-01,
       2.9464213458598949e+00, 1.9215985468237818e-02,
       -9.1635788924752448e-01, -2.9785362304971850e+00,
       -5.7007432861821097e-02, 9.1347593348523137e-01,
       -2.8742058005335833e+00, -4.2754933956643829e-02,
       9.3202911439498637e-01, -2.8332981720075154e+00,
       -8.7313600488437920e-02, 8.9008494551470208e-01,
       -2.7806750554451942e+00, -3.9044686496984025e-02,
       8.7467302866549768e-01, -2.7010136160599960e+00,
       1.6936166932363751e-02, 9.0658133028546706e-01,
       -2.6666903686931063e+00, -5.6965430986426202e-02,
       8.7643126907441660e-01, -2.6202204376966378e+00,
       -9.6516670904056495e-02, 8.8368883642980134e-01,
       -2.6625384157906713e+00, -9.9623898888011361e-02,
       8.9835815473043212e-01, -2.7044097770932165e+00,
       -1.4238242234554456e-02, 9.2999279476397956e-01,
       -2.7350157018827970e+00, -2.4849174264277123e-02,
       1.0085615949589108e+00, -2.8073593269238795e+00,
       -1.5362329526891127e-02, 1.0236281701719647e+00,
       -2.8484947337223456e+00, -3.8187687322162510e-02,
       1.0223514814615948e+00, -2.9400648432689094e+00,
       -5.2238784133989231e-03, 9.2897569651684087e-01,
       3.0014811860276489e+00, -1.4275921888597059e-02,
       -9.4486763977303911e-01, -2.9113492636709219e+00,
       1.5637981558286611e-04, 1.1130909628670311e+00,
       -2.8851481868235291e+00, 1.8995174279256830e-02,
       1.0864849063051691e+00, -2.8758214934810797e+00,
       9.1369810847377456e-02, 1.1724483203591292e+00,
       2.8800322273137873e+00, -1.2349039366964136e-01,
       -1.2720325591295265e+00, 2.8140062250607190e+00,
       -1.0299901645543008e-01, -1.3341023429527838e+00,
       -2.8175090687559754e+00, 5.3691458705905623e-02,
       1.3747055663745058e+00, 2.8019920679628005e+00,
       -6.7000897278216023e-02, -1.3891191065507955e+00,
       2.7493160648396868e+00, 1.5117552820860540e-02,
       -1.4080749001564301e+00, 2.7898060469551194e+00,
       1.6020411549040142e-02, -1.4351004547840582e+00,
       -2.7624350150538741e+00, -5.1124961681450240e-02,
       1.5026150776435372e+00, 2.7600025204105991e+00,
       1.3047711408855489e-01, -1.5221063903291061e+00,
       -2.6906234217123792e+00, -1.0927266612278967e-01,
       1.5975562611974850e+00, -2.7326616369591119e+00,
       -1.6837426906426228e-01, 1.4826894603022904e+00,
       -2.6942982844056598e+00, -1.7681369232172342e-01,
       1.4870409137208778e+00, -2.6736728865572226e+00,
       -1.1262071375972625e-01, 1.5889831086677901e+00,
       2.7370521336146258e+00, 2.7578558019625662e-02,
       -1.5113905575308113e+00, 2.7474922185865576e+00,
       -6.5035173551601808e-02, -1.3841202494839400e+00,
       2.7930930210154177e+00, -1.8146082391922599e-02,
       -1.4504062247540273e+00, -2.7160798011332705e+00,
       -6.9921851008847347e-02, 1.4851078569559228e+00,
       2.7691254046506133e+00, 5.0305501063069608e-02,
       -1.4745269113418968e+00, 2.7304166306335991e+00,
       -3.0214757299125993e-02, -1.4440646748180537e+00,
       2.7788054166560721e+00, 2.2188289305870957e-02,
       -1.4710258728994365e+00, -2.7077878458408695e+00,
       -5.3640527835636977e-02, 1.4572449189990500e+00,
       -2.6439177218192400e+00, -9.5069494614035313e-02,
       1.4373412979207241e+00, -2.5891353599016309e+00,
       -1.2515402792193461e-01, 1.3869026313769530e+00,
       -2.5054081705855364e+00, -8.6079794602685930e-02,
       1.3904697661360539e+00, -2.4228967956297041e+00,
       -1.2481667774600211e-01, 1.4119534741974422e+00,
       -2.5052765142948528e+00, -2.3772199755869325e-01,
       1.3520092215659558e+00, -2.6389288294649522e+00,
       -6.7198929279167416e-02, 1.4025907829495285e+00,
       -2.7316104750940524e+00, -3.9868119182353980e-02,
       1.3719916286870284e+00, -2.7592877162694878e+00,
       -1.3488262011344718e-04, 1.4812036393316093e+00,
       2.6987570978164919e+00, 1.1240500762549999e-02,
       -1.4763367803023943e+00, 2.6452710295722670e+00,
       1.2961087779475896e-03, -1.4661741059337852e+00,
       2.5548402094962532e+00, -1.5816880962129221e-01,
       -1.6222115153438643e+00, 2.6618574664169956e+00,
       3.4317788458080737e-03, -1.6478579774485174e+00,
       -2.6429713430984254e+00, -6.3347648342530885e-02,
       1.5799438466582105e+00, -2.8151876486916692e+00,
       -2.1558951779292460e-02, 1.3754049850631684e+00,
       2.8039922336264569e+00, -1.0228968185712992e-01,
       -1.3618683766849373e+00, -2.7607701065824837e+00,
       5.6033717024199362e-02, 1.4597287074974690e+00,
       -2.7700010003876994e+00, 1.2442846382396373e-01,
       1.3867469087566706e+00, 2.8077140246478964e+00,
       -6.4135749669433995e-03, -1.3980638737290625e+00,
       -2.8248636929304012e+00, -3.4852642944668055e-02,
       1.3377025537114999e+00, -2.9424125552630058e+00,
       -8.6204053857453278e-02, 1.0922104597758677e+00,
       -2.9692869798808696e+00, -8.6750933148865658e-02,
       9.4112901919102199e-01, -3.0308960584719755e+00,
       -1.0259652810750376e-01, 7.5590872564230227e-01,
       -3.0125138210448230e+00, -5.3453166121409976e-02,
       6.9334833702060195e-01, 3.0426033802507897e+00,
       7.0522657178085493e-02, -7.2129236333089286e-01,
       3.0465871840652419e+00, 3.1855780061642039e-02,
       -5.8144173066954508e-01, -3.1730089382701356e+00,
       1.4009577528493737e-02, 3.0588194563036764e-01,
