%YAML:1.0
---
summary: "First calibration test for video C67Finf."
init_cam_calib: res-C99Finf1010_3p_3
camera_matrix: !!opencv-matrix
   rows: 3
   cols: 3
   dt: d
   data: [ 2.5807594413138427e+03, 0., 1.8872689000262883e+03, 0.,
       2.5749925575346106e+03, 1.0870615130960127e+03, 0., 0., 1. ]
dist_coeff: !!opencv-matrix
   rows: 5
   cols: 1
   dt: d
   data: [ 2.4497845469115955e-02, -5.7191712942197041e-02,
       -5.3795240178748855e-04, -3.0482813452718132e-04,
       4.2815186992196524e-02 ]
std_intrinsics: !!opencv-matrix
   rows: 18
   cols: 1
   dt: d
   data: [ 5.8153399154789720e-01, 5.3095506086494482e-01,
       1.2129633767886081e+00, 7.7158872201009676e-01,
       1.4326361777047643e-03, 5.2544175647960892e-03,
       1.0405433617495573e-04, 1.5959817919121818e-04,
       5.6993226446290521e-03, 0., 0., 0., 0., 0., 0., 0., 0., 0. ]
std_extrinsics: !!opencv-matrix
   rows: 618
   cols: 1
   dt: d
   data: [ 8.2053122870038480e-04, 3.0100436031098586e-04,
       1.0032724989789792e-03, 1.6707770162394198e+00,
       1.0804327443514361e+00, 1.0867708142681691e+00,
       8.2032666197207353e-04, 2.9723334088382832e-04,
       1.0004330684321918e-03, 1.6678577724665213e+00,
       1.0787711580945687e+00, 1.0864604411012306e+00,
       8.1513398611704566e-04, 2.9242640710245730e-04,
       9.9169709497692513e-04, 1.6628767050424964e+00,
       1.0754129510329942e+00, 1.0791181816930853e+00,
       7.6638974894447439e-04, 2.6102086203743410e-04,
       9.3227216901042376e-04, 1.6018153251903195e+00,
       1.0373549725032152e+00, 1.0226651732560972e+00,
       7.2119096810157853e-04, 2.8689252984570970e-04,
       9.4095538495460123e-04, 1.4682662044718491e+00,
       9.5571214818696903e-01, 9.5703848161743565e-01,
       8.2632598657592408e-04, 2.5532719076468233e-04,
       9.2754870032721792e-04, 1.3124875843800279e+00,
       8.6840989537146662e-01, 9.1007788924664579e-01,
       7.9576606425735242e-04, 2.4564496021573266e-04,
       9.0973331298988176e-04, 1.2251425859247336e+00,
       8.1641506144153986e-01, 8.2992166057207628e-01,
       6.0404997854814795e-04, 2.7105515921510201e-04,
       1.0129687455713091e-03, 1.3116280022611186e+00,
       8.5996056526616937e-01, 7.4877440715953680e-01,
       7.1779399325523250e-04, 2.8737965755879581e-04,
       9.4087429189243770e-04, 1.4696313866235260e+00,
       9.5597286544907223e-01, 7.9704487678487479e-01,
       7.5044007976033224e-04, 3.1223389054730634e-04,
       9.6676469856343827e-04, 1.6109429391256562e+00,
       1.0453202627825182e+00, 8.8152443182186069e-01,
       7.5298899492916532e-04, 3.1622718339831252e-04,
       1.0091532890611585e-03, 1.7028696762330129e+00,
       1.1072341199492390e+00, 9.8327690774899024e-01,
       6.6733455638465905e-04, 3.5069254002919248e-04,
       1.1521053218729641e-03, 1.7380062972333916e+00,
       1.1282397800743091e+00, 1.0452455911407308e+00,
       7.8050419402369805e-04, 3.3484096700925591e-04,
       1.0363159162548085e-03, 1.7357608577051251e+00,
       1.1263658263112253e+00, 1.0232801494613857e+00,
       7.8864610733413165e-04, 3.3067532511633392e-04,
       1.0203631875682448e-03, 1.7415779091092358e+00,
       1.1280044356831473e+00, 1.0024553800460727e+00,
       7.9067721799149133e-04, 3.3147807177624062e-04,
       1.0155676992583684e-03, 1.7399682911844254e+00,
       1.1259256765159984e+00, 9.9208690948011047e-01,
       6.5265153591090471e-04, 3.4221374582387674e-04,
       1.1141118354559515e-03, 1.6973306189474415e+00,
       1.0974948484066769e+00, 9.5478892826910078e-01,
       6.2339186665983628e-04, 3.2097741488452313e-04,
       1.0458516770878404e-03, 1.6662141093732163e+00,
       1.0832040263448179e+00, 9.4309302243014581e-01,
       5.9726718254695982e-04, 3.2593108486802445e-04,
       1.0509995232947655e-03, 1.6783309975754133e+00,
       1.0907806612540043e+00, 9.3411063233738134e-01,
       7.3795364008640105e-04, 3.2318414684635220e-04,
       1.0090545254816017e-03, 1.6508752668444491e+00,
       1.0728786823056553e+00, 9.2204055302814869e-01,
       7.6720472953090613e-04, 3.1774765046111596e-04,
       9.9304894579570766e-04, 1.6758099422113573e+00,
       1.0884026740756674e+00, 9.8105177085450179e-01,
       8.2567794079417361e-04, 3.3100109027976574e-04,
       1.0161669982066408e-03, 1.7371330811335683e+00,
       1.1280504811823788e+00, 1.0934375549170623e+00,
       9.4665888061712953e-04, 3.7131742194827924e-04,
       1.1353028995625570e-03, 1.7191468733783228e+00,
       1.1281807336945811e+00, 1.2574035104621397e+00,
       8.6011553892859343e-04, 3.6462086130015621e-04,
       1.0461143590177354e-03, 1.7352650571287132e+00,
       1.1260641295608387e+00, 1.0765960871052074e+00,
       6.5599952491297983e-04, 3.5075004736977291e-04,
       1.1468290193428633e-03, 1.7574551344791447e+00,
       1.1353426026382065e+00, 1.0181361375625060e+00,
       8.1948196885392162e-04, 3.5877913255720403e-04,
       1.0333797898336606e-03, 1.8131875047515662e+00,
       1.1696330894435376e+00, 1.0675830990053898e+00,
       8.0708237165615755e-04, 5.0783004035756117e-04,
       1.1883008523611749e-03, 1.9541186710601002e+00,
       1.2457077935784622e+00, 1.4489087434810091e+00,
       9.7672853368251469e-04, 6.8570361676928253e-04,
       1.1666372901376135e-03, 1.9719144540727873e+00,
       1.2556224335177670e+00, 1.5973723744545343e+00,
       9.5620498936549545e-04, 7.0199091040124343e-04,
       1.0977684256517997e-03, 1.8950344145696738e+00,
       1.2192188207091377e+00, 1.5570838254581258e+00,
       9.8651709246871336e-04, 7.3434114491434431e-04,
       1.0955614870705110e-03, 1.7765303258968614e+00,
       1.1664231476210012e+00, 1.3550299112626092e+00,
       9.8050218430592996e-04, 6.6832978949354883e-04,
       1.1007248750508002e-03, 1.6810800375373198e+00,
       1.0987320665033056e+00, 1.1362138441813545e+00,
       8.0063661771856149e-04, 5.5069343568548920e-04,
       9.9570063251910282e-04, 1.4506159385830391e+00,
       9.3593059165141934e-01, 8.5590938994076537e-01,
       7.9830276937873160e-04, 5.4213396773372300e-04,
       9.9953226331837494e-04, 1.3940070330747656e+00,
       8.9799548613684022e-01, 7.9475566864171276e-01,
       7.2409749844319497e-04, 5.0427551644253684e-04,
       9.2698559655586326e-04, 1.3837989301949138e+00,
       8.9094788262141866e-01, 7.7674654370317653e-01,
       7.6438066237836065e-04, 5.4464540704780818e-04,
       8.9900622737717334e-04, 1.4009517329522205e+00,
       8.9892585835638594e-01, 8.3580089739958097e-01,
       7.8878374233082727e-04, 5.6705624693706522e-04,
       9.6023765711764444e-04, 1.3997966663502577e+00,
       8.9911675757755760e-01, 9.4149508762481826e-01,
       7.7724629074178405e-04, 5.4615810705197128e-04,
       9.0322914443808125e-04, 1.3964291258615706e+00,
       9.0204057706370722e-01, 8.8733809491646820e-01,
       7.6897805226265907e-04, 5.2651385923039576e-04,
       9.0728203910744095e-04, 1.3879408034694374e+00,
       8.9407224460047430e-01, 8.2046469023088653e-01,
       8.0558803763338218e-04, 5.5396005190051128e-04,
       9.5160114679804231e-04, 1.4029911313065411e+00,
       8.9802190456320474e-01, 7.8660157001791486e-01,
       7.8573335799612758e-04, 5.1502983891426452e-04,
       9.2761566013283285e-04, 1.4214888215012751e+00,
       9.1376856314304378e-01, 7.9364065750530199e-01,
       8.3032924072592486e-04, 5.3247515591681735e-04,
       9.1245193184252837e-04, 1.4493661640868929e+00,
       9.3943349500397499e-01, 9.0098283180712413e-01,
       8.6295607418442088e-04, 5.7181051272303099e-04,
       9.2006698873988368e-04, 1.4519419323283984e+00,
       9.4554236399964819e-01, 9.6488707786668226e-01,
       8.2972162112978504e-04, 5.3221305843857919e-04,
       9.4029443177100485e-04, 1.4425105787996018e+00,
       9.3575010076026577e-01, 8.6565359972315936e-01,
       7.7110738329285193e-04, 5.3445889471386552e-04,
       9.6357608785462077e-04, 1.4387881003048806e+00,
