%YAML:1.0
---
summary: "Filter by time and points, rd=20, rs=10, sp=5, sf=0."
init_cam_calib: C99-1010_3p_3
camera_matrix: !!opencv-matrix
   rows: 3
   cols: 3
   dt: d
   data: [ 2.5850544931171871e+03, 0., 1.8759185981088015e+03, 0.,
       2.5831238396399858e+03, 1.0900915906426540e+03, 0., 0., 1. ]
dist_coeff: !!opencv-matrix
   rows: 5
   cols: 1
   dt: d
   data: [ 1.8319181843033158e-02, -3.2042944723034789e-02,
       -1.4830026313100611e-04, -2.0852165747728426e-03,
       1.4842713413354207e-02 ]
std_intrinsics: !!opencv-matrix
   rows: 18
   cols: 1
   dt: d
   data: [ 1.3340505796339333e+00, 1.2233179410903097e+00,
       2.7933487721982000e+00, 1.8165268874928386e+00,
       3.4050426162402173e-03, 1.2555170761384479e-02,
       2.4439576837231283e-04, 3.6984325327434200e-04,
       1.3664160340746594e-02, 0., 0., 0., 0., 0., 0., 0., 0., 0. ]
std_extrinsics: !!opencv-matrix
   rows: 618
   cols: 1
   dt: d
   data: [ 1.7772059184372950e-03, 6.6332418406621200e-04,
       2.4303716338610138e-03, 3.8606768727729688e+00,
       2.5450888904347444e+00, 2.3693559999525595e+00,
       2.0792714324846815e-03, 7.1156299114954612e-04,
       2.5197927870284752e-03, 3.8373982519635375e+00,
       2.5288315711016045e+00, 2.5893963704120004e+00,
       1.5997488381960235e-03, 6.3457361610924743e-04,
       2.1798520011153929e-03, 3.7990830856431912e+00,
       2.4965561479590517e+00, 2.3554325128916149e+00,
       1.7336646834217107e-03, 6.1117852217244784e-04,
       2.2064810053302685e-03, 3.5397868999635347e+00,
       2.3439851764444257e+00, 2.2081256060633132e+00,
       1.5367552309699789e-03, 6.1237854768948958e-04,
       2.0609761710199573e-03, 3.1906946421744071e+00,
       2.1258618837975489e+00, 2.0748021678620301e+00,
       2.1629196848035426e-03, 5.7580904084922422e-04,
       2.0740853761900663e-03, 2.8689985337310633e+00,
       1.9516747284622973e+00, 2.1382052781177099e+00,
       1.6707977205088576e-03, 6.0532929146283265e-04,
       2.2900436312710687e-03, 2.9026283458107058e+00,
       1.9466876866606297e+00, 1.7125937970067389e+00,
       1.9910681131053405e-03, 7.3556044895087085e-04,
       2.3356132809829702e-03, 3.1885551689603608e+00,
       2.1139491652268116e+00, 1.8383235796823152e+00,
       1.6767745187447009e-03, 6.6073726722849335e-04,
       2.1925898391026198e-03, 3.5790869131584255e+00,
       2.3589601534697100e+00, 1.8300914806368695e+00,
       1.7968316918037363e-03, 7.7322190489306569e-04,
       2.3707530321172570e-03, 3.8421943596024906e+00,
       2.5478898256016582e+00, 2.2803216076183062e+00,
       1.7940453483086291e-03, 7.4812846380450330e-04,
       2.3321651078689518e-03, 3.9982960791081066e+00,
       2.6423334308993867e+00, 2.1803088877053836e+00,
       1.8697553387530146e-03, 7.7111767259568323e-04,
       2.3823270977262855e-03, 4.0103059864288992e+00,
       2.6534510217854357e+00, 2.3184247228331061e+00,
       1.7871416661327866e-03, 7.6733086173177154e-04,
       2.4624561512534451e-03, 4.0061280380547011e+00,
       2.6483548391224869e+00, 2.3388516095473664e+00,
       1.8098194567240055e-03, 7.8183365846270982e-04,
       2.2948247446581095e-03, 4.0115376092447477e+00,
       2.6505000317152527e+00, 2.3523038816819732e+00,
       1.8004030889535970e-03, 7.2183983836120852e-04,
       2.2387976803612901e-03, 3.9839348285686000e+00,
       2.6268782176464960e+00, 2.1558269474183778e+00,
       1.5032649902893813e-03, 7.2466467092327394e-04,
       2.3754601644266440e-03, 3.8586367549075522e+00,
       2.5554156952649469e+00, 2.0556122214026278e+00,
       1.3069246912682658e-03, 7.3306288011082009e-04,
       2.5675993164765883e-03, 3.8784700993620662e+00,
       2.5686501319539028e+00, 2.1724741881865857e+00,
       1.4800148739925289e-03, 8.1518925859605008e-04,
       2.4433265251483012e-03, 3.8360975252652163e+00,
       2.5532053645551249e+00, 2.2237839097133665e+00,
       1.7126548880040191e-03, 6.8892033128719308e-04,
       2.3068498375330578e-03, 3.8301754778200712e+00,
       2.5311500625324759e+00, 1.9613227209509325e+00,
       1.7450243730616215e-03, 7.1538251342801026e-04,
       2.3234116866518552e-03, 3.9227734573706199e+00,
       2.5902431708241167e+00, 2.1556437137872817e+00,
       2.3080874090285067e-03, 9.3165807131071485e-04,
       2.6761581072674645e-03, 3.9667762800627560e+00,
       2.6559007864191351e+00, 2.9229534386885709e+00,
       1.7907342764051928e-03, 7.5928473010519488e-04,
       2.3268990573977310e-03, 4.0024507714964228e+00,
       2.6351234732149496e+00, 2.3915123783332128e+00,
       1.5889736085317684e-03, 8.2669679326831098e-04,
       2.5581819674629189e-03, 4.0071189284665003e+00,
       2.6515411465563852e+00, 2.3737163292313390e+00,
       1.8843293608142100e-03, 8.0669905307033157e-04,
       2.3895852503810380e-03, 4.1012606799913156e+00,
       2.6985390592550007e+00, 2.3565925802180829e+00,
       1.9482003064593557e-03, 8.7545470316526225e-04,
       2.3999072533583215e-03, 4.3020015495042472e+00,
       2.8329716986357720e+00, 2.7393508674154963e+00,
       2.0150622484245563e-03, 1.3082390763960552e-03,
       2.5421937711446190e-03, 4.4679193831999111e+00,
       2.9217252636196052e+00, 3.0962883634378016e+00,
       2.5424894151957556e-03, 2.0028302661308913e-03,
       2.7391742773301983e-03, 4.4573306946683440e+00,
       2.9018380158484862e+00, 4.0073352226866508e+00,
       2.1524314743428009e-03, 1.7287695011627855e-03,
       2.4723744789100170e-03, 4.2340942537686086e+00,
       2.8069730230872612e+00, 3.4982049743546488e+00,
       2.3806561187160718e-03, 1.6190127704108705e-03,
       2.6430099087520931e-03, 3.9781621379902243e+00,
       2.7124780122769878e+00, 3.1701041889930575e+00,
       1.9887257562909936e-03, 1.4201209127292225e-03,
       2.5589527407912280e-03, 3.5856888293167768e+00,
       2.3603139300291511e+00, 2.2796861479468573e+00,
       1.9448644232268246e-03, 1.2919148571387106e-03,
       2.4048045561389422e-03, 3.2645728405092003e+00,
       2.1328786886409676e+00, 1.7377996657865686e+00,
       2.0303605718416176e-03, 1.3006471282306048e-03,
       2.4157249967940906e-03, 3.2746176720095259e+00,
       2.1391942289886585e+00, 1.8759260589377704e+00,
       1.8085923356302863e-03, 1.1232183218268779e-03,
       2.0942407205559637e-03, 3.2070173193717624e+00,
       2.0983432277222636e+00, 1.6749525035076300e+00,
       1.7608189038863084e-03, 1.2320927016553113e-03,
       2.1088583907758053e-03, 3.2434925028709500e+00,
       2.1192639597101617e+00, 2.3777491348711077e+00,
       1.8693169381396484e-03, 1.3606470002870213e-03,
       2.1993231130439006e-03, 3.2312799208708594e+00,
       2.1239229913190725e+00, 2.3334042298961730e+00,
       2.0578141685708203e-03, 1.7062761151750172e-03,
       2.2088391376094774e-03, 3.2344075097903193e+00,
       2.1368391060136558e+00, 2.3852912930055505e+00,
       1.8256957815682858e-03, 1.2810691600691545e-03,
       2.2891064153169427e-03, 3.2088311510500693e+00,
       2.0937303715150146e+00, 1.7621097105315395e+00,
       1.8345040764971240e-03, 1.2781500611351213e-03,
       2.2035877588422949e-03, 3.2534550761903285e+00,
       2.1373569392737353e+00, 1.8816802023062709e+00,
       1.8854961977259048e-03, 1.1990894365474418e-03,
       2.1223242650467147e-03, 3.2905174243285451e+00,
       2.1634282492901518e+00, 2.1209975006024235e+00,
       1.9983450852227268e-03, 1.4327445299516931e-03,
       2.2767997932993502e-03, 3.3679643669437596e+00,
       2.2476162665331652e+00, 2.2947934828299017e+00,
       1.9719058375765805e-03, 1.2705023360412352e-03,
       1.9279672523125214e-03, 3.2919468553365494e+00,
       2.1791226570988789e+00, 1.9084689548661324e+00,
       2.0116005802636606e-03, 1.1362011100825710e-03,
       2.1822423161231208e-03, 3.2837279885044617e+00,
       2.1565890259051828e+00, 1.6917110060848879e+00,
       1.7223654558720443e-03, 1.2502313815320452e-03,
       2.2680718324097730e-03, 3.3159662769918441e+00,
