%YAML:1.0
---
summary: "Filter by time, rd=10, rs=5."
init_cam_calib: C99-1010_3p_3
camera_matrix: !!opencv-matrix
   rows: 3
   cols: 3
   dt: d
   data: [ 2.5766012545173053e+03, 0., 1.8882785112135862e+03, 0.,
       2.5778558719730686e+03, 1.0904193830059287e+03, 0., 0., 1. ]
dist_coeff: !!opencv-matrix
   rows: 5
   cols: 1
   dt: d
   data: [ 1.3406736305894154e-02, -1.9187373219107958e-02,
       -8.1452088740527654e-04, 1.8200885997306712e-05,
       2.8914827308988552e-03 ]
rvec: !!opencv-matrix
   rows: 205
   cols: 3
   dt: d
   data: [ -3.0673126370676633e+00, 4.8833382099122198e-02,
       -7.4001598912325148e-02, -3.0610494267693058e+00,
       4.0149344098874211e-02, -6.1001498419729620e-02,
       -3.0588500787286450e+00, 3.3715572473525052e-02,
       -5.1679842042808101e-02, -3.0610264687171416e+00,
       3.4067029294049880e-02, -4.9916900849715611e-02,
       -3.0472309554502290e+00, 1.1279644961761081e-02,
       -3.6439689451238405e-02, -3.0476329405018801e+00,
       2.6894367463985179e-02, 2.1611989747900351e-02,
       -3.0448151890575592e+00, 7.0955028083149352e-02,
       6.1193658400358168e-02, -3.0995018607559466e+00,
       1.3789984195342742e-01, -4.8702405155576264e-02,
       -3.1157906168217644e+00, 1.8256207347698522e-01,
       -1.5893753569293700e-01, 3.0669632748919691e+00,
       -1.4294473017341597e-01, 5.3340670264482450e-02,
       3.0492439031224587e+00, -1.4223617886960449e-01,
       -3.8715473510816938e-02, 3.0297548767542533e+00,
       -4.8008419595694907e-02, -1.4819977184798167e-01,
       3.0372565270253551e+00, -7.7217440674972873e-03,
       -2.9769908629024311e-01, 3.0793065220178488e+00,
       7.9668527761504751e-02, -5.0033361102290630e-01,
       -3.0757592353839773e+00, -4.8381305153471971e-02,
       5.8628359090621285e-01, -3.0129772707263824e+00,
       -3.6988445786754354e-03, 6.6211984428004111e-01,
       -2.9933195559176347e+00, -1.1767639046239295e-02,
       8.3172811729919727e-01, -2.9525110972305342e+00,
       -7.0737629831344059e-02, 8.9082286829923574e-01,
       -2.9617122245942702e+00, -2.1344403762141091e-02,
       8.8626264584932035e-01, -2.9391476616474370e+00,
       -1.7010252701819110e-02, 8.1311129964366802e-01,
       -2.9570743834644291e+00, -2.1600471618602253e-03,
       8.7823061050058737e-01, -2.9943602624729180e+00,
       -3.4422166636535793e-02, 9.3186271457972070e-01,
       2.9832938110373846e+00, -4.6106738019246005e-03,
       -9.4154695734075611e-01, -2.9810193195948584e+00,
       1.2193530627342294e-02, 9.3417527373851628e-01,
       -2.9667799673550248e+00, 1.2029105243386354e-02,
       9.2300519407938242e-01, -2.9514738216471148e+00,
       1.3378057505579282e-02, 9.3228847260778214e-01,
       -2.9310784336400508e+00, 1.7156649505220129e-02,
       9.5333493233914546e-01, -2.9254928428865159e+00,
       3.7890996233740930e-03, 9.5642997532392671e-01,
       -2.9194252008532806e+00, 5.4305029472701809e-03,
       9.5197857878933767e-01, -2.9552260827041827e+00,
       3.0033124006696270e-02, 9.5809422677318867e-01,
       2.9302380247910476e+00, -4.5232815127970803e-02,
       -9.6795148314729762e-01, 2.8715537430472593e+00,
       -4.9366687103170583e-02, -9.2422139310015017e-01,
       2.8411739980378856e+00, -2.1972097139653771e-02,
       -8.9662430593711384e-01, 2.8566425264614392e+00,
       -3.5382229323189504e-02, -9.0544645287516323e-01,
       2.8691323381543694e+00, -3.4437841415352444e-02,
       -9.0816043917267952e-01, 2.9469535340912736e+00,
       1.8437643643177352e-02, -9.0900566780786540e-01,
       -2.9479632161373264e+00, -4.3754130905539673e-02,
       9.3394442202590422e-01, -2.8668419552691966e+00,
       -4.8869563983844358e-02, 9.5035980156151645e-01,
       -2.8030138213126397e+00, -3.8218865597071855e-02,
       8.9727689091111362e-01, -2.7388076731797342e+00,
       2.0787348015251922e-02, 8.8994883080399334e-01,
       -2.6474352323711665e+00, -8.5709621544282799e-02,
       8.8174069899658558e-01, -2.5815046865200331e+00,
       -1.1711805267661841e-01, 9.0025633739995947e-01,
       -2.6787695910251546e+00, -5.4345845402011650e-02,
       8.9339258263549981e-01, -2.8521120128226642e+00,
       -3.7907228888732880e-02, 1.0163924119112984e+00,
       -2.9915979322131192e+00, 2.6090384281984243e-02,
       9.8448697892130976e-01, 2.9426563977664797e+00,
       -1.6050086194765049e-02, -1.0394045364914954e+00,
       -2.9369480421250920e+00, -1.7669199292450453e-02,
       1.0922235968441589e+00, -2.8986475738527635e+00,
       2.4244190490575735e-02, 1.1281894079698032e+00,
       -2.8796041873002247e+00, 3.3089987835540374e-02,
       1.1185000734143136e+00, 2.9084693971511921e+00,
       -1.1362798407479323e-01, -1.1970554094850516e+00,
       -2.8213280299568320e+00, 5.4439801120446683e-02,
       1.3696291287009983e+00, 2.7800750224666841e+00,
       -3.8550851288094996e-02, -1.3941218268426385e+00,
       -2.7617674833395536e+00, -3.9035555185696125e-02,
       1.4852740798208590e+00, 2.7698196576268113e+00,
       9.4180123010480704e-02, -1.4750874129387028e+00,
       2.7176724797020984e+00, 1.1257166729420721e-01,
       -1.5776149552594947e+00, 2.7019355494626969e+00,
       1.2343296514155946e-01, -1.5803022640136304e+00,
       -2.7223474824691869e+00, -1.7976129524931725e-01,
       1.4700203361001853e+00, -2.6894326824282091e+00,
       -1.7647095815218747e-01, 1.5134860645279868e+00,
       -2.6576941877369351e+00, -1.2665247011434458e-01,
       1.5905673568586438e+00, 2.7423300664268284e+00,
       4.2832391437231000e-04, -1.4727259882902115e+00,
       2.7922716482465151e+00, -5.2963585437352481e-02,
       -1.3540523199328331e+00, 2.7735225479655958e+00,
       1.0283407619876455e-03, -1.4254218424573899e+00,
       2.7680851532724131e+00, 7.5652239086705974e-03,
       -1.4327568180635504e+00, 2.7770389193416056e+00,
       3.5145053252705505e-02, -1.4347286574443261e+00,
       2.7876947095838811e+00, 6.6045962330364041e-02,
       -1.4379450054985221e+00, -2.7543415497266230e+00,
       -6.4157524487641240e-02, 1.4820768252197369e+00,
       -2.6927632775091057e+00, -3.9232645945926722e-02,
       1.5773137115763614e+00, -2.7060652646803542e+00,
       -7.6815345957267273e-02, 1.5872162043556381e+00,
       2.6996187775104707e+00, 8.9284699689473432e-02,
       -1.5522104126346374e+00, -2.7200826040960093e+00,
       -6.8997395145688284e-02, 1.4799478016014962e+00,
       -2.7065745891733219e+00, -7.4026846311674790e-02,
       1.5062074578966207e+00, -2.7050464175806215e+00,
       -6.9152623322488990e-02, 1.5105020052176956e+00,
       2.7711661224210444e+00, 4.9298311145904682e-02,
       -1.4681607107407273e+00, 2.7406954062146398e+00,
       -2.1417936002670231e-02, -1.4354570809170126e+00,
       2.7358437767458899e+00, -2.5208647877538948e-02,
       -1.4333938370296906e+00, 2.7740756845661996e+00,
       1.4711218851493933e-02, -1.4585184373185951e+00,
       -2.6568945255564143e+00, -8.6178660128243170e-02,
       1.4329131118799978e+00, -2.5349323058852309e+00,
       -9.1068361361501898e-02, 1.3574770516390657e+00,
       -2.4265190475129894e+00, -1.2466536583700746e-01,
       1.4074481728798955e+00, -2.4718071645339874e+00,
       -1.9993546224639297e-01, 1.3545556778564816e+00,
       -2.4643927605139213e+00, -2.3256523790998365e-01,
       1.3434249352230134e+00, -2.5060105686729601e+00,
       -1.8158097004597804e-01, 1.3418526046692418e+00,
       -2.5876550680962223e+00, -5.9796102688691247e-02,
       1.3542836437126675e+00, -2.7346633964490179e+00,
       2.4886902234423497e-02, 1.4444753808957842e+00,
       2.7087604751562568e+00, -2.4013396239804561e-02,
       -1.5560558805925391e+00, 2.6860430399513144e+00,
       -8.6518550378544418e-03, -1.5286578727547695e+00,
       2.7006681109311570e+00, 3.1194330672874382e-03,
       -1.4560959265547400e+00, 2.6018287019741271e+00,
       -3.5577937004302000e-02, -1.4659571027705551e+00,
