%YAML:1.0
---
summary: "Filter by time and points, rd=20, rs=0, sp=5, sf=2."
init_cam_calib: C99-1010_3p_3
camera_matrix: !!opencv-matrix
   rows: 3
   cols: 3
   dt: d
   data: [ 2.5837382352386539e+03, 0., 1.8880708700131181e+03, 0.,
       2.5776205640993753e+03, 1.0884553800501349e+03, 0., 0., 1. ]
dist_coeff: !!opencv-matrix
   rows: 5
   cols: 1
   dt: d
   data: [ 2.4318050478564387e-02, -5.9752111099183262e-02,
       -5.6756564094132759e-04, -1.0122981257074869e-04,
       4.8015665631849967e-02 ]
std_intrinsics: !!opencv-matrix
   rows: 18
   cols: 1
   dt: d
   data: [ 1.2726462274473411e+00, 1.1691489063958203e+00,
       2.6199254599751423e+00, 1.6906514199216791e+00,
       3.2180007408695792e-03, 1.2047191159836365e-02,
       2.2681841612981029e-04, 3.4543314569425860e-04,
       1.3314886703845986e-02, 0., 0., 0., 0., 0., 0., 0., 0., 0. ]
std_extrinsics: !!opencv-matrix
   rows: 618
   cols: 1
   dt: d
   data: [ 1.7651582473379192e-03, 6.0712900803179743e-04,
       2.1478490458488068e-03, 3.6170281908732638e+00,
       2.3655974577521386e+00, 2.3100214520214899e+00,
       1.7611302004459141e-03, 6.3578224961676508e-04,
       2.1751129356297164e-03, 3.6061342211544214e+00,
       2.3575423541752789e+00, 2.2496274777012371e+00,
       1.5657645831861913e-03, 6.2684174151156943e-04,
       2.1257855533073993e-03, 3.5790754225524344e+00,
       2.3540523394093191e+00, 2.3161161419093639e+00,
       1.7696576716467660e-03, 5.8805661503584495e-04,
       2.1156971970603599e-03, 3.4551506944763286e+00,
       2.2775392224906308e+00, 2.4048232236565439e+00,
       1.7037956862283076e-03, 6.1950926865487923e-04,
       2.0918194776193000e-03, 3.1800537286471529e+00,
       2.0979199708193446e+00, 2.0940586370026679e+00,
       1.7046088179394482e-03, 5.2645574633417578e-04,
       1.9215759307141705e-03, 2.8333310642849643e+00,
       1.9023120099761268e+00, 1.9619189839194366e+00,
       2.2924072762744892e-03, 5.8682582281697354e-04,
       2.0644354529742756e-03, 2.6419720195542089e+00,
       1.7994622699744294e+00, 2.0072145717865291e+00,
       1.2414080368362073e-03, 5.5438008296231761e-04,
       2.0856722521615367e-03, 2.8257975723506559e+00,
       1.8790982041970532e+00, 1.5803080037899309e+00,
       1.5042576775035857e-03, 6.0274886100146908e-04,
       2.0707176193150750e-03, 3.1653319202905488e+00,
       2.0875898696301252e+00, 1.7148836071919837e+00,
       1.6333761562985912e-03, 6.7870103064399947e-04,
       2.2240783023170499e-03, 3.4773011940811140e+00,
       2.2751558187252208e+00, 1.9864171791230958e+00,
       1.5004728399201092e-03, 6.7251502746860882e-04,
       2.1663469340255943e-03, 3.6806215733472478e+00,
       2.4262352607911879e+00, 2.1875011171243561e+00,
       1.6034862100803532e-03, 7.8987735456850620e-04,
       2.4089370237886129e-03, 3.7548161865409009e+00,
       2.4692040291654740e+00, 2.2772141142896705e+00,
       1.8059875027306392e-03, 7.4360046676660732e-04,
       2.1843248463944151e-03, 3.7486780384524163e+00,
       2.4656287444595857e+00, 2.2655882975653370e+00,
       1.6322997462025243e-03, 7.1239778400052555e-04,
       2.2156171010469490e-03, 3.7653133378674699e+00,
       2.4711366132960948e+00, 2.2608397079851805e+00,
       1.6273191017542835e-03, 6.8657882371854083e-04,
       2.2135224983130157e-03, 3.7547886460112867e+00,
       2.4721820843331290e+00, 2.1014733574945219e+00,
       1.4464024855824031e-03, 7.5664916391135430e-04,
       2.3319297198254917e-03, 3.6671964984432481e+00,
       2.4087029364929342e+00, 2.0839792996996405e+00,
       1.4155703818397906e-03, 6.8724249943279473e-04,
       2.1938030841026778e-03, 3.6025490021141797e+00,
       2.3743929430932775e+00, 1.9824236767227938e+00,
       1.2062440783923566e-03, 6.6370299483013056e-04,
       2.2399053467552325e-03, 3.6332740151000715e+00,
       2.3911739937766625e+00, 1.9890921572831435e+00,
       1.5979105586801298e-03, 7.0186365110770676e-04,
       2.1511849130541197e-03, 3.5731237928743704e+00,
       2.3502583995867363e+00, 2.0188215581202260e+00,
       1.5546252339031688e-03, 6.2375541300771953e-04,
       2.0719553126997219e-03, 3.6090860853955267e+00,
       2.3683774974014162e+00, 1.9722821678025382e+00,
       1.7441162885884049e-03, 6.9544618935099512e-04,
       2.1745980576873430e-03, 3.7408565781776275e+00,
       2.4584196799095470e+00, 2.2409236553803011e+00,
       2.1170820934135102e-03, 8.2807522473783831e-04,
       2.5656964160490816e-03, 3.7063597333776466e+00,
       2.4590687490791736e+00, 2.7934494972695232e+00,
       1.8291919732864562e-03, 7.5730955833632212e-04,
       2.1791475313562695e-03, 3.7393159311736710e+00,
       2.4615845751228935e+00, 2.2962074969452639e+00,
       1.3288421788252148e-03, 7.2540482368808846e-04,
       2.6218426567988788e-03, 3.7809676048271879e+00,
       2.4839208154948382e+00, 2.1433479046003039e+00,
       1.6661370028350456e-03, 7.4862303765519311e-04,
       2.3064319172471977e-03, 3.9063179721005561e+00,
       2.5563859602337624e+00, 2.2454997801141658e+00,
       1.8174996889593952e-03, 1.2216814610886992e-03,
       2.5023928979804396e-03, 4.2372948109281046e+00,
       2.7227055807638325e+00, 3.5400064588059159e+00,
       2.2081330371600599e-03, 1.5857027472196902e-03,
       2.4421938270116450e-03, 4.2622597039526262e+00,
       2.7512065424057299e+00, 3.5431188737013044e+00,
       2.3398333727652678e-03, 1.7643392194153014e-03,
       2.5015317454580911e-03, 4.0914751101368472e+00,
       2.6712371083116091e+00, 4.2947583342190407e+00,
       1.8789807260411412e-03, 1.3411864948204501e-03,
       2.1213157812151186e-03, 3.8085366547708004e+00,
       2.5249811035144347e+00, 2.5345231871719869e+00,
       1.9890308212880963e-03, 1.2673873772156541e-03,
       2.3144192142807549e-03, 3.6055848631927274e+00,
       2.3556661784123212e+00, 2.1179739431351092e+00,
       1.6444178846610898e-03, 1.0807682976964501e-03,
       1.9551344498103416e-03, 3.1202590903918721e+00,
       2.0371613628646941e+00, 1.6606417740777890e+00,
       1.7957936464035821e-03, 1.2499371411177111e-03,
       2.1739478055096662e-03, 3.0106808777532530e+00,
       1.9730715386313247e+00, 1.7389259093823515e+00,
       1.7630788596834635e-03, 1.1534051630337245e-03,
       1.9603615150609907e-03, 2.9917434898320860e+00,
       1.9626923975568542e+00, 1.8417741566940473e+00,
       1.6990080113153463e-03, 1.1418544080642491e-03,
       2.0932435668111538e-03, 3.0241983367019327e+00,
       1.9529629186470538e+00, 1.9282882848247909e+00,
       1.7022205771752333e-03, 1.2062691156426257e-03,
       2.0608310525078700e-03, 3.0100847998709419e+00,
       1.9602599057907086e+00, 2.1053979686001281e+00,
       1.8742005869294782e-03, 1.4666727610142104e-03,
       2.1462356147485271e-03, 3.0206301708978063e+00,
       1.9992902303526539e+00, 2.1660721547531114e+00,
       1.6808050148354407e-03, 1.1171394256572138e-03,
       1.9807078833237791e-03, 2.9964549393830326e+00,
       1.9512070915291713e+00, 2.0155015231029356e+00,
       1.8086285262303942e-03, 1.2384346360706071e-03,
       2.1188632645113468e-03, 3.0556534078703557e+00,
       1.9728845283746059e+00, 1.9368715316177498e+00,
       1.6802711805505553e-03, 1.1810360711220209e-03,
       1.9774454685994396e-03, 3.0475525541649358e+00,
       2.0023765662977806e+00, 1.6219853060995393e+00,
       1.6273068833738420e-03, 1.0550770888872107e-03,
       1.9276700033032034e-03, 3.1206916443470605e+00,
       2.0364134907378650e+00, 1.8543814408220016e+00,
       2.0241772042715231e-03, 1.3951211521448978e-03,
       1.9164240591092469e-03, 3.1148821008695617e+00,
       2.0744683338278938e+00, 2.1113964160513441e+00,
       1.8790272076772147e-03, 1.1986423252601085e-03,
       2.2673925259543539e-03, 3.1322461879710195e+00,
       2.0379076490273982e+00, 1.9527521823505716e+00,
       1.6906625017450256e-03, 1.2973171700246644e-03,
       2.2235363831546373e-03, 3.1111317655090471e+00,
