%YAML:1.0
---
summary: "Filter by time and points, rd=20, rs=10, sp=5, sf=0."
init_cam_calib: C99-1010_3p_3
camera_matrix: !!opencv-matrix
   rows: 3
   cols: 3
   dt: d
   data: [ 2.5850544931171871e+03, 0., 1.8759185981088015e+03, 0.,
       2.5831238396399858e+03, 1.0900915906426540e+03, 0., 0., 1. ]
dist_coeff: !!opencv-matrix
   rows: 5
   cols: 1
   dt: d
   data: [ 1.8319181843033158e-02, -3.2042944723034789e-02,
       -1.4830026313100611e-04, -2.0852165747728426e-03,
       1.4842713413354207e-02 ]
rvec: !!opencv-matrix
   rows: 103
   cols: 3
   dt: d
   data: [ -3.0626785113100947e+00, 4.7281491486577391e-02,
       -6.4145711061481661e-02, -3.0603832204017052e+00,
       3.3360111765686457e-02, -4.2951488880470609e-02,
       -3.0418840513016905e+00, 4.0584285208598603e-04,
       -1.0392501631309311e-02, -3.0622919922433951e+00,
       1.1062479306036646e-01, -1.4931608191226518e-02,
       3.1110792421474360e+00, -1.4299784610843244e-01,
       1.1352077686936084e-01, 3.0361888842006399e+00,
       -9.9877774873000133e-02, -1.0121920548788135e-01,
       3.0480118213522887e+00, 7.5746517302922173e-02,
       -4.6852392988874081e-01, -3.0215540843005724e+00,
       -2.7725790437806416e-02, 6.2586547779750001e-01,
       -2.9632569874492485e+00, -6.3529531447593199e-02,
       8.6867270980484923e-01, -2.9546391415689213e+00,
       -1.6533290302348295e-02, 8.6007955200042197e-01,
       -2.9827774317715181e+00, -1.7009112533943591e-02,
       9.3221637487223896e-01, -2.9888567672301192e+00,
       1.0760066389629050e-02, 9.5026467230439948e-01,
       -2.9524030584355798e+00, 1.5117250230134698e-02,
       9.3952389536761405e-01, -2.9231279513823663e+00,
       1.3510408173071205e-02, 9.7219994110859453e-01,
       -2.9025551937843006e+00, 1.2506226922885917e-02,
       9.8287394737221601e-01, 2.8936247197175455e+00,
       -4.2288277379682007e-02, -9.3720477766236965e-01,
       2.8508670522587631e+00, -3.0258271637602141e-02,
       -9.0460613837609538e-01, 2.9211725867347007e+00,
       4.7837541481594737e-03, -9.0161199228972611e-01,
       -2.9236530073087574e+00, -4.8749030500436608e-02,
       9.3011607847730959e-01, -2.7595634289460667e+00,
       -1.0556215818309012e-03, 8.8291654943958731e-01,
       -2.5902645782803857e+00, -1.1495536588345423e-01,
       8.9291300298297061e-01, -2.7044946212792285e+00,
       -1.0185475407217065e-02, 9.7730168105317017e-01,
       2.9952849065103684e+00, -7.7715493310050440e-02,
       -9.7242748693838921e-01, -2.9074723919108445e+00,
       4.5603114004557181e-03, 1.1235944408630558e+00,
       -2.8794028915453924e+00, 6.4773880729621897e-02,
       1.1230553666286947e+00, 2.8062686525654570e+00,
       -7.3574151283441483e-02, -1.3842425078096265e+00,
       -2.7685138409941441e+00, -5.2189286271719801e-02,
       1.5033536092528936e+00, -2.6920254195919915e+00,
       -1.1199823008559320e-01, 1.5958096931148447e+00,
       -2.7349672950464958e+00, -1.8859246187219270e-01,
       1.4633445111953893e+00, 2.7088873679537695e+00,
       1.0967556270084540e-01, -1.5857746771111145e+00,
       2.7545115080767979e+00, -2.4723681990531782e-02,
       -1.4428779399572520e+00, 2.7681462520048807e+00,
       1.0058757704251150e-02, -1.4435084650640584e+00,
       -2.7688289951144296e+00, -6.0089599690989329e-02,
       1.4366027067099560e+00, -2.6956731665855380e+00,
       -7.6670517527964402e-02, 1.6040317611909014e+00,
       -2.7302010899627587e+00, -6.4056563415724299e-02,
       1.5315868665855534e+00, -2.6914503857977081e+00,
       -7.6327052483413552e-02, 1.5239046370101978e+00,
       2.7546509838117550e+00, 8.3220465869161524e-03,
       -1.4559786340471619e+00, 2.7462248014052708e+00,
       -1.5991823315054367e-02, -1.4457994439788888e+00,
       -2.5861595857777444e+00, -1.2173682606742948e-01,
       1.3908278632993669e+00, -2.4369345497635986e+00,
       -1.7659802916321846e-01, 1.4114201676545062e+00,
       -2.4843796055860099e+00, -2.3643104781060117e-01,
       1.3589559184906699e+00, -2.7378604754725684e+00,
       -5.0565942583809996e-02, 1.3327497428249064e+00,
       2.6775562894569811e+00, -2.2067188952867897e-02,
       -1.5556509051619332e+00, 2.6598998471977251e+00,
       1.3937833140423805e-02, -1.4708276824507682e+00,
       2.5475247973694000e+00, -1.6673441617281204e-01,
       -1.5226876351751319e+00, 2.5281494289343973e+00,
       -1.4573269175724382e-01, -1.5133721753677232e+00,
       2.5312773987460426e+00, -1.4904927212096727e-01,
       -1.5178825401870570e+00, 2.5205447390460440e+00,
       -1.1643319312545948e-01, -1.6944345754654557e+00,
       -2.6955771202302810e+00, -5.4935840608187785e-02,
       1.5128108476304560e+00, -2.7481780291723519e+00,
       4.2276034778041011e-02, 1.4918058755589796e+00,
       -2.7913934149647619e+00, 7.0173176051098171e-02,
       1.4068889571524541e+00, -2.8486756645757931e+00,
       -1.0075399765238598e-01, 1.3022497185919037e+00,
       -2.9798455638945369e+00, -9.2350324947346379e-02,
       9.3009770845880235e-01, 3.0556908103097533e+00,
       6.7836498545144452e-02, -7.4361010776987735e-01,
       -3.1345960510359223e+00, 5.7390820090761152e-03,
       1.4852927467371566e-01, 3.1383390002193532e+00,
       6.8323771553882003e-03, -1.2239174688948889e-01,
       -3.1325809747195050e+00, -4.4483280641980469e-02,
       -4.9880779500075124e-03, -3.1079682942717679e+00,
       -5.3236604953365248e-02, -4.5975936336907983e-02,
       -3.0759957758229075e+00, -8.9043512109098721e-02,
       -3.1854928375958835e-01, 3.1084897852340712e+00,
       1.3491437593028019e-01, 2.3844429130331019e-01,
       -3.0192554878395712e+00, -1.1325380307360325e-01,
       -6.7610128671839131e-01, -2.7434510912776151e+00,
       1.7064804817183218e-01, -1.2301712856731961e+00,
       -2.6814761041745694e+00, 1.5028252391761826e-01,
       -1.2235368368322757e+00, -2.7458684216291895e+00,
       8.2312206677713981e-02, -1.1743406587259639e+00,
       -2.7293130126470415e+00, 8.9018995770110187e-02,
       -1.2013676287274540e+00, -2.6426727178388001e+00,
       1.1359973282921774e-01, -1.4191351395039753e+00,
       -2.6455601123308905e+00, 9.9183316638779634e-02,
       -1.4217550867748991e+00, -2.7140545544349601e+00,
       8.2313353872236622e-02, -1.3268408810343855e+00,
       -2.7339833330237511e+00, 1.0884908284855720e-01,
       -1.3843127003972151e+00, -2.7935342266929175e+00,
       7.6158125346535557e-02, -1.3130611795589169e+00,
       -2.7135706677143907e+00, 8.5079517797424731e-02,
       -1.4385820227033332e+00, -2.6548072221891679e+00,
       1.2131646552837066e-01, -1.5694251568211348e+00,
       2.6725349718920191e+00, -7.4445872833398749e-03,
       1.5427083688678949e+00, 2.5901812128038197e+00,
       7.6595268533047475e-02, 1.4137114052312607e+00,
       2.6272974584263684e+00, 6.3902045751073012e-03,
       1.4975975837773428e+00, 2.6821099686079579e+00,
       -1.0407589328815016e-01, 1.6160670614799897e+00,
       -2.4966251757144673e+00, 2.6742128203313098e-01,
       -1.5115393756681099e+00, 2.5025038775009867e-01,
       2.1428354072516647e+00, 9.0354392478497858e-02,
       -2.6940060460621873e+00, 1.7095880831425500e-01,
       -1.3174406170811301e+00, -2.6955788675300600e+00,
       1.6342408839924769e-01, -1.2299517671739439e+00,
       -2.6279095763705134e+00, 1.7214746947238005e-01,
       -1.3271146284440667e+00, -2.6716924050063651e+00,
       1.6862606516118508e-01, -1.1954583757647752e+00,
       -2.6191321566391075e+00, 3.7484996338802407e-01,
       -1.0310640012315013e+00, -2.5845734222101977e+00,
       3.6403062359606148e-01, -1.0959755500324835e+00,
       -2.7269254700864076e+00, 2.1225685449708293e-01,
       -1.1099600843629966e+00, 2.8809518981599411e+00,
       7.6023124705386510e-04, 1.1589679071326275e+00,
       2.9001703534747603e+00, -7.2477159742142204e-04,
       1.1355584103813594e+00, 2.7739090537516193e+00,
       2.7084214925205748e-02, 1.0841804443686476e+00,
