%YAML:1.0
---
summary: "Filter by time, rd=20, rs=5."
init_cam_calib: C99-1010_3p_3
camera_matrix: !!opencv-matrix
   rows: 3
   cols: 3
   dt: d
   data: [ 2.5744630137159979e+03, 0., 1.8867018746225863e+03, 0.,
       2.5753686317019105e+03, 1.0877205301552065e+03, 0., 0., 1. ]
dist_coeff: !!opencv-matrix
   rows: 5
   cols: 1
   dt: d
   data: [ 1.0953067113164513e-02, -1.1552844363164451e-02,
       -1.2056732717548306e-03, -1.0374057689384082e-04,
       -5.5721252945466222e-03 ]
std_intrinsics: !!opencv-matrix
   rows: 18
   cols: 1
   dt: d
   data: [ 6.4457920406797375e-01, 5.9179515654298542e-01,
       1.3263393633263696e+00, 8.5147989731310791e-01,
       1.5152663374356874e-03, 5.3607489978936360e-03,
       1.1367729434328388e-04, 1.7231668868318190e-04,
       5.6217373949532991e-03, 0., 0., 0., 0., 0., 0., 0., 0., 0. ]
std_extrinsics: !!opencv-matrix
   rows: 618
   cols: 1
   dt: d
   data: [ 9.1106137855697592e-04, 3.3844639308967469e-04,
       1.1054725590877812e-03, 1.8272561313422013e+00,
       1.1897624636717352e+00, 1.2104345213747862e+00,
       9.1187076887047430e-04, 3.3068631893564201e-04,
       1.1025615344485780e-03, 1.8227396042752539e+00,
       1.1872109426099982e+00, 1.2087716442130381e+00,
       8.8774631869390581e-04, 3.1748697065709557e-04,
       1.0700820136648693e-03, 1.8172418092288776e+00,
       1.1817765261101649e+00, 1.1724409871239581e+00,
       8.5248488187144157e-04, 2.9229513974523175e-04,
       1.0368947893689188e-03, 1.7100730563858015e+00,
       1.1187710152220973e+00, 1.1379501289598430e+00,
       7.6508105905896413e-04, 3.2958637423629678e-04,
       1.0301497873263306e-03, 1.5616963800120447e+00,
       1.0247506561143749e+00, 1.0256495813146018e+00,
       8.9357748674792170e-04, 2.7719747778038467e-04,
       1.0030586250862482e-03, 1.3993998237848131e+00,
       9.3480297197524398e-01, 9.7646066164989775e-01,
       8.4394995943559736e-04, 2.8612627866275215e-04,
       1.0291593484407964e-03, 1.3422408928918586e+00,
       8.9870032478439910e-01, 9.0929482989475363e-01,
       7.4158947615776574e-04, 2.8948935457627224e-04,
       1.0211223575001004e-03, 1.4758306452951637e+00,
       9.7296137127679594e-01, 8.3319707420200184e-01,
       8.1952363139529765e-04, 3.3280153853230884e-04,
       1.0626815522327495e-03, 1.6588527910697504e+00,
       1.0848172894646027e+00, 9.1624038031781962e-01,
       8.3297270374099654e-04, 3.4950083484058342e-04,
       1.0885884599258636e-03, 1.7929532697080328e+00,
       1.1725147256165767e+00, 1.0104030867156693e+00,
       8.7653284517263085e-04, 3.6449592474076768e-04,
       1.1407528900861663e-03, 1.8887576640454977e+00,
       1.2350716178230505e+00, 1.1225127171817249e+00,
       7.4921073695822561e-04, 3.9108831919864689e-04,
       1.2758847375577405e-03, 1.9054923904759409e+00,
       1.2453126222318602e+00, 1.1661174030799497e+00,
       8.9818797566459019e-04, 3.7968742016054663e-04,
       1.1524953289312036e-03, 1.9032039625009196e+00,
       1.2433534421503454e+00, 1.1426498515827144e+00,
       8.9058338572453870e-04, 3.7231883725380178e-04,
       1.1332865563215828e-03, 1.9084508081252616e+00,
       1.2440203658739295e+00, 1.1144799720547829e+00,
       8.6925499314179978e-04, 3.6355590523326720e-04,
       1.1246092944588440e-03, 1.9007147910283462e+00,
       1.2388444865841854e+00, 1.0949598985837334e+00,
       7.4139804572738151e-04, 3.7845690898072662e-04,
       1.2168922851513882e-03, 1.8487614203878622e+00,
       1.2055801787114884e+00, 1.0728344554772606e+00,
       6.8864086200556515e-04, 3.6073545863356569e-04,
       1.1605215504966902e-03, 1.8304720659279459e+00,
       1.1993987617058681e+00, 1.0571512501339437e+00,
       6.6344956913156076e-04, 3.6176288463082862e-04,
       1.1615328528054988e-03, 1.8348489217102508e+00,
       1.2012249853529606e+00, 1.0390452900558416e+00,
       8.2543316383834739e-04, 3.5185542516323398e-04,
       1.0962958686602379e-03, 1.8112028278759793e+00,
       1.1829043221059787e+00, 1.0133956491347000e+00,
       8.8606367590504881e-04, 3.5961421549457733e-04,
       1.1003790399596826e-03, 1.8603362370485268e+00,
       1.2144499726286015e+00, 1.1031541926663520e+00,
       9.7729213094951235e-04, 3.8817909152505744e-04,
       1.1886211941955617e-03, 1.8971793327353244e+00,
       1.2472459779840424e+00, 1.3055310537598059e+00,
       8.9272865627651606e-04, 3.7005889389394637e-04,
       1.0985403145510281e-03, 1.8782044505892130e+00,
       1.2296662448097999e+00, 1.1844155587866452e+00,
       9.4413119680304724e-04, 4.0136114556943068e-04,
       1.1668449908987665e-03, 1.9116301721344711e+00,
       1.2455698724784670e+00, 1.1459290917977758e+00,
       9.2931756348013054e-04, 4.0602868455277987e-04,
       1.1636311716968605e-03, 1.9312897885333398e+00,
       1.2545987296364485e+00, 1.1729695310424220e+00,
       9.3601602189597756e-04, 4.1136572733785847e-04,
       1.1676860914373508e-03, 2.0221057010164762e+00,
       1.3134139797228821e+00, 1.2494831314772075e+00,
       1.0481992998430873e-03, 5.5918780359062357e-04,
       1.1853187685264221e-03, 2.1475627418603973e+00,
       1.3835383915913817e+00, 1.5592787328572617e+00,
       1.1145470332061846e-03, 7.9651228024292357e-04,
       1.2044955967979558e-03, 2.1275604426810006e+00,
       1.3648340542286457e+00, 1.7225495486860731e+00,
       1.0899443558706654e-03, 8.1794542025768818e-04,
       1.2078759278474052e-03, 2.0739308954608711e+00,
       1.3434041838198167e+00, 1.7244822630899344e+00,
       1.0525715285668699e-03, 7.5778819277734022e-04,
       1.2106598199905381e-03, 1.9071832387644287e+00,
       1.2732987696539853e+00, 1.5229265309295912e+00,
       1.0318235525723922e-03, 7.2160894953949943e-04,
       1.1792536746234089e-03, 1.7894728742996964e+00,
       1.1731003639504654e+00, 1.2027046310469536e+00,
       8.9473243646379574e-04, 5.9766465905335912e-04,
       1.0931321802081220e-03, 1.5597804232497874e+00,
       1.0147304796145586e+00, 9.2573260394094248e-01,
       8.8634178984695262e-04, 6.0681229601133272e-04,
       1.1012188354219818e-03, 1.5224723633759218e+00,
       9.8595054082399258e-01, 8.9193324342365643e-01,
       8.2571621898254986e-04, 5.7505359477520767e-04,
       1.0589942850885508e-03, 1.5246172926654165e+00,
       9.8845690062683400e-01, 8.8131393542723213e-01,
       8.7252988181992994e-04, 6.2206389762426936e-04,
       1.0081096452012883e-03, 1.5472817501417260e+00,
       9.9630035958108754e-01, 9.9194035615159670e-01,
       8.6918140171450575e-04, 6.2484982917607374e-04,
       1.0642525109023284e-03, 1.5347037460912383e+00,
       9.9229947272515062e-01, 1.0338567330840092e+00,
       8.7957752676125385e-04, 6.2148757745842959e-04,
       1.0181986054316012e-03, 1.5356657514556615e+00,
       9.9713815146172990e-01, 9.8151127741726985e-01,
       8.1156267704346084e-04, 5.6972055716679741e-04,
       1.0471023654453429e-03, 1.5207560528234363e+00,
       9.8325356918302398e-01, 8.6620552833053077e-01,
       8.7626011459382327e-04, 6.0322210298487382e-04,
       1.0442330997973068e-03, 1.5391765358390910e+00,
       9.9132005982498117e-01, 8.5657200795589983e-01,
       8.7184385544669370e-04, 5.7588460403665298e-04,
       1.0041098457105639e-03, 1.5618467090835686e+00,
       1.0132596479674043e+00, 9.0658677546486521e-01,
       9.8269051599477277e-04, 6.3859937786519150e-04,
       1.0117308062546006e-03, 1.5937892728827638e+00,
       1.0442893009107159e+00, 1.1306796184593761e+00,
       9.7317890187161580e-04, 6.5395138138949328e-04,
       1.0453955625860057e-03, 1.5916471437010606e+00,
       1.0449310670122727e+00, 1.0774981574725497e+00,
       8.5078926956157566e-04, 5.4345881934532902e-04,
       9.8949148117756839e-04, 1.5527180053058705e+00,
       1.0089472162312947e+00, 8.8678070403366727e-01,
       8.9211974426375374e-04, 6.4543207018581325e-04,
       1.0821890360718908e-03, 1.5737271072893191e+00,
