%YAML:1.0
---
summary: "Filter by distance, md=200, ds=50."
init_cam_calib: C99-1010_3p_3
camera_matrix: !!opencv-matrix
   rows: 3
   cols: 3
   dt: d
   data: [ 2.5807658978604236e+03, 0., 1.8967010631640096e+03, 0.,
       2.5805622108091029e+03, 1.0934841276379289e+03, 0., 0., 1. ]
dist_coeff: !!opencv-matrix
   rows: 5
   cols: 1
   dt: d
   data: [ 1.3796617387443552e-02, -2.6424590085521314e-02,
       -3.9022509419364991e-04, 2.2416796459589710e-04,
       1.7142975196442554e-02 ]
rvec: !!opencv-matrix
   rows: 211
   cols: 3
   dt: d
   data: [ -3.0595527407953105e+00, 3.8328451043914351e-02,
       -7.4802360637229615e-02, -3.0555396171101572e+00,
       3.1096343804059692e-02, -5.0710727607244453e-02,
       -3.0346185793691292e+00, 4.4878218769604822e-02,
       5.7245683649773740e-02, -3.0522510989997564e+00,
       1.0282792881229494e-01, 8.9874605695781245e-04,
       -3.0839566664427558e+00, 1.2608500729055125e-01,
       -3.8243489754141546e-02, -3.1022566786769046e+00,
       1.5724255378064350e-01, -1.2684919404198414e-01,
       3.1281941926695418e+00, -1.6163609366736328e-01,
       1.3225091465004221e-01, 3.0996025831287581e+00,
       -1.6979568597372577e-01, 8.5361639145938278e-02,
       3.0620007723739371e+00, -1.2365570688625480e-01,
       2.4219910326602083e-02, 3.0515762948181653e+00,
       -1.4228187282362226e-01, -5.4089051440855511e-02,
       3.0314085312361412e+00, -4.8165200660265105e-02,
       -1.4690971424902796e-01, 3.0544735541517811e+00,
       -7.6448535665241235e-02, -2.1339171699314521e-01,
       3.0455871073069711e+00, 3.8470113285233830e-02,
       -3.6794470060500861e-01, 3.0712827528570106e+00,
       8.7455506943674044e-02, -5.0864987791100880e-01,
       3.0783215149034775e+00, 5.8798323719174386e-02,
       -5.7636475580021740e-01, -3.0553435231544799e+00,
       -4.3855873568168148e-02, 5.8155388046509393e-01,
       -3.0165588954939264e+00, -1.1225066300202395e-02,
       6.4875838640496697e-01, -3.0121042767281474e+00,
       2.0715742189018727e-02, 7.7573432971597200e-01,
       -2.9810166196020047e+00, -4.3960258431371455e-02,
       8.5564921475632416e-01, -2.9464618390954400e+00,
       -5.5105430476019332e-02, 8.8610601865119742e-01,
       -2.9538169838470503e+00, -2.2467373557926804e-02,
       8.2549272571105270e-01, -2.9563021132115668e+00,
       -2.5054396190110763e-03, 8.7580712950142670e-01,
       -2.9823615740538982e+00, -1.2501165842888136e-02,
       9.1847747209444452e-01, 2.9932739203327468e+00,
       2.6692519609627829e-02, -9.3504721686251036e-01,
       -2.9804402540100687e+00, 1.0587108104392371e-02,
       9.2758185844472363e-01, -2.9468704419567584e+00,
       1.2074587371703319e-02, 9.3086480486966694e-01,
       -2.9523031481094866e+00, 5.2559347622757803e-02,
       9.8039620690578377e-01, 2.9657264076451852e+00,
       -4.0309880488750761e-02, -9.9578168228382513e-01,
       2.9324482852985971e+00, -4.4960011746236518e-02,
       -9.6594016635051683e-01, 2.8991442362847826e+00,
       -4.7808625638968226e-02, -9.2329676500251201e-01,
       2.8819239384436877e+00, -3.4883314222931013e-02,
       -9.0507154691099467e-01, 2.9260268177769171e+00,
       4.0016204083454738e-03, -8.8912335923489283e-01,
       2.9824770555524247e+00, 5.1379550247522381e-02,
       -9.0467125612624510e-01, -2.9817408679072295e+00,
       -5.6569266322756238e-02, 9.0420818665335889e-01,
       -2.9086017297824203e+00, -4.6880446218382721e-02,
       9.1266505364451611e-01, -2.8660278581270875e+00,
       -8.9227653442187957e-02, 8.8993571534118265e-01,
       -2.8033533024803021e+00, -7.0788944220345165e-02,
       8.8720013309574708e-01, -2.7446912716418295e+00,
       -2.8398082080553069e-02, 8.7283806207760906e-01,
       -2.7640107029826519e+00, 4.7580753964789387e-03,
       8.7171504453745774e-01, -2.7243550556509106e+00,
       2.3302050178136809e-02, 8.9380255952808085e-01,
       -2.7005945750686693e+00, -1.6853225628595262e-02,
       9.0251270247049931e-01, -2.6699445004676408e+00,
       -5.7735319314979001e-02, 8.6786304448413376e-01,
       -2.6235220615986088e+00, -9.7399939622382040e-02,
       8.7528052674385926e-01, -2.5845868108909471e+00,
       -1.1784883157631452e-01, 8.8220708777901991e-01,
       -2.6107317726413504e+00, -1.3775695652183884e-01,
       8.8438436933499343e-01, -2.6658207552704209e+00,
       -1.0040556436622118e-01, 8.8996941592162015e-01,
       -2.6958930574866407e+00, -2.3884847258810776e-02,
       8.9423748691383620e-01, -2.7313450120015932e+00,
       -2.4110900513590747e-02, 9.5276498858957448e-01,
       -2.7582042247819727e+00, -1.5994905519765179e-03,
       1.0105027087532874e+00, -2.8109140903851828e+00,
       -1.5683726838790553e-02, 1.0148998588493978e+00,
       -2.8520819694056567e+00, -3.8356405647101688e-02,
       1.0135288325765335e+00, -2.9433795993785603e+00,
       -5.2833992223160538e-03, 9.1978534233801801e-01,
       3.0040732213195471e+00, -1.4207135559566667e-02,
       -9.3521324283638940e-01, -2.9271938707519438e+00,
       -5.3599229792521946e-03, 1.0935083295672106e+00,
       -2.8887879652008941e+00, 2.7042359146776839e-02,
       1.1337294970056018e+00, -2.8831113106604711e+00,
       6.3866030222517023e-02, 1.1114813752475021e+00,
       -2.8868064186070019e+00, 1.0147516804608259e-01,
       1.1881997402500568e+00, 2.8516902708669285e+00,
       -1.2222549136238911e-01, -1.3091906445469033e+00,
       2.7626457103248265e+00, -3.3830792941334994e-02,
       -1.3700662773851480e+00, 2.8166852855975737e+00,
       -3.5738322012876626e-02, -1.3454511938206200e+00,
       -2.8064756121981183e+00, 7.0104070606473654e-02,
       1.3761911386432804e+00, 2.8123421954569583e+00,
       -7.1998829183408608e-02, -1.3729082962513715e+00,
       2.7709276559735314e+00, -1.8926866180487553e-02,
       -1.3972942189320903e+00, 2.7944009987733112e+00,
       1.5679395149054483e-02, -1.4254733051831479e+00,
       2.7632074443233465e+00, 5.0514284118152550e-02,
       -1.4875152084732344e+00, 2.7621514298638852e+00,
       1.2084380510302999e-01, -1.4808217175050715e+00,
       2.7204291923265820e+00, 1.1322542606263170e-01,
       -1.5741303527861656e+00, -2.7035556950886308e+00,
       -1.1030585235240008e-01, 1.5922108760657736e+00,
       -2.7436309267200634e+00, -1.6401657120622359e-01,
       1.4870284085357632e+00, -2.7235526085546735e+00,
       -1.7577676658014146e-01, 1.4657840567655174e+00,
       -2.6689898644258236e+00, -1.5807693293120015e-01,
       1.5289975250942267e+00, -2.6795212495446146e+00,
       -1.1217517446447563e-01, 1.5798889566167962e+00,
       2.7419926544409221e+00, 2.7018822381561988e-02,
       -1.5019122033607941e+00, 2.7520529811901842e+00,
       -6.5597499519637198e-02, -1.3748277013060124e+00,
       2.8153544637659942e+00, -3.9126816829079890e-02,
       -1.3667839232891825e+00, -2.7741627600259089e+00,
       -6.0785422516949052e-02, 1.4241668190034735e+00,
       2.7671376993733592e+00, 2.5356773187218799e-02,
       -1.4487293581213647e+00, -2.7460268094094817e+00,
       -3.9595867713519119e-02, 1.4461745141763405e+00,
       -2.6883311661138860e+00, -6.8958526042594975e-02,
       1.4346387697816396e+00, -2.6466271343605818e+00,
       -1.0720028575697196e-01, 1.4029395914871599e+00,
       -2.5944049503688897e+00, -1.2562890493186329e-01,
       1.3781840782912427e+00, -2.5204430228601997e+00,
       -8.5946332542247580e-02, 1.3829117902527228e+00,
       -2.4509250797271385e+00, -1.0842888541284254e-01,
       1.3830898427683485e+00, -2.5106853674950389e+00,
       -2.3859649130811225e-01, 1.3435645948422716e+00,
       -2.5888998060719017e+00, -6.0781377605033202e-02,
       1.3507193732275566e+00, -2.6441409464769077e+00,
       -6.7527336175400188e-02, 1.3936494217048394e+00,
       -2.7276032406851427e+00, -4.5572593647462654e-02,
       1.3348329993208110e+00, -2.7601720098688851e+00,
       -3.7509976110689250e-02, 1.3781712197248199e+00,
