%YAML:1.0
---
summary: "Filter by distance, md=200, ds=0."
init_cam_calib: C99-1010_3p_3
camera_matrix: !!opencv-matrix
   rows: 3
   cols: 3
   dt: d
   data: [ 2.5807605349226787e+03, 0., 1.8971857742609507e+03, 0.,
       2.5807459977559361e+03, 1.0936428802793387e+03, 0., 0., 1. ]
dist_coeff: !!opencv-matrix
   rows: 5
   cols: 1
   dt: d
   data: [ 1.3605855517336040e-02, -2.5309041341727723e-02,
       -3.7791732444739741e-04, 3.0283480804744155e-04,
       1.5845879640912740e-02 ]
rvec: !!opencv-matrix
   rows: 211
   cols: 3
   dt: d
   data: [ -3.0595597596231521e+00, 3.8326301295477934e-02,
       -7.5090876324800007e-02, -3.0596549056405768e+00,
       4.0541052739274906e-02, -7.6705458880574964e-02,
       -3.0364407737474091e+00, 3.7774871984828816e-03,
       -1.5144321065495963e-02, -3.0497477480954540e+00,
       7.8007271478841747e-02, 5.2504730082391080e-02,
       -3.0839571777522048e+00, 1.2608353319631402e-01,
       -3.8562768153383227e-02, -3.1022451062198266e+00,
       1.5724587861681691e-01, -1.2715254585918362e-01,
       3.1281873595619301e+00, -1.6164197942116432e-01,
       1.3255952668202878e-01, 3.0996035478101001e+00,
       -1.6980129908163913e-01, 8.5677102559961082e-02,
       3.0619966601942026e+00, -1.2366296483340457e-01,
       2.4542259299696417e-02, 3.0515817475838136e+00,
       -1.4228743900601504e-01, -5.3754814095873585e-02,
       3.0314099096184002e+00, -4.8170892581543355e-02,
       -1.4657143568164566e-01, 3.0544943245966811e+00,
       -7.6447688575107378e-02, -2.1304835984544085e-01,
       3.0455926687601020e+00, 3.8478360813979200e-02,
       -3.6758528690136782e-01, 3.0713102841297735e+00,
       8.7471520631361821e-02, -5.0828408398108182e-01,
       3.0783586489887602e+00, 5.8822519856154769e-02,
       -5.7598934962648340e-01, -3.0554407200948841e+00,
       -4.3883067476744746e-02, 5.8119776063084938e-01,
       -3.0166557626229977e+00, -1.1259343569783073e-02,
       6.4840096930346103e-01, -3.0122124367066738e+00,
       2.0674939061312264e-02, 7.7537768831476506e-01,
       -2.9811381282267395e+00, -4.4000352428924111e-02,
       8.5529309847834845e-01, -2.9465850391859725e+00,
       -5.5150070252167005e-02, 8.8575177708448449e-01,
       -2.9539335528380790e+00, -2.2510896250855363e-02,
       8.2513282186608550e-01, -2.9564227779943439e+00,
       -2.5557766032742978e-03, 8.7544820356748865e-01,
       -2.9824867230903052e+00, -1.2549558852598943e-02,
       9.1811938933231596e-01, 2.9933723705548796e+00,
       2.6740734804487964e-02, -9.3468031150605757e-01,
       -2.9805642167320130e+00, 1.0537276416483806e-02,
       9.2722503982757631e-01, -2.9469947763775730e+00,
       1.2022831787724739e-02, 9.3051097826221052e-01,
       -2.9524242119434856e+00, 5.2508352470527118e-02,
       9.8004854922645845e-01, 2.9658354329573711e+00,
       -4.0261682691296749e-02, -9.9543011611315979e-01,
       2.9325515835225309e+00, -4.4915961897193761e-02,
       -9.6559041148845870e-01, 2.8992411322459399e+00,
       -4.7771248012187795e-02, -9.2295134150949887e-01,
       2.8820163954543325e+00, -3.4859831315191742e-02,
       -9.0473105650187879e-01, 2.9261159986013285e+00,
       4.0251594616588010e-03, -8.8877083348235975e-01,
       2.9825655687811055e+00, 5.1409341906161587e-02,
       -9.0430400739293337e-01, -2.9818671756808790e+00,
       -5.6605079237173200e-02, 9.0385152013954784e-01,
       -2.9087281519932313e+00, -4.6926635248526929e-02,
       9.1231336875830327e-01, -2.8661501033834931e+00,
       -8.9272891290445092e-02, 8.8958427149019803e-01,
       -2.8034657807516843e+00, -7.0840799768837837e-02,
       8.8685392392969487e-01, -2.7447913999044418e+00,
       -2.8455920815332068e-02, 8.7249743605123842e-01,
       -2.7641045558284469e+00, 4.6974321577811350e-03,
       8.7137378240368335e-01, -2.7244436184165002e+00,
       2.3240688456085772e-02, 8.9346885848644719e-01,
       -2.7006903550964960e+00, -1.6913609338384299e-02,
       9.0217844662879954e-01, -2.6700449094529422e+00,
       -5.7798482625225203e-02, 8.6752599413972753e-01,
       -2.6236239108525461e+00, -9.7467574019338213e-02,
       8.7495098125656567e-01, -2.5846903851279266e+00,
       -1.1792159216034653e-01, 8.8188110622527716e-01,
       -2.6108327324620109e+00, -1.3782558703340364e-01,
       8.8406303618935600e-01, -2.6659211163094030e+00,
       -1.0047034208189649e-01, 8.8963545964730695e-01,
       -2.6959848376922118e+00, -2.3948288673150426e-02,
       8.9390397592745496e-01, -2.7314452872874395e+00,
       -2.4172122963872885e-02, 9.5243468794282493e-01,
       -2.7583092780925758e+00, -1.6601662998828833e-03,
       1.0101727941175460e+00, -2.8110276344236915e+00,
       -1.5739374413063029e-02, 1.0145657705322486e+00,
       -2.8521957709932799e+00, -3.8407352645419710e-02,
       1.0131883716382872e+00, -2.9434890937076581e+00,
       -5.3335018045529451e-03, 9.1942958427117583e-01,
       3.0041739574973043e+00, -1.4150390863742446e-02,
       -9.3484654166624936e-01, -2.9273321093709330e+00,
       -5.4142931261063924e-03, 1.0931677237767716e+00,
       -2.8889204123703331e+00, 2.6989621863328581e-02,
       1.1333963667096736e+00, -2.8832375490050071e+00,
       6.3811009212276712e-02, 1.1111447621940407e+00,
       -2.8869306336671872e+00, 1.0141781627148595e-01,
       1.1878682714273034e+00, 2.8518557353503975e+00,
       -1.2216837605622238e-01, -1.3088863847025112e+00,
       2.7628115848136856e+00, -3.3783554814340443e-02,
       -1.3697771750287948e+00, 2.8168510557125739e+00,
       -3.5690209193209879e-02, -1.3451514261224589e+00,
       -2.8066007070189412e+00, 7.0053620476981798e-02,
       1.3758740921454933e+00, 2.8125268251709925e+00,
       -7.1955456920332644e-02, -1.3726144465272299e+00,
       2.7711161574124077e+00, -1.8888946240959468e-02,
       -1.3970023518045074e+00, 2.7946018410852167e+00,
       1.5711155748192294e-02, -1.4251810038135242e+00,
       2.7634243329133761e+00, 5.0534859099902359e-02,
       -1.4872335858255044e+00, 2.7623642697771049e+00,
       1.2086338751949185e-01, -1.4805360541258192e+00,
       2.7206505594362906e+00, 1.1324613567284121e-01,
       -1.5738594163508615e+00, -2.7036805837288509e+00,
       -1.1032257590082303e-01, 1.5918874662600742e+00,
       -2.7437549534299057e+00, -1.6402966211328671e-01,
       1.4866950851128213e+00, -2.7236772761467876e+00,
       -1.7578984807435744e-01, 1.4654499649730850e+00,
       -2.6691253259875505e+00, -1.5809640775245340e-01,
       1.5286680095085319e+00, -2.6796530604431648e+00,
       -1.1219737590654860e-01, 1.5795671975901462e+00,
       2.7422048550961553e+00, 2.7043235371206106e-02,
       -1.5016344310776499e+00, 2.7522575675677143e+00,
       -6.5572559018724400e-02, -1.3745437944892929e+00,
       2.8155587659380430e+00, -3.9096893263557315e-02,
       -1.3664914797334384e+00, -2.7742733588681721e+00,
       -6.0810637300354783e-02, 1.4238352547629378e+00,
       2.7673422335158637e+00, 2.5386491042845481e-02,
       -1.4484457869080418e+00, -2.7461385593854826e+00,
       -3.9627458526483951e-02, 1.4458466550597933e+00,
       -2.6884393656187746e+00, -6.8990085194964967e-02,
       1.4343166443583364e+00, -2.6467365095736253e+00,
       -1.0723373922875591e-01, 1.4026175656961195e+00,
       -2.5945087007623089e+00, -1.2566624422009470e-01,
       1.3778688927050209e+00, -2.5205372586976118e+00,
       -8.5990507238508859e-02, 1.3826075071430590e+00,
       -2.4510196392799366e+00, -1.0847672493445920e-01,
       1.3827923224005358e+00, -2.5107919657308049e+00,
       -2.3864066198316436e-01, 1.3432572103802793e+00,
       -2.5889931417231740e+00, -6.0823779597139471e-02,
       1.3504043852567047e+00, -2.6442461733193756e+00,
       -6.7566742369466082e-02, 1.3933292360363136e+00,
       -2.7277006764487464e+00, -4.5604978779757749e-02,
       1.3345004547009967e+00, -2.7602775342178258e+00,
       -3.7544850005687656e-02, 1.3778395802893821e+00,
