%YAML:1.0
---
summary: "Filter by time, rd=20, rs=0."
init_cam_calib: C99-1010_3p_3
camera_matrix: !!opencv-matrix
   rows: 3
   cols: 3
   dt: d
   data: [ 2.5807594413138427e+03, 0., 1.8872689000262883e+03, 0.,
       2.5749925575346106e+03, 1.0870615130960127e+03, 0., 0., 1. ]
dist_coeff: !!opencv-matrix
   rows: 5
   cols: 1
   dt: d
   data: [ 2.4497845469115955e-02, -5.7191712942197041e-02,
       -5.3795240178748855e-04, -3.0482813452718132e-04,
       4.2815186992196524e-02 ]
rvec: !!opencv-matrix
   rows: 103
   cols: 3
   dt: d
   data: [ -3.0605736437735276e+00, 3.8151815455286224e-02,
       -7.1980514917897254e-02, -3.0584952583624068e+00,
       4.0472945074904003e-02, -5.3786021424242846e-02,
       -3.0549088803662889e+00, 2.6760204826450158e-02,
       -4.7251890654654162e-02, -3.0352809853130447e+00,
       4.4880656869451876e-02, 5.9859757878007444e-02,
       -3.1057029758422003e+00, 1.6985566655220324e-01,
       -8.8318673690321425e-02, 3.0625494145757286e+00,
       -1.1870694661368113e-01, -2.8774935839935368e-03,
       3.0563499823273617e+00, -7.4421900934923638e-02,
       -1.9374982609832758e-01, 3.0803379017190018e+00,
       5.9344954725184834e-02, -5.6606666326223332e-01,
       -3.0114583305841882e+00, 2.6075177267764510e-02,
       7.6665520697509537e-01, -2.9455811746943219e+00,
       -3.9746089148498767e-02, 8.9504068892409172e-01,
       -2.9420267003986789e+00, -1.3876615619356781e-02,
       8.4114494149759700e-01, 2.9904338208207601e+00,
       1.3565482923697811e-02, -9.4405903456209295e-01,
       -2.9754132610131103e+00, 7.5353954624806357e-03,
       9.2847801017104636e-01, -2.9352468207587488e+00,
       1.4366021975402489e-02, 9.4120085094722816e-01,
       -2.9249604432303302e+00, 7.2915541514421952e-03,
       9.6547544800611629e-01, 2.9871098451962816e+00,
       -5.8064833364608361e-02, -1.0028637772222182e+00,
       2.8546772192264633e+00, -2.6386757697702500e-02,
       -9.1511270774721265e-01, 2.8717611593859713e+00,
       -3.4211455927169947e-02, -9.0909443448387228e-01,
       -2.9802866942122441e+00, -5.5204116942663625e-02,
       9.1014180180543969e-01, -2.8156981497833646e+00,
       -8.0011978783991411e-02, 8.8807089539649076e-01,
       -2.6944601593261583e+00, -3.1835373409237949e-02,
       8.9373991316387658e-01, -2.6080329747787401e+00,
       -1.2764412167918082e-01, 8.8264627796005934e-01,
       -2.9620691366998799e+00, 3.6308485078455383e-02,
       9.1042517898646047e-01, 2.9524142154447648e+00,
       3.1507978055772233e-02, -1.0560821212155265e+00,
       -2.8929739848679614e+00, 1.8015039005253371e-02,
       1.1147985002356122e+00, 2.8029316253289172e+00,
       -8.8874295497431630e-02, -1.3430389606510456e+00,
       2.7895058261979466e+00, 1.4050560840826395e-02,
       -1.4310921747860563e+00, 2.7456316005481400e+00,
       1.1673382530515654e-01, -1.5383134381077743e+00,
       -2.7448041902790647e+00, -1.5334729780715858e-01,
       1.5354565627098573e+00, -2.6531360571205336e+00,
       -1.4072095633961429e-01, 1.5714779393441358e+00,
       2.7787736572159014e+00, -8.7476702088596522e-02,
       -1.4090267942929187e+00, 2.7700016857517067e+00,
       7.8949478513320917e-04, -1.4413854003368081e+00,
       2.7797885679068841e+00, 5.9915088233307087e-02,
       -1.4474750241543612e+00, -2.7252738927122842e+00,
       -6.7358514588383586e-02, 1.5398188724523469e+00,
       2.7188174202002200e+00, 6.1663713992261719e-02,
       -1.5613558856701453e+00, -2.7183127232700510e+00,
       -7.5637589636765118e-02, 1.4850327649560098e+00,
       -2.7467647552867356e+00, -6.1764936683186590e-02,
       1.4921484818419311e+00, 2.7283945222605044e+00,
       -3.1255129906514148e-02, -1.4400757841567502e+00,
       -2.7227425305964754e+00, -3.7847308445976273e-02,
       1.4480711315358861e+00, -2.4915020778983155e+00,
       -8.2097144028230692e-02, 1.3799755680185533e+00,
       -2.4692387671586187e+00, -2.1406258095389369e-01,
       1.3445557388830267e+00, -2.5601414742135273e+00,
       -1.3586717405151524e-01, 1.3352349813836000e+00,
       2.7744673689193027e+00, 5.5405949237132511e-03,
       -1.4806691994455958e+00, 2.7040712963951568e+00,
       -1.4373766495429825e-02, -1.4908014806409655e+00,
       2.6084864711050124e+00, -5.6312660134698447e-02,
       -1.4817381612238689e+00, 2.5598435293091524e+00,
       -1.2797597360318280e-01, -1.4876721484251658e+00,
       2.5293322611235873e+00, -1.4637470417843873e-01,
       -1.5161761387771038e+00, 2.5502271467829081e+00,
       -1.3093192867342981e-01, -1.5232676968719079e+00,
       2.6615317019993041e+00, 1.7268808542459588e-03,
       -1.6440130173287602e+00, -2.8293060986402865e+00,
       3.3012111927811533e-02, 1.3177885026386771e+00,
       2.7807969473707859e+00, 1.7560280039890002e-02,
       -1.4354570439258107e+00, -2.8094254390272315e+00,
       -6.7010232076531260e-03, 1.3758046217055153e+00,
       -2.9442417227186581e+00, -9.6705661229067041e-02,
       1.1159233284551127e+00, -3.0254753175653057e+00,
       -1.0528452047854772e-01, 7.4325469918150910e-01,
       3.0437620385282660e+00, 1.9933362016390684e-02,
       -5.4942507485458547e-01, 3.1388581767549271e+00,
       -1.7295648547497378e-02, -4.9745535616573244e-02,
       3.1389273408216214e+00, 3.6876992867896960e-02,
       -7.1917635569699878e-02, 3.1217379273563801e+00,
       3.6069532766673282e-02, 1.5641854432973315e-01,
       -3.0834620517386542e+00, -3.5820073718092683e-02,
       -1.9861222085375199e-01, -3.0915242206375497e+00,
       -6.3108469593983668e-02, -3.8119417404434958e-01,
       3.1114796485354232e+00, 2.0983299125754440e-01,
       3.7337056701544630e-01, -2.9002759571836219e+00,
       3.2248300616505611e-02, -9.8077653230792794e-01,
       -2.6587454072337420e+00, 1.8343688658572457e-01,
       -1.3725406794317170e+00, -2.6908762699709734e+00,
       1.0292384067945759e-01, -1.1740352211703327e+00,
       -2.7133578834512786e+00, 7.1179713561676045e-02,
       -1.2422908952167420e+00, -2.6646069983039222e+00,
       9.0672756395733300e-02, -1.3641750847528622e+00,
       -2.6172209481697104e+00, 1.1390206378893204e-01,
       -1.4923530743360205e+00, -2.7021530432132810e+00,
       1.0829053628316526e-01, -1.3416679245420016e+00,
       -2.7155435550666938e+00, 8.6859558480317720e-02,
       -1.3496920261028102e+00, -2.7188157854283959e+00,
       1.4579857661635504e-01, -1.4430216582219013e+00,
       -2.7579110009215295e+00, 5.7098407956434186e-02,
       -1.3620046171569609e+00, -2.7017052895364517e+00,
       1.1344849103043136e-01, -1.4838596870114338e+00,
       -2.6734380481755569e+00, 1.1649086973627157e-01,
       -1.5878949559833579e+00, 2.6363073422649377e+00,
       3.8069439665523987e-02, 1.4781506228313630e+00,
       2.5871806426485051e+00, 5.2129784465202070e-02,
       1.4674054085518260e+00, 2.6621145692089128e+00,
       -1.2621184604050649e-02, 1.5417445177400797e+00,
       -2.6692644645566412e+00, 1.3764755485751962e-01,
       -1.5509895781160270e+00, 2.9936714769653466e-01,
       2.0885036522583125e+00, 1.5652051374824616e-02,
       2.3261244922147706e-01, 2.1498916949659499e+00,
       1.5753485277384696e-01, -2.6818552706928287e+00,
       1.3934865435782176e-01, -1.2418374475575471e+00,
       -2.6709862630034453e+00, 1.8400239003559846e-01,
       -1.2567460501969161e+00, -2.6435487542548075e+00,
       1.5675932868441989e-01, -1.3264073469291258e+00,
       -2.6527970484569900e+00, 3.4264094728617328e-01,
       -1.1548876620796176e+00, -2.5832752972854771e+00,
       3.5312039217448310e-01, -1.1271183478243241e+00,
       -2.5910966404806137e+00, 3.1179806668938320e-01,
       -1.1087506003821201e+00, 2.9005976578119324e+00,
       -1.1095889751436513e-01, 1.2027668400288936e+00,
       2.8951952544690540e+00, -1.0687575757629318e-02,
       1.1712956298593489e+00, 2.8192339378673781e+00,
       4.1181030130007450e-02, 1.1201083420479609e+00,
