%YAML:1.0
---
summary: "Filter by time, rd=15, rs=0."
init_cam_calib: C99-1010_3p_3
camera_matrix: !!opencv-matrix
   rows: 3
   cols: 3
   dt: d
   data: [ 2.5810047189028319e+03, 0., 1.9019663994083537e+03, 0.,
       2.5812822571350962e+03, 1.0935118639339125e+03, 0., 0., 1. ]
dist_coeff: !!opencv-matrix
   rows: 5
   cols: 1
   dt: d
   data: [ 1.0810618742577133e-02, -9.0103882744040961e-03,
       -5.6978989317871438e-04, 1.2848380290770441e-03,
       -7.6223977565524478e-03 ]
rvec: !!opencv-matrix
   rows: 137
   cols: 3
   dt: d
   data: [ -3.0601207756814781e+00, 3.8285254497463728e-02,
       -7.8635340904904566e-02, -3.0596613467281872e+00,
       4.0327846068821324e-02, -6.7205856686659446e-02,
       -3.0606708938607223e+00, 3.3478969871690065e-02,
       -5.7956953973994529e-02, -3.0460383856229614e+00,
       1.1471143110050082e-02, -4.2712588851760082e-02,
       -3.0351329305284991e+00, 4.4763185627722975e-02,
       5.3488688065557961e-02, -3.0979819286206323e+00,
       1.3814932077875650e-01, -5.4975158074647958e-02,
       3.1091063972332593e+00, -1.4343592063805505e-01,
       1.2873005578250576e-01, 3.0506701192393662e+00,
       -1.4267154054593850e-01, -3.3066599907363305e-02,
       3.0570659871586070e+00, -7.4315463805911808e-02,
       -1.8599617149287762e-01, 3.0811306980433448e+00,
       7.9723490247640083e-02, -4.9496823593650541e-01,
       -3.0245688432594524e+00, -2.8098029444310370e-02,
       6.0968832844164567e-01, -2.9939345836931763e+00,
       -1.2105391744532852e-02, 8.2582531397883530e-01,
       -2.9481954876664593e+00, -4.1355487332218943e-02,
       8.8570328206845939e-01, -2.9398452979386849e+00,
       -1.7455803949207503e-02, 8.0718756940514125e-01,
       -2.9877072321172782e+00, -1.8174733065582895e-02,
       9.1673329433485518e-01, 2.9861164557224980e+00,
       -4.1651647251448451e-03, -9.3590368011781111e-01,
       -2.9781207154657183e+00, 5.6827366222891194e-03,
       9.1887151630938613e-01, -2.9523987249968004e+00,
       1.2873046225777797e-02, 9.2616370711810214e-01,
       -2.9285436792619870e+00, 1.2257089389624155e-02,
       9.5677565617266247e-01, -2.9204150865475333e+00,
       4.9210944635359128e-03, 9.4590123189652253e-01,
       2.9908217510117057e+00, -5.6112541232796451e-02,
       -9.9394829311602040e-01, 2.8745259343996166e+00,
       -4.9312045162105272e-02, -9.1876860640136726e-01,
       2.8551575049826745e+00, -3.0124570783766919e-02,
       -8.9158514006654022e-01, 2.8719965500156954e+00,
       -3.4607422708810391e-02, -9.0259817293889566e-01,
       -2.9832011447885192e+00, -5.6610542446331936e-02,
       9.0070159350674417e-01, -2.8679049670595145e+00,
       -4.9358733342887678e-02, 9.4443228434893056e-01,
       -2.7638922024921619e+00, -3.3719888271156648e-03,
       8.6847040939299547e-01, -2.6486590418596059e+00,
       -8.6694716828847843e-02, 8.7603737183662722e-01,
       -2.6104542750227981e+00, -1.2977944406603154e-01,
       8.7391026054303989e-01, -2.8533576472493536e+00,
       -3.8549606398717108e-02, 1.0104458723949861e+00,
       2.9998287453801313e+00, -7.7245732528191488e-02,
       -9.6058362097532002e-01, -2.9383612683460836e+00,
       -1.8176118066671226e-02, 1.0857407039324849e+00,
       -2.8959000701760327e+00, 1.5973483625374756e-02,
       1.1055013698725624e+00, 2.9121462799104978e+00,
       -1.1301081939718201e-01, -1.1911696487848731e+00,
       2.8138147688534954e+00, -7.2039417907450942e-02,
       -1.3701031049028174e+00, -2.7643953203558524e+00,
       -3.9497229303263250e-02, 1.4782830198955093e+00,
       2.7524887426382474e+00, 1.1802673686021402e-01,
       -1.5299160219422610e+00, 2.7065063234497311e+00,
       1.2376902158541897e-01, -1.5741347137799009e+00,
       -2.7413547016680408e+00, -1.8886165852857356e-01,
       1.4482389761405665e+00, -2.6611244065475232e+00,
       -1.2711377933945181e-01, 1.5834752401483050e+00,
       2.7855301841476616e+00, -8.6133104456327145e-02,
       -1.4009630712409482e+00, 2.7776507590415496e+00,
       1.5043706168039088e-03, -1.4194987202528724e+00,
       2.7741432811619715e+00, 1.1833276084846219e-02,
       -1.4322107863789881e+00, 2.7917364932141240e+00,
       6.6505106689719914e-02, -1.4319602368624993e+00,
       -2.7284432652601391e+00, -6.8520944012373464e-02,
       1.5299107416972200e+00, -2.7091517669071106e+00,
       -7.7234470148659307e-02, 1.5801616495699189e+00,
       -2.7364395139848048e+00, -6.4368102055074886e-02,
       1.5172549359570571e+00, -2.7094160639968052e+00,
       -7.4570003721218872e-02, 1.4993764236994740e+00,
       -2.7498859314600272e+00, -6.2897339489451656e-02,
       1.4821673125476911e+00, 2.7449243688493019e+00,
       -2.0942253265604723e-02, -1.4297002422975305e+00,
       2.7556440653436938e+00, -1.6062242850547984e-02,
       -1.4334129396378796e+00, -2.6596085394580395e+00,
       -8.6991155180875968e-02, 1.4263175189240305e+00,
       -2.4938756748319917e+00, -8.3607740028725563e-02,
       1.3706403125851991e+00, -2.4747951507703854e+00,
       -2.0131937341487080e-01, 1.3483354535164549e+00,
       -2.4908732362450849e+00, -2.3894679129566676e-01,
       1.3455001110103417e+00, -2.5902182175723873e+00,
       -6.0971404380697626e-02, 1.3479275262003574e+00,
       2.7812785227558998e+00, 6.8913868467732359e-03,
       -1.4726695287114906e+00, 2.6906012409315707e+00,
       -8.2173967759993985e-03, -1.5227764431636517e+00,
       2.6687325710347243e+00, 1.4629304498702504e-02,
       -1.4599470388664877e+00, 2.5968464853015192e+00,
       -1.1535869544027050e-01, -1.4566797783593171e+00,
       2.5670266614994173e+00, -1.2759295430970774e-01,
       -1.4802646740132239e+00, 2.5301425642759341e+00,
       -1.3164671663405741e-01, -1.5167915063568005e+00,
       2.5412835193516310e+00, -1.5045281421280568e-01,
       -1.5071663270744966e+00, 2.5397517217932712e+00,
       -1.4012869566909419e-01, -1.5552376544657880e+00,
       2.6690455487036906e+00, 2.8130054969955237e-03,
       -1.6360764331318964e+00, -2.7496571409601698e+00,
       -2.8940277294684662e-02, 1.4021303377285825e+00,
       -2.7554870256801869e+00, 4.0587507013720318e-02,
       1.4771524463811765e+00, -2.7845329093866940e+00,
       1.1123957599821334e-01, 1.3778910205692032e+00,
       -2.8122528219949912e+00, -7.8792624613568847e-03,
       1.3652964263225364e+00, -2.8887438194466442e+00,
       -1.1144753031559911e-01, 1.2183117174353491e+00,
       -2.9861253442313025e+00, -9.2708508740795934e-02,
       9.1240890063669278e-01, -3.0398145469123286e+00,
       -1.0028814411425299e-01, 6.7629980319607674e-01,
       3.0461359644174513e+00, 2.0455039321137344e-02,
       -5.3862355227353398e-01, -3.1170214986460829e+00,
       6.7175900757785881e-03, 4.0696741913072439e-02,
       3.1362722007495236e+00, 4.7981646378058157e-03,
       -1.0696683394929422e-01, 3.1546390372458770e+00,
       3.7324153417592001e-02, -7.9535842772840273e-02,
       3.1225070478624604e+00, 3.5614780994875479e-02,
       1.6458679360260003e-01, -3.1077137584718275e+00,
       -5.4754990323838078e-02, -7.1370529117096321e-02,
       -3.0529997605880852e+00, -8.3318671496242683e-02,
       -3.5508471195527891e-01, -3.1247449327355055e+00,
       -8.9359956097139343e-02, -3.0419672267542602e-01,
       3.1112869409805954e+00, 2.0868389514775987e-01,
       3.8018727020546211e-01, -2.9140243516777122e+00,
       -4.6895810507586566e-02, -8.7737038715102300e-01,
       -2.7352055321875088e+00, 1.7043482063259335e-01,
       -1.2406180622566736e+00, -2.6594214235379336e+00,
       1.5173256471005195e-01, -1.3239814966801371e+00,
       -2.6872818499447146e+00, 1.0430858673176305e-01,
       -1.1800094479779384e+00, -2.7257404008218460e+00,
       8.7107115247076691e-02, -1.2027772167255226e+00,
       -2.7217834613884104e+00, 8.9574854536935783e-02,
       -1.2135223369778541e+00, -2.6445474275593623e+00,
       9.9851665588049296e-02, -1.4119831165774335e+00,
