%YAML:1.0
---
summary: "Filter by time and points, rd=20, rs=10, sp=5, sf=2."
init_cam_calib: C99-1010_3p_3
camera_matrix: !!opencv-matrix
   rows: 3
   cols: 3
   dt: d
   data: [ 2.5833356286534918e+03, 0., 1.8795014279358966e+03, 0.,
       2.5813287563653080e+03, 1.0900471273984738e+03, 0., 0., 1. ]
dist_coeff: !!opencv-matrix
   rows: 5
   cols: 1
   dt: d
   data: [ 1.6658024133167585e-02, -3.7872617006993681e-02,
       -6.1499635711484955e-04, -1.7782592536042356e-03,
       2.9110135700706627e-02 ]
rvec: !!opencv-matrix
   rows: 103
   cols: 3
   dt: d
   data: [ -3.0622496019567116e+00, 4.7187412039660703e-02,
       -6.5702553634207322e-02, -3.0605822038428427e+00,
       3.3284463300688266e-02, -4.5510079165802110e-02,
       -3.0386472252225740e+00, -4.0877035942645906e-04,
       -1.2171948333113171e-02, -3.0607618739394131e+00,
       1.0903174128893242e-01, -1.4883197339864988e-02,
       3.1097434272509323e+00, -1.4272089968385521e-01,
       1.1590478266598593e-01, 3.0344317279863509e+00,
       -9.9076443939066186e-02, -1.0220949385204110e-01,
       3.0455563193674449e+00, 7.5213350502039894e-02,
       -4.6680288962722266e-01, -3.0214392982091538e+00,
       -2.7499293225051489e-02, 6.2234883393854468e-01,
       -2.9634648935330459e+00, -6.3117448293321748e-02,
       8.6836576380044128e-01, -2.9547604797738027e+00,
       -1.6921451648430171e-02, 8.5931696157365989e-01,
       -2.9817026796502808e+00, -1.7157964584818854e-02,
       9.3163016566936918e-01, -2.9877349124927619e+00,
       1.0995467609586947e-02, 9.5012341134938982e-01,
       -2.9531716822231400e+00, 1.5118720629407384e-02,
       9.3799251141492823e-01, -2.9245763177536257e+00,
       1.3227768746641957e-02, 9.6905480627408880e-01,
       -2.9032179914353908e+00, 1.2094502814365977e-02,
       9.8088141488189029e-01, 2.8942530291467876e+00,
       -4.2658812945341157e-02, -9.3600895949036411e-01,
       2.8517535415474615e+00, -2.9380405318295034e-02,
       -9.0484072901307611e-01, 2.9224958689651395e+00,
       4.2008122857494822e-03, -8.9779707324231939e-01,
       -2.9246658761944504e+00, -4.8767455937263109e-02,
       9.2807247388156866e-01, -2.7604038784082601e+00,
       -1.5122461098486784e-03, 8.8038041569174252e-01,
       -2.5913237318183038e+00, -1.1558938416528913e-01,
       8.8995568729647190e-01, -2.7086741307821716e+00,
       -9.9415887937131554e-03, 9.7919643137511392e-01,
       2.9971892702933767e+00, -7.8376793086121832e-02,
       -9.7963243015269275e-01, -2.9092592851634800e+00,
       4.4936581867944707e-03, 1.1205179620688985e+00,
       -2.8796107439820648e+00, 6.4961866250928008e-02,
       1.1219322434676642e+00, 2.8052187946058731e+00,
       -7.1884031223393083e-02, -1.3797433776447652e+00,
       -2.7698793701262137e+00, -5.1910185717994155e-02,
       1.4996988293122138e+00, -2.6932616505547307e+00,
       -1.1187425565757474e-01, 1.5936360155311600e+00,
       -2.7358256903497571e+00, -1.8858713158178003e-01,
       1.4612708035872291e+00, 2.7128884474014958e+00,
       1.0958442959982315e-01, -1.5812094951797657e+00,
       2.7555897247491110e+00, -2.4383966623321571e-02,
       -1.4394235527763315e+00, 2.7653350011036726e+00,
       1.2398804005435466e-02, -1.4423538690562976e+00,
       -2.7702588803698234e+00, -6.0199253442600818e-02,
       1.4336406259400365e+00, -2.6972453768311304e+00,
       -7.9018362066287970e-02, 1.6071601199931300e+00,
       -2.7309541483521578e+00, -6.3302793860581436e-02,
       1.5289861686314943e+00, -2.6923901889833033e+00,
       -7.5986459264849593e-02, 1.5214084554961353e+00,
       2.7543829110741149e+00, 8.8488483877104430e-03,
       -1.4546489529212610e+00, 2.7487371396991160e+00,
       -1.7530319685076449e-02, -1.4457373826992539e+00,
       -2.5917365873956899e+00, -1.2520048411313181e-01,
       1.3864012527654790e+00, -2.4388058198799221e+00,
       -1.7713493133930860e-01, 1.4103601623918982e+00,
       -2.4859030560505597e+00, -2.3735673004879870e-01,
       1.3566349980635328e+00, -2.7395801298982421e+00,
       -5.1833327717518106e-02, 1.3325324686641780e+00,
       2.6807167272477499e+00, -2.2317993600413328e-02,
       -1.5502222156244529e+00, 2.6599465857714946e+00,
       1.5142105073564421e-02, -1.4700474495047635e+00,
       2.5496634941803960e+00, -1.6727940597881208e-01,
       -1.5204631340015407e+00, 2.5314156639238110e+00,
       -1.4688941121249549e-01, -1.5111645811700201e+00,
       2.5318781803397021e+00, -1.4874132214916005e-01,
       -1.5160701132447798e+00, 2.5251216721056040e+00,
       -1.1731520433114331e-01, -1.6896619698031576e+00,
       -2.6920993555550616e+00, -5.5696711809956861e-02,
       1.5101938514198090e+00, -2.7504067966322574e+00,
       4.1376901137302594e-02, 1.4887554342840861e+00,
       -2.7941832346482678e+00, 7.0453462081750642e-02,
       1.4028572261697230e+00, -2.8468400151151831e+00,
       -1.0008658661062092e-01, 1.3004027106256535e+00,
       -2.9803029522147080e+00, -9.3406877938934416e-02,
       9.2844330337066650e-01, 3.0555172976541098e+00,
       6.7711515426828350e-02, -7.4045415079633181e-01,
       -3.1400138811395188e+00, 7.2711173386687854e-03,
       1.5230612812467104e-01, 3.1363550912452753e+00,
       5.1277374296843292e-03, -1.2108351942877819e-01,
       -3.1328934038106730e+00, -4.5672277968864007e-02,
       -2.8988293550751189e-03, -3.1138523297557472e+00,
       -4.8380201639117014e-02, -5.3443678005687958e-02,
       -3.0483033036461871e+00, -8.3726511375146348e-02,
       -3.4520852500489074e-01, 3.1074644194439669e+00,
       1.3681881523326250e-01, 2.3426992160439608e-01,
       -3.0009231232696538e+00, -1.1726824400085366e-01,
       -6.7561003272422571e-01, -2.7485553420035838e+00,
       1.7336644324952832e-01, -1.2301071993780097e+00,
       -2.6839938697777734e+00, 1.5108396797082019e-01,
       -1.2237663446106202e+00, -2.7451801559330571e+00,
       8.2535436863397191e-02, -1.1767560971921760e+00,
       -2.7257460414442480e+00, 8.8272571097462962e-02,
       -1.2027280086746652e+00, -2.6423785269047033e+00,
       1.1478518253767887e-01, -1.4202847136933832e+00,
       -2.6452424497372244e+00, 1.0066157668887132e-01,
       -1.4247630341627227e+00, -2.7148678003473932e+00,
       8.3126830834211379e-02, -1.3252662303964939e+00,
       -2.7483689682394363e+00, 1.2213156344907170e-01,
       -1.3912124788695746e+00, -2.7902171931321136e+00,
       7.4561556927512956e-02, -1.3123502656726278e+00,
       -2.7167689439158913e+00, 8.7555743218698953e-02,
       -1.4396826087571946e+00, -2.6506952851588932e+00,
       1.1958935071317249e-01, -1.5715170474247175e+00,
       2.6717705271004473e+00, -6.2774119604686353e-03,
       1.5466977179682384e+00, 2.5882145179528409e+00,
       7.5996691548165185e-02, 1.4145992491462340e+00,
       2.6275759374322765e+00, 5.7541856843395982e-03,
       1.4976845938209735e+00, 2.6816697314776969e+00,
       -1.0378210465532545e-01, 1.6186189480131883e+00,
       -2.5025221195956666e+00, 2.7090947984093655e-01,
       -1.5090032367561685e+00, -2.6873942758967728e+00,
       3.3041732062750373e-01, -1.4790969127949052e+00,
       1.4453502499911128e-01, 2.2233458444719090e+00,
       1.6712549359935785e-01, -2.6947583476050618e+00,
       1.6307552815243195e-01, -1.2317378976868396e+00,
       -2.6264556394081859e+00, 1.7213455411804340e-01,
       -1.3286594694546743e+00, -2.6722083491425281e+00,
       1.6945554010261865e-01, -1.1967512317897651e+00,
       -2.6163922767113466e+00, 3.7431181105666822e-01,
       -1.0340102399170596e+00, -2.5825031439630806e+00,
       3.6384536630254782e-01, -1.0994722012336118e+00,
       -2.7312427547334557e+00, 2.1181057172572262e-01,
       -1.1096592120447311e+00, 2.8792600708957452e+00,
       1.1809114674348918e-03, 1.1613288079334736e+00,
       2.8982558502937223e+00, -6.5921792606147536e-04,
       1.1392966759269136e+00, 2.7748936515779237e+00,
       2.7109912654025872e-02, 1.0867416732811843e+00,
