%YAML:1.0
---
summary: "Filter by time, rd=15, rs=0."
init_cam_calib: C99-1010_3p_3
camera_matrix: !!opencv-matrix
   rows: 3
   cols: 3
   dt: d
   data: [ 2.5810047189028319e+03, 0., 1.9019663994083537e+03, 0.,
       2.5812822571350962e+03, 1.0935118639339125e+03, 0., 0., 1. ]
dist_coeff: !!opencv-matrix
   rows: 5
   cols: 1
   dt: d
   data: [ 1.0810618742577133e-02, -9.0103882744040961e-03,
       -5.6978989317871438e-04, 1.2848380290770441e-03,
       -7.6223977565524478e-03 ]
std_intrinsics: !!opencv-matrix
   rows: 18
   cols: 1
   dt: d
   data: [ 5.4085424430383233e-01, 4.9547385861830806e-01,
       1.1183919561903457e+00, 7.1652213947453414e-01,
       1.2955073278144377e-03, 4.6615654742907806e-03,
       9.5984181831488812e-05, 1.4592422917331682e-04,
       4.9624977984648010e-03, 0., 0., 0., 0., 0., 0., 0., 0., 0. ]
std_extrinsics: !!opencv-matrix
   rows: 822
   cols: 1
   dt: d
   data: [ 8.6753114214611741e-04, 3.2469160982457799e-04,
       1.0123707533783110e-03, 1.5474337264071962e+00,
       1.0080769062824315e+00, 1.0922719108949259e+00,
       8.6666845293408056e-04, 3.2229704205073972e-04,
       1.0102296008496143e-03, 1.5457104879461938e+00,
       1.0071752166084473e+00, 1.0926546848302405e+00,
       8.6516408765250144e-04, 3.1907298449719259e-04,
       1.0083276791362338e-03, 1.5419119609645870e+00,
       1.0050185056430452e+00, 1.0897022555482707e+00,
       8.4316935886319454e-04, 3.0629443441507301e-04,
       9.7683687227309514e-04, 1.5380767782389955e+00,
       1.0009386146905888e+00, 1.0543998725884149e+00,
       8.0855649915922262e-04, 2.8073607383782834e-04,
       9.3430807494489351e-04, 1.4824750310160257e+00,
       9.6767121964141023e-01, 1.0225590970082552e+00,
       7.7422869462554313e-04, 3.0309490685802851e-04,
       9.4201167092898075e-04, 1.3928458963420101e+00,
       9.1268277553243915e-01, 9.8437419039679597e-01,
       7.6529105464936053e-04, 2.8468853201174294e-04,
       9.3274917104290605e-04, 1.2878594536462349e+00,
       8.4931891792938230e-01, 9.0046772138829867e-01,
       8.5135089091269091e-04, 2.6618355088254848e-04,
       9.0442674952531926e-04, 1.1877920439024661e+00,
       7.9355100604138096e-01, 8.7222864518910348e-01,
       8.4413183134753175e-04, 2.6254639816051509e-04,
       9.0004145998011874e-04, 1.1365877281201884e+00,
       7.6331712288770559e-01, 8.2302091659645737e-01,
       6.5103884506792845e-04, 2.8074498146225910e-04,
       1.0003217500075558e-03, 1.1802216485998518e+00,
       7.8178771947235182e-01, 7.3146592380490816e-01,
       6.8904828534134912e-04, 2.7264087179568099e-04,
       9.1131478853739877e-04, 1.2800049237251521e+00,
       8.4330128587619457e-01, 7.3745711593860619e-01,
       7.6947646125904718e-04, 3.1338416131185726e-04,
       9.6368846007519136e-04, 1.4021464863137356e+00,
       9.1881460389600167e-01, 8.1575194205781432e-01,
       7.8484681543900556e-04, 3.2748684778447060e-04,
       9.7596988751657589e-04, 1.4898371682916296e+00,
       9.7653601773863141e-01, 8.8063268509406090e-01,
       7.9852406636520803e-04, 3.3183260131777384e-04,
       1.0232009698751567e-03, 1.5624776367722790e+00,
       1.0278001852800913e+00, 9.8320302978289265e-01,
       8.4176085305687329e-04, 3.5627846615328602e-04,
       1.0587962387131038e-03, 1.6036492590762059e+00,
       1.0507838543367887e+00, 1.0354600205032145e+00,
       7.0390186030826099e-04, 3.6821056096452044e-04,
       1.1746797813932477e-03, 1.6098969284514377e+00,
       1.0544674592909937e+00, 1.0599435039787752e+00,
       8.1648511544104901e-04, 3.5066176760826883e-04,
       1.0523143053803210e-03, 1.6050650994909810e+00,
       1.0517835861796441e+00, 1.0349130802451207e+00,
       8.2518173616139055e-04, 3.4759501483402758e-04,
       1.0394611646117270e-03, 1.6071693006145560e+00,
       1.0516378409606950e+00, 1.0156639327053878e+00,
       8.2945784582801280e-04, 3.4822865007024526e-04,
       1.0325783993993076e-03, 1.6128458301272033e+00,
       1.0539611634646608e+00, 1.0044959188388967e+00,
       8.1646919280131767e-04, 3.4156160156272226e-04,
       1.0277988926522782e-03, 1.6061106785041503e+00,
       1.0495610364167116e+00, 9.8972785337791525e-01,
       6.8277714791412840e-04, 3.5908785597511741e-04,
       1.1387110340881654e-03, 1.5704758190969892e+00,
       1.0244592263634797e+00, 9.6113535891800406e-01,
       6.8734819233221640e-04, 3.4829413505840464e-04,
       1.0883160526203753e-03, 1.5509509829882915e+00,
       1.0156665945570986e+00, 9.6939091615059303e-01,
       6.3394386792425968e-04, 3.4151228057146551e-04,
       1.0680082003114261e-03, 1.5544431733239117e+00,
       1.0201287225131797e+00, 9.4658243839716882e-01,
       6.1952689177324023e-04, 3.4099676986591205e-04,
       1.0646526660496646e-03, 1.5512724137658129e+00,
       1.0177040844254617e+00, 9.3172976927579376e-01,
       7.6984309464175633e-04, 3.3969292009980743e-04,
       1.0213207815459855e-03, 1.5270886793903529e+00,
       1.0031599693948101e+00, 9.2305106567267536e-01,
       7.9422370615139641e-04, 3.3651990372922022e-04,
       9.9297922015382221e-04, 1.5411488433297960e+00,
       1.0091037694513241e+00, 9.4178166890801529e-01,
       8.1306488521014787e-04, 3.3206040436287908e-04,
       9.8039471660914821e-04, 1.5740639455932059e+00,
       1.0322069920481465e+00, 1.0142085631744788e+00,
       9.2271648788663882e-04, 3.6473412995232610e-04,
       1.0980096421975415e-03, 1.6043867102499318e+00,
       1.0619560123546188e+00, 1.2006060545931598e+00,
       1.0015857924034191e-03, 3.9018197237252947e-04,
       1.1779510897051045e-03, 1.5928550564456050e+00,
       1.0629984558959991e+00, 1.2935916883577843e+00,
       8.4692400067714441e-04, 3.6508978963306431e-04,
       9.8586923979209818e-04, 1.5843348053861595e+00,
       1.0332326990926135e+00, 9.8336247117715669e-01,
       7.2943629267428582e-04, 3.8550277386677255e-04,
       1.1732753000647217e-03, 1.6066670431281713e+00,
       1.0505410501516514e+00, 1.0747144671561526e+00,
       8.7307260941567463e-04, 3.8162993501668721e-04,
       1.0670088350624937e-03, 1.6328342384248382e+00,
       1.0620673857885963e+00, 1.0690121054004138e+00,
       8.5920930684796489e-04, 3.7582280894366313e-04,
       1.0558740899756622e-03, 1.6785895502257502e+00,
       1.0926727021224878e+00, 1.0827732315279388e+00,
       7.9529506001943431e-04, 4.7235378133102777e-04,
       1.2214969066689390e-03, 1.7629329585504758e+00,
       1.1428719408826040e+00, 1.3282453409428105e+00,
       8.9356787322479125e-04, 6.1099817526037486e-04,
       1.1724073310741706e-03, 1.8094097615139069e+00,
       1.1621332646137223e+00, 1.5269393497768047e+00,
       1.0513877365451629e-03, 7.5636463045411777e-04,
       1.1090508742953036e-03, 1.8094232065993407e+00,
       1.1593778509931210e+00, 1.6258525130272949e+00,
       1.0041701104279864e-03, 7.4477115930104715e-04,
       1.1305686999100277e-03, 1.7679337709913310e+00,
       1.1468610028808011e+00, 1.6477965181956187e+00,
       9.8143211227134106e-04, 7.3911452453258037e-04,
       1.1144123783560604e-03, 1.6936776745841646e+00,
       1.1125986395826648e+00, 1.4862855099463159e+00,
       1.0274524348002940e-03, 7.4032725796781794e-04,
       1.1540611474276220e-03, 1.6075617719942858e+00,
       1.0870692345456501e+00, 1.3957114318890251e+00,
       9.6669253996463974e-04, 6.8403009094759307e-04,
       1.0875545514552514e-03, 1.5318485099253447e+00,
       1.0129000855242045e+00, 1.1334989661044228e+00,
       8.3383355578477137e-04, 5.8262082751397786e-04,
       1.0138169692864313e-03, 1.3555774412268320e+00,
       8.8504661439242571e-01, 8.8551633001534513e-01,
       8.0764503458653682e-04, 5.6192998210872396e-04,
       1.0153188850345937e-03, 1.3092059028422769e+00,
       8.5176535392806219e-01, 8.2513898818771947e-01,
       8.0730711560423631e-04, 5.6354523612273675e-04,
       9.9201950946010455e-04, 1.3025258076799766e+00,
