%YAML:1.0
---
summary: "Filter by time and points, rd=20, rs=0, sp=5, sf=4."
init_cam_calib: C99-1010_3p_3
camera_matrix: !!opencv-matrix
   rows: 3
   cols: 3
   dt: d
   data: [ 2.5833934902828646e+03, 0., 1.8853919263069095e+03, 0.,
       2.5771090570981614e+03, 1.0900815982749812e+03, 0., 0., 1. ]
dist_coeff: !!opencv-matrix
   rows: 5
   cols: 1
   dt: d
   data: [ 2.8644702369208033e-02, -7.2268286922568550e-02,
       1.4653140067368711e-04, -6.2590254132061714e-04,
       6.2902405957905805e-02 ]
std_intrinsics: !!opencv-matrix
   rows: 18
   cols: 1
   dt: d
   data: [ 1.2663211816034372e+00, 1.1530648222625008e+00,
       2.6567689222492596e+00, 1.6813064546137544e+00,
       3.1115005370588957e-03, 1.1471818246659948e-02,
       2.2768506493889138e-04, 3.5406993788808115e-04,
       1.2454407213007411e-02, 0., 0., 0., 0., 0., 0., 0., 0., 0. ]
std_extrinsics: !!opencv-matrix
   rows: 618
   cols: 1
   dt: d
   data: [ 1.7481149262435357e-03, 6.5876913161855397e-04,
       2.2917360933595687e-03, 3.6586095673946577e+00,
       2.3471218255173754e+00, 2.3727078138891962e+00,
       1.7553177092599992e-03, 6.2221790028881496e-04,
       2.2297056367685257e-03, 3.6549311526922454e+00,
       2.3470290030804715e+00, 2.2244646802294183e+00,
       2.0490829054973757e-03, 6.4214762340644054e-04,
       2.2622239250354435e-03, 3.6518490901422589e+00,
       2.3442504643352327e+00, 2.4783208233279361e+00,
       1.7433914584134825e-03, 5.4078804938918485e-04,
       2.1030439903557208e-03, 3.5083434380873038e+00,
       2.2663119119707682e+00, 2.2410500546168288e+00,
       1.6377088036535323e-03, 6.1804141377233210e-04,
       1.9724816192731739e-03, 3.2119275445295021e+00,
       2.0770132406723198e+00, 2.1815078070965455e+00,
       1.6971653001246246e-03, 5.6632491925639810e-04,
       2.0704025105893554e-03, 2.8722177700248395e+00,
       1.8776302870588399e+00, 1.9275147504068284e+00,
       1.7669736934061544e-03, 5.1897263453451578e-04,
       1.9524122368337429e-03, 2.6787489269892975e+00,
       1.7735084743217411e+00, 1.8998751458820204e+00,
       1.4130743790878783e-03, 5.9522637260504114e-04,
       2.2841530200658658e-03, 2.8810787829640185e+00,
       1.8815602041429980e+00, 1.6754566155471833e+00,
       1.5185440485510719e-03, 5.9340914453772818e-04,
       2.0312894970435161e-03, 3.2180845587277940e+00,
       2.0844078601278011e+00, 1.6831814947462307e+00,
       1.5314622996701528e-03, 6.2133072134401611e-04,
       1.9642513317740212e-03, 3.5396918892168805e+00,
       2.2833850506660531e+00, 1.8129336611961930e+00,
       1.5853904303867873e-03, 6.8729237539351471e-04,
       2.2302429780470491e-03, 3.7339537260768152e+00,
       2.4196200615645584e+00, 2.2335643485989123e+00,
       1.4934606039895841e-03, 7.6415897554199617e-04,
       2.5447337533184211e-03, 3.7994142100856743e+00,
       2.4462472576673551e+00, 2.2702564778955239e+00,
       1.5623292838937196e-03, 6.4828103819930321e-04,
       2.1464378132344075e-03, 3.8020188406130768e+00,
       2.4586412165664280e+00, 2.0370347478808712e+00,
       1.5820326867554153e-03, 6.9434687172657665e-04,
       2.2086896251118904e-03, 3.8129536393420231e+00,
       2.4501699140908761e+00, 2.2128171808453621e+00,
       1.6566054968174052e-03, 7.2903090775049400e-04,
       2.1809534345575339e-03, 3.8025182137081055e+00,
       2.4420354808149511e+00, 2.3509355481678655e+00,
       1.3052206325934912e-03, 6.7067265548092982e-04,
       2.5683965395520581e-03, 3.7217368988520767e+00,
       2.3899733721708865e+00, 1.9692727416519400e+00,
       1.3024973686671020e-03, 6.7889731515319491e-04,
       2.1461985949577842e-03, 3.6444688100936795e+00,
       2.3542028989625718e+00, 2.0232306146564887e+00,
       1.4244602060282164e-03, 7.7130868039250922e-04,
       2.3718899854024019e-03, 3.6618993694581254e+00,
       2.3615898622962646e+00, 2.2652857079384314e+00,
       1.5170185607873790e-03, 7.1558185573482010e-04,
       2.1622591077179779e-03, 3.6187064838366347e+00,
       2.3345031231657893e+00, 2.0727091278931549e+00,
       1.7724279945486537e-03, 7.0528470622625600e-04,
       2.1519978978263620e-03, 3.6662742192476054e+00,
       2.3723372414058832e+00, 2.2248885285573139e+00,
       1.7903729712821373e-03, 7.2258493060094393e-04,
       2.1899835866760766e-03, 3.8010037824927618e+00,
       2.4612458275638973e+00, 2.4040074798039774e+00,
       1.9417179198298201e-03, 7.5222212339528562e-04,
       2.3421057817443695e-03, 3.7733765217863784e+00,
       2.4672327856879752e+00, 2.6451119247567938e+00,
       1.8183307646362288e-03, 7.8821888832044241e-04,
       2.2298937132275336e-03, 3.7984468190574932e+00,
       2.4495860498634667e+00, 2.2761291904997725e+00,
       1.3863857958655819e-03, 7.7855299804340742e-04,
       2.4792907984677657e-03, 3.8563410620995540e+00,
       2.4689404279521874e+00, 2.3646329306543636e+00,
       1.8121995292470308e-03, 7.5812746610101828e-04,
       2.3412445099810246e-03, 3.9804913180163060e+00,
       2.5498795162446362e+00, 2.3561236076475205e+00,
       1.8903676682053747e-03, 1.1703627829033258e-03,
       2.7764971700970421e-03, 4.2846633543024719e+00,
       2.6991218949273943e+00, 3.2342389740388979e+00,
       2.0823204716031948e-03, 1.5735011091842321e-03,
       2.7764995293694354e-03, 4.3221761556162441e+00,
       2.7356385699639501e+00, 3.9591550386753553e+00,
       1.9071936491451115e-03, 1.3519083879874616e-03,
       2.2493021498892853e-03, 4.1150264518843764e+00,
       2.6348410726303233e+00, 3.0740842682852461e+00,
       2.1583849201561177e-03, 1.6538560140167168e-03,
       2.4386410822300007e-03, 3.8885086313695325e+00,
       2.5363238529120253e+00, 3.2596733663772985e+00,
       2.2618543783641874e-03, 1.7483694617068557e-03,
       2.5064157571806777e-03, 3.6646218275621791e+00,
       2.4335773695872889e+00, 2.8413793777507186e+00,
       1.7772239127187457e-03, 1.2086595681707775e-03,
       2.3009909576982147e-03, 3.1951543560750593e+00,
       2.0333368845286066e+00, 1.8282983675187510e+00,
       1.5994808765664274e-03, 1.0510347754656530e-03,
       2.1804299976325020e-03, 3.0321777167613413e+00,
       1.9284854956243642e+00, 1.6733561840223303e+00,
       1.5001028547049061e-03, 1.0381026246245929e-03,
       1.9409595133560661e-03, 3.0209566836664270e+00,
       1.9320190051952715e+00, 1.4842541795680861e+00,
       1.6397398335893550e-03, 1.1863375682437476e-03,
       1.9274191235231534e-03, 3.0779666957925738e+00,
       1.9598106827849680e+00, 1.8150319287715462e+00,
       1.7008213081574968e-03, 1.2067167955618003e-03,
       2.0198559895030868e-03, 3.0438836619502796e+00,
       1.9448327491002564e+00, 2.0872407873540864e+00,
       1.8579609043646813e-03, 1.4854122409624234e-03,
       2.1051556060499989e-03, 3.0716285128494918e+00,
       1.9941467700313060e+00, 2.2317660276126188e+00,
       1.6765731482683659e-03, 1.1697816040972622e-03,
       1.9432772465317108e-03, 3.0249362376614304e+00,
       1.9400296863378321e+00, 1.7872551111911317e+00,
       1.7898664120034459e-03, 1.2930656787352884e-03,
       2.0427310049289612e-03, 3.0534534981745352e+00,
       1.9499603046852501e+00, 1.8132000963419750e+00,
       1.6908543698909702e-03, 1.0925055392896558e-03,
       2.1495420924975556e-03, 3.1362946538108041e+00,
       1.9899858740654208e+00, 1.6093685858927331e+00,
       1.9154498904848829e-03, 1.3386327597384815e-03,
       2.4378634531124501e-03, 3.2091192525219006e+00,
       2.0570011902059018e+00, 1.9480587655147308e+00,
       1.6453417144870145e-03, 1.0189314371257716e-03,
       1.9516822711511611e-03, 3.1853297135550438e+00,
       2.0215848726379892e+00, 1.8143799090844110e+00,
       1.6907320117384025e-03, 9.6563879129301560e-04,
       1.9332578036627595e-03, 3.1711366386918454e+00,
       2.0188107978356249e+00, 1.7631107739923408e+00,
       1.5990621509527551e-03, 1.1303411171988665e-03,
       2.1461504660763558e-03, 3.1569612874634712e+00,
