%YAML:1.0
---
summary: "Filter by time and points, rd=20, rs=10, sp=5, sf=1."
init_cam_calib: C99-1010_3p_3
camera_matrix: !!opencv-matrix
   rows: 3
   cols: 3
   dt: d
   data: [ 2.5845626763255586e+03, 0., 1.8809775974296774e+03, 0.,
       2.5817398579924238e+03, 1.0862323115971758e+03, 0., 0., 1. ]
dist_coeff: !!opencv-matrix
   rows: 5
   cols: 1
   dt: d
   data: [ 1.9620183771705279e-02, -3.1621016572839424e-02,
       -4.1888666623516544e-04, -1.5171489120722030e-03,
       1.2508134577187181e-02 ]
rvec: !!opencv-matrix
   rows: 103
   cols: 3
   dt: d
   data: [ -3.0635364464275328e+00, 4.7442542783853257e-02,
       -6.6756381763736439e-02, -3.0607478389467961e+00,
       3.3292964805706315e-02, -4.6264705853623522e-02,
       -3.0400028027424550e+00, -7.5227036591483975e-04,
       -1.5124268941157660e-02, -3.0623190528842055e+00,
       1.1052751150451585e-01, -1.6674766988834969e-02,
       3.1090848446391730e+00, -1.4321964193662035e-01,
       1.1541096634465595e-01, 3.0348745017765486e+00,
       -9.9960971577699370e-02, -9.9905406921089818e-02,
       3.0452262981954914e+00, 7.4888583882509893e-02,
       -4.6284537979796980e-01, -3.0215687089050323e+00,
       -2.6713744757157383e-02, 6.2408354640426111e-01,
       -2.9654778314902943e+00, -6.3034069232798598e-02,
       8.6654601833676026e-01, -2.9565597238006651e+00,
       -1.6146189813851585e-02, 8.5809829155236050e-01,
       -2.9831687309468720e+00, -1.5934727726200880e-02,
       9.3073821448136573e-01, -2.9903732561199572e+00,
       1.1302867027856916e-02, 9.4880209959439876e-01,
       -2.9542904052107133e+00, 1.5923013321647750e-02,
       9.3753538076663467e-01, -2.9251995553149990e+00,
       1.4126538196062230e-02, 9.7022168718463975e-01,
       -2.9043214734164575e+00, 1.3188597421221740e-02,
       9.8014552061160831e-01, 2.8938801127312361e+00,
       -4.3214353313933709e-02, -9.3455769984087822e-01,
       2.8493558594946089e+00, -3.0319918468250967e-02,
       -9.0455884433491329e-01, 2.9223774026177218e+00,
       2.1334672444106727e-03, -8.9781603895216133e-01,
       -2.9252255276162611e+00, -4.8046063260510891e-02,
       9.2904705111550845e-01, -2.7594716190967423e+00,
       -4.0206373574615094e-04, 8.7949831607536677e-01,
       -2.5916294285749935e+00, -1.1499619164829919e-01,
       8.8997348864712200e-01, -2.7057387129154606e+00,
       -1.2822389472519661e-02, 9.8197761249586080e-01,
       2.9946582783303279e+00, -7.9631932354949669e-02,
       -9.7147575942788988e-01, -2.9094635500447596e+00,
       5.3131012448392580e-03, 1.1218788768257186e+00,
       -2.8805444055641503e+00, 6.5736589832594727e-02,
       1.1216334339752827e+00, 2.8066671936874577e+00,
       -7.4091486320226399e-02, -1.3813623224204330e+00,
       2.7548514386425196e+00, 4.9508282924294017e-02,
       -1.4908158627819057e+00, -2.6948025813899510e+00,
       -1.1156899896050107e-01, 1.5944845830882775e+00,
       -2.7373051157577297e+00, -1.8793070830903608e-01,
       1.4615622691304722e+00, 2.7116836493647378e+00,
       1.0888590982389137e-01, -1.5822730871538724e+00,
       2.7521985499849162e+00, -2.3776922611150116e-02,
       -1.4346230205646213e+00, 2.7670104666391273e+00,
       9.9823917846607896e-03, -1.4425944650547426e+00,
       -2.7712901864369659e+00, -5.9323560280724941e-02,
       1.4345763588879745e+00, -2.6965427451272492e+00,
       -7.5870849661564710e-02, 1.6053319396075243e+00,
       -2.7309438647268269e+00, -6.3532882075299849e-02,
       1.5298361529007232e+00, -2.6936913702789220e+00,
       -7.4867740761350457e-02, 1.5214972727950853e+00,
       2.7540489241686292e+00, 6.6812798209816993e-03,
       -1.4538397769477280e+00, 2.7458333132160817e+00,
       -1.6464644903766801e-02, -1.4433263542245842e+00,
       -2.5920306799229418e+00, -1.2358131890693341e-01,
       1.3879487694085590e+00, -2.4395882776664903e+00,
       -1.7635293329884305e-01, 1.4111121603690286e+00,
       -2.4868389649633955e+00, -2.3656898798970724e-01,
       1.3568351764083506e+00, -2.7406471418083336e+00,
       -5.0979199493824554e-02, 1.3326518800490144e+00,
       2.6787432058443312e+00, -2.3455126353435368e-02,
       -1.5519371838515847e+00, 2.6597312498369909e+00,
       1.4093615966640579e-02, -1.4723967495628036e+00,
       2.5472184117951762e+00, -1.6850036834703414e-01,
       -1.5190561035172836e+00, 2.5286419916428318e+00,
       -1.4802124234846908e-01, -1.5116909453496483e+00,
       2.5320917768460398e+00, -1.5072761792956460e-01,
       -1.5158833101951257e+00, 2.5253611394582158e+00,
       -1.1904834656903072e-01, -1.6921813763552409e+00,
       -2.6932445035261643e+00, -5.5732869856951910e-02,
       1.5155558552373016e+00, -2.7514761411526703e+00,
       4.2175969096172161e-02, 1.4904787079877133e+00,
       -2.7894078192682721e+00, 7.2668214725112076e-02,
       1.4056342841867060e+00, -2.8496368051110790e+00,
       -9.9238529360898151e-02, 1.2999942722687405e+00,
       -2.9841688945178992e+00, -9.1488598797394363e-02,
       9.2783988132125683e-01, 3.0548199263824189e+00,
       6.6960770289800353e-02, -7.4154631682599570e-01,
       -3.1392837164453864e+00, 7.7380963839040022e-03,
       1.4776592003690445e-01, 3.1360098678389687e+00,
       5.2293706447604149e-03, -1.2919179853913793e-01,
       -3.1364035577121134e+00, -4.3340829150036474e-02,
       -4.1564234613582652e-03, -3.1149739368079321e+00,
       -5.1586174172253516e-02, -4.8012579941798104e-02,
       -3.0552036079261402e+00, -8.3462597936199090e-02,
       -3.5267947351325735e-01, 3.1135811806604430e+00,
       1.3688627724946509e-01, 2.4272666936407719e-01,
       -2.9960579331149062e+00, -1.1929132742401072e-01,
       -6.7894190135154664e-01, -2.7430982565921291e+00,
       1.7056517444141456e-01, -1.2276376560799682e+00,
       -2.6852644820120202e+00, 1.4985283721440623e-01,
       -1.2270266233677047e+00, -2.7466137541664035e+00,
       8.1968206153589102e-02, -1.1772353227083616e+00,
       -2.7273433019432827e+00, 8.8197497314563389e-02,
       -1.2035970582975979e+00, -2.6435020886042313e+00,
       1.1433961580900283e-01, -1.4214243116481515e+00,
       -2.6413480301685994e+00, 9.8422859471186286e-02,
       -1.4268924590979168e+00, -2.7139477696866012e+00,
       8.2394469991853597e-02, -1.3241429884020157e+00,
       -2.7418760967933054e+00, 1.2081825778874269e-01,
       -1.3959379066865742e+00, -2.7935095152769853e+00,
       7.6015686322124354e-02, -1.3167708966616498e+00,
       -2.7154846515186479e+00, 8.5142155022607760e-02,
       -1.4419607520561275e+00, -2.6508505225940406e+00,
       1.1861181516729098e-01, -1.5737338991021816e+00,
       2.6710425589051088e+00, -4.8389123060580920e-03,
       1.5463550528069219e+00, 2.5870188926776514e+00,
       7.7255364764701615e-02, 1.4164209608239555e+00,
       2.6269921331476080e+00, 6.5620807874318069e-03,
       1.4990475242035721e+00, 2.6799338794859335e+00,
       -1.0324922720545747e-01, 1.6183764007194459e+00,
       -2.4999217403033573e+00, 2.6717754495721102e-01,
       -1.5129005803721260e+00, 2.2738997564819055e-01,
       2.1524981454949343e+00, 1.0883529306667206e-01,
       1.5224724867140271e-01, 2.2280399384207774e+00,
       1.5953914983116421e-01, -2.6950373002069741e+00,
       1.6204450078517654e-01, -1.2331552911336501e+00,
       -2.6282441593483616e+00, 1.7213537504369661e-01,
       -1.3297799754843624e+00, -2.6699925295142655e+00,
       1.6482052026793986e-01, -1.1986490489904704e+00,
       -2.6200968047181932e+00, 3.7525192118774964e-01,
       -1.0347137530280419e+00, -2.5844632494069759e+00,
       3.6369043265879686e-01, -1.1006410446404116e+00,
       -2.7300154966857457e+00, 2.1310797614601773e-01,
       -1.1117506231679504e+00, 2.8780206203749139e+00,
       1.4152668884228092e-03, 1.1610890859613781e+00,
       2.8992291348911237e+00, 1.5588045150158095e-03,
       1.1381782992872702e+00, 2.7714638236093090e+00,
       2.7795761361483765e-02, 1.0877066254382630e+00,
