%YAML:1.0
---
summary: "Filter by distance, md=200, ds=150."
init_cam_calib: C99-1010_3p_3
camera_matrix: !!opencv-matrix
   rows: 3
   cols: 3
   dt: d
   data: [ 2.5813763956801627e+03, 0., 1.8969479477800069e+03, 0.,
       2.5813822607547545e+03, 1.0925354375087998e+03, 0., 0., 1. ]
dist_coeff: !!opencv-matrix
   rows: 5
   cols: 1
   dt: d
   data: [ 1.4741884112381004e-02, -2.8732888797150066e-02,
       -5.1312761323148734e-04, 4.0379419560495407e-04,
       1.8573933969187606e-02 ]
rvec: !!opencv-matrix
   rows: 210
   cols: 3
   dt: d
   data: [ -3.0600299974058980e+00, 3.8279734077184831e-02,
       -7.5311214206847971e-02, -3.0434296260602482e+00,
       7.7866571918569971e-03, -3.8801351977960051e-02,
       -3.0437607557083006e+00, 7.1230731637286451e-02,
       5.8058553233358588e-02, -3.0744816099407917e+00,
       1.1793713346795527e-01, -4.0385798052034627e-02,
       -3.1019888794966195e+00, 1.8541468486792032e-01,
       -8.8919077265191687e-02, 3.1384815982363494e+00,
       -1.7294552013450115e-01, 1.3457032219316648e-01,
       3.1010656284280125e+00, -1.5777786303296001e-01,
       1.2825844621771021e-01, 3.0685957612665655e+00,
       -1.4325351676663076e-01, 5.5614851304527840e-02,
       3.0569692717553290e+00, -1.4728200229508071e-01,
       -2.3189727173877572e-02, 3.0522226854405501e+00,
       -6.5604049086140537e-02, -9.3380073679057651e-02,
       3.0541008338093079e+00, -7.6489958706289385e-02,
       -2.1276570246942697e-01, 3.0451426470589671e+00,
       3.8404057981173322e-02, -3.6740947874540258e-01,
       3.0708756792621665e+00, 8.7368145986931198e-02,
       -5.0814942653251016e-01, 3.0779095139207060e+00,
       5.8704599729315035e-02, -5.7582896434158604e-01,
       -3.0559382794531542e+00, -4.3773483400146855e-02,
       5.8118992087679944e-01, -3.0171233509000368e+00,
       -1.1130527563975539e-02, 6.4842792543044880e-01,
       -3.0126413321935948e+00, 2.0826732332995888e-02,
       7.7545988695916512e-01, -2.9815366139133692e+00,
       -4.3843123982548325e-02, 8.5542435913682313e-01,
       -2.9469731909400516e+00, -5.4985201363524749e-02,
       8.8589585956059291e-01, -2.9543513316256602e+00,
       -2.2340732136418323e-02, 8.2524644914921896e-01,
       -2.9568231834006165e+00, -2.3766243056603130e-03,
       8.7557949626268017e-01, -2.9828758032674059e+00,
       -1.2367827630268759e-02, 9.1826779086087440e-01,
       2.9929670728540820e+00, 2.6551243477768788e-02,
       -9.3459573243726113e-01, -2.9809523660729833e+00,
       1.0724219840139904e-02, 9.2737393672369295e-01,
       -2.9473765147689273e+00, 1.2209499312605452e-02,
       9.3065817059082800e-01, -2.9527752063113115e+00,
       5.2700239330133285e-02, 9.8021317386230422e-01,
       2.9654473948990066e+00, -4.0442026613005583e-02,
       -9.9535974374781011e-01, 2.9321595365411270e+00,
       -4.5089080606912656e-02, -9.6551872921954163e-01,
       2.8988405746346726e+00, -4.7940288715937480e-02,
       -9.2287724775170576e-01, 2.8816087758718907e+00,
       -3.5023100657929421e-02, -9.0466265170582139e-01,
       2.9257042794684534e+00, 3.8577525975151592e-03,
       -8.8869956997870447e-01, 2.9821585379456756e+00,
       5.1232022447524450e-02, -9.0422695120010710e-01,
       -2.9822509756744036e+00, -5.6437955264748180e-02,
       9.0401185666858430e-01, -2.9090980302098752e+00,
       -4.6758262101800827e-02, 9.1246562077288329e-01,
       -2.8665261729836806e+00, -8.9106254469423482e-02,
       8.8973382082513053e-01, -2.8038314244756406e+00,
       -7.0666739576753762e-02, 8.8700168000876733e-01,
       -2.7451544800896395e+00, -2.8273563174667365e-02,
       8.7262750590597060e-01, -2.7644718947294109e+00,
       4.8822484081369275e-03, 8.7149972046426183e-01,
       -2.7247908245005616e+00, 2.3425455154220415e-02,
       8.9360315364068699e-01, -2.7010347867495117e+00,
       -1.6730162781718180e-02, 9.0231950033503316e-01,
       -2.6704011019707306e+00, -5.7620405267945547e-02,
       8.6765650405780148e-01, -2.6239788004499824e+00,
       -9.7297946127560167e-02, 8.7509947439139280e-01,
       -2.5850494131496622e+00, -1.1775471611043242e-01,
       8.8203860730021055e-01, -2.6111898423493911e+00,
       -1.3765812269950067e-01, 8.8422047281140381e-01,
       -2.6662739211025799e+00, -1.0029330897691283e-01,
       8.8979055647998595e-01, -2.6963296547575206e+00,
       -2.3763260354923748e-02, 8.9404835470032273e-01,
       -2.7317775999582388e+00, -2.3985821912688460e-02,
       9.5260191841950637e-01, -2.7586263196377834e+00,
       -1.4663034768667106e-03, 1.0103654882266080e+00,
       -2.8113505168332931e+00, -1.5549432565643081e-02,
       1.0147567561236557e+00, -2.8525304343634534e+00,
       -3.8221510639619580e-02, 1.0133809171258610e+00,
       -2.9438748642179333e+00, -5.1479784677564743e-03,
       9.1957804842152102e-01, 3.0037660419449344e+00,
       -1.4332308497399585e-02, -9.3474815852408599e-01,
       -2.9276413972580135e+00, -5.2140988470341394e-03,
       1.0933890240938979e+00, -2.8892030896425158e+00,
       2.7199584918645884e-02, 1.1336339025178639e+00,
       -2.8835490049379082e+00, 6.4030214334356059e-02,
       1.1113543989057759e+00, -2.8872270635299011e+00,
       1.0165503886095534e-01, 1.1881028492812735e+00,
       2.8514613006455378e+00, -1.2239134292892764e-01,
       -1.3088726598419751e+00, 2.7624197044935861e+00,
       -3.4022174154997864e-02, -1.3698023391513312e+00,
       2.8164672875876300e+00, -3.5927383814991887e-02,
       -1.3451619015459992e+00, -2.8068296817792162e+00,
       7.0309801918529619e-02, 1.3761742015220626e+00,
       2.8121341438383740e+00, -7.2196499468893033e-02,
       -1.3725880406965352e+00, 2.7707274466721423e+00,
       -1.9139050931708413e-02, -1.3969850672560704e+00,
       2.7942198977185697e+00, 1.5448954250523013e-02,
       -1.4251631280381460e+00, 2.7630408769140482e+00,
       5.0256962360407546e-02, -1.4872170889624801e+00,
       2.7619977759105514e+00, 1.2055987547608869e-01,
       -1.4805102872976599e+00, 2.7202783823890737e+00,
       1.1292815380453008e-01, -1.5738337862458234e+00,
       -2.7039083146527774e+00, -1.1001911556379682e-01,
       1.5922048946800889e+00, -2.7440077888120120e+00,
       -1.6372501248309901e-01, 1.4869865450611932e+00,
       -2.7239413685169982e+00, -1.7547670681554309e-01,
       1.4657386188600803e+00, -2.6693815525024913e+00,
       -1.5777292722785555e-01, 1.5289553039475379e+00,
       -2.6798959342472810e+00, -1.1187975531273606e-01,
       1.5798664881182805e+00, 2.7418258524603494e+00,
       2.6736970027683035e-02, -1.5015841298748633e+00,
       2.7518681890109806e+00, -6.5835066935732475e-02,
       -1.3744900533178628e+00, 2.8151772553730035e+00,
       -3.9365743214761051e-02, -1.3664383707800354e+00,
       -2.7745355813239838e+00, -6.0527401060572972e-02,
       1.4241263251322538e+00, 2.7669593425396397e+00,
       2.5099403523386306e-02, -1.4484057420676886e+00,
       -2.7464025353005770e+00, -3.9350684708960575e-02,
       1.4461326980310065e+00, -2.6887035169519691e+00,
       -6.8710569615921535e-02, 1.4345978458064965e+00,
       -2.6470133942126863e+00, -1.0695642508582680e-01,
       1.4028836185864031e+00, -2.5947917846976165e+00,
       -1.2538445155437089e-01, 1.3781343190888344e+00,
       -2.5208181526923394e+00, -8.5706379393086979e-02,
       1.3828674040086715e+00, -2.4513147124072709e+00,
       -1.0819955159708700e-01, 1.3830435113951942e+00,
       -2.5110732831009073e+00, -2.3836560215468353e-01,
       1.3435358332026963e+00, -2.5892705708466046e+00,
       -6.0537663810359257e-02, 1.3506598755948940e+00,
       -2.6445143784785876e+00, -6.7281621263203500e-02,
       1.3936015834885387e+00, -2.7279821263489605e+00,
       -4.5329498534006578e-02, 1.3347604838783302e+00,
       -2.7605464174696293e+00, -3.7270596236514388e-02,
       1.3781185756913199e+00, 2.7293364758276497e+00,
       -1.7849161027581613e-02, -1.5407716353737839e+00,
