%YAML:1.0
---
summary: "Filter by time and points, rd=20, rs=10, sp=5, sf=1."
init_cam_calib: C99-1010_3p_3
camera_matrix: !!opencv-matrix
   rows: 3
   cols: 3
   dt: d
   data: [ 2.5845626763255586e+03, 0., 1.8809775974296774e+03, 0.,
       2.5817398579924238e+03, 1.0862323115971758e+03, 0., 0., 1. ]
dist_coeff: !!opencv-matrix
   rows: 5
   cols: 1
   dt: d
   data: [ 1.9620183771705279e-02, -3.1621016572839424e-02,
       -4.1888666623516544e-04, -1.5171489120722030e-03,
       1.2508134577187181e-02 ]
std_intrinsics: !!opencv-matrix
   rows: 18
   cols: 1
   dt: d
   data: [ 1.4442572680926868e+00, 1.3162644281060254e+00,
       3.0328637129097089e+00, 1.9378317093075477e+00,
       3.6301548310339331e-03, 1.3465841968492653e-02,
       2.6435755564141634e-04, 4.0306936287364892e-04,
       1.4770401097105666e-02, 0., 0., 0., 0., 0., 0., 0., 0., 0. ]
std_extrinsics: !!opencv-matrix
   rows: 618
   cols: 1
   dt: d
   data: [ 1.9968945999119091e-03, 7.4476697100779056e-04,
       2.4433997746762482e-03, 4.1737858074655128e+00,
       2.7042565802370007e+00, 2.6515577161199988e+00,
       2.2205242784561021e-03, 7.0793283864558027e-04,
       2.4438394984295487e-03, 4.1665664785752998e+00,
       2.7023328477203323e+00, 2.7698485413252794e+00,
       2.0154521569324402e-03, 6.4220863101827964e-04,
       2.3586136759239959e-03, 4.1433547589034463e+00,
       2.6767349494131349e+00, 2.4544067773499356e+00,
       2.1603086704159403e-03, 6.8077871182215400e-04,
       2.2900321524105560e-03, 3.8364156036698591e+00,
       2.4981083386255185e+00, 2.5997971127245951e+00,
       1.6537743428128796e-03, 6.4377418688923310e-04,
       2.2959543343257682e-03, 3.4614090940387503e+00,
       2.2706601495949932e+00, 2.2656727802822170e+00,
       1.7810027610068405e-03, 5.7490153265717830e-04,
       2.1467972736847560e-03, 3.1177039739101597e+00,
       2.0785154360615672e+00, 2.1134049889733655e+00,
       1.9004911904716608e-03, 7.0144737560292139e-04,
       2.4806390754394917e-03, 3.1370815285080020e+00,
       2.0677171238343908e+00, 2.0043116260933198e+00,
       1.5458786089276879e-03, 5.9158023583898189e-04,
       2.2567863360555820e-03, 3.4653168064048252e+00,
       2.2732279338904089e+00, 1.8353858296852772e+00,
       1.8585292939195465e-03, 7.5396109836844798e-04,
       2.4573514363991637e-03, 3.8848643696824494e+00,
       2.5238344164991400e+00, 2.1168585395652788e+00,
       1.8436532175328155e-03, 7.3556052608991210e-04,
       2.3756115767468323e-03, 4.1843010724866900e+00,
       2.7208011380096657e+00, 2.2362898532132300e+00,
       2.0438339750815555e-03, 8.6527096148482558e-04,
       2.5119282848681469e-03, 4.3493713209268146e+00,
       2.8189104605928601e+00, 2.5181765586464002e+00,
       1.8808035010376529e-03, 8.1126577593801841e-04,
       2.6652790678232405e-03, 4.3432550635493223e+00,
       2.8297575513400597e+00, 2.5013503618081510e+00,
       1.9265449518673912e-03, 8.2343281358547842e-04,
       2.5037025906940536e-03, 4.3484730465634298e+00,
       2.8173204708707411e+00, 2.5512172237947270e+00,
       1.8219012194741133e-03, 7.8543063449195783e-04,
       2.4674614080310645e-03, 4.3635684313333982e+00,
       2.8398723495973681e+00, 2.3492294352224992e+00,
       1.9421014919329801e-03, 8.1796761875406086e-04,
       2.5749873252375213e-03, 4.3122314993195463e+00,
       2.7945915958350098e+00, 2.4689164647461519e+00,
       1.7002326313439479e-03, 8.8613678794830268e-04,
       2.6773027332109797e-03, 4.1827714249645052e+00,
       2.7102782644197125e+00, 2.6529331041124795e+00,
       1.6410429484624079e-03, 8.1607106919243122e-04,
       2.4609998443015273e-03, 4.1882005365012001e+00,
       2.7351225644205508e+00, 2.2572259265880339e+00,
       1.3427938763322037e-03, 7.6249236415690497e-04,
       2.6565880467112977e-03, 4.1724162813316470e+00,
       2.7113881690280190e+00, 2.2789986589715832e+00,
       1.7378937520714606e-03, 7.4955176532082190e-04,
       2.4253265847218519e-03, 4.1641219141678940e+00,
       2.7127939624124697e+00, 2.1895628551114172e+00,
       1.8066460998178921e-03, 7.7416191412943707e-04,
       2.3219813012633032e-03, 4.2630955115107207e+00,
       2.7712361186644356e+00, 2.4882416035898234e+00,
       2.4248705426234518e-03, 1.0037738864358506e-03,
       3.0337334534771528e-03, 4.2898274305946895e+00,
       2.8100337829628095e+00, 3.5256409936922588e+00,
       1.8835271892116263e-03, 7.9927969847429898e-04,
       2.2639435673655443e-03, 4.3381899963585155e+00,
       2.8008688295407591e+00, 2.5493640784982246e+00,
       1.6922473871230340e-03, 8.9575650535990219e-04,
       2.7413694737969153e-03, 4.3412985778511821e+00,
       2.8204891421229945e+00, 2.4605836378335955e+00,
       2.0179779339906559e-03, 8.9750782113788574e-04,
       2.5494205713600454e-03, 4.4414212896220899e+00,
       2.8684381725606021e+00, 2.6509749508250042e+00,
       2.0844288146437719e-03, 9.7095863953388436e-04,
       2.6362447387276622e-03, 4.6843747784870473e+00,
       3.0324369698513145e+00, 2.7764256021300948e+00,
       1.9339679190175005e-03, 1.3411287976694136e-03,
       2.8520984681204278e-03, 4.8546476581923788e+00,
       3.1150001182605558e+00, 3.3961345506821781e+00,
       2.4033671686684212e-03, 1.7820523538849679e-03,
       2.9961017154677468e-03, 4.8252692261503656e+00,
       3.0919686110301474e+00, 4.7005078392762041e+00,
       2.3795276834475223e-03, 1.8898815678669251e-03,
       2.6832050424173914e-03, 4.6137899749951643e+00,
       2.9974141001629127e+00, 4.2510915193004033e+00,
       2.4194280954038644e-03, 1.8284215938559748e-03,
       2.8326151441172244e-03, 4.2372913149799274e+00,
       2.8285612101327775e+00, 3.8854807805002864e+00,
       2.1379066534272977e-03, 1.5298094240590698e-03,
       2.8279677981228415e-03, 3.9720378229031019e+00,
       2.5622068049763542e+00, 2.4584031010315379e+00,
       2.0826866404644799e-03, 1.3773374303568645e-03,
       2.6429977393253399e-03, 3.5394167507626646e+00,
       2.2678376793517527e+00, 2.0469081058111827e+00,
       1.9160707735697544e-03, 1.2358721121042031e-03,
       2.5007051377358555e-03, 3.4993065424885903e+00,
       2.2281055971223078e+00, 1.9414680895204677e+00,
       1.8237540836269772e-03, 1.2387402820095161e-03,
       2.4107396696522346e-03, 3.4599826664028517e+00,
       2.2278925272964423e+00, 2.1780126394404640e+00,
       1.9709464176189155e-03, 1.4971960994456695e-03,
       2.3328049691247873e-03, 3.5121732120930300e+00,
       2.2596926789492149e+00, 2.3250909512534781e+00,
       1.9677486384649919e-03, 1.3846006426115301e-03,
       2.4202664491128280e-03, 3.4931250181191396e+00,
       2.2590703526726115e+00, 2.1862694611204097e+00,
       1.8393566639015784e-03, 1.3832942527219588e-03,
       2.3912166386677327e-03, 3.4893900859186244e+00,
       2.2720278427205738e+00, 2.5543565879809575e+00,
       1.9445332730935233e-03, 1.3838263852392384e-03,
       2.3651015584318686e-03, 3.4585053348975241e+00,
       2.2398086645277746e+00, 2.4158887830369795e+00,
       2.2171870004933608e-03, 1.5701226302840769e-03,
       2.6278403077360534e-03, 3.5353648484459259e+00,
       2.2840564442541145e+00, 2.5861361096181983e+00,
       1.9978225739154861e-03, 1.3632110866817061e-03,
       2.3593664324217090e-03, 3.5567330964652650e+00,
       2.3094958471609726e+00, 2.1530079563197120e+00,
       2.5140088889248095e-03, 1.6962103124940524e-03,
       2.2158345208255995e-03, 3.6466202582585048e+00,
       2.3711280610083860e+00, 2.3182172127945577e+00,
       2.1562234174997545e-03, 1.5120450169518152e-03,
       2.3384877769309733e-03, 3.5868779903097994e+00,
       2.3392553697933951e+00, 2.2819027606364890e+00,
       1.8717322186796964e-03, 1.2356972266038861e-03,
       2.3636631221452676e-03, 3.5237942422058630e+00,
       2.2951184944075314e+00, 2.0747684390844383e+00,
       2.0272008803942322e-03, 1.4718364578866655e-03,
       2.2538245938182053e-03, 3.6239614479770021e+00,
