%YAML:1.0
---
summary: "Filter by time, rd=20, rs=10."
init_cam_calib: C99-1010_3p_3
camera_matrix: !!opencv-matrix
   rows: 3
   cols: 3
   dt: d
   data: [ 2.5839208633957678e+03, 0., 1.8795244034728851e+03, 0.,
       2.5817813119246612e+03, 1.0899867909784525e+03, 0., 0., 1. ]
dist_coeff: !!opencv-matrix
   rows: 5
   cols: 1
   dt: d
   data: [ 2.0138105504998075e-02, -4.4110445629502587e-02,
       -2.8141997454441211e-04, -1.6212773570959164e-03,
       3.1732834783354910e-02 ]
rvec: !!opencv-matrix
   rows: 103
   cols: 3
   dt: d
   data: [ -3.0625207809257571e+00, 4.7339470977625087e-02,
       -6.6244216922784038e-02, -3.0604307738677297e+00,
       3.3352768172378720e-02, -4.5744087612775000e-02,
       -3.0398525084989916e+00, -5.3210012526660046e-04,
       -1.3148741806081207e-02, -3.0623020938501968e+00,
       1.0983653237442119e-01, -1.7263691164769043e-02,
       3.1096137772803174e+00, -1.4287655535686766e-01,
       1.1601680796157415e-01, 3.0351391645067181e+00,
       -9.9607528240955326e-02, -9.9975186176184463e-02,
       3.0463760158244892e+00, 7.5617146456361056e-02,
       -4.6558798229077047e-01, -3.0213275008705760e+00,
       -2.7442200157882603e-02, 6.2309966477658074e-01,
       -2.9642107077256901e+00, -6.3222141249168667e-02,
       8.6763149733826339e-01, -2.9550925498728828e+00,
       -1.6676314748209974e-02, 8.5830273111851196e-01,
       -2.9832927741032784e+00, -1.7163603500355281e-02,
       9.3030612612246233e-01, -2.9886532208829908e+00,
       1.0847509645418318e-02, 9.4905071233136962e-01,
       -2.9529891553372170e+00, 1.5113681503886577e-02,
       9.3788174681242553e-01, -2.9242155190707182e+00,
       1.3378921796183585e-02, 9.7004811450996120e-01,
       -2.9031209846067991e+00, 1.2430851423127932e-02,
       9.8091058414505339e-01, 2.8944103872980014e+00,
       -4.2692084265396682e-02, -9.3513051969169847e-01,
       2.8510939102983262e+00, -2.9952721220679251e-02,
       -9.0441200303300162e-01, 2.9227505666994031e+00,
       3.8756146546811768e-03, -8.9888414024748109e-01,
       -2.9241478828815595e+00, -4.8532712400367800e-02,
       9.2839105317333981e-01, -2.7602480720842681e+00,
       -1.5470920179171135e-03, 8.8131504249953418e-01,
       -2.5910028582449272e+00, -1.1602096635455666e-01,
       8.9244869787436631e-01, -2.7059330068221006e+00,
       -1.1004760959058103e-02, 9.7721338323640972e-01,
       2.9953082676394769e+00, -7.8454331797202195e-02,
       -9.7403568156461728e-01, -2.9082562635329925e+00,
       4.6495983211585082e-03, 1.1217437634646807e+00,
       -2.8799711089857820e+00, 6.4959686596298444e-02,
       1.1214064999389044e+00, 2.8065727435374814e+00,
       -7.2807561562139675e-02, -1.3818255942773590e+00,
       -2.7696939088610733e+00, -5.1759733774449306e-02,
       1.5004312510493474e+00, -2.6934140868151628e+00,
       -1.1234764117422286e-01, 1.5939784928954901e+00,
       -2.7355850855275565e+00, -1.8870937838880419e-01,
       1.4614350930584128e+00, 2.7119589713566792e+00,
       1.0898654104820928e-01, -1.5831927167522188e+00,
       2.7560770677896218e+00, -2.4872977454553993e-02,
       -1.4382675931222937e+00, 2.7666925779512304e+00,
       1.1290066648454519e-02, -1.4439465527063871e+00,
       -2.7703282047014008e+00, -6.0147025353259297e-02,
       1.4341611612542988e+00, -2.6965176359305176e+00,
       -7.7991478636007638e-02, 1.6051973588068074e+00,
       -2.7309769390607674e+00, -6.3948374761935156e-02,
       1.5299532992737206e+00, -2.6923001213881226e+00,
       -7.5965663519939775e-02, 1.5217550968965383e+00,
       2.7547762777587343e+00, 8.3854792724114245e-03,
       -1.4541969085157482e+00, 2.7481010183116781e+00,
       -1.6519407128413887e-02, -1.4449393077590105e+00,
       -2.5906914509311569e+00, -1.2438468494613464e-01,
       1.3875445897679253e+00, -2.4389562157125297e+00,
       -1.7759279498771208e-01, 1.4099352915922179e+00,
       -2.4857276138112430e+00, -2.3715978791825432e-01,
       1.3572413811188826e+00, -2.7387482855765972e+00,
       -5.1293822053256381e-02, 1.3324751442812877e+00,
       2.6794152981606252e+00, -2.2125223157753896e-02,
       -1.5523705105630723e+00, 2.6613003373293056e+00,
       1.4429917577066511e-02, -1.4710877615821440e+00,
       2.5481969911181195e+00, -1.6701065086845124e-01,
       -1.5213239324566106e+00, 2.5293653309089139e+00,
       -1.4566993022642641e-01, -1.5121545622233725e+00,
       2.5328881076087120e+00, -1.4951822933665293e-01,
       -1.5170919840418535e+00, 2.5250475582337879e+00,
       -1.1673563870168842e-01, -1.6921618340359905e+00,
       -2.6932243851345352e+00, -5.5421098597401339e-02,
       1.5121728439868500e+00, -2.7500801100584229e+00,
       4.1273135146870081e-02, 1.4900457186123730e+00,
       -2.7917023590684731e+00, 7.0494884245829628e-02,
       1.4040906526286705e+00, -2.8483467060852043e+00,
       -1.0052381135229636e-01, 1.3004251712823029e+00,
       -2.9822060980666074e+00, -9.2799530059341440e-02,
       9.2777869425458426e-01, 3.0561550929007306e+00,
       6.7676365639793304e-02, -7.4122579105956599e-01,
       -3.1374696843351622e+00, 6.4830469688988849e-03,
       1.4830374100991964e-01, 3.1362476638371688e+00,
       5.2289134800227281e-03, -1.2330562941837631e-01,
       -3.1341065322426611e+00, -4.4528007477387152e-02,
       -7.2330849546746985e-03, -3.1131225876270934e+00,
       -5.0402247604550393e-02, -4.9018807250547899e-02,
       -3.0544081200501081e+00, -8.3854749844832849e-02,
       -3.4286297452453579e-01, 3.1104828786909122e+00,
       1.3608340868025409e-01, 2.3934275438267730e-01,
       -3.0084337737890001e+00, -1.1611500969736553e-01,
       -6.7569752443991549e-01, -2.7412173249774523e+00,
       1.6955344532313843e-01, -1.2299174669683968e+00,
       -2.6820179146832346e+00, 1.4996991592586231e-01,
       -1.2250911463788434e+00, -2.7458245572831670e+00,
       8.2793554252581156e-02, -1.1761682946378329e+00,
       -2.7275130856089476e+00, 8.8771193437295046e-02,
       -1.2029333276068304e+00, -2.6426329332547231e+00,
       1.1476205623042060e-01, -1.4201939716116803e+00,
       -2.6443108362471719e+00, 9.9869014240412224e-02,
       -1.4245340752346569e+00, -2.7137428348669612e+00,
       8.3158473322285958e-02, -1.3260315372904521e+00,
       -2.7428161677506462e+00, 1.1976001160850008e-01,
       -1.3931162489762992e+00, -2.7919200378408426e+00,
       7.5878569314661110e-02, -1.3134492158624849e+00,
       -2.7143449773425052e+00, 8.6146295353644389e-02,
       -1.4404192460962075e+00, -2.6521760330504107e+00,
       1.1989009471097735e-01, -1.5715855455371617e+00,
       2.6721075631689657e+00, -6.6679082088183569e-03,
       1.5449775639177723e+00, 2.5883374128099415e+00,
       7.5933782525329577e-02, 1.4152691077964759e+00,
       2.6262396979363447e+00, 6.2225236793031621e-03,
       1.4960684394181398e+00, 2.6802947150638308e+00,
       -1.0180904108600287e-01, 1.6208331767677346e+00,
       -2.4991818217632078e+00, 2.6906822032439393e-01,
       -1.5112439526119128e+00, 2.4419592842362461e-01,
       2.1332266088679930e+00, 9.9298472406621319e-02,
       1.5212726256431619e-01, 2.2291488385116915e+00,
       1.5676243467919657e-01, -2.6953016400378500e+00,
       1.6329973360915126e-01, -1.2317422208354916e+00,
       -2.6267278658516227e+00, 1.7208993716246732e-01,
       -1.3290274524040557e+00, -2.6700159700372916e+00,
       1.6889470434673384e-01, -1.1966008956571823e+00,
       -2.6184798352599348e+00, 3.7516747732573030e-01,
       -1.0333195606750865e+00, -2.5834647155477981e+00,
       3.6402356687696857e-01, -1.0981648357345963e+00,
       -2.7281185466746818e+00, 2.1299173026863530e-01,
       -1.1107931245706733e+00, 2.8796835035732355e+00,
       1.1100673479682087e-03, 1.1612759722029764e+00,
       2.8995113619493291e+00, -2.9614145599301454e-04,
       1.1377455028386458e+00, 2.7739262267622813e+00,
       2.7142250654949632e-02, 1.0868071397029655e+00,
