%YAML:1.0
---
summary: "Filter by distance, md=200, ds=100."
init_cam_calib: C99-1010_3p_3
camera_matrix: !!opencv-matrix
   rows: 3
   cols: 3
   dt: d
   data: [ 2.5812705739492089e+03, 0., 1.8965001604686474e+03, 0.,
       2.5809899703570281e+03, 1.0934124823365921e+03, 0., 0., 1. ]
dist_coeff: !!opencv-matrix
   rows: 5
   cols: 1
   dt: d
   data: [ 1.4275075509947556e-02, -2.7866577004407873e-02,
       -4.3159235949026325e-04, 2.1946072274118823e-04,
       1.8502759369880870e-02 ]
std_intrinsics: !!opencv-matrix
   rows: 18
   cols: 1
   dt: d
   data: [ 5.8780763002485281e-01, 5.4156167840966851e-01,
       1.2061743934480349e+00, 7.6305518383209381e-01,
       1.4660102744905085e-03, 5.2682266684896213e-03,
       1.0140048832301833e-04, 1.5918647005638335e-04,
       5.6238054625896939e-03, 0., 0., 0., 0., 0., 0., 0., 0., 0. ]
std_extrinsics: !!opencv-matrix
   rows: 1266
   cols: 1
   dt: d
   data: [ 1.2003805930462497e-03, 4.5522522114765213e-04,
       1.3141854231275409e-03, 1.6872634047839452e+00,
       1.0936767746837661e+00, 1.3978890585715167e+00,
       1.1691016341467935e-03, 4.3182770736348709e-04,
       1.2689839731095508e-03, 1.6763453052148438e+00,
       1.0866112914213464e+00, 1.3491458564614658e+00,
       1.1112841206042656e-03, 3.9299948380430358e-04,
       1.1871813033844355e-03, 1.5900533121244500e+00,
       1.0370413307739279e+00, 1.3104913456289857e+00,
       1.0835224265851962e-03, 4.1193324520500080e-04,
       1.1793327552165696e-03, 1.5478567482810599e+00,
       1.0071771267433169e+00, 1.2592289951319491e+00,
       1.0692323454241752e-03, 4.2062351202387524e-04,
       1.1992876337592511e-03, 1.5215187269809354e+00,
       9.9182028690842072e-01, 1.2544228487476021e+00,
       9.9518460654782746e-04, 4.4558299532612033e-04,
       1.1771094740782263e-03, 1.4491045525329447e+00,
       9.4253747322713899e-01, 1.1491280912979140e+00,
       1.0211253907796295e-03, 3.9697787372265316e-04,
       1.1603918051861239e-03, 1.4165827188474565e+00,
       9.2480136721450279e-01, 1.1118763852227880e+00,
       1.1280482951319909e-03, 3.9071233173978244e-04,
       1.1762101178233546e-03, 1.3788947422323556e+00,
       9.0640072023279361e-01, 1.1329754029581394e+00,
       1.2222525381785328e-03, 3.8855256142132465e-04,
       1.1920658598584054e-03, 1.3590442481738001e+00,
       8.9931507702374314e-01, 1.1575147599526288e+00,
       1.1928331632712476e-03, 3.7068848890023777e-04,
       1.1470955892992699e-03, 1.2927627909260733e+00,
       8.5922950936447906e-01, 1.0773336359165595e+00,
       1.2683977954342709e-03, 3.7316968071124027e-04,
       1.1514943914219427e-03, 1.2570732969066205e+00,
       8.4125114412085744e-01, 1.0835855302564841e+00,
       1.2101390469126745e-03, 3.7428459763243107e-04,
       1.1320866392276372e-03, 1.2492517873880311e+00,
       8.3496121942843993e-01, 1.0364119067590274e+00,
       1.0134707914584466e-03, 3.8453185593827248e-04,
       1.2296943777199130e-03, 1.2590866174176569e+00,
       8.3375428656324591e-01, 9.5698546342306190e-01,
       8.8140494412434719e-04, 3.9152020580296101e-04,
       1.2962592939189622e-03, 1.2819126831970984e+00,
       8.4295750648902457e-01, 8.8825941417949716e-01,
       8.5893117123373548e-04, 3.9518311863164510e-04,
       1.3069325553340268e-03, 1.3330681186337079e+00,
       8.7638132249903433e-01, 9.0005398788344237e-01,
       9.3561676250408701e-04, 3.7446518118550273e-04,
       1.1515533816981085e-03, 1.3673151888236397e+00,
       8.9807079014747904e-01, 8.8232804023283506e-01,
       9.8467881854906263e-04, 3.8836926349955579e-04,
       1.1668564732978750e-03, 1.4250465293174861e+00,
       9.3527925313691307e-01, 9.2605127281313659e-01,
       1.0080331276928435e-03, 4.1061667775274942e-04,
       1.2027749999477101e-03, 1.4892619211695191e+00,
       9.7391628618337722e-01, 9.7140316300151075e-01,
       1.0339509158346979e-03, 4.2944282470602796e-04,
       1.2279618105810949e-03, 1.5494294984667196e+00,
       1.0129474356379136e+00, 1.0286593277016676e+00,
       1.0408691514362197e-03, 4.3723328441649365e-04,
       1.2475345842544001e-03, 1.6124780423810199e+00,
       1.0555214620727618e+00, 1.0874755124628006e+00,
       1.0809893804881721e-03, 4.5284966021890354e-04,
       1.3227008906790392e-03, 1.6909751371244908e+00,
       1.1120150531616559e+00, 1.2334940732879243e+00,
       1.1235905914536168e-03, 4.6676717213618306e-04,
       1.3556872950669127e-03, 1.7362571462539265e+00,
       1.1371526673294408e+00, 1.3019780238191103e+00,
       1.1263125707655229e-03, 4.7785247806866763e-04,
       1.3655278962510530e-03, 1.7381078526881180e+00,
       1.1367658884442648e+00, 1.3066371145868554e+00,
       9.4397755626341752e-04, 4.9851026436608650e-04,
       1.5477784612928198e-03, 1.7467119706410155e+00,
       1.1424974154328784e+00, 1.3617080898160709e+00,
       1.1484097239408189e-03, 4.8969675120265387e-04,
       1.3796975510041547e-03, 1.7511982989289081e+00,
       1.1451438998531422e+00, 1.3457489276158672e+00,
       1.1094894924777441e-03, 4.6838041279587556e-04,
       1.3511998677668800e-03, 1.7499229225423929e+00,
       1.1431784204307514e+00, 1.3000234031295341e+00,
       1.1183636401511862e-03, 4.7423251748457488e-04,
       1.3207579258463992e-03, 1.7089170742669502e+00,
       1.1121949513017484e+00, 1.2187557419557249e+00,
       9.1747579795450245e-04, 4.8306584161983185e-04,
       1.4808050417856942e-03, 1.7058005041252509e+00,
       1.1090301981360140e+00, 1.2193020170640643e+00,
       9.4628120649508556e-04, 4.8819778949552245e-04,
       1.4684967982725894e-03, 1.7037046378340961e+00,
       1.1084393968663540e+00, 1.2333625788290090e+00,
       9.5454234665300823e-04, 4.8489086710241507e-04,
       1.4419451140021944e-03, 1.6880403531003914e+00,
       1.1016570152547320e+00, 1.2493418471356110e+00,
       8.3636019598397815e-04, 4.6441693460556925e-04,
       1.3986475249958079e-03, 1.6927346821171669e+00,
       1.1084376931607414e+00, 1.1773165582395047e+00,
       8.1857130256482739e-04, 4.6698896182033767e-04,
       1.4145970322211846e-03, 1.6802625790784584e+00,
       1.1028607838887732e+00, 1.1672341030095974e+00,
       8.2616174181076826e-04, 4.5983576876547561e-04,
       1.4358187140449171e-03, 1.6661927536118173e+00,
       1.0929938399542067e+00, 1.1474622532366756e+00,
       1.0438994574940269e-03, 4.6335029755711980e-04,
       1.3186519385555457e-03, 1.6628759979234182e+00,
       1.0933548974490968e+00, 1.1672868461638399e+00,
       1.1076026787692761e-03, 4.5877026371962432e-04,
       1.3115275100729861e-03, 1.6966892059086895e+00,
       1.1110605134708078e+00, 1.1978213931196391e+00,
       1.0789772951939102e-03, 4.5360761170356353e-04,
       1.3157150147836609e-03, 1.6912346155698825e+00,
       1.1136081718148483e+00, 1.2389326477743421e+00,
       1.1030248045209511e-03, 4.5608384318300457e-04,
       1.3041107013435182e-03, 1.6907489813679972e+00,
       1.1152998757495882e+00, 1.2748723021112158e+00,
       1.1208525572451451e-03, 4.5312182715247467e-04,
       1.3049915047764927e-03, 1.7050332355438635e+00,
       1.1266533679200450e+00, 1.3352061410192577e+00,
       1.1251345464236861e-03, 4.5407555491257880e-04,
       1.2649950924566308e-03, 1.7186838347148372e+00,
       1.1290947704531422e+00, 1.2968702220031223e+00,
       1.1927226571031571e-03, 4.7358252959923811e-04,
       1.3018285136568114e-03, 1.7550384853708692e+00,
       1.1532638436283800e+00, 1.3612692777564563e+00,
       1.1851455258809036e-03, 4.7428915288838855e-04,
       1.3528200793819596e-03, 1.7504184947639581e+00,
       1.1570786479019985e+00, 1.4363811973502685e+00,
       1.2236177070190763e-03, 4.8188587121299968e-04,
       1.4002862892684845e-03, 1.7475366593931039e+00,
       1.1666027153579790e+00, 1.5285976250899378e+00,
       1.3433592565476823e-03, 5.2144246676335800e-04,
       1.5069486775914733e-03, 1.7487898404440800e+00,
