%YAML:1.0
---
summary: "Filter by distance, md=200, ds=0."
init_cam_calib: C99-1010_3p_3
camera_matrix: !!opencv-matrix
   rows: 3
   cols: 3
   dt: d
   data: [ 2.5807220959267997e+03, 0., 1.8971948631197590e+03, 0.,
       2.5807468647159812e+03, 1.0936999170352692e+03, 0., 0., 1. ]
dist_coeff: !!opencv-matrix
   rows: 5
   cols: 1
   dt: d
   data: [ 1.3481967380420151e-02, -2.5096903483066469e-02,
       -3.8076869580209294e-04, 3.0742726562833875e-04,
       1.5758328517423731e-02 ]
std_intrinsics: !!opencv-matrix
   rows: 18
   cols: 1
   dt: d
   data: [ 5.9588384049765786e-01, 5.4830480168745432e-01,
       1.2225169132964608e+00, 7.7415997836937467e-01,
       1.4857223894811505e-03, 5.3353255275775027e-03,
       1.0295444740153744e-04, 1.6142175747016710e-04,
       5.6925861591196536e-03, 0., 0., 0., 0., 0., 0., 0., 0., 0. ]
std_extrinsics: !!opencv-matrix
   rows: 1260
   cols: 1
   dt: d
   data: [ 1.2121028930602124e-03, 4.5976792913650990e-04,
       1.3284174013212140e-03, 1.7099735429334852e+00,
       1.1091153612090698e+00, 1.4130605210985090e+00,
       1.1608373954041448e-03, 4.1841967675130425e-04,
       1.2435917546419425e-03, 1.6773185266679913e+00,
       1.0894716358920888e+00, 1.3451988027934501e+00,
       1.1214905325991995e-03, 4.0205016295175738e-04,
       1.2125772891729812e-03, 1.5928818696479481e+00,
       1.0397299160552240e+00, 1.3176698591196152e+00,
       1.0847141244903285e-03, 4.2490563204411995e-04,
       1.2156993048331539e-03, 1.5533909823351222e+00,
       1.0137064794670023e+00, 1.2940083597806105e+00,
       1.0406725306854618e-03, 4.4175379613310624e-04,
       1.1935804865608375e-03, 1.4929507864696978e+00,
       9.7172547122015007e-01, 1.1966121572132111e+00,
       1.0460556863717315e-03, 4.0367573476648408e-04,
       1.1837633083756796e-03, 1.4429391746137674e+00,
       9.4183635459150417e-01, 1.1355812626200152e+00,
       1.1498101322999523e-03, 3.9769252840955174e-04,
       1.1903399291929306e-03, 1.4038142372537856e+00,
       9.2170868666643480e-01, 1.1559086832042151e+00,
       1.1930489863836305e-03, 3.9288120400689350e-04,
       1.1999909423755437e-03, 1.3814375859369550e+00,
       9.1218466862850245e-01, 1.1592186730976446e+00,
       1.2026761301399192e-03, 3.7569868924320016e-04,
       1.1655490235055743e-03, 1.3183418834970544e+00,
       8.7616915955523855e-01, 1.0949533723155818e+00,
       1.2807317054795990e-03, 3.7680691771277392e-04,
       1.1643190027566888e-03, 1.2736880025650503e+00,
       8.5291327833190789e-01, 1.0958274971874205e+00,
       1.2219741368334055e-03, 3.7790899435612629e-04,
       1.1448271947212200e-03, 1.2657997995707164e+00,
       8.4657197032611586e-01, 1.0482611108009656e+00,
       1.0235092600521078e-03, 3.8832238304837321e-04,
       1.2432181200537843e-03, 1.2758458270085715e+00,
       8.4542120143756416e-01, 9.6812454029615036e-01,
       8.9027346134280122e-04, 3.9543416679154288e-04,
       1.3104508083881235e-03, 1.2990612312221719e+00,
       8.5480761195846511e-01, 8.9871174133701703e-01,
       8.6761352781260432e-04, 3.9915041279333524e-04,
       1.3212061588962153e-03, 1.3509396125351807e+00,
       8.8872618924427349e-01, 9.1067838586329375e-01,
       9.4509921319586366e-04, 3.7822973340235328e-04,
       1.1645243887135925e-03, 1.3856898791392627e+00,
       9.1075718542638329e-01, 8.9288131367779910e-01,
       9.9466102757044396e-04, 3.9227891698502050e-04,
       1.1799383748326948e-03, 1.4442159020390919e+00,
       9.4848400310223757e-01, 9.3700773409232119e-01,
       1.0182938522597883e-03, 4.1476082856320185e-04,
       1.2161687292846176e-03, 1.5093045187876102e+00,
       9.8766067070826669e-01, 9.8275162616577594e-01,
       1.0445223130010569e-03, 4.3376642225595100e-04,
       1.2415860604462676e-03, 1.5703065149556894e+00,
       1.0272354827443704e+00, 1.0404684504396491e+00,
       1.0515228973694767e-03, 4.4164021143137716e-04,
       1.2612907750048290e-03, 1.6342232257316820e+00,
       1.0704069936654943e+00, 1.0997892854713724e+00,
       1.0919670584132910e-03, 4.5744786639669607e-04,
       1.3370902681801339e-03, 1.7137788082559118e+00,
       1.1276804667935192e+00, 1.2470269888925525e+00,
       1.1350072110621297e-03, 4.7148986584107040e-04,
       1.3703774974759858e-03, 1.7596658553155777e+00,
       1.1531943748111544e+00, 1.3160932324760195e+00,
       1.1377627176118450e-03, 4.8267623109090642e-04,
       1.3803092374278234e-03, 1.7615281272379966e+00,
       1.1528016741675959e+00, 1.3208032578207998e+00,
       9.5364925295472627e-04, 5.0352210972651548e-04,
       1.5642703091524426e-03, 1.7702222498036886e+00,
       1.1586026768078728e+00, 1.3763520068396611e+00,
       1.1600765613460570e-03, 4.9463814440135084e-04,
       1.3946116758070174e-03, 1.7747856983899393e+00,
       1.1612903860987300e+00, 1.3602366077591763e+00,
       1.1207841474109006e-03, 4.7312946689389901e-04,
       1.3658193328932844e-03, 1.7735223109685709e+00,
       1.1593075394489316e+00, 1.3141140690716921e+00,
       1.1297774688558116e-03, 4.7901596406674653e-04,
       1.3351139391923445e-03, 1.7319261456585249e+00,
       1.1278830950050889e+00, 1.2322497353899766e+00,
       9.2688810772018288e-04, 4.8790055152509262e-04,
       1.4966765803622669e-03, 1.7287481801827196e+00,
       1.1246693586241177e+00, 1.2328412499729193e+00,
       9.5595310890379402e-04, 4.9305923470653449e-04,
       1.4841881457118714e-03, 1.7265985431995809e+00,
       1.1240565338727475e+00, 1.2470510068978067e+00,
       9.6426921858663872e-04, 4.8973650510866188e-04,
       1.4573400682862813e-03, 1.7107000091176365e+00,
       1.1171600299956304e+00, 1.2631457046862284e+00,
       8.4496295487030337e-04, 4.6919291072772148e-04,
       1.4136593069167690e-03, 1.7155060280752654e+00,
       1.1240264098047452e+00, 1.1905428685539767e+00,
       8.2701636717430872e-04, 4.7180831622076837e-04,
       1.4297893072111965e-03, 1.7028900864142025e+00,
       1.1183682302700777e+00, 1.1803166334806163e+00,
       8.3468564921279252e-04, 4.6456482211847968e-04,
       1.4512734465015656e-03, 1.6886494816102076e+00,
       1.1083741655288049e+00, 1.1603583476393928e+00,
       1.0545550083890796e-03, 4.6806196560564257e-04,
       1.3330785036749101e-03, 1.6852969676193950e+00,
       1.1087230732054127e+00, 1.1802967450913164e+00,
       1.1189000561690596e-03, 4.6337839791491903e-04,
       1.3258294609770538e-03, 1.7195747065659626e+00,
       1.1266962272976133e+00, 1.2111151475093815e+00,
       1.0900077866166980e-03, 4.5817234754495935e-04,
       1.3300506920079750e-03, 1.7140755696529733e+00,
       1.1292391660497856e+00, 1.2524908135358186e+00,
       1.1143141690154112e-03, 4.6066080764343856e-04,
       1.3183109532545181e-03, 1.7135901405256673e+00,
       1.1309361792059396e+00, 1.2886729714759839e+00,
       1.1323173874944041e-03, 4.5768272174893769e-04,
       1.3191709065237299e-03, 1.7280799268575286e+00,
       1.1424339164705746e+00, 1.3495152160075143e+00,
       1.1366437105029329e-03, 4.5864587901169035e-04,
       1.2787410015027234e-03, 1.7419032438493620e+00,
       1.1449781574091136e+00, 1.3108165842217567e+00,
       1.2048922957223053e-03, 4.7831974316077001e-04,
       1.3158858409668636e-03, 1.7787377571136351e+00,
       1.1694456213170827e+00, 1.3758363366093198e+00,
       1.1972369299818844e-03, 4.7903522403815006e-04,
       1.3673924702659948e-03, 1.7740619690956938e+00,
       1.1732445370373299e+00, 1.4516158036283733e+00,
       1.2360730587548082e-03, 4.8669809619586262e-04,
       1.4152841328694214e-03, 1.7711422914916208e+00,
       1.1828043953632466e+00, 1.5445727901292274e+00,
       1.3569693355792460e-03, 5.2661184194238990e-04,
       1.5229372497026260e-03, 1.7723478293309340e+00,
       1.1971230983200589e+00, 1.6739648867714243e+00,
       1.4433299409498785e-03, 5.5601426564233242e-04,
       1.6464476726129303e-03, 1.7678958161318292e+00,
