%YAML:1.0
---
summary: "Filter by distance, md=250, ds=0."
init_cam_calib: C99-1010_3p_3
camera_matrix: !!opencv-matrix
   rows: 3
   cols: 3
   dt: d
   data: [ 2.5787090876831353e+03, 0., 1.8780695530893108e+03, 0.,
       2.5801557146374971e+03, 1.0947524415372739e+03, 0., 0., 1. ]
dist_coeff: !!opencv-matrix
   rows: 5
   cols: 1
   dt: d
   data: [ 1.7869662257435179e-02, -4.4067919423032405e-02,
       -1.7762788189376242e-04, -1.4862150120429874e-03,
       3.7948209866164061e-02 ]
rvec: !!opencv-matrix
   rows: 167
   cols: 3
   dt: d
   data: [ -3.0596339349814139e+00, 3.8141268895955531e-02,
       -6.6139042013945382e-02, -3.0597411502889229e+00,
       4.0360076999540612e-02, -6.7761515550774060e-02,
       -3.0343864064208859e+00, 4.4669755630472596e-02,
       6.5721049749191851e-02, -3.0620549983880618e+00,
       1.0975665280201737e-01, -1.7017981775146351e-02,
       -3.0975154544499661e+00, 1.5621455091970116e-01,
       -6.1240716106083781e-02, 3.1391168213132645e+00,
       -1.7263439192475363e-01, 1.2548685274406410e-01,
       3.0996429808115438e+00, -1.6935249509435005e-01,
       7.7163902001371243e-02, 3.0619238134901114e+00,
       -1.2315562198379447e-01, 1.6181870226142210e-02,
       3.0433733632909181e+00, -1.3029485161361531e-01,
       -7.6759070735389720e-02, 3.0567997938803959e+00,
       -7.3627334309285808e-02, -1.9780107284539813e-01,
       3.0445531724399162e+00, 3.9074900746774104e-02,
       -3.7562429014213827e-01, 3.0800372332889547e+00,
       8.0236974315244264e-02, -5.0694302689469140e-01,
       -3.0887010297312325e+00, -4.8015676695758604e-02,
       5.9817843747679900e-01, -3.0299432021142056e+00,
       -3.6979366009959401e-02, 5.9932202912757004e-01,
       -3.0069691949280468e+00, 2.4153214284625000e-02,
       7.5163838466236876e-01, -2.9785368160739467e+00,
       -4.4360969613163492e-02, 8.6363612299217418e-01,
       -2.9583179684234868e+00, -2.1978196050979223e-02,
       8.9202491509604021e-01, -2.9357611742297882e+00,
       -1.7574973992711528e-02, 8.1915123922983901e-01,
       -2.9563200733131705e+00, -1.0806172932602382e-02,
       8.4911555539127592e-01, -2.9785971369423421e+00,
       -1.2325377277522741e-02, 9.2796633126404504e-01,
       -2.9381981414313705e+00, 1.2530593217284476e-02,
       9.3972563172019652e-01, 2.9872663517074507e+00,
       -5.5876441744109030e-02, -1.0059097617237056e+00,
       2.9370098150026056e+00, -4.6143087942756282e-02,
       -9.8360328375628236e-01, 2.8885297372237591e+00,
       -5.2874425852927731e-02, -9.3345765702767336e-01,
       2.8797566269345074e+00, -1.6088309491382968e-02,
       -9.0357154554000152e-01, 2.9465294291372315e+00,
       1.9444087043988506e-02, -9.1551941779182233e-01,
       -2.9788974197610010e+00, -5.7236677415360225e-02,
       9.1265310007285783e-01, -2.8745603286495953e+00,
       -4.2989836313929511e-02, 9.3119620112796164e-01,
       -2.8335900635723639e+00, -8.7531727450657265e-02,
       8.8922568756594567e-01, -2.7809032872702675e+00,
       -3.9260978126692478e-02, 8.7383754371647127e-01,
       -2.7011713695445718e+00, 1.6722675083719604e-02,
       9.0579097449378176e-01, -2.6668639189403276e+00,
       -5.7186523755978554e-02, 8.7561262987462207e-01,
       -2.6204064430071137e+00, -9.6747484244159160e-02,
       8.8288944405284286e-01, -2.6627477023007784e+00,
       -9.9849511499608773e-02, 8.9747314445551674e-01,
       -2.7046062311402639e+00, -1.4459990585364253e-02,
       9.2915206214806556e-01, -2.7352861456448276e+00,
       -2.5086536410422543e-02, 1.0077463373439308e+00,
       -2.8076775005503469e+00, -1.5600481410980516e-02,
       1.0228085873792407e+00, -2.8487981011133261e+00,
       -3.8411187559414153e-02, 1.0214955069840805e+00,
       -2.9403463789654136e+00, -5.4563001842326273e-03,
       9.2808734251180969e-01, 3.0016413774148352e+00,
       -1.3990499533059808e-02, -9.4393441817607282e-01,
       -2.9117817185967958e+00, -1.3180381669133457e-04,
       1.1123428308909833e+00, -2.8855425786986264e+00,
       1.8714207902324496e-02, 1.0857489821510771e+00,
       -2.8761798634733666e+00, 9.1077775627649654e-02,
       1.1717668982174128e+00, 2.8802607527845021e+00,
       -1.2317950518727094e-01, -1.2713463702736909e+00,
       2.8142312172972215e+00, -1.0270516548710057e-01,
       -1.3334785303611605e+00, -2.8178166479288977e+00,
       5.3408245535975903e-02, 1.3741665304566253e+00,
       2.8023152230116359e+00, -6.6756437490966200e-02,
       -1.3885851288287379e+00, 2.7496436655846499e+00,
       1.5344120033920449e-02, -1.4075564187902785e+00,
       2.7901687383178850e+00, 1.6234053063346566e-02,
       -1.4345971435805103e+00, -2.7625640846142598e+00,
       -5.1294796664520165e-02, 1.5020161207293734e+00,
       2.7604209897384218e+00, 1.3067914159611357e-01,
       -1.5216854072332648e+00, -2.6907041501020226e+00,
       -1.0947220975593043e-01, 1.5970485891110799e+00,
       -2.7327384630293956e+00, -1.6855942666574172e-01,
       1.4820833764024530e+00, -2.6943472623757425e+00,
       -1.7699597993363411e-01, 1.4864266954565293e+00,
       -2.6737202924402728e+00, -1.1281697770508896e-01,
       1.5884535125198385e+00, 2.7375184994225727e+00,
       2.7761377191587742e-02, -1.5109808860226879e+00,
       2.7479731569651564e+00, -6.4876193707586599e-02,
       -1.3836169405826344e+00, 2.7935942707727617e+00,
       -1.7987506872271689e-02, -1.4499431461327967e+00,
       -2.7161390653106818e+00, -7.0088471112019393e-02,
       1.4844932223604608e+00, 2.7696019404563295e+00,
       5.0483595323139417e-02, -1.4740675299697532e+00,
       2.7308676979898077e+00, -3.0048707104833740e-02,
       -1.4435931654382743e+00, 2.7792845047197843e+00,
       2.2357898448378800e-02, -1.4705696210905588e+00,
       -2.7078428575464706e+00, -5.3791223119529614e-02,
       1.4566061531182237e+00, -2.6439209561628880e+00,
       -9.5205397808229758e-02, 1.4367107644959221e+00,
       -2.5890878022634709e+00, -1.2527090100801166e-01,
       1.3862613382501152e+00, -2.5052929429360775e+00,
       -8.6175747770320665e-02, 1.3898723396405335e+00,
       -2.4227224942649310e+00, -1.2489941128313665e-01,
       1.4114207185502192e+00, -2.5052117950218920e+00,
       -2.3783103662881938e-01, 1.3513715518851757e+00,
       -2.6389369536667293e+00, -6.7330259503455572e-02,
       1.4019106845095590e+00, -2.7316643236123803e+00,
       -4.0006130321760737e-02, 1.3712650187202364e+00,
       -2.7593868027466915e+00, -2.9832859640156528e-04,
       1.4805589965572210e+00, 2.6991750013067830e+00,
       1.1428776836590914e-02, -1.4759016463417320e+00,
       2.6456372067938929e+00, 1.4982060287132227e-03,
       -1.4657369215021714e+00, 2.5551894590487079e+00,
       -1.5796257058139729e-01, -1.6219921623206377e+00,
       2.6622464490284070e+00, 3.6317020496875667e-03,
       -1.6476149437620684e+00, -2.6429850642329638e+00,
       -6.3518980620148116e-02, 1.5794356080157221e+00,
       -2.8152655609900390e+00, -2.1711004500130672e-02,
       1.3746482913410039e+00, 2.8045470593501336e+00,
       -1.0214787372562834e-01, -1.3613392802454409e+00,
       -2.7608276289016440e+00, 5.5874466288045786e-02,
       1.4590591299153577e+00, -2.7700158514785884e+00,
       1.2427695226707236e-01, 1.3860113515224970e+00,
       2.8082390854245158e+00, -6.2480353931775520e-03,
       -1.3975574507573747e+00, -2.8249377438217453e+00,
       -3.5009893103322309e-02, 1.3369403462549543e+00,
       -2.9424827944237042e+00, -8.6343348029206138e-02,
       1.0912391167524054e+00, -2.9692902821303413e+00,
       -8.6875152661290644e-02, 9.4010675574007518e-01,
       -3.0308381675274556e+00, -1.0272526347648821e-01,
       7.5488018439832005e-01, -3.0124107241445857e+00,
       -5.3590491927864817e-02, 6.9233528126239474e-01,
       3.0430880576304160e+00, 7.0661534374282783e-02,
       -7.2038062385503798e-01, 3.0470429753825967e+00,
       3.2001315654760207e-02, -5.8055118051648202e-01,
