%YAML:1.0
---
summary: "Filter by time and points, rd=20, rs=10, sp=5, sf=3."
init_cam_calib: C99-1010_3p_3
camera_matrix: !!opencv-matrix
   rows: 3
   cols: 3
   dt: d
   data: [ 2.5871394977760920e+03, 0., 1.8754817482562132e+03, 0.,
       2.5857589757272681e+03, 1.0922232969162526e+03, 0., 0., 1. ]
dist_coeff: !!opencv-matrix
   rows: 5
   cols: 1
   dt: d
   data: [ 2.1292033366327654e-02, -4.7994287279754799e-02,
       2.5134936433309169e-04, -2.0961448048369795e-03,
       4.0668274971479623e-02 ]
std_intrinsics: !!opencv-matrix
   rows: 18
   cols: 1
   dt: d
   data: [ 1.4268434710228823e+00, 1.3062855275079828e+00,
       2.9072298800263470e+00, 1.8657080458297692e+00,
       3.5227049009201551e-03, 1.3049080362909462e-02,
       2.4852438924143430e-04, 3.8666726904569354e-04,
       1.4266182333674070e-02, 0., 0., 0., 0., 0., 0., 0., 0., 0. ]
std_extrinsics: !!opencv-matrix
   rows: 618
   cols: 1
   dt: d
   data: [ 2.1604470385987980e-03, 7.6940915833867353e-04,
       2.4159614557516572e-03, 3.9984441727763840e+00,
       2.5970429451498087e+00, 2.8040493974755325e+00,
       1.6654358400355019e-03, 6.6680331256986137e-04,
       2.1749731272147593e-03, 3.9918097089788178e+00,
       2.5975410218523183e+00, 2.5181374955985549e+00,
       2.0381770578614122e-03, 6.3157025626898089e-04,
       2.2460128529897014e-03, 3.9571739905253147e+00,
       2.5819887354087014e+00, 2.5296910746085937e+00,
       1.6762067660809057e-03, 6.4627728753721952e-04,
       2.2678582248998186e-03, 3.6809315232633564e+00,
       2.4005704540272186e+00, 2.3465420817946043e+00,
       2.2979042158575041e-03, 6.4504650931066203e-04,
       2.3558013327342458e-03, 3.3349797484563317e+00,
       2.2080231529105521e+00, 2.2879073102731842e+00,
       2.6786425478115428e-03, 6.0974247501438116e-04,
       2.2939589395468978e-03, 3.0252849826131363e+00,
       2.0518116544279055e+00, 2.1458805488340049e+00,
       1.4088033264687107e-03, 6.3121597686505507e-04,
       2.4784293215450964e-03, 3.0013933953764229e+00,
       1.9800046197555496e+00, 1.7858229309006761e+00,
       1.5542165143094359e-03, 6.2664754027187393e-04,
       2.1820966185655600e-03, 3.3225077050190017e+00,
       2.1737763243484443e+00, 1.8303665980864101e+00,
       1.7303887286815240e-03, 7.5027658977995439e-04,
       2.3554609476821591e-03, 3.7265673079760235e+00,
       2.4286805280801960e+00, 2.1373794140994695e+00,
       1.8701853681174347e-03, 8.0433024315361575e-04,
       2.4873179936349158e-03, 4.0014029503019115e+00,
       2.6041146810092810e+00, 2.3689913049909439e+00,
       1.9005365055454904e-03, 8.1397563394069365e-04,
       2.5133414502373575e-03, 4.1590884165740327e+00,
       2.7247260292435120e+00, 2.5611649022401339e+00,
       2.0460896818790889e-03, 8.5587306614386756e-04,
       2.4545350739607810e-03, 4.1844193767775479e+00,
       2.7220278954650672e+00, 2.6106139906895072e+00,
       1.8648697672068138e-03, 7.4324482438584366e-04,
       2.3170384906721101e-03, 4.1730125348389446e+00,
       2.7253005943385995e+00, 2.2622110242426730e+00,
       1.9262039850041356e-03, 8.1591009909575578e-04,
       2.3603832956378221e-03, 4.1792781276557935e+00,
       2.7160114189385260e+00, 2.3861092281487224e+00,
       1.9303132813490052e-03, 8.3265237427492152e-04,
       2.3664903088833986e-03, 4.1567621233704255e+00,
       2.6915956263717904e+00, 2.2976939386371971e+00,
       1.4803054599687290e-03, 7.5541981769177910e-04,
       2.5318171891680987e-03, 4.0153161923310794e+00,
       2.6232638031076263e+00, 2.2018967493201358e+00,
       1.6136903558018414e-03, 8.0943594615815893e-04,
       2.4984027508060244e-03, 4.0419426684527684e+00,
       2.6444774005883929e+00, 2.3380271664183998e+00,
       1.4687593685479262e-03, 8.1722270071133373e-04,
       2.4887458319415323e-03, 3.9953494168681445e+00,
       2.6154015295345885e+00, 2.2273635612283020e+00,
       1.8896103496768273e-03, 8.1366961903249751e-04,
       2.3672416060897222e-03, 4.0062328722099982e+00,
       2.6005965609880710e+00, 2.3983358370626702e+00,
       1.8148163741451503e-03, 7.5968333929034315e-04,
       2.3187531293818934e-03, 4.0856208834500132e+00,
       2.6525651371474002e+00, 2.4189056962128954e+00,
       2.1992029143894851e-03, 8.5610902499778756e-04,
       2.5950745626686822e-03, 4.1055726457848536e+00,
       2.7036937794557043e+00, 3.0479185051296400e+00,
       1.9080114709472496e-03, 7.8176483977040220e-04,
       2.2314092481581439e-03, 4.1828619793841924e+00,
       2.7143015015025203e+00, 2.3640855419146733e+00,
       1.5954934569074794e-03, 8.1958535058960938e-04,
       2.6776760033309470e-03, 4.1795239158479172e+00,
       2.7253855274769396e+00, 2.4027406697350036e+00,
       1.9481276920922511e-03, 8.3516503767968133e-04,
       2.5123655375956493e-03, 4.2674957003920522e+00,
       2.7591175792443963e+00, 2.5860159770310589e+00,
       2.0394005401541508e-03, 9.6316433178959837e-04,
       2.5610767400605847e-03, 4.4919260952352733e+00,
       2.9187890103560830e+00, 2.9977791991921290e+00,
       1.7707607256775037e-03, 1.1810496772655876e-03,
       2.6689132455002401e-03, 4.6351783343040385e+00,
       2.9869677847587934e+00, 3.3583734800688063e+00,
       2.5602667689728952e-03, 2.0389788384174439e-03,
       2.7727046256536985e-03, 4.6410582284776858e+00,
       2.9827506273528992e+00, 3.7300563313590844e+00,
       2.2723206751794700e-03, 1.9783810473878970e-03,
       2.5854954133138195e-03, 4.4315264938429237e+00,
       2.8898876674998095e+00, 3.4907058450163220e+00,
       2.4897937139144147e-03, 1.5948175871318153e-03,
       2.7650873092804349e-03, 4.1559690100985511e+00,
       2.7522046185811719e+00, 2.8147908933788677e+00,
       1.8809861719403433e-03, 1.3822865985235889e-03,
       2.4399874671912816e-03, 3.7221154296265988e+00,
       2.4389450824833454e+00, 2.4703370430114471e+00,
       2.0024240620119594e-03, 1.3719013247636925e-03,
       2.1838277818802226e-03, 3.3718930852854605e+00,
       2.1831229198765345e+00, 2.0885631958936783e+00,
       2.0132157999811023e-03, 1.4779965194615702e-03,
       2.4034840936067148e-03, 3.3364854844691179e+00,
       2.1642425665225544e+00, 2.3418554575503623e+00,
       1.8662275641573144e-03, 1.4499922958206150e-03,
       2.2993371727418840e-03, 3.3195424471426209e+00,
       2.1642980840112314e+00, 1.8959992966516146e+00,
       1.8494585827262442e-03, 1.3964010624618634e-03,
       2.1803664281252869e-03, 3.3951913662534521e+00,
       2.1853481705131133e+00, 2.3963558379258583e+00,
       1.9700325127902031e-03, 1.5019848369796256e-03,
       2.4545314142757450e-03, 3.3976511214193392e+00,
       2.2112091247025365e+00, 2.3463580643648809e+00,
       1.8084054904593078e-03, 1.1717263246506483e-03,
       2.0748926345037192e-03, 3.3516966160490878e+00,
       2.1601200702210899e+00, 1.7408359047701139e+00,
       1.8728077451126636e-03, 1.3310979475888551e-03,
       2.2749489568878161e-03, 3.3378847256380042e+00,
       2.1515794910425270e+00, 2.1060646810280117e+00,
       2.0085567546132828e-03, 1.3324823101849108e-03,
       2.4241171343569626e-03, 3.4058180066335351e+00,
       2.1965261850716167e+00, 2.0567809455036734e+00,
       1.9686475344772745e-03, 1.2287535277321030e-03,
       2.0248559505920477e-03, 3.4168878959362927e+00,
       2.2313960144328253e+00, 1.9199433706128519e+00,
       2.1771749973412994e-03, 1.3955511081997025e-03,
       2.1440270699753109e-03, 3.4943983482738830e+00,
       2.2745059497392832e+00, 2.5974976084670027e+00,
       1.9118779154163276e-03, 1.1989876801914950e-03,
       2.1227121653964666e-03, 3.4550408880892665e+00,
       2.2333534487774682e+00, 2.3452440490956263e+00,
       1.8890091506998474e-03, 1.3057160272891401e-03,
       2.1872734866373962e-03, 3.3640531887762073e+00,
       2.2070594031935542e+00, 1.9647495429970259e+00,
       1.7865576880748515e-03, 1.2641708556307269e-03,
       2.2185832595408364e-03, 3.4194496769360998e+00,
