%YAML:1.0
---
summary: "Filter by time and points, rd=20, rs=0, sp=5, sf=2."
init_cam_calib: C99-1010_3p_3
camera_matrix: !!opencv-matrix
   rows: 3
   cols: 3
   dt: d
   data: [ 2.5837382352386539e+03, 0., 1.8880708700131181e+03, 0.,
       2.5776205640993753e+03, 1.0884553800501349e+03, 0., 0., 1. ]
dist_coeff: !!opencv-matrix
   rows: 5
   cols: 1
   dt: d
   data: [ 2.4318050478564387e-02, -5.9752111099183262e-02,
       -5.6756564094132759e-04, -1.0122981257074869e-04,
       4.8015665631849967e-02 ]
rvec: !!opencv-matrix
   rows: 103
   cols: 3
   dt: d
   data: [ -3.0606470129816827e+00, 3.8194873326752983e-02,
       -7.3075515156067486e-02, -3.0579164458923005e+00,
       4.0505776786558791e-02, -5.4093173667343980e-02,
       -3.0543508640787387e+00, 2.6740121278314016e-02,
       -4.7416305609973126e-02, -3.0347860565038727e+00,
       4.4900702304238052e-02, 5.9714238604612321e-02,
       -3.1091090913585568e+00, 1.7117377399065337e-01,
       -8.8536714488560472e-02, 3.0633723189212443e+00,
       -1.1840765913049539e-01, -2.8183329014378955e-03,
       3.0600659383958870e+00, -7.4670602412210837e-02,
       -1.9287809973510101e-01, 3.0778938666770306e+00,
       5.9845269614534791e-02, -5.6567799411190778e-01,
       -3.0115294448753414e+00, 2.5588397988447205e-02,
       7.6660654376323356e-01, -2.9442525396063326e+00,
       -3.9913991944587168e-02, 8.9547879502128747e-01,
       -2.9432257161597737e+00, -1.3690534150784202e-02,
       8.3765623821043822e-01, 2.9901091036451608e+00,
       1.4099418453951547e-02, -9.4366323225057225e-01,
       -2.9748543840709756e+00, 7.2823197204165482e-03,
       9.2910775200969309e-01, -2.9351034701491954e+00,
       1.4092865037972946e-02, 9.4095241375375971e-01,
       -2.9247362374303263e+00, 6.7795761862897742e-03,
       9.6455724693810541e-01, 2.9871555638096239e+00,
       -5.8413260405094994e-02, -9.9970822426976835e-01,
       2.8549839980507854e+00, -2.6149318819423048e-02,
       -9.1501879225452643e-01, 2.8717791500207839e+00,
       -3.3868267961298576e-02, -9.0983546320278952e-01,
       -2.9791451338813055e+00, -5.5655411365665444e-02,
       9.1044254416748938e-01, -2.8151639043526235e+00,
       -8.0125179787949946e-02, 8.8818869779195009e-01,
       -2.6926960891087455e+00, -3.2392130212886436e-02,
       8.9540783249718425e-01, -2.6074659646145868e+00,
       -1.2743975553605408e-01, 8.8054317449922348e-01,
       -2.9576140972058118e+00, 3.5812872037091936e-02,
       9.1368682020143477e-01, 2.9516176783060959e+00,
       3.2993572628440354e-02, -1.0547773070007265e+00,
       -2.8915115170651502e+00, 1.8938056358421412e-02,
       1.1140518257393255e+00, 2.8048132366958152e+00,
       -9.0039023492009082e-02, -1.3436394340982141e+00,
       2.7919546054220277e+00, 1.3860505085302795e-02,
       -1.4298996187798914e+00, 2.7472922119571406e+00,
       1.1621268371766509e-01, -1.5372007276991391e+00,
       -2.7454889875617083e+00, -1.5457955075717317e-01,
       1.5348660239457423e+00, -2.6514357772715162e+00,
       -1.4052413490420462e-01, 1.5731345754591446e+00,
       2.7798684185970841e+00, -8.7647095376522322e-02,
       -1.4101510032711544e+00, 2.7698116824872892e+00,
       1.7422353732340701e-03, -1.4399126994612110e+00,
       2.7806412922435717e+00, 6.0243346001381495e-02,
       -1.4478411492734760e+00, -2.7253872425066596e+00,
       -6.8297404329580189e-02, 1.5396980118386121e+00,
       2.7192423671300006e+00, 6.1706789726000681e-02,
       -1.5617032557990791e+00, -2.7185676852044112e+00,
       -7.6027158418746604e-02, 1.4833707390301443e+00,
       -2.7461635040278543e+00, -6.1930362920611395e-02,
       1.4909256906733059e+00, 2.7291631256959352e+00,
       -3.1148435353777686e-02, -1.4401300197789009e+00,
       -2.7200653555937184e+00, -3.7980296522604637e-02,
       1.4471663818279803e+00, -2.4906699263570493e+00,
       -8.2416791445566226e-02, 1.3792571105257831e+00,
       -2.4706999872938726e+00, -2.1535432103585569e-01,
       1.3442122528297036e+00, -2.5587680461481210e+00,
       -1.3577712956464713e-01, 1.3352549004666725e+00,
       -2.7697159604338695e+00, -5.9175824470675733e-03,
       1.4762455144470805e+00, 2.7038890014455150e+00,
       -1.3375456941177661e-02, -1.4915086662856798e+00,
       2.6087075668958724e+00, -5.6794508665643957e-02,
       -1.4815484273970416e+00, 2.5613796142371124e+00,
       -1.2861436992796252e-01, -1.4885315182256311e+00,
       2.5295603472065293e+00, -1.4636534727028092e-01,
       -1.5171963216560489e+00, 2.5496350093351134e+00,
       -1.3069567579236976e-01, -1.5227467584470213e+00,
       2.6645670411667415e+00, 1.4036270001611052e-03,
       -1.6448045751755229e+00, -2.8272985638809969e+00,
       3.3078630539025926e-02, 1.3184698546877704e+00,
       2.7807690181205382e+00, 1.8114593210256318e-02,
       -1.4344120028937761e+00, 2.8324026356098218e+00,
       6.5240368668039381e-03, -1.3878968196237373e+00,
       -2.9460756227401892e+00, -9.7162554965264533e-02,
       1.1146269027552163e+00, -3.0254220321037821e+00,
       -1.0583024537683776e-01, 7.4383972685152977e-01,
       3.0426087905516948e+00, 2.1120807680849660e-02,
       -5.4838929913810197e-01, 3.1376725874537774e+00,
       -1.8376606894456714e-02, -4.9767134200711473e-02,
       3.1344595326590139e+00, 3.4903956124614680e-02,
       -6.6961117371726081e-02, 3.1215996016237186e+00,
       3.5966902307284533e-02, 1.5692433953366325e-01,
       -3.0818789940892488e+00, -3.6859739403401467e-02,
       -1.9839214649771122e-01, -3.0998952494907148e+00,
       -6.3146187549029814e-02, -3.7920122419677899e-01,
       3.1090871803768287e+00, 2.0899675818907854e-01,
       3.7761779015278174e-01, -2.9036206236650326e+00,
       3.2763546161456221e-02, -9.8090476738912424e-01,
       -2.6603561054707754e+00, 1.8548203179253248e-01,
       -1.3721304548875830e+00, -2.6886881231018553e+00,
       1.0227408103855580e-01, -1.1750492729672806e+00,
       -2.7118172736470130e+00, 7.0664937973538941e-02,
       -1.2430803700659514e+00, -2.6622288668499214e+00,
       9.0192329945570707e-02, -1.3654797454706036e+00,
       -2.6164068803807741e+00, 1.1316884462273502e-01,
       -1.4933222025589761e+00, -2.7022752527292324e+00,
       1.0891449631910541e-01, -1.3423351820620462e+00,
       -2.7166608625347179e+00, 8.8406246877390349e-02,
       -1.3487448715209958e+00, -2.7248418030587374e+00,
       1.4989426887987042e-01, -1.4451610687717793e+00,
       -2.7548949060760175e+00, 5.6145544637441036e-02,
       -1.3644455755773186e+00, -2.7029007651809049e+00,
       1.1367471994736321e-01, -1.4823979931013473e+00,
       -2.6726780381634900e+00, 1.1621361371634305e-01,
       -1.5889499103859051e+00, 2.6355395028434927e+00,
       3.7182155557450761e-02, 1.4784385622435545e+00,
       2.5878573916979328e+00, 5.2627108931130366e-02,
       1.4689902146235594e+00, 2.6626210150228573e+00,
       -1.5032678953925441e-02, 1.5366735954493103e+00,
       -2.6708597837612786e+00, 1.3890262111100030e-01,
       -1.5502153540552395e+00, 3.0972584428341793e-01,
       2.0846804088776549e+00, 1.9933752722086908e-03,
       2.4147861622366368e-01, 2.1488053867639207e+00,
       1.4168905644998814e-01, -2.6815959001454748e+00,
       1.3933214339469172e-01, -1.2422089582552980e+00,
       -2.6703576840644758e+00, 1.8408394363875519e-01,
       -1.2576447684357219e+00, -2.6435052983903979e+00,
       1.5701587298691796e-01, -1.3271188000920717e+00,
       -2.6480140961860505e+00, 3.3973454471536951e-01,
       -1.1555002101824967e+00, -2.5817745677204353e+00,
       3.5310579724048163e-01, -1.1282133132737255e+00,
       -2.5871120706964525e+00, 3.1128762558637818e-01,
       -1.1111661427586252e+00, 2.9007123760109983e+00,
       -1.0972728551245198e-01, 1.2067068416139279e+00,
       2.8953307685552230e+00, -1.0930581019699652e-02,
       1.1719731976790757e+00, 2.8186051297164414e+00,
       3.8533499305575702e-02, 1.1175773197316829e+00,
