%YAML:1.0
---
summary: "Filter by distance, md=150, ds=10."
init_cam_calib: C99-1010_3p_3
camera_matrix: !!opencv-matrix
   rows: 3
   cols: 3
   dt: d
   data: [ 2.5811948147451640e+03, 0., 1.8941499178824333e+03, 0.,
       2.5824388490618726e+03, 1.0946739368459926e+03, 0., 0., 1. ]
dist_coeff: !!opencv-matrix
   rows: 5
   cols: 1
   dt: d
   data: [ 1.5579852891139032e-02, -3.3775813004833469e-02,
       -2.5601317377356767e-04, 3.1814890572587156e-05,
       2.5553848058437616e-02 ]
std_intrinsics: !!opencv-matrix
   rows: 18
   cols: 1
   dt: d
   data: [ 4.8295374961871956e-01, 4.4484117661818640e-01,
       1.0011957950750301e+00, 6.3398325203536665e-01,
       1.2027140470685131e-03, 4.3076168476683793e-03,
       8.4451286679893144e-05, 1.3214998639518192e-04,
       4.5860743496163757e-03, 0., 0., 0., 0., 0., 0., 0., 0., 0. ]
std_extrinsics: !!opencv-matrix
   rows: 1800
   cols: 1
   dt: d
   data: [ 1.1663751385375272e-03, 4.4488398263748221e-04,
       1.2389121351062133e-03, 1.4137101733075028e+00,
       9.2384950351943873e-01, 1.3088664074001810e+00,
       1.1643284660005167e-03, 4.4636000975394296e-04,
       1.2374178598802755e-03, 1.4130061706010884e+00,
       9.2320464570478988e-01, 1.3078998181018184e+00,
       1.1318546314172805e-03, 4.1964632841901765e-04,
       1.1860974256943009e-03, 1.4024768758987061e+00,
       9.1705027191598287e-01, 1.2544326269599400e+00,
       1.0736341889005059e-03, 3.8275562400741039e-04,
       1.1015257053343516e-03, 1.3456131616102400e+00,
       8.8399625047085695e-01, 1.2026339820325440e+00,
       1.0774209321096867e-03, 3.8906875384048538e-04,
       1.1194657426009027e-03, 1.3157763613417672e+00,
       8.6631370544032682e-01, 1.2171687605715202e+00,
       1.0480893227568454e-03, 4.0908829863375319e-04,
       1.1137270538669141e-03, 1.2895573653976218e+00,
       8.4780945561140086e-01, 1.1972764004037644e+00,
       1.0346965538731363e-03, 4.1532762147973801e-04,
       1.1219323752817540e-03, 1.2731719874004606e+00,
       8.3647160598280568e-01, 1.1691782930668653e+00,
       9.8805523507795282e-04, 4.3075042147404011e-04,
       1.0947164685002288e-03, 1.2309085861904097e+00,
       8.0516568721141346e-01, 1.0870560304636840e+00,
       1.0032327866559615e-03, 3.9121025018605765e-04,
       1.0892190846826743e-03, 1.2037636126140676e+00,
       7.8874558769810177e-01, 1.0465877350655513e+00,
       1.0220009863999755e-03, 3.8952797850183790e-04,
       1.1021886098313935e-03, 1.1890433692756370e+00,
       7.8084595250737343e-01, 1.0385958259743653e+00,
       1.0954755414757233e-03, 3.8163990169818386e-04,
       1.0959649364449791e-03, 1.1622315454969978e+00,
       7.6822397814024002e-01, 1.0501669860653469e+00,
       1.1482779150300266e-03, 3.8006045840172184e-04,
       1.1076430862624065e-03, 1.1498534426344740e+00,
       7.6311901602555610e-01, 1.0655531111526817e+00,
       1.1717454671307101e-03, 3.6920957708299896e-04,
       1.0758497838242625e-03, 1.1119883563744357e+00,
       7.4089846174312357e-01, 1.0313475826500402e+00,
       1.1969408698710034e-03, 3.6300577577966974e-04,
       1.0613284675590477e-03, 1.0870312426690463e+00,
       7.2953738967487514e-01, 1.0122114209466166e+00,
       1.2345439914907702e-03, 3.6431853965461448e-04,
       1.0699415093623748e-03, 1.0630155208637591e+00,
       7.1628956859271042e-01, 1.0076852734018960e+00,
       1.1359548394714123e-03, 3.5861394321879834e-04,
       1.0448010780494867e-03, 1.0549827072553883e+00,
       7.0876694461885270e-01, 9.4576546086881741e-01,
       1.0764165103480181e-03, 3.7143570162684672e-04,
       1.0923600517506122e-03, 1.0534966773667034e+00,
       7.0668893015745493e-01, 9.3324837635408042e-01,
       9.3478566608947236e-04, 3.8679050589369632e-04,
       1.2171883224639962e-03, 1.0704930333432969e+00,
       7.1091230177518294e-01, 8.6093185714335130e-01,
       8.5318875058396440e-04, 3.8046798627432708e-04,
       1.2162957057858022e-03, 1.0770310409814974e+00,
       7.1390316422703326e-01, 8.1544329293350604e-01,
       8.4873070328164647e-04, 3.7933518443572886e-04,
       1.2062981263769534e-03, 1.0997298374984090e+00,
       7.3008566214905868e-01, 8.1932324476435270e-01,
       9.1167622369918303e-04, 3.6699713150134761e-04,
       1.0768919484922734e-03, 1.1419032726841032e+00,
       7.5674543145414230e-01, 8.0525730604899759e-01,
       8.9484343735080269e-04, 3.5795090665570581e-04,
       1.0612308555088504e-03, 1.1580003663294409e+00,
       7.6685704456305992e-01, 7.9992328871112162e-01,
       9.4281692236238761e-04, 3.7380375070489373e-04,
       1.0841246231675134e-03, 1.2015074431732491e+00,
       7.9607920870976046e-01, 8.4512976431304998e-01,
       9.8698094843962820e-04, 3.9872491244979615e-04,
       1.1270120350261484e-03, 1.2405697072948541e+00,
       8.2000493401184638e-01, 8.9348089148482424e-01,
       1.0109459983535687e-03, 4.1541817833415959e-04,
       1.1535532033862099e-03, 1.2846609887779763e+00,
       8.4827980098642608e-01, 9.4435592005279934e-01,
       9.8323657328764236e-04, 4.1036937047895735e-04,
       1.1457474741908421e-03, 1.3115665762916051e+00,
       8.6757747903413085e-01, 9.6052682633015685e-01,
       1.0119953209663574e-03, 4.2636830856888485e-04,
       1.1879986350603392e-03, 1.3660575822160628e+00,
       9.0521446995185972e-01, 1.0459170194099228e+00,
       1.0427402532359889e-03, 4.3679479904438307e-04,
       1.2458089014288638e-03, 1.4115977166497691e+00,
       9.3924051528306773e-01, 1.1440028427548974e+00,
       1.0447760031246686e-03, 4.3475170039321715e-04,
       1.2501929100314107e-03, 1.4266791553884879e+00,
       9.5129152230428526e-01, 1.1789010111965823e+00,
       1.0567581033000650e-03, 4.4251934233143988e-04,
       1.2565979390926634e-03, 1.4347504757781957e+00,
       9.5502436282289360e-01, 1.1915869471561567e+00,
       1.0870031159391348e-03, 4.5109697271021170e-04,
       1.2809470183563062e-03, 1.4525462144964407e+00,
       9.6244702516105896e-01, 1.2222145460171108e+00,
       1.0892359240539532e-03, 4.6194774416505861e-04,
       1.2904492332486254e-03, 1.4544866324929471e+00,
       9.6172707979357586e-01, 1.2274431026920714e+00,
       9.1128593427452326e-04, 4.8334054841421282e-04,
       1.4757829652196301e-03, 1.4605332157532802e+00,
       9.6583040745373228e-01, 1.2756174821211013e+00,
       1.0899245270557566e-03, 4.6381018701837105e-04,
       1.3004608401727877e-03, 1.4644738650270168e+00,
       9.6791108627019407e-01, 1.2551455816843713e+00,
       1.0769450147812320e-03, 4.5332202879194711e-04,
       1.2773358543089351e-03, 1.4634979736414304e+00,
       9.6678600932373204e-01, 1.2247258100372822e+00,
       1.0758636128557035e-03, 4.5025880475140515e-04,
       1.2624453531818326e-03, 1.4633735947749493e+00,
       9.6658260327908274e-01, 1.1898035371949038e+00,
       1.0572094853881315e-03, 4.4649088821959950e-04,
       1.2509383433079513e-03, 1.4399026216880464e+00,
       9.4886630851262432e-01, 1.1498188412439221e+00,
       8.9268550899716348e-04, 4.7526338050536319e-04,
       1.4186920922255064e-03, 1.4337273097698833e+00,
       9.4139172723080655e-01, 1.1476831149883904e+00,
       8.9967682254937136e-04, 4.7463562716643874e-04,
       1.3909413404484539e-03, 1.4231091715725419e+00,
       9.3405526667254746e-01, 1.1387296521884351e+00,
       9.0207142296769955e-04, 4.6407314380532980e-04,
       1.3762411271210880e-03, 1.4247497915380569e+00,
       9.3535473869259511e-01, 1.1456880491250743e+00,
       9.2142106300050484e-04, 4.6953842636063509e-04,
       1.3689600587808264e-03, 1.4151842732692319e+00,
       9.3206408659514861e-01, 1.1717255467119871e+00,
       8.0415043350513338e-04, 4.4705525980071390e-04,
       1.3243828343411713e-03, 1.4192872492224655e+00,
       9.3916057097572336e-01, 1.1005060866747938e+00,
       7.8869683807246090e-04, 4.5371945054609116e-04,
       1.3282898937051596e-03, 1.4142862713276396e+00,
