%YAML:1.0
---
summary: "Filter by distance, md=150."
init_cam_calib: C99-1010_3p_3
camera_matrix: !!opencv-matrix
   rows: 3
   cols: 3
   dt: d
   data: [ 2.5812145762639111e+03, 0., 1.8941226952189184e+03, 0.,
       2.5824542418645233e+03, 1.0947238565497828e+03, 0., 0., 1. ]
dist_coeff: !!opencv-matrix
   rows: 5
   cols: 1
   dt: d
   data: [ 1.5517853209262248e-02, -3.3727051801960284e-02,
       -2.5724811813221138e-04, 2.8021775510879606e-05,
       2.5588329394231571e-02 ]
std_intrinsics: !!opencv-matrix
   rows: 18
   cols: 1
   dt: d
   data: [ 4.8509979887868987e-01, 4.4638867423407874e-01,
       1.0057896423077954e+00, 6.3709377083393381e-01,
       1.2081975389929460e-03, 4.3241595587114375e-03,
       8.4857059091822694e-05, 1.3277146495146004e-04,
       4.6020940018163849e-03, 0., 0., 0., 0., 0., 0., 0., 0., 0. ]
std_extrinsics: !!opencv-matrix
   rows: 1794
   cols: 1
   dt: d
   data: [ 1.1692651409290452e-03, 4.4593554183410797e-04,
       1.2424365906605862e-03, 1.4199964595963557e+00,
       9.2810761026570621e-01, 1.3126786261838270e+00,
       1.1328768002667646e-03, 4.1859178438148137e-04,
       1.1854652818500660e-03, 1.4069031130879113e+00,
       9.2041035578362762e-01, 1.2575997805773245e+00,
       1.0763050249065675e-03, 3.8366387113126279e-04,
       1.1047610107304212e-03, 1.3516328228812780e+00,
       8.8807615058053169e-01, 1.2061983985283333e+00,
       1.0801049098062637e-03, 3.8999145180942111e-04,
       1.1227436015928099e-03, 1.3216511271668392e+00,
       8.7030868274360240e-01, 1.2207573592662266e+00,
       1.0507138529346333e-03, 4.1005676793247938e-04,
       1.1170202497693127e-03, 1.2953015837367279e+00,
       8.5171532689492124e-01, 1.2008071625719108e+00,
       1.0372883135799224e-03, 4.1631032400566375e-04,
       1.1252465450700810e-03, 1.2788316992228630e+00,
       8.4032262634727306e-01, 1.1726476469598444e+00,
       9.9053694275271116e-04, 4.3176992589404213e-04,
       1.0980062227235322e-03, 1.2363309152184210e+00,
       8.0886656385647737e-01, 1.0903568716563854e+00,
       1.0057466087241410e-03, 3.9214338643141363e-04,
       1.0925225533425745e-03, 1.2090474079024063e+00,
       7.9236222927672084e-01, 1.0498046952487674e+00,
       1.0245526162944235e-03, 3.9045659162227186e-04,
       1.1055039241685421e-03, 1.1942362567537610e+00,
       7.8441319831548828e-01, 1.0418077659767828e+00,
       1.0981921370163965e-03, 3.8255116725068034e-04,
       1.0992575881910987e-03, 1.1672882475842414e+00,
       7.7170800155101038e-01, 1.0534018938589376e+00,
       1.1511116557506660e-03, 3.8096795699822206e-04,
       1.1109507855791706e-03, 1.1548449025377743e+00,
       7.6656792950112096e-01, 1.0688064163919606e+00,
       1.1746278020714155e-03, 3.7009277529614996e-04,
       1.0791089341750694e-03, 1.1168074173198270e+00,
       7.4423553536203857e-01, 1.0345211991933259e+00,
       1.1998734366780849e-03, 3.6387634665274455e-04,
       1.0645524910552484e-03, 1.0917289917906057e+00,
       7.3280118773083525e-01, 1.0153385026457140e+00,
       1.2375564692624242e-03, 3.6519586240607338e-04,
       1.0731855644314603e-03, 1.0675913913491684e+00,
       7.1948269598210102e-01, 1.0107826480331854e+00,
       1.1387384228218811e-03, 3.5947763437541442e-04,
       1.0480137627330148e-03, 1.0595557208019164e+00,
       7.1195086051916212e-01, 9.4874183831194736e-01,
       1.0790719760125488e-03, 3.7233772749995089e-04,
       1.0956677719160647e-03, 1.0580847649154774e+00,
       7.0987235821335182e-01, 9.3619155057668513e-01,
       9.3711142673088578e-04, 3.8773891232809794e-04,
       1.2207240120111651e-03, 1.0751886221740246e+00,
       7.1413903603888107e-01, 8.6366334091618313e-01,
       8.5532795686787380e-04, 3.8140654076098903e-04,
       1.2198365445482396e-03, 1.0817857186967061e+00,
       7.1715791650932914e-01, 8.1807918966912485e-01,
       8.5085892164181518e-04, 3.8027469672015574e-04,
       1.2098428161866077e-03, 1.1045995418591532e+00,
       7.3342103254682178e-01, 8.2200200509528043e-01,
       9.1401192253658071e-04, 3.6790529667507212e-04,
       1.0801321978141736e-03, 1.1469873437680951e+00,
       7.6021572143252869e-01, 8.0794243037321900e-01,
       8.9714153378811870e-04, 3.5884134220532169e-04,
       1.0644296821528182e-03, 1.1631692556674325e+00,
       7.7037862507918797e-01, 8.0261014841330258e-01,
       9.4522964524466901e-04, 3.7474056018243210e-04,
       1.0873535932345269e-03, 1.2068773423949182e+00,
       7.9973006791804113e-01, 8.4790226339305086e-01,
       9.8950209411124133e-04, 3.9972935499040917e-04,
       1.1302985098328418e-03, 1.2461094718538128e+00,
       8.2375869159764337e-01, 8.9630946311974735e-01,
       1.0135337924939388e-03, 4.1646551337121861e-04,
       1.1568747344650010e-03, 1.2904032905384917e+00,
       8.5216043561307853e-01, 9.4726521223222704e-01,
       9.8577062623160473e-04, 4.1140706569959081e-04,
       1.1490453106577244e-03, 1.3174420865080709e+00,
       8.7154442429573253e-01, 9.6347409113556726e-01,
       1.0145944470625846e-03, 4.2745046777185484e-04,
       1.1913796369272108e-03, 1.3721761916974178e+00,
       9.0934604909787364e-01, 1.0490509657980913e+00,
       1.0454065619868462e-03, 4.3790002306632030e-04,
       1.2493278889647368e-03, 1.4179288421798768e+00,
       9.4351971096998921e-01, 1.1473822316720172e+00,
       1.0474436646145718e-03, 4.3585323671625374e-04,
       1.2537203659927980e-03, 1.4330827745953811e+00,
       9.5562000553940118e-01, 1.1823579972197320e+00,
       1.0594570269228645e-03, 4.4363999540579318e-04,
       1.2601403024014286e-03, 1.4411882931298290e+00,
       9.5937718361492452e-01, 1.1950721778530142e+00,
       1.0897717647612771e-03, 4.5223946715105580e-04,
       1.2845223817071984e-03, 1.4590566339272866e+00,
       9.6684416252487060e-01, 1.2257465247518182e+00,
       1.0920157143916157e-03, 4.6311722578912929e-04,
       1.2940412052126317e-03, 1.4609978248915314e+00,
       9.6612486421107768e-01, 1.2309804199791343e+00,
       9.1358126504705354e-04, 4.8456792905579354e-04,
       1.4798361908531679e-03, 1.4670634252943195e+00,
       9.7024410464837341e-01, 1.2792522637688830e+00,
       1.0927063220792751e-03, 4.6498772518643107e-04,
       1.3040716449660263e-03, 1.4710300939158083e+00,
       9.7233720221065012e-01, 1.2587372281370557e+00,
       1.0796942198100336e-03, 4.5447448775665897e-04,
       1.2808869697143938e-03, 1.4700510500310744e+00,
       9.7120558027844828e-01, 1.2282434257038797e+00,
       1.0786061871506957e-03, 4.5140053726057004e-04,
       1.2659463120381516e-03, 1.4699172545139196e+00,
       9.7099266907070325e-01, 1.1932338794514956e+00,
       1.0599122903652398e-03, 4.4762633780855187e-04,
       1.2544193899388092e-03, 1.4463382747336970e+00,
       9.5320411164767227e-01, 1.1531628774471361e+00,
       8.9494482489892277e-04, 4.7646417805699911e-04,
       1.4225911709392896e-03, 1.4401152311002428e+00,
       9.4569815082308695e-01, 1.1510162281025067e+00,
       9.0195062685867022e-04, 4.7583542226532462e-04,
       1.3947708351893964e-03, 1.4294408831088401e+00,
       9.3832685422117001e-01, 1.1420468739806606e+00,
       9.0434673123141287e-04, 4.6524778798063361e-04,
       1.3800319622131584e-03, 1.4310875626685955e+00,
       9.3963431245908347e-01, 1.1490427585164265e+00,
       9.2373974011907781e-04, 4.7072609602293600e-04,
       1.3727393156132497e-03, 1.4214743706610626e+00,
       9.3631991248297608e-01, 1.1751480852607856e+00,
       8.0620989921952686e-04, 4.4820013285294728e-04,
       1.3280599829272554e-03, 1.4256122279770573e+00,
       9.4343717023014895e-01, 1.1038082662918915e+00,
       7.9072450623433183e-04, 4.5488129813617045e-04,
       1.3319877926428808e-03, 1.4205934649190346e+00,
       9.4273518073351714e-01, 1.0961538098086154e+00,
       7.9347996622379632e-04, 4.5028673408543284e-04,
       1.3443196227011301e-03, 1.4076728716359159e+00,
