%YAML:1.0
---
summary: "Filter by time and points, rd=20, rs=10, sp=5, sf=2."
init_cam_calib: C99-1010_3p_3
camera_matrix: !!opencv-matrix
   rows: 3
   cols: 3
   dt: d
   data: [ 2.5833356286534918e+03, 0., 1.8795014279358966e+03, 0.,
       2.5813287563653080e+03, 1.0900471273984738e+03, 0., 0., 1. ]
dist_coeff: !!opencv-matrix
   rows: 5
   cols: 1
   dt: d
   data: [ 1.6658024133167585e-02, -3.7872617006993681e-02,
       -6.1499635711484955e-04, -1.7782592536042356e-03,
       2.9110135700706627e-02 ]
std_intrinsics: !!opencv-matrix
   rows: 18
   cols: 1
   dt: d
   data: [ 1.5085256849118667e+00, 1.3718911802110261e+00,
       2.9999445788572698e+00, 1.9716307227469152e+00,
       3.5633101661435435e-03, 1.2905523329729619e-02,
       2.6322813996359687e-04, 3.9556874897060706e-04,
       1.3828411073086449e-02, 0., 0., 0., 0., 0., 0., 0., 0., 0. ]
std_extrinsics: !!opencv-matrix
   rows: 618
   cols: 1
   dt: d
   data: [ 1.9877942949072091e-03, 7.0783721409196530e-04,
       2.4087808972514980e-03, 4.1358180321921951e+00,
       2.7568115243390778e+00, 2.7947377050160900e+00,
       2.1105323629423099e-03, 7.6120477134678627e-04,
       2.8495772795587124e-03, 4.1246732966922730e+00,
       2.7444203628481398e+00, 2.9363867718028036e+00,
       1.8945706380090440e-03, 7.5917711688184338e-04,
       2.4604551301396762e-03, 4.0719139486735996e+00,
       2.7099098638229635e+00, 2.8220579194087700e+00,
       2.1268727964631078e-03, 6.7673028364655563e-04,
       2.2869630850875693e-03, 3.8052184690037691e+00,
       2.5440758830238370e+00, 2.6767570399688232e+00,
       1.7110918280763751e-03, 6.6839380524715789e-04,
       2.3748670588214509e-03, 3.4304232224519047e+00,
       2.3148201993217774e+00, 2.2509184792475496e+00,
       1.8584358852438627e-03, 6.2864905886905981e-04,
       2.4452018385144763e-03, 3.0943588677291864e+00,
       2.1032176089077934e+00, 2.1927602865247571e+00,
       1.6367826184680674e-03, 7.0502418176805824e-04,
       2.4499154154353359e-03, 3.0912778351502781e+00,
       2.0964776758179124e+00, 1.9866800641757647e+00,
       1.5420406599421935e-03, 6.0414539408952669e-04,
       2.1850539379561335e-03, 3.4310551301578922e+00,
       2.3037415035134963e+00, 1.8826028654227791e+00,
       1.7555894495081402e-03, 7.4878566000420588e-04,
       2.4433114748408846e-03, 3.8478847954826967e+00,
       2.5688621043968540e+00, 2.2147500037139749e+00,
       1.7331928118869990e-03, 7.2504055821365643e-04,
       2.4318028050748933e-03, 4.1356919123099303e+00,
       2.7591619208849303e+00, 2.2437102860986742e+00,
       2.0851912402995356e-03, 8.8864305661235353e-04,
       2.8332442476976770e-03, 4.2931065962436872e+00,
       2.8653110153232975e+00, 2.7492870964919462e+00,
       2.0092943572742198e-03, 8.7472481682991622e-04,
       2.6241479971238239e-03, 4.3128969550018610e+00,
       2.8819298351277260e+00, 2.5215457480262282e+00,
       1.9666748305293981e-03, 8.4171492414421279e-04,
       2.5958252800743487e-03, 4.3038296801243341e+00,
       2.8661277300626091e+00, 2.5551163108799315e+00,
       2.1635433434494598e-03, 9.1538580452027321e-04,
       2.9995487367949374e-03, 4.3141075648209384e+00,
       2.8746836628303796e+00, 2.7602001724910705e+00,
       2.0466756644102039e-03, 8.3132905961600897e-04,
       2.4992714611027562e-03, 4.2636475695438367e+00,
       2.8410607340795115e+00, 2.4558537246944345e+00,
       1.7885406929074310e-03, 9.3020439536013104e-04,
       2.8265182402319603e-03, 4.1477958569290641e+00,
       2.7752333534960538e+00, 2.8268470812196407e+00,
       1.5487962124909661e-03, 8.6767462365524271e-04,
       2.6971772726845245e-03, 4.1759814485360573e+00,
       2.7902748007554696e+00, 2.4791950035800920e+00,
       1.4735180373943177e-03, 7.9890011368560548e-04,
       2.6356526956017156e-03, 4.1256421838484814e+00,
       2.7659100766907061e+00, 2.2944285761040315e+00,
       1.8425858858436422e-03, 7.7010787230601097e-04,
       2.4451327924203264e-03, 4.1362338418393527e+00,
       2.7604554325691808e+00, 2.3791200229635554e+00,
       1.9925674826132174e-03, 8.0743313850145735e-04,
       2.4174059122922657e-03, 4.2136626398508108e+00,
       2.8241063641871911e+00, 2.4708633935035844e+00,
       2.5160826137655920e-03, 1.0101422360932744e-03,
       3.0596306729959951e-03, 4.2589307933371696e+00,
       2.9242594901892112e+00, 3.6992416053223547e+00,
       1.9004566789043217e-03, 8.0091431419902813e-04,
       2.4961192374965283e-03, 4.2978265168025889e+00,
       2.8501074407654992e+00, 2.4926110143251692e+00,
       1.8112443051675354e-03, 9.6670588330264315e-04,
       2.9238995702556259e-03, 4.2920351455763841e+00,
       2.8560008339918617e+00, 2.7877223854249702e+00,
       2.1551413036817566e-03, 9.0787880890460116e-04,
       2.6999260165708719e-03, 4.3926025562361559e+00,
       2.9216330484556887e+00, 2.8100465790893061e+00,
       2.2688635171705723e-03, 1.0062373963226413e-03,
       2.6718608095438134e-03, 4.6465842387115508e+00,
       3.0854745647575861e+00, 3.0274503044217536e+00,
       2.5549761842520984e-03, 1.7739035060737719e-03,
       3.0098937844991948e-03, 4.8819880413157728e+00,
       3.1829668725228109e+00, 4.6886730204609179e+00,
       2.3759949862079436e-03, 1.7555240677884917e-03,
       2.6619172600860627e-03, 4.7720178106769726e+00,
       3.1358171267701986e+00, 3.6561126106387989e+00,
       2.3944142876204319e-03, 2.0352157776754422e-03,
       2.7238320708793595e-03, 4.6190860143883601e+00,
       3.0573180348351050e+00, 4.2083212823440030e+00,
       2.3391601722933496e-03, 1.6830709406024135e-03,
       2.8541884389066967e-03, 4.2395397943778592e+00,
       2.8658499668761213e+00, 3.2762538728795616e+00,
       2.4760000972526212e-03, 1.9278525585483567e-03,
       2.8300707553489770e-03, 3.8253093785169683e+00,
       2.5737920835777328e+00, 3.0619392905570337e+00,
       1.8652754778726792e-03, 1.3439478791531941e-03,
       2.5092031820457073e-03, 3.5018796044009344e+00,
       2.2975143622984939e+00, 1.9994134598836428e+00,
       1.8164648511473584e-03, 1.2854859772047026e-03,
       2.4491450650565997e-03, 3.4398202596220626e+00,
       2.2775643499097336e+00, 1.9051823346870944e+00,
       1.9883861128951472e-03, 1.3970441606331000e-03,
       2.2706857964793700e-03, 3.4501996612536385e+00,
       2.2905354956560799e+00, 2.0587135171072020e+00,
       1.9468070267478689e-03, 1.3548965663109833e-03,
       2.1449961296375942e-03, 3.4669870075938123e+00,
       2.2867484267818736e+00, 1.8706142323562380e+00,
       1.8030441243846408e-03, 1.1796196450701100e-03,
       2.1134199248981191e-03, 3.4697076274208736e+00,
       2.2797256594589421e+00, 2.0262950408089226e+00,
       1.9781071340837109e-03, 1.3736929669624506e-03,
       2.3555650450551003e-03, 3.4704332457433820e+00,
       2.2932749401131298e+00, 2.1760125466067413e+00,
       1.8207972202018378e-03, 1.2167480526931516e-03,
       2.3206827590461676e-03, 3.4478649024550800e+00,
       2.2638774964617099e+00, 1.8592121911522859e+00,
       2.1288948273454878e-03, 1.4910736811847127e-03,
       2.3756751627079433e-03, 3.5264964340089890e+00,
       2.3081257215898514e+00, 1.9290548763853810e+00,
       1.8532618158307141e-03, 1.1831053388465171e-03,
       2.1448014461538738e-03, 3.5074189972641032e+00,
       2.3281289042901196e+00, 2.1869000839995709e+00,
       2.5071663557855212e-03, 1.6724122689157515e-03,
       2.6685543141539603e-03, 3.6064389899203402e+00,
       2.4596780973861705e+00, 3.1555145644658311e+00,
       2.3446714397555796e-03, 1.5621276850749880e-03,
       2.3083939150766349e-03, 3.6206794132400466e+00,
       2.4148891434224420e+00, 2.3848861677684292e+00,
       1.8832656699431089e-03, 1.2651615996114663e-03,
       2.4636656042550092e-03, 3.4984582583860044e+00,
       2.3323103103923990e+00, 2.1770380669740925e+00,
       2.1908538720091363e-03, 1.4617569872307054e-03,
       2.4019045774127628e-03, 3.5285299575167346e+00,
