%YAML:1.0
---
summary: "Filter by distance, md=250, ds=125."
init_cam_calib: C99-1010_3p_3
camera_matrix: !!opencv-matrix
   rows: 3
   cols: 3
   dt: d
   data: [ 2.5807702571560594e+03, 0., 1.8780241474598101e+03, 0.,
       2.5807259493827769e+03, 1.0940682605590625e+03, 0., 0., 1. ]
dist_coeff: !!opencv-matrix
   rows: 5
   cols: 1
   dt: d
   data: [ 1.8395807533926792e-02, -4.5820522271458629e-02,
       -3.3931510018392862e-04, -1.5471529985152564e-03,
       3.8996746265955062e-02 ]
std_intrinsics: !!opencv-matrix
   rows: 18
   cols: 1
   dt: d
   data: [ 6.6931903455427322e-01, 6.1565803940070929e-01,
       1.3936775909490264e+00, 8.7846122903783275e-01,
       1.6808860244170818e-03, 5.9894336826414674e-03,
       1.1685644382100545e-04, 1.8427025591706388e-04,
       6.3601267047323079e-03, 0., 0., 0., 0., 0., 0., 0., 0., 0. ]
std_extrinsics: !!opencv-matrix
   rows: 996
   cols: 1
   dt: d
   data: [ 1.2307978662000505e-03, 4.6065452449823072e-04,
       1.3850004324118422e-03, 1.9380765142189214e+00,
       1.2461997543174412e+00, 1.4791862600269265e+00,
       1.1951573876031628e-03, 4.3483619418351797e-04,
       1.3329525346767210e-03, 1.9255883368772679e+00,
       1.2373531461943110e+00, 1.4246498906474216e+00,
       1.1304132145717332e-03, 4.1293130411600859e-04,
       1.2635771334569500e-03, 1.7893381080020903e+00,
       1.1553239965617597e+00, 1.3509204604076335e+00,
       1.1007992885185038e-03, 4.2547910151748873e-04,
       1.2778853781899588e-03, 1.7548946275015973e+00,
       1.1354049189758306e+00, 1.3455199204970527e+00,
       1.0229249606492964e-03, 4.5089961211989453e-04,
       1.2547776852210825e-03, 1.6613115373756315e+00,
       1.0734117760090245e+00, 1.2244087409996547e+00,
       1.0468975311068362e-03, 4.0307568989952274e-04,
       1.2392859108712032e-03, 1.6234271741198170e+00,
       1.0529747571912493e+00, 1.1873578854283269e+00,
       1.2182883195902511e-03, 4.0086770017294291e-04,
       1.2570735828418699e-03, 1.5703830885775645e+00,
       1.0272561680475667e+00, 1.2458379633651404e+00,
       1.2183068425978621e-03, 3.7913793981485619e-04,
       1.2309577952100417e-03, 1.4885114954719896e+00,
       9.8136541587823578e-01, 1.1529238319566568e+00,
       1.3313402570823178e-03, 3.7975827436972714e-04,
       1.2206333900057484e-03, 1.4357368847692573e+00,
       9.5541048534234607e-01, 1.1565379055393668e+00,
       1.1352270086468085e-03, 3.8929449746468315e-04,
       1.2526489370427206e-03, 1.4322743083507157e+00,
       9.4578114249104950e-01, 1.0749694908178626e+00,
       9.0861219950663045e-04, 3.9773258631313290e-04,
       1.3653350106403314e-03, 1.4716659623746999e+00,
       9.5953159978629365e-01, 9.5366747324110235e-01,
       8.8405481079347761e-04, 4.0523504777453969e-04,
       1.3836927877464136e-03, 1.5322137046309021e+00,
       9.9814500639377279e-01, 9.6565456401845662e-01,
       9.6653843391864653e-04, 3.8388019133010954e-04,
       1.2274067261515247e-03, 1.5729214594394041e+00,
       1.0230963706651974e+00, 9.5179324118103059e-01,
       1.0320214378933582e-03, 4.0843337081390100e-04,
       1.2546864378076704e-03, 1.6724516627467065e+00,
       1.0847176361650739e+00, 1.0115811949356341e+00,
       1.0605965549752871e-03, 4.3816225699528673e-04,
       1.2914747190377704e-03, 1.7750886096162399e+00,
       1.1477136733290090e+00, 1.0830825096349346e+00,
       1.1011586850868513e-03, 4.6083467616987863e-04,
       1.3254830388089744e-03, 1.8673812864953954e+00,
       1.2093731660162994e+00, 1.1739860344639239e+00,
       1.1229896646297991e-03, 4.6586487018986518e-04,
       1.3977218448804690e-03, 1.9580288496637341e+00,
       1.2729597733253748e+00, 1.3217328946816342e+00,
       1.1390347637094177e-03, 4.7399925087167035e-04,
       1.4211491891722237e-03, 1.9890213523067108e+00,
       1.2904096018010180e+00, 1.3681529508169423e+00,
       1.1578652643569028e-03, 4.9292047912196345e-04,
       1.4349385190249278e-03, 1.9995963066781419e+00,
       1.2940931897957044e+00, 1.3815958498046381e+00,
       1.1540631292293836e-03, 4.8411758466529291e-04,
       1.4218822816773147e-03, 2.0186017518675734e+00,
       1.3045675282390146e+00, 1.3680136847751925e+00,
       9.5747278383534939e-04, 5.0681923882796602e-04,
       1.5641430964744561e-03, 1.9690366542994728e+00,
       1.2684062723453784e+00, 1.2906340651646222e+00,
       9.6436476327012863e-04, 4.9938854249999124e-04,
       1.5315599081137644e-03, 1.9560515532263936e+00,
       1.2609190307638121e+00, 1.2911895407299609e+00,
       9.8742820647496348e-04, 5.0023494296163294e-04,
       1.5097301670781837e-03, 1.9444529093648009e+00,
       1.2569259199637624e+00, 1.3162138936831600e+00,
       8.5561673711429442e-04, 4.7770376311810062e-04,
       1.4611396003171508e-03, 1.9461404677751657e+00,
       1.2618662523333970e+00, 1.2375725731515004e+00,
       8.5259081114449930e-04, 4.6860893442570768e-04,
       1.4846175496035971e-03, 1.9281661622927213e+00,
       1.2491494147499442e+00, 1.2163488342922955e+00,
       1.0791509700020330e-03, 4.7704089314674685e-04,
       1.3900644823337280e-03, 1.9140039475364072e+00,
       1.2433499907654311e+00, 1.2347866275922510e+00,
       1.1355944823567389e-03, 4.7210790066079007e-04,
       1.3687804236212481e-03, 1.9509728145816874e+00,
       1.2634062251735572e+00, 1.2707758350259011e+00,
       1.1200849513934325e-03, 4.6805496895323029e-04,
       1.3814565079440565e-03, 1.9418257172278925e+00,
       1.2641233677140897e+00, 1.3281748695133195e+00,
       1.1550682432519095e-03, 4.6589731172126713e-04,
       1.3891875327751288e-03, 1.9761700718365178e+00,
       1.2851614497230830e+00, 1.3843718740858246e+00,
       1.2353918404640317e-03, 4.9192585630328126e-04,
       1.3730855508117309e-03, 2.0298668283185619e+00,
       1.3176163703078299e+00, 1.4484376605516363e+00,
       1.2589954114759720e-03, 4.9799717983580046e-04,
       1.4632240789524146e-03, 2.0108036400053795e+00,
       1.3203203714997558e+00, 1.5947928695900133e+00,
       1.3802790018222039e-03, 5.3818860087793193e-04,
       1.5673497179848779e-03, 2.0103951786047047e+00,
       1.3319951488916815e+00, 1.7240407358026384e+00,
       1.2526480355814289e-03, 5.1069309616351877e-04,
       1.4446587961375193e-03, 1.9786132045701732e+00,
       1.2998075128770676e+00, 1.5507384034622338e+00,
       1.1716253923124674e-03, 4.8270651910250258e-04,
       1.3544373344271821e-03, 2.0089437487115269e+00,
       1.3032727837998663e+00, 1.4316065717554605e+00,
       1.1773665710053977e-03, 4.9390363223698506e-04,
       1.3598339313624290e-03, 2.0175315846295092e+00,
       1.3017619192931980e+00, 1.4431243076322651e+00,
       1.2079243965791874e-03, 5.0538740363571452e-04,
       1.3653996889720008e-03, 2.0130047236249942e+00,
       1.2965630622745794e+00, 1.3817176840604986e+00,
       1.1895969917532600e-03, 5.1602811726330668e-04,
       1.3439711239750201e-03, 1.9865266046243832e+00,
       1.2806849334497239e+00, 1.3272861927795847e+00,
       1.2186750335400137e-03, 5.2179488995561269e-04,
       1.3950365946099410e-03, 1.9753916538627667e+00,
       1.2790584591141889e+00, 1.3955607626242881e+00,
       1.0362917813834395e-03, 5.4406996532815834e-04,
       1.6577169523495777e-03, 2.0216578897668391e+00,
       1.3070364623261364e+00, 1.4705836547460631e+00,
       1.2260029158546121e-03, 5.3180974090442771e-04,
       1.4578919076998938e-03, 2.0623721185719077e+00,
       1.3229529410265666e+00, 1.4671056800913735e+00,
       1.2366686707171138e-03, 5.3571652292197253e-04,
       1.4767767020319785e-03, 2.1368743470498051e+00,
       1.3760049459098025e+00, 1.5414629155694766e+00,
       1.2913734263908098e-03, 5.9503171694882007e-04,
       1.4928111363365190e-03, 2.1896095403302249e+00,
       1.4060320712458358e+00, 1.7333251802483003e+00,
       1.1401748229205382e-03, 7.0836170359180701e-04,
       1.6917909617900891e-03, 2.2464861269341077e+00,
