%YAML:1.0
---
summary: "Filter by time, rd=15, rs=5."
init_cam_calib: C99-1010_3p_3
camera_matrix: !!opencv-matrix
   rows: 3
   cols: 3
   dt: d
   data: [ 2.5790819677568588e+03, 0., 1.8803006779161242e+03, 0.,
       2.5785364490963157e+03, 1.0883192719676097e+03, 0., 0., 1. ]
dist_coeff: !!opencv-matrix
   rows: 5
   cols: 1
   dt: d
   data: [ 2.0759608666575630e-02, -4.1520192937792189e-02,
       -5.9764440835762271e-04, -1.2168733274504815e-03,
       2.3400508941463980e-02 ]
rvec: !!opencv-matrix
   rows: 137
   cols: 3
   dt: d
   data: [ -3.0670746144966370e+00, 4.8787786400207665e-02,
       -6.9224757753195254e-02, -3.0592007396742642e+00,
       4.0372002109720438e-02, -4.9477215272164463e-02,
       -3.0607122963012130e+00, 3.4038457477203909e-02,
       -4.5118018779817852e-02, -3.0410706022959557e+00,
       -6.7669043852254919e-04, -1.4212428857408411e-02,
       -3.0442821581548998e+00, 7.1050273205734177e-02,
       6.6111957787171452e-02, -3.1065812447004140e+00,
       1.6969429870288300e-01, -8.4361880400000200e-02,
       3.0673409632338871e+00, -1.4273036731574001e-01,
       4.8118980674225480e-02, 3.0340925840826052e+00,
       -9.9592270712602488e-02, -9.8205334996012819e-02,
       3.0371964633317772e+00, -7.7041887299725206e-03,
       -3.0356781085204992e-01, 3.0791468281496601e+00,
       5.9758176709220387e-02, -5.6846112177024422e-01,
       -3.0112887852183134e+00, -3.2065801521786222e-03,
       6.6808687537838674e-01, -2.9656562678322751e+00,
       -6.3173221177214231e-02, 8.6591785020393475e-01,
       -2.9598184709196396e+00, -2.0721979532395872e-02,
       8.9195494584684953e-01, -2.9420769256549151e+00,
       -1.4434340607236055e-02, 8.4323027844006637e-01,
       -2.9924116749248748e+00, -3.3791776093247454e-02,
       9.3741665531030594e-01, -2.9902612536912465e+00,
       1.0950658347762860e-02, 9.4725268902761905e-01,
       -2.9649465382441775e+00, 1.2685561704774874e-02,
       9.2854302104304842e-01, -2.9351850171767460e+00,
       1.3688443721956539e-02, 9.4330201421239845e-01,
       -2.9235928255792243e+00, 4.4808977171007028e-03,
       9.6194137644616673e-01, -2.9044990647573963e+00,
       1.2480853817404649e-02, 9.7935614155769801e-01,
       2.9284862886153857e+00, -4.5743726281273961e-02,
       -9.7326358568519811e-01, 2.8533671184762976e+00,
       -2.5311069081701023e-02, -9.1716409995766091e-01,
       2.8550244008761712e+00, -3.5560240577473132e-02,
       -9.1068472144515600e-01, 2.9224319519756268e+00,
       3.7331142057576722e-03, -8.9670787345667224e-01,
       -2.9460211421367730e+00, -4.3159543111012277e-02,
       9.3960610929579336e-01, -2.8157073106700090e+00,
       -8.0341740440411258e-02, 8.9023374742425243e-01,
       -2.7374638681087817e+00, 2.1745417525628710e-02,
       8.9520571510960867e-01, -2.5920379888880052e+00,
       -1.1614330984474638e-01, 8.9112709955161573e-01,
       -2.6773699449151303e+00, -5.3316191487014261e-02,
       8.9880516922459286e-01, -2.9617417470799516e+00,
       3.5719248877403936e-02, 9.1244590160975758e-01,
       2.9407202969574122e+00, -1.6664640675489364e-02,
       -1.0445708796625406e+00, -2.9095900958786345e+00,
       4.7466299748727594e-03, 1.1205289997626986e+00,
       -2.8777679132137535e+00, 3.3825598516317154e-02,
       1.1236892911237724e+00, 2.8018614688147832e+00,
       -8.7879399472978528e-02, -1.3448441601741161e+00,
       2.7769610019648758e+00, -3.8984135154554747e-02,
       -1.3984501162732361e+00, -2.7705384149212882e+00,
       -5.1317894277799384e-02, 1.4995259912706451e+00,
       2.7141386564191574e+00, 1.1230853074143997e-01,
       -1.5817391436870034e+00, -2.7437549805438088e+00,
       -1.5388204123205820e-01, 1.5373359180525230e+00,
       -2.6874776394273781e+00, -1.7615043471079150e-01,
       1.5185487781906069e+00, 2.7121834315706157e+00,
       1.0859406865278896e-01, -1.5821882724098242e+00,
       2.7892761931169456e+00, -5.3366975999352487e-02,
       -1.3587183528951414e+00, 2.7693300360468340e+00,
       1.1250621914606705e-03, -1.4434839374833104e+00,
       2.7739412199572371e+00, 3.4732685631936232e-02,
       -1.4391619977174652e+00, -2.7713676772407787e+00,
       -5.9789206311655886e-02, 1.4331142867484055e+00,
       -2.6910296193301702e+00, -3.8871351872930733e-02,
       1.5821476148363556e+00, 2.7180014435051540e+00,
       6.1958787905362307e-02, -1.5634357292186656e+00,
       -2.7183470347512868e+00, -6.8602030402431693e-02,
       1.4849593786355988e+00, -2.6931239126415334e+00,
       -7.5593156700187930e-02, 1.5209531040168678e+00,
       2.7680232741313957e+00, 4.8869367238122803e-02,
       -1.4724908169870532e+00, 2.7276472298649375e+00,
       -3.0752328850042799e-02, -1.4423562687455032e+00,
       2.7709362151500128e+00, 1.4283129111276735e-02,
       -1.4628973197403743e+00, -2.5914267483014215e+00,
       -1.2405044561880026e-01, 1.3866476328212329e+00,
       -2.4251725121949192e+00, -1.2387523674867622e-01,
       1.4118701677391796e+00, -2.4675754115604014e+00,
       -2.1344231172926276e-01, 1.3461813419454141e+00,
       -2.5045241752209657e+00, -1.8077102111346582e-01,
       1.3465359240709924e+00, -2.7397839983735235e+00,
       -5.0959917461258608e-02, 1.3312754669721674e+00,
       2.7054248090659994e+00, -2.4377248842504973e-02,
       -1.5600602084822757e+00, 2.7033250595998335e+00,
       -1.3907957832142550e-02, -1.4930192290095416e+00,
       2.5986486455749538e+00, -3.5708832377633053e-02,
       -1.4699726551858501e+00, 2.5480998262644374e+00,
       -1.6740159911108263e-01, -1.5203245533178271e+00,
       2.5581000431767094e+00, -1.3708966699797359e-01,
       -1.4975540542799144e+00, 2.5282219185971724e+00,
       -1.4552058934727313e-01, -1.5178943057076357e+00,
       2.5401964883106349e+00, -1.4452758291607937e-01,
       -1.5182121030469442e+00, 2.5249742774625878e+00,
       -1.1717526718614374e-01, -1.6916344358250810e+00,
       -2.6429872525281684e+00, -1.0054155126273498e-01,
       1.5768018170789526e+00, -2.8281889414491785e+00,
       3.2782892048217417e-02, 1.3194867832767039e+00,
       2.7486219097946005e+00, 6.3380507167201630e-02,
       -1.4512869023963981e+00, -2.7927128220302717e+00,
       7.0940292962593507e-02, 1.4029188439280726e+00,
       -2.8279818065650515e+00, -4.9422493347917346e-02,
       1.3320487414994480e+00, -2.9435669224371770e+00,
       -9.7088575574422104e-02, 1.1177906281268581e+00,
       -3.0334177054777949e+00, -6.0623441890597207e-02,
       7.8960684402940051e-01, 3.0559347189379484e+00,
       6.7208517066620982e-02, -7.3867359942241284e-01,
       3.0343400416850614e+00, -5.3213899700951476e-03,
       -4.0571733798071047e-01, 3.1389182210813464e+00,
       -1.7258545850223742e-02, -5.0518383440406205e-02,
       3.1294257530230172e+00, 1.4424968511279579e-02,
       -1.3235855525481174e-01, -3.1344942079284404e+00,
       -4.4318122232512101e-02, -9.5157858056507550e-03,
       -3.1239962303174194e+00, -1.1138343925116020e-02,
       -1.3400861551808840e-01, -3.0836688630799109e+00,
       -3.5984696973386202e-02, -1.9461842752779129e-01,
       -3.0842293109502701e+00, -8.5808551900055000e-02,
       -3.8396398322701486e-01, 3.1092651847248094e+00,
       1.3614630810229997e-01, 2.3990514186948353e-01,
       -3.0352791103142036e+00, -2.1524398141621562e-01,
       -4.8674687369312136e-01, -2.9027428189949065e+00,
       3.2645169205085083e-02, -9.7633078579230359e-01,
       -2.6199974396563324e+00, 1.6327688698951856e-01,
       -1.4053538191073089e+00, -2.6829767530225213e+00,
       1.5006406455702595e-01, -1.2254271768735296e+00,
       -2.7310598681159148e+00, 8.6755900663486180e-02,
       -1.1799780041668992e+00, -2.7164263858334254e+00,
       7.1995562345958164e-02, -1.2379297638549465e+00,
       -2.6950210854768599e+00, 8.4903410236875310e-02,
       -1.2995664288492981e+00, -2.6435053342200412e+00,
       1.1488914249132827e-01, -1.4205915198506054e+00,
