%YAML:1.0
---
summary: "Filter by distance, md=250."
init_cam_calib: C99-1010_3p_3
camera_matrix: !!opencv-matrix
   rows: 3
   cols: 3
   dt: d
   data: [ 2.5788262672562787e+03, 0., 1.8778514063243206e+03, 0.,
       2.5801947970901515e+03, 1.0948461498680472e+03, 0., 0., 1. ]
dist_coeff: !!opencv-matrix
   rows: 5
   cols: 1
   dt: d
   data: [ 1.7853189913417451e-02, -4.4274845763057173e-02,
       -1.7460931153926286e-04, -1.5152405567428779e-03,
       3.8269531507948450e-02 ]
std_intrinsics: !!opencv-matrix
   rows: 18
   cols: 1
   dt: d
   data: [ 6.7241393715489195e-01, 6.1851669972386814e-01,
       1.3963866243611773e+00, 8.8074210647491791e-01,
       1.6789212892231577e-03, 5.9520759795349586e-03,
       1.1711916602309438e-04, 1.8502581078987508e-04,
       6.2872631741483116e-03, 0., 0., 0., 0., 0., 0., 0., 0., 0. ]
std_extrinsics: !!opencv-matrix
   rows: 996
   cols: 1
   dt: d
   data: [ 1.2366670514496983e-03, 4.6317803016907743e-04,
       1.3916754293551473e-03, 1.9426071256036022e+00,
       1.2491507126481742e+00, 1.4864126578076329e+00,
       1.1474771594919408e-03, 4.0151051360192677e-04,
       1.2645348489152232e-03, 1.8599990894745644e+00,
       1.1996050672555465e+00, 1.3862399326721957e+00,
       1.1176684487233463e-03, 4.1955227770510767e-04,
       1.2596006836399602e-03, 1.7829306877276920e+00,
       1.1507060019780508e+00, 1.3428792224809634e+00,
       1.0889539641043408e-03, 4.3660580988661639e-04,
       1.2713822508123804e-03, 1.7409974034070725e+00,
       1.1253918867339765e+00, 1.3234136490672841e+00,
       1.0658547484826543e-03, 4.0895311193203112e-04,
       1.2568630374149218e-03, 1.6449417078148560e+00,
       1.0648637779952861e+00, 1.2112787416902726e+00,
       1.1709539916526306e-03, 4.0237689666686443e-04,
       1.2616541227618500e-03, 1.5899852070306493e+00,
       1.0363076970866929e+00, 1.2228369531162946e+00,
       1.2143186909474913e-03, 3.9765991308009777e-04,
       1.2700649176814864e-03, 1.5636430140301543e+00,
       1.0250680137394448e+00, 1.2244588037678465e+00,
       1.2641089056970301e-03, 3.8083658916901426e-04,
       1.2261354050122372e-03, 1.4757239225013015e+00,
       9.7589846551002668e-01, 1.1660571998044884e+00,
       1.2010551921058669e-03, 3.7683236561279152e-04,
       1.2127232903953746e-03, 1.4346430263720482e+00,
       9.4936215765293330e-01, 1.0964216696121476e+00,
       1.0443569274868839e-03, 3.9493256181873966e-04,
       1.3123031746017516e-03, 1.4472542773928776e+00,
       9.5069198762737628e-01, 1.0271345223912294e+00,
       9.2121317890833806e-04, 3.9884941713271791e-04,
       1.3644356430670399e-03, 1.4861437737104579e+00,
       9.7007872937603201e-01, 9.6431613814167028e-01,
       1.0120480525907690e-03, 4.0080756241293072e-04,
       1.2592867955683975e-03, 1.5633083859218495e+00,
       1.0176460423348779e+00, 9.7050662963704060e-01,
       9.6318812874847577e-04, 3.8068501223552246e-04,
       1.2229001155543311e-03, 1.5944512704664757e+00,
       1.0357220488912116e+00, 9.5533788014961984e-01,
       1.0625085913421172e-03, 4.2204545436434575e-04,
       1.2719199934373775e-03, 1.6975643164143943e+00,
       1.0997629903886588e+00, 1.0321510522869082e+00,
       1.0738847753220778e-03, 4.4494231261140094e-04,
       1.3055035453951882e-03, 1.7881728077883603e+00,
       1.1568335637719900e+00, 1.0994669958294871e+00,
       1.1026197112350181e-03, 4.6394367315051165e-04,
       1.3533845942045855e-03, 1.9034800860970102e+00,
       1.2330416066103571e+00, 1.2153240011953459e+00,
       1.1293790228166774e-03, 4.6832672659817180e-04,
       1.4050541983050336e-03, 1.9629998058241460e+00,
       1.2762805951250848e+00, 1.3276720299446598e+00,
       1.1455591376486106e-03, 4.7647708383637545e-04,
       1.4286863386471903e-03, 1.9940607879704428e+00,
       1.2937642215559710e+00, 1.3742737955464115e+00,
       1.1645082161979576e-03, 4.9548971875137959e-04,
       1.4425417443268283e-03, 2.0046578208015564e+00,
       1.2974640110453934e+00, 1.3877301918147773e+00,
       1.1606892046830020e-03, 4.8665515053510083e-04,
       1.4293817634407268e-03, 2.0237428750118682e+00,
       1.3079932202430034e+00, 1.3739953146041106e+00,
       9.6276794177106544e-04, 5.0943100482506143e-04,
       1.5724325982200543e-03, 1.9740790476463255e+00,
       1.2717456384908457e+00, 1.2960434172460831e+00,
       9.6964804783785969e-04, 5.0194490283135562e-04,
       1.5396115378206203e-03, 1.9610298608967458e+00,
       1.2642147849444139e+00, 1.2966801793540870e+00,
       9.9275873702190385e-04, 5.0279503046794446e-04,
       1.5175945701195587e-03, 1.9493445845269817e+00,
       1.2601787254601016e+00, 1.3220438322935597e+00,
       8.6002178089055218e-04, 4.8027829355861150e-04,
       1.4685678008521247e-03, 1.9510169587418771e+00,
       1.2650986613751898e+00, 1.2430491458613624e+00,
       8.5703886352443031e-04, 4.7111135748218369e-04,
       1.4922201024650456e-03, 1.9330281687246544e+00,
       1.2523659765771404e+00, 1.2216461728619257e+00,
       1.0851186371335568e-03, 4.7960441331325944e-04,
       1.3971272341576026e-03, 1.9188745264245437e+00,
       1.2465971789848671e+00, 1.2400581002910038e+00,
       1.1420877675612038e-03, 4.7461456443995001e-04,
       1.3758095692670445e-03, 1.9560081792476134e+00,
       1.2667730273186382e+00, 1.2757990769433922e+00,
       1.1265487938667662e-03, 4.7053040153637759e-04,
       1.3886543918870302e-03, 1.9468387462911327e+00,
       1.2675142736784795e+00, 1.3337348818081769e+00,
       1.1618376834458511e-03, 4.6833466087099583e-04,
       1.3964951365479745e-03, 1.9812803737331732e+00,
       1.2886272691302643e+00, 1.3901757330561777e+00,
       1.2428391959146828e-03, 4.9451154574874589e-04,
       1.3803483515318778e-03, 2.0351677374929666e+00,
       1.3212304229700573e+00, 1.4544197511947785e+00,
       1.2665241182018715e-03, 5.0058329614835310e-04,
       1.4711045545009944e-03, 2.0160681127288571e+00,
       1.3239962552492146e+00, 1.6014241799487692e+00,
       1.3885323516466012e-03, 5.4100522104617876e-04,
       1.5758914013275069e-03, 2.0157272945693956e+00,
       1.3357972141169430e+00, 1.7308780411954938e+00,
       1.2601610972383440e-03, 5.1334875456466038e-04,
       1.4524546413754310e-03, 1.9838313968619681e+00,
       1.3034462943584628e+00, 1.5570465036380636e+00,
       1.1786629574415703e-03, 4.8522379276437196e-04,
       1.3616150918672218e-03, 2.0142133934839483e+00,
       1.3068497479508812e+00, 1.4374952638406668e+00,
       1.1844428710826378e-03, 4.9650897889991252e-04,
       1.3671097012442133e-03, 2.0228620783464151e+00,
       1.3053384297571322e+00, 1.4490581811829348e+00,
       1.2150732223566434e-03, 5.0807467692385797e-04,
       1.3726125052082772e-03, 2.0182815072233904e+00,
       1.3000889158472453e+00, 1.3871971692766027e+00,
       1.1966246827759021e-03, 5.1878185832565107e-04,
       1.3509750416343792e-03, 1.9917090801325783e+00,
       1.2841459698988555e+00, 1.3327138904443012e+00,
       1.2258530077397204e-03, 5.2452853238053995e-04,
       1.4024231869512475e-03, 1.9804228786386515e+00,
       1.2824346942839560e+00, 1.4018843996701316e+00,
       1.0421762901283056e-03, 5.4682560629677420e-04,
       1.6668463163317206e-03, 2.0267619235518892e+00,
       1.3104521331097827e+00, 1.4771361759880171e+00,
       1.2331223403509669e-03, 5.3463863816881427e-04,
       1.4656510580594241e-03, 2.0677361498485336e+00,
       1.3265007646976579e+00, 1.4731364939208456e+00,
       1.2438551026858059e-03, 5.3857869367996618e-04,
       1.4846436194649090e-03, 2.1424148951387254e+00,
       1.3797180688615931e+00, 1.5478494660162612e+00,
       1.2989696730231729e-03, 5.9824376961600150e-04,
       1.5008486081920982e-03, 2.1953301580150191e+00,
       1.4098751063535040e+00, 1.7409201568874002e+00,
       1.1466585634073933e-03, 7.1224922655378266e-04,
       1.7012990445108682e-03, 2.2524977244012163e+00,
