%YAML:1.0
---
summary: "Filter by distance, md=150, ds=75."
init_cam_calib: C99-1010_3p_3
camera_matrix: !!opencv-matrix
   rows: 3
   cols: 3
   dt: d
   data: [ 2.5813380764772751e+03, 0., 1.8944168870618780e+03, 0.,
       2.5824722772182558e+03, 1.0946958409128638e+03, 0., 0., 1. ]
dist_coeff: !!opencv-matrix
   rows: 5
   cols: 1
   dt: d
   data: [ 1.5515493506908130e-02, -3.3754630087607596e-02,
       -2.5663907345654133e-04, 6.6455292968319702e-05,
       2.5613719002774871e-02 ]
std_intrinsics: !!opencv-matrix
   rows: 18
   cols: 1
   dt: d
   data: [ 4.8531052831136418e-01, 4.4656115458927270e-01,
       1.0063083919254816e+00, 6.3734875601301999e-01,
       1.2093837705660659e-03, 4.3309982041023357e-03,
       8.4894119875219577e-05, 1.3282591017057155e-04,
       4.6119046014819051e-03, 0., 0., 0., 0., 0., 0., 0., 0., 0. ]
std_extrinsics: !!opencv-matrix
   rows: 1794
   cols: 1
   dt: d
   data: [ 1.1695486498732523e-03, 4.4608215532050108e-04,
       1.2428255193634094e-03, 1.4206923344698539e+00,
       9.2849425389652585e-01, 1.3130558167537156e+00,
       1.1382341430528670e-03, 4.2642255914646825e-04,
       1.1993935564012285e-03, 1.4115123572068906e+00,
       9.2271605880512342e-01, 1.2645044684995592e+00,
       1.0914229848227360e-03, 3.8902594033262696e-04,
       1.1223042145237353e-03, 1.3644153168617841e+00,
       8.9622565409572674e-01, 1.2256332327574595e+00,
       1.0803803052921595e-03, 3.9010715687937125e-04,
       1.1231153461754558e-03, 1.3223029461207705e+00,
       8.7066739417171701e-01, 1.2211145126111225e+00,
       1.0509806504905650e-03, 4.1018532472184016e-04,
       1.1173813554765449e-03, 1.2959416361332405e+00,
       8.5206887747682969e-01, 1.2011581998713932e+00,
       1.0375504802992437e-03, 4.1644161119062375e-04,
       1.1256083839419726e-03, 1.2794627869512731e+00,
       8.4067193881067992e-01, 1.1729942960969564e+00,
       9.9078217501885027e-04, 4.3191192511449352e-04,
       1.0983644633317954e-03, 1.2369325916524698e+00,
       8.0920609157172896e-01, 1.0906869972216777e+00,
       1.0060325559674338e-03, 3.9225957326011716e-04,
       1.0928641334040751e-03, 1.2096330542269087e+00,
       7.9269452525335815e-01, 1.0501322258674075e+00,
       1.0248432389002948e-03, 3.9057239629775422e-04,
       1.1058471492793589e-03, 1.1948116149763461e+00,
       7.8474132676255326e-01, 1.0421408986113783e+00,
       1.0985052595701081e-03, 3.8265960166823090e-04,
       1.0996028551555617e-03, 1.1678488595775145e+00,
       7.7202854526326981e-01, 1.0537382764548824e+00,
       1.1514423939264608e-03, 3.8107516367827653e-04,
       1.1112973402662464e-03, 1.1553993095240107e+00,
       7.6688370135296680e-01, 1.0691514730400933e+00,
       1.1749645876754779e-03, 3.7018838059525933e-04,
       1.0794527956026819e-03, 1.1173385002422629e+00,
       7.4454185471894097e-01, 1.0348565200815834e+00,
       1.2002170570903628e-03, 3.6396432475462861e-04,
       1.0648934165303962e-03, 1.0922434770012539e+00,
       7.3309991998490653e-01, 1.0156741408666925e+00,
       1.2379082764318527e-03, 3.6528352642031873e-04,
       1.0735273016545920e-03, 1.0680871056519041e+00,
       7.1977366656307540e-01, 1.0111209397907521e+00,
       1.1390588691775052e-03, 3.5956055927297475e-04,
       1.0483486367211703e-03, 1.0600464009477943e+00,
       7.1224089955020464e-01, 9.4906721227505897e-01,
       1.0793745016655963e-03, 3.7242734903443725e-04,
       1.0960073114847978e-03, 1.0585744634193355e+00,
       7.1016023579217258e-01, 9.3650858471340737e-01,
       9.3737029702081038e-04, 3.8783699534874555e-04,
       1.2210798049348032e-03, 1.0756872389648906e+00,
       7.1442860005011066e-01, 8.6396075445348708e-01,
       8.5556051433124231e-04, 3.8150540765998251e-04,
       1.2201887427636653e-03, 1.0822881885905091e+00,
       7.1744978043307961e-01, 8.1836735725011667e-01,
       8.5108671832285522e-04, 3.8037225176138780e-04,
       1.2101908494446120e-03, 1.1051105173628393e+00,
       7.3372084995518194e-01, 8.2229890662448413e-01,
       9.1423037825930531e-04, 3.6799672351372380e-04,
       1.0804670846425335e-03, 1.1475194704773564e+00,
       7.6052794179022021e-01, 8.0824307216368430e-01,
       8.9735328575020598e-04, 3.5893207682112402e-04,
       1.0647578826028393e-03, 1.1637081099972750e+00,
       7.7069598419795504e-01, 8.0291177201791797e-01,
       9.4544588070509311e-04, 3.7483137117788043e-04,
       1.0876780094576002e-03, 1.2074348999662803e+00,
       8.0005719682539744e-01, 8.4821951608132329e-01,
       9.8972028228451383e-04, 3.9982062890680609e-04,
       1.1306193739620812e-03, 1.2466836157055434e+00,
       8.2409110367764771e-01, 8.9664626168177275e-01,
       1.0137490105028811e-03, 4.1655640615401906e-04,
       1.1571897782253456e-03, 1.2909973124529490e+00,
       8.5250275804300346e-01, 9.4761567800808710e-01,
       9.8597988628446607e-04, 4.1149716355581416e-04,
       1.1493595706552119e-03, 1.3180487217829917e+00,
       8.7189580305841907e-01, 9.6383601298986565e-01,
       1.0148034059115772e-03, 4.2754379607179064e-04,
       1.1916975438827397e-03, 1.3728066566212012e+00,
       9.0971220411260678e-01, 1.0494331274613449e+00,
       1.0456198196791230e-03, 4.3800127653859794e-04,
       1.2496579021741595e-03, 1.4185820948509038e+00,
       9.4390205811250638e-01, 1.1477799880280757e+00,
       1.0476560883157645e-03, 4.3595530743199715e-04,
       1.2540497557662574e-03, 1.4337431739346604e+00,
       9.5600787403054621e-01, 1.1827638137745542e+00,
       1.0596713507602668e-03, 4.4374219961375110e-04,
       1.2604700222880426e-03, 1.4418517755003706e+00,
       9.5976574736391018e-01, 1.1954843853069890e+00,
       1.0899864075199874e-03, 4.5233949123485337e-04,
       1.2848502708953343e-03, 1.4597271709208486e+00,
       9.6723272983756048e-01, 1.2261734090731764e+00,
       1.0922325944709627e-03, 4.6321681411809457e-04,
       1.2943696574167858e-03, 1.4616683561102235e+00,
       9.6651124821527445e-01, 1.2314128208848203e+00,
       9.1378661266295431e-04, 4.8467219817508481e-04,
       1.4801789200901145e-03, 1.4677346806748368e+00,
       9.7063047696286964e-01, 1.2796990477750914e+00,
       1.0929210502413874e-03, 4.6508914653206759e-04,
       1.3044005276992496e-03, 1.4717047260635192e+00,
       9.7272544878261047e-01, 1.2591774951860246e+00,
       1.0799052108593603e-03, 4.5457388348631828e-04,
       1.2812102132548488e-03, 1.4707255633958485e+00,
       9.7159342031379292e-01, 1.2286752402380738e+00,
       1.0788178179303787e-03, 4.5149620774349690e-04,
       1.2662674043318848e-03, 1.4705915180738061e+00,
       9.7137956918085122e-01, 1.1936639789040944e+00,
       1.0601220711277078e-03, 4.4772171445580592e-04,
       1.2547392763501341e-03, 1.4470011765034838e+00,
       9.5358322078119229e-01, 1.1535849753302443e+00,
       8.9514297800117346e-04, 4.7655825665580856e-04,
       1.4229272464734233e-03, 1.4407725565031699e+00,
       9.4607079090775392e-01, 1.1514454834853860e+00,
       9.0215123537068314e-04, 4.7592963995004954e-04,
       1.3951027115076601e-03, 1.4300924486531499e+00,
       9.3869541097183495e-01, 1.1424758486670310e+00,
       9.0455017177305265e-04, 4.6534333510473975e-04,
       1.3803643085418288e-03, 1.4317411455604785e+00,
       9.4000313106546796e-01, 1.1494726438931648e+00,
       9.2395128206032508e-04, 4.7082534469694142e-04,
       1.3730745872894557e-03, 1.4221228790678273e+00,
       9.3668813436352849e-01, 1.1755756947703144e+00,
       8.0640504805958545e-04, 4.4831457020059367e-04,
       1.3283992075964809e-03, 1.4262711217188233e+00,
       9.4381556041510117e-01, 1.1042036841111118e+00,
       7.9091920775905525e-04, 4.5499997101713702e-04,
       1.3323311687783433e-03, 1.4212517475951290e+00,
       9.4311620959183029e-01, 1.0965403936587284e+00,
       7.9367241352304267e-04, 4.5040117612049147e-04,
       1.3446621562938597e-03, 1.4083229127028738e+00,
