%YAML:1.0
---
summary: "New test. No major changes."
init_cam_calib: res-C99Finf1004_3p_2
camera_matrix: !!opencv-matrix
   rows: 3
   cols: 3
   dt: d
   data: [ 2.5608187965701804e+03, 0., 1.8708899168540229e+03, 0.,
       2.5568255656857123e+03, 1.0831642689841083e+03, 0., 0., 1. ]
dist_coeff: !!opencv-matrix
   rows: 5
   cols: 1
   dt: d
   data: [ 2.1825273357992434e-02, -5.0228969463862197e-02,
       -6.9197931795195590e-04, -2.2422765037603486e-03,
       3.7520896960747063e-02 ]
std_intrinsics: !!opencv-matrix
   rows: 18
   cols: 1
   dt: d
   data: [ 6.9980363460573969e-01, 6.7621024198110646e-01,
       1.1404723707517335e+00, 7.5634597339804477e-01,
       1.4854255403699650e-03, 5.8433746937994000e-03,
       1.0213456863219895e-04, 1.5258954413464239e-04,
       6.6936019202557930e-03, 0., 0., 0., 0., 0., 0., 0., 0., 0. ]
std_extrinsics: !!opencv-matrix
   rows: 528
   cols: 1
   dt: d
   data: [ 7.7969754940789145e-04, 3.2840408347751838e-04,
       1.0668303077537458e-03, 1.4880988853726598e+00,
       1.0148731468217611e+00, 1.1522093056219187e+00,
       7.9260392314109960e-04, 2.6854700905662969e-04,
       9.3858504407212228e-04, 1.5177083146822377e+00,
       1.0280355321167884e+00, 1.1629746037134485e+00,
       8.1832207645602404e-04, 2.8967292032832482e-04,
       9.6405584836341122e-04, 1.5671812427142628e+00,
       1.0558731394227536e+00, 1.1930588227144752e+00,
       7.9191509517087500e-04, 2.7507971730160804e-04,
       9.4918240402533567e-04, 1.5083310267837842e+00,
       1.0176168470455289e+00, 1.1278359894718839e+00,
       6.2519628103329034e-04, 4.5912873408953607e-04,
       1.4286255676918107e-03, 1.6627079110778067e+00,
       1.1049037378573185e+00, 1.2839920734114258e+00,
       7.5195386853551377e-04, 2.8480963206796428e-04,
       9.1598766627943012e-04, 1.3844122801450849e+00,
       9.3852139784535504e-01, 1.0769175215830071e+00,
       6.8584147720533414e-04, 2.8245177025880739e-04,
       8.8927476206843950e-04, 1.2566603677531227e+00,
       8.5072486894553312e-01, 9.6482329597870997e-01,
       8.7210085471175656e-04, 3.3910841989598004e-04,
       9.7101331517327491e-04, 1.3871403760550138e+00,
       9.3909880254836975e-01, 9.3664737620691474e-01,
       7.9703962870228927e-04, 2.8050315900901178e-04,
       9.4089128932629959e-04, 1.2166993666511909e+00,
       8.4602604639897772e-01, 9.4119241878164672e-01,
       9.6388035189621396e-04, 3.9481892442105166e-04,
       1.0418252736921318e-03, 1.6177248451745592e+00,
       1.0992931261138772e+00, 1.1516662426236672e+00,
       9.6160859117795845e-04, 4.1883823793425589e-04,
       1.0560311998070162e-03, 1.6403838650808760e+00,
       1.1080558318875451e+00, 1.1662436905200071e+00,
       7.4260159091671504e-04, 2.8922060129640375e-04,
       9.8882697228595091e-04, 1.4581630405751136e+00,
       9.8582757552473010e-01, 1.0920303917431993e+00,
       8.5791576993531971e-04, 3.4786066166156524e-04,
       1.0401980952067895e-03, 1.7843217183219948e+00,
       1.2145920764664719e+00, 1.5596423412228582e+00,
       1.0596673537018369e-03, 3.1187308139273066e-04,
       1.0463382100291370e-03, 1.8069806297045354e+00,
       1.2187958520029611e+00, 1.4349009771181904e+00,
       1.0564123366132775e-03, 3.0537732040904935e-04,
       1.0333580725465665e-03, 1.8013377974791338e+00,
       1.2162989418235881e+00, 1.4302368713111773e+00,
       6.9363427311767251e-04, 5.7439602034591703e-04,
       1.5779077399819064e-03, 1.9291429238914801e+00,
       1.2753705454848572e+00, 1.6194867698672621e+00,
       6.9787164485533902e-04, 5.5745796429924703e-04,
       1.5398830092193424e-03, 1.9371658498019175e+00,
       1.2814973468515805e+00, 1.6189236105685547e+00,
       1.0267700510159235e-03, 2.9954165076998842e-04,
       1.0491602043063630e-03, 1.7815377929398355e+00,
       1.2068944121856333e+00, 1.4406350112942345e+00,
       6.0893439525072299e-04, 3.3256395618177153e-04,
       1.1274025282855297e-03, 1.6422908411791135e+00,
       1.1131000281992762e+00, 1.0853614046159974e+00,
       7.0810726382042213e-04, 5.4250703106074199e-04,
       1.5149314340034215e-03, 1.9339883890408152e+00,
       1.2810524968443266e+00, 1.6377751849266438e+00,
       8.4821849006900488e-04, 3.1757897786538773e-04,
       1.0713395256472500e-03, 1.6877960368046900e+00,
       1.1498793778126397e+00, 1.4288434874659544e+00,
       7.1129458489928895e-04, 3.7780102472246614e-04,
       1.0809565402878948e-03, 1.5756123429614324e+00,
       1.0699624714240430e+00, 1.0761475357886441e+00,
       8.9272581245319991e-04, 3.8364340940891630e-04,
       1.0117590938344648e-03, 1.5748842525846278e+00,
       1.0651689258886237e+00, 1.0770347740995214e+00,
       6.9202883291326150e-04, 2.6194577083001242e-04,
       8.9638938574471648e-04, 1.3205011392585295e+00,
       8.9914287343540544e-01, 1.0057341955324919e+00,
       6.5085903347274654e-04, 4.9347095178922846e-04,
       1.4123112188017741e-03, 1.8962566132026895e+00,
       1.2579184040415172e+00, 1.6145732555241159e+00,
       7.2558511390761018e-04, 2.6732436454334694e-04,
       8.9615101412191705e-04, 1.2507885786519266e+00,
       8.5965601014795434e-01, 8.6384051874930323e-01,
       7.3019405442759295e-04, 2.9110341681209457e-04,
       9.3833164371411319e-04, 1.3330311763178968e+00,
       9.0653150425153439e-01, 8.6053157419516746e-01,
       7.5069377434467581e-04, 2.9235538423291290e-04,
       9.5436193671446135e-04, 1.4107773768360679e+00,
       9.5455591411276353e-01, 8.9944668598279487e-01,
       6.4139757572181336e-04, 2.7874500584202489e-04,
       8.7462933032756958e-04, 1.5242270587545272e+00,
       1.0341406515904179e+00, 1.1852850094678140e+00,
       8.4669735347997423e-04, 3.5660827206489878e-04,
       1.0658312964693208e-03, 1.6153256709736308e+00,
       1.0858152572392950e+00, 1.1549898695579879e+00,
       5.4844773440887863e-04, 5.0943903091246572e-04,
       1.2450389808907490e-03, 1.7252921192378121e+00,
       1.1344590218612054e+00, 1.3985386852224213e+00,
       8.9596550593021393e-04, 4.7620575766967071e-04,
       1.0437508887711372e-03, 1.7756289049918286e+00,
       1.2126092944730029e+00, 1.4436525233633892e+00,
       5.7676098397499290e-04, 3.4921289390061998e-04,
       1.1333904746502767e-03, 1.4980957406476745e+00,
       1.0130126331108442e+00, 1.0380153414956990e+00,
       6.5085507837087000e-04, 5.5569502048571342e-04,
       1.4470026155462550e-03, 1.8043314790092617e+00,
       1.1835538297839854e+00, 1.4439460952912824e+00,
       7.4613113736324342e-04, 2.8954910765566688e-04,
       9.8492427993112979e-04, 1.5160954238656901e+00,
       1.0234896381307903e+00, 9.5661845213115626e-01,
       8.1517134097809944e-04, 3.0063773787754127e-04,
       9.9823539748711255e-04, 1.5601061283200841e+00,
       1.0532934470700164e+00, 1.0655087740383398e+00,
       5.1882244637554422e-04, 5.2986920590009426e-04,
       1.2759491134331144e-03, 1.7306400459411415e+00,
       1.1418395836429212e+00, 1.3822964021274253e+00,
       8.1411502027400071e-04, 2.9877430618334986e-04,
       9.7613462210130626e-04, 1.5770401349386278e+00,
       1.0618168877887786e+00, 9.9784345661329943e-01,
       9.4216441590682114e-04, 3.4054977730411641e-04,
       1.1687457873768604e-03, 1.7957244979003011e+00,
       1.2093612237628912e+00, 1.2101728132022578e+00,
       6.4012733290142083e-04, 5.5698337783429655e-04,
       1.2091166481144409e-03, 1.8091300765064633e+00,
       1.2147224190178834e+00, 1.7782781560646022e+00,
       8.6371147165815044e-04, 3.6916432299813123e-04,
       1.0428463279382942e-03, 1.6432413044263907e+00,
       1.1130774810102926e+00, 1.1606808276509115e+00,
       6.9955341383303848e-04, 2.7201759280772391e-04,
       9.5750320338758353e-04, 1.3164885791073593e+00,
       9.0039152130827405e-01, 1.0290803356445941e+00,
       6.5423651564465012e-04, 3.3384116628834472e-04,
       1.1565276416056088e-03, 1.7218469243987184e+00,
