%YAML:1.0
---
camera_matrix: !!opencv-matrix
   rows: 3
   cols: 3
   dt: d
   data: [ 2.6252006771886431e+03, 0., 1.8772926533144371e+03, 0.,
       2.6233314354776785e+03, 1.0926706307408388e+03, 0., 0., 1. ]
dist_coeff: !!opencv-matrix
   rows: 1
   cols: 5
   dt: d
   data: [ -2.2521392520499697e-02, 3.0776971101021727e-01,
       -1.4780068836437060e-03, -1.6396171643624645e-03,
       -7.0690803946840997e-01 ]
std_intrinsics: !!opencv-matrix
   rows: 18
   cols: 1
   dt: d
   data: [ 1.4292252500971037e+00, 1.3651425444595395e+00,
       2.4451984755015745e+00, 1.9016424096244764e+00,
       4.4149225170342860e-03, 3.9151228349478429e-02,
       2.7503999973737132e-04, 3.6269046330909577e-04,
       9.8767092454413105e-02, 0., 0., 0., 0., 0., 0., 0., 0., 0. ]
std_extrinsics: !!opencv-matrix
   rows: 858
   cols: 1
   dt: d
   data: [ 6.8770189624013751e-03, 6.8528932428831421e-03,
       5.7456069107397561e-04, 2.4087035774558035e-02,
       1.9217016138489348e-02, 4.1300064706317453e-02,
       6.8219073068788811e-03, 6.8039101380591169e-03,
       5.7512461383333084e-04, 2.4097559815178755e-02,
       1.9236354481565902e-02, 4.1226130301093927e-02,
       6.8616770802843322e-03, 6.8471328925413825e-03,
       5.7328928615489225e-04, 2.4204379876903308e-02,
       1.9277491968533480e-02, 4.1502865606910765e-02,
       1.3126699808742395e-03, 1.3093560490690861e-03,
       4.6997488222157873e-04, 1.2602094082955113e-02,
       9.7244072501763631e-03, 1.1538552159196348e-02,
       1.3075448294748375e-03, 1.3045576847308636e-03,
       4.7040081459932625e-04, 1.2574220035710931e-02,
       9.7010242835714692e-03, 1.1484290557305652e-02,
       1.3077584282836085e-03, 1.3033882957107059e-03,
       4.7033916501274713e-04, 1.2563864561536048e-02,
       9.6954859725169092e-03, 1.1451874719950779e-02,
       1.3080369950445629e-03, 1.3054917962617573e-03,
       4.6846703203074316e-04, 1.2564072277227174e-02,
       9.6880871339116732e-03, 1.1456710188668088e-02,
       6.7961185763399145e-03, 6.7806934795091797e-03,
       5.7555634487615754e-04, 2.4183699872630294e-02,
       1.9282466478600310e-02, 4.1445498247917087e-02,
       1.3063204601132740e-03, 1.2988507098366775e-03,
       4.7175514293852096e-04, 1.2550103464388443e-02,
       9.6891184694840732e-03, 1.1394085090927746e-02,
       1.4643044573438980e-03, 1.4067227723905304e-03,
       4.2668495719942360e-04, 1.2331906340869291e-02,
       9.5395132299243238e-03, 1.1191677597035501e-02,
       1.9286469720917717e-03, 1.9540582975391438e-03,
       3.1526652795702182e-04, 1.3041510983828247e-02,
       1.0215641725122059e-02, 1.1464945336206869e-02,
       1.5207464583948849e-03, 1.5081952196369839e-03,
       4.6834820955020141e-04, 1.5702531167484154e-02,
       1.2227954025525989e-02, 9.9846207333821758e-03,
       1.3315579634586346e-03, 1.3232296291692334e-03,
       5.1521626932074592e-04, 1.6446462424519203e-02,
       1.2759303702442352e-02, 9.8417133380867550e-03,
       1.3516350841838072e-03, 1.3441767622676590e-03,
       5.7226864550557696e-04, 1.7511061320814540e-02,
       1.3562537357321106e-02, 9.5381799210258016e-03,
       1.3696638615352009e-03, 1.3894985705468559e-03,
       6.3491191433418979e-04, 1.8605794833123263e-02,
       1.4389436114575466e-02, 9.7357543549983928e-03,
       1.3586361612289049e-03, 1.3812281062527884e-03,
       6.2342240945757309e-04, 1.8761253976983812e-02,
       1.4552282697423539e-02, 1.0316541315562399e-02,
       1.3426141319748004e-03, 1.3594453616870639e-03,
       6.4209559351979069e-04, 1.9004853241524580e-02,
       1.4729647566984298e-02, 1.0397581286256724e-02,
       1.3012404242332758e-03, 1.3114235897235694e-03,
       6.4409618140103193e-04, 1.9069479129899713e-02,
       1.4723663284519630e-02, 1.1015019756023325e-02,
       5.9314507567989096e-03, 5.8898757385652742e-03,
       6.6018506954199541e-04, 2.3729646425313021e-02,
       1.9196944281789113e-02, 3.9542484591465241e-02,
       1.3075559104041171e-03, 1.3191388611337872e-03,
       6.3276279617756131e-04, 1.9057858490148304e-02,
       1.4729695604364879e-02, 1.1306070971945191e-02,
       1.3050981895240028e-03, 1.3224174040541920e-03,
       6.2985809049608010e-04, 1.9115844463155725e-02,
       1.4813075410597305e-02, 1.1361558626589810e-02,
       1.3067711129912960e-03, 1.3231809241304841e-03,
       6.3129096165362062e-04, 1.9087499588180797e-02,
       1.4783427298428766e-02, 1.1319930583955045e-02,
       1.3113321861917516e-03, 1.3271733415813152e-03,
       6.2948192391873610e-04, 1.9093469225213922e-02,
       1.4790750690707186e-02, 1.1359431631791551e-02,
       1.3096586210582682e-03, 1.3249194737118316e-03,
       6.3146389493046661e-04, 1.9094258052256861e-02,
       1.4786832467012633e-02, 1.1327641400995053e-02,
       1.3074847451303173e-03, 1.3203133546689791e-03,
       6.3199870061355127e-04, 1.9043628236493575e-02,
       1.4735116451437101e-02, 1.1283391315534722e-02,
       1.3097971137792711e-03, 1.3214992195747914e-03,
       6.3184436615757844e-04, 1.9061333906145280e-02,
       1.4749295282205453e-02, 1.1333116040627542e-02,
       1.3066175510191447e-03, 1.3188487878621870e-03,
       6.3137364351409007e-04, 1.9034533303909661e-02,
       1.4732148521580621e-02, 1.1294268810962819e-02,
       1.3094011346454024e-03, 1.3198656038974411e-03,
       6.3121577836314691e-04, 1.9035218775558114e-02,
       1.4727249552818527e-02, 1.1321819615441433e-02,
       1.3038569337644197e-03, 1.3162620781218661e-03,
       6.3074802440645742e-04, 1.9012476057971642e-02,
       1.4710386497459803e-02, 1.1297483641277582e-02,
       3.7650364416994763e-03, 3.7328290413048645e-03,
       7.3681272754393113e-04, 2.1980139810240724e-02,
       1.6744563462708587e-02, 3.2405240606798641e-02,
       1.3050379068659558e-03, 1.3231335611979486e-03,
       6.2818768077655535e-04, 1.9045103999254527e-02,
       1.4747449025925461e-02, 1.1334841712960921e-02,
       1.3080166095469370e-03, 1.3231499068089528e-03,
       6.2605263751394874e-04, 1.9019367584776879e-02,
       1.4720265101492274e-02, 1.1447233354253687e-02,
       1.3145972891504892e-03, 1.3482323327168905e-03,
       6.0172492457201301e-04, 1.8936707997579905e-02,
       1.4764695864677886e-02, 1.1212168759805288e-02,
       1.1221083222065888e-03, 1.1987428524097971e-03,
       5.3950921026878023e-04, 1.5820567164957295e-02,
       1.2104775686250758e-02, 1.1158779963254447e-02,
       1.2084591469876283e-03, 1.2840990812328420e-03,
       5.4976455886263239e-04, 1.7170265181415560e-02,
       1.3225669800602458e-02, 1.2418525263724061e-02,
       1.2192794408945830e-03, 1.2886115977358661e-03,
       5.5712373483263753e-04, 1.7371816028112164e-02,
       1.3341735159183014e-02, 1.2732659710313324e-02,
       1.2165949609263687e-03, 1.2837770119942709e-03,
       5.5920091174150059e-04, 1.7338902182390082e-02,
       1.3278123573509593e-02, 1.2806595300032985e-02,
       2.5144588092539926e-03, 2.5112688602853504e-03,
       6.9196853805132599e-04, 2.0919826180843953e-02,
       1.6268098320096784e-02, 2.9715901084662731e-02,
       1.2158108531571653e-03, 1.2855626319201185e-03,
       5.5893208249160767e-04, 1.7347465094357296e-02,
       1.3292369024669317e-02, 1.2801781516873466e-02,
       1.2090875832475993e-03, 1.2783542287421379e-03,
       5.5825127388855599e-04, 1.7261869164025015e-02,
       1.3220649367146483e-02, 1.2681448674122303e-02,
       1.2141122873771666e-03, 1.2851280799626638e-03,
       5.5718329421402374e-04, 1.7311056479517039e-02,
       1.3285989051516340e-02, 1.2729325395237554e-02,
       1.2117682653178966e-03, 1.2839622951300114e-03,
       5.5711744784024762e-04, 1.7319355950980130e-02,
       1.3299483063984985e-02, 1.2660397045446033e-02,
       1.2154093355523277e-03, 1.2868838083911459e-03,
       5.5770922930671021e-04, 1.7343209392112070e-02,
       1.3312265481010461e-02, 1.2751327162468323e-02,
       1.2163054015135596e-03, 1.2864814573904989e-03,
