%YAML:1.0
---
camera_matrix: !!opencv-matrix
   rows: 3
   cols: 3
   dt: d
   data: [ 2.6427082274852628e+03, 0., 1.7845822406469276e+03, 0.,
       2.6327395515226585e+03, 1.1430430259114587e+03, 0., 0., 1. ]
dist_coeff: !!opencv-matrix
   rows: 1
   cols: 5
   dt: d
   data: [ -5.1522282913330573e-02, 7.3141931862993903e-01,
       3.4441873097470353e-03, -1.2657644322981438e-02,
       -1.4975817926478585e+00 ]
std_intrinsics: !!opencv-matrix
   rows: 18
   cols: 1
   dt: d
   data: [ 6.6245124806711857e+00, 7.1115949398087519e+00,
       9.6958098748326851e+00, 8.8227124892047595e+00,
       8.0284116801300834e-03, 7.1500336096353770e-02,
       1.1598532362337979e-03, 1.3957316548490178e-03,
       1.7724462868568047e-01, 0., 0., 0., 0., 0., 0., 0., 0., 0. ]
std_extrinsics: !!opencv-matrix
   rows: 450
   cols: 1
   dt: d
   data: [ 1.2445814792698988e-03, 1.0161727852564752e-02,
       1.8395219047722310e-02, 9.6774794311495727e-01,
       8.8224986034500497e-01, 7.2839239973804037e-01,
       1.2147658513085072e-03, 1.0386784918965442e-02,
       1.8924184670073851e-02, 9.7022010154179683e-01,
       8.8431647255259771e-01, 7.3604061493108708e-01,
       1.2796217644063439e-03, 9.7603309673608175e-03,
       1.7446682988750028e-02, 9.6559471473768355e-01,
       8.8169131401398804e-01, 7.3149370876628073e-01,
       2.4249365840436398e-03, 4.0746379236757720e-03,
       4.4897488496687381e-03, 8.1426265495774386e-01,
       7.5084732162290735e-01, 5.9306584826033149e-01,
       2.4271199395787726e-03, 4.0783666505838983e-03,
       4.4884120829539022e-03, 8.1254003800017516e-01,
       7.4963529081739277e-01, 5.9265648587888975e-01,
       2.4209232088035879e-03, 4.0704482762932374e-03,
       4.4898795755607505e-03, 8.1207525807492487e-01,
       7.4867385725167279e-01, 5.8960440729898334e-01,
       2.4231785163628047e-03, 4.0717848766220780e-03,
       4.4986939921964524e-03, 8.1122884477256163e-01,
       7.4806218394653778e-01, 5.8842145223872522e-01,
       2.4236856584247909e-03, 4.0695972113738285e-03,
       4.4842157906229601e-03, 8.0984725644594657e-01,
       7.4653847629636727e-01, 5.8980318874971793e-01,
       2.4375852215983112e-03, 4.1874332851286594e-03,
       4.7211348189188400e-03, 7.9707082901271520e-01,
       7.4265493083775547e-01, 6.1613582344794837e-01,
       2.4537373338310948e-03, 4.2735300122537720e-03,
       5.3646839449595822e-03, 7.0657111796877170e-01,
       6.7428605017388032e-01, 6.3840061641108226e-01,
       2.1024134710595646e-03, 3.8343628178230862e-03,
       5.2116940783490766e-03, 7.0555277150826889e-01,
       6.4823689076941338e-01, 5.2702183848945439e-01,
       1.2542906635448678e-03, 1.0113698576297288e-02,
       1.8309661777040052e-02, 9.6845122367374825e-01,
       8.8398431184544202e-01, 7.3971817628343195e-01,
       2.3967304821723955e-03, 3.8805247416399194e-03,
       4.4417189434873775e-03, 7.1176812846805437e-01,
       6.4762805014484404e-01, 5.7331814303992790e-01,
       2.4608776324800911e-03, 3.9199309930773056e-03,
       4.4068249270634505e-03, 7.0818414909647232e-01,
       6.4438988445165768e-01, 5.7568642111272372e-01,
       2.4852860476287254e-03, 3.9432300640488563e-03,
       4.4273541999558502e-03, 7.2155364050130322e-01,
       6.5644209270681486e-01, 5.8831701946804171e-01,
       2.4848259083080368e-03, 3.9469695809734367e-03,
       4.4256767789765316e-03, 7.2316989509808949e-01,
       6.5761842339427823e-01, 5.9042764669585490e-01,
       2.4873191385587842e-03, 3.9567725170176456e-03,
       4.4484003548170090e-03, 7.2635463087930829e-01,
       6.6016217616376360e-01, 5.9354464042249455e-01,
       2.4739234283264458e-03, 3.9374378412513206e-03,
       4.4304894570565872e-03, 7.2850737506121899e-01,
       6.6268978499966980e-01, 5.9354109043173742e-01,
       2.4691460615307720e-03, 3.9323235647246418e-03,
       4.4255669248177464e-03, 7.2867130460857110e-01,
       6.6294096458123242e-01, 5.9327689687792318e-01,
       2.4467422217635685e-03, 3.9186191866812910e-03,
       4.4240152423527202e-03, 7.2114951868820243e-01,
       6.5683572787887368e-01, 5.8495271259395420e-01,
       2.0218558423217552e-03, 3.9644713432078907e-03,
       4.2325795029702776e-03, 6.3786970177141056e-01,
       5.6242995541411756e-01, 4.7770879744095035e-01,
       1.2813435993297801e-03, 8.2109852187256457e-03,
       1.3144955322188812e-02, 9.6731196513279105e-01,
       8.8479331495178826e-01, 7.8448727870846047e-01,
       1.8424008885061119e-03, 4.3193540273465105e-03,
       5.1071171553890571e-03, 9.0123006039590614e-01,
       7.8954011464992702e-01, 7.1671967060524777e-01,
       1.4981189285450897e-03, 4.7515038996677134e-03,
       7.4325493958620368e-03, 8.7731558207178417e-01,
       7.8946976730599105e-01, 6.9836872028519870e-01,
       1.2313485416397282e-03, 7.6717042710714211e-03,
       1.2665856614446767e-02, 8.8570356584198418e-01,
       8.0672757122023719e-01, 6.2312086780181075e-01,
       1.7562571744180191e-03, 4.2444378188691793e-03,
       5.9161713221681268e-03, 8.1978319485150775e-01,
       7.6060483605683504e-01, 5.9628971312826085e-01,
       1.8874901065831524e-03, 3.8102246618804238e-03,
       4.8851994864680809e-03, 8.9215625569756118e-01,
       8.2031445414280435e-01, 6.2362844644534499e-01,
       1.9716986189011894e-03, 3.8626737261447048e-03,
       4.6683191602863534e-03, 8.9502000021974737e-01,
       8.2402895019854328e-01, 6.2487730906226102e-01,
       1.2529692299266914e-03, 1.0265880039744164e-02,
       1.8599392742744643e-02, 9.7415205890907453e-01,
       8.8871644004759431e-01, 7.4083721998883112e-01,
       2.1237486356505374e-03, 4.1423307457323722e-03,
       5.2279996224852410e-03, 8.8503090098781256e-01,
       8.1853540892712895e-01, 7.2035771110998370e-01,
       2.1621349695896759e-03, 4.2061221294144840e-03,
       5.2872487829562368e-03, 9.1793651433479873e-01,
       8.4381459581549811e-01, 6.9698527822070899e-01,
       2.0026679104336075e-03, 4.1960540770780144e-03,
       5.5153121711592696e-03, 8.7062641075616898e-01,
       7.8492146686799591e-01, 6.2570405404825746e-01,
       2.1526777543792873e-03, 4.2063860458051395e-03,
       5.1355499508423221e-03, 7.8854713679794863e-01,
       7.0493697974553049e-01, 5.5331575298313740e-01,
       2.5581059683303224e-03, 4.1778682200138218e-03,
       5.2128442709225052e-03, 7.6933653900632504e-01,
       6.9611090967444444e-01, 5.5934564187838332e-01,
       2.6924504213170636e-03, 4.1145218031599790e-03,
       5.1475577785376697e-03, 7.5991875789773689e-01,
       6.8813652014648952e-01, 5.4942079029416402e-01,
       2.7029586737634141e-03, 4.0791129266120460e-03,
       5.0874229745519030e-03, 7.5537710773372724e-01,
       6.8581178554901001e-01, 5.4176389859910390e-01,
       2.6634906176871611e-03, 4.0881751933907542e-03,
       5.0844871642729515e-03, 7.5494670247240236e-01,
       6.8711534412341024e-01, 5.4321531183660288e-01,
       2.6450587460470007e-03, 4.0913419152927271e-03,
       5.0770606270026828e-03, 7.5821906572230324e-01,
       6.9022843717026094e-01, 5.4557185707605560e-01,
       2.6338902742487446e-03, 4.0940131780932186e-03,
       5.0753582751421680e-03, 7.5745899742793188e-01,
       6.8950662540840568e-01, 5.4533774794224177e-01,
       2.6373424168725261e-03, 4.0909686070454811e-03,
       5.0637426296306180e-03, 7.5406734296970412e-01,
       6.8586536799358766e-01, 5.4249655721556966e-01,
       2.6413617222177258e-03, 4.0856875673507551e-03,
       5.0855218752265674e-03, 7.5511553573448298e-01,
       6.8726947297696239e-01, 5.4354577341435761e-01,
       2.6507585569679197e-03, 4.0871686010533100e-03,
       5.0943426394906011e-03, 7.5606683174890377e-01,
       6.8875845083949905e-01, 5.4521636763925319e-01,
       2.6462216830265969e-03, 4.0864467676675802e-03,
       5.0854739895129335e-03, 7.5704188021352237e-01,
       6.8920997760745961e-01, 5.4511048216915170e-01,
       2.6262246916841721e-03, 4.0911807187580512e-03,
