%YAML:1.0
---
camera_matrix: !!opencv-matrix
   rows: 3
   cols: 3
   dt: d
   data: [ 2.5968112532925088e+03, 0., 1.9291868677720897e+03, 0.,
       2.5767575385737000e+03, 1.0777466089903276e+03, 0., 0., 1. ]
dist_coeff: !!opencv-matrix
   rows: 1
   cols: 5
   dt: d
   data: [ -2.9366587119219953e-02, 5.5225788441291379e-01,
       -4.7959192484377132e-03, 6.5977937753493405e-03,
       -1.3912133510904825e+00 ]
std_intrinsics: !!opencv-matrix
   rows: 18
   cols: 1
   dt: d
   data: [ 1.3923052203624977e+01, 1.4156225222817612e+01,
       2.1058389460202488e+01, 1.6510831931558855e+01,
       1.5703565103473323e-02, 1.3552328200983202e-01,
       2.1405422116254368e-03, 2.7572939871713638e-03,
       3.3720500924103813e-01, 0., 0., 0., 0., 0., 0., 0., 0., 0. ]
std_extrinsics: !!opencv-matrix
   rows: 402
   cols: 1
   dt: d
   data: [ 3.1207370874672168e-03, 2.1540568937448497e-02,
       4.0187990039735937e-02, 2.0561149200480511e+00,
       1.6238569626044870e+00, 1.5814778251484456e+00,
       3.0981761291201046e-03, 2.1681518254991511e-02,
       4.1235894777102954e-02, 2.0468376388584977e+00,
       1.6164244677651802e+00, 1.5740352024849955e+00,
       5.1234171408167783e-03, 8.5017263179312103e-03,
       8.5392071849457393e-03, 2.1646933478935151e+00,
       1.7082994347068896e+00, 1.5596086720961628e+00,
       5.1829222099079265e-03, 8.4905430852236403e-03,
       8.3941616970577664e-03, 2.1783057504157801e+00,
       1.7195012362129500e+00, 1.5553119296687246e+00,
       5.1820564422809705e-03, 8.4558140344494440e-03,
       8.3562190113210914e-03, 2.1748762368519357e+00,
       1.7170642929212347e+00, 1.5433193279819948e+00,
       5.2266094717126916e-03, 8.4499497308137619e-03,
       8.3709862283476433e-03, 2.1653612567102698e+00,
       1.7096903964652568e+00, 1.5373987896249230e+00,
       5.2249400680007985e-03, 8.4604790347336586e-03,
       8.3489147017062997e-03, 2.1710095429353768e+00,
       1.7140943402706013e+00, 1.5405610302909907e+00,
       5.2173607401400620e-03, 8.4947681822019633e-03,
       8.4251060093812492e-03, 2.2245246851256288e+00,
       1.7562829805883948e+00, 1.5812602381924044e+00,
       5.0491510761088154e-03, 8.5737802731970774e-03,
       8.4367083313431901e-03, 2.2032770032582301e+00,
       1.7393726203857802e+00, 1.5602890186525147e+00,
       3.4150528357258193e-03, 9.4499065344760165e-03,
       9.8988094991912974e-03, 2.1335459181052330e+00,
       1.6770807795509104e+00, 1.6064198191607748e+00,
       3.8174441487769488e-03, 8.9081385492065998e-03,
       8.8145803299770828e-03, 2.1617376470673335e+00,
       1.7037052048223820e+00, 1.4910723298997515e+00,
       4.0238548823228809e-03, 8.6076096560681239e-03,
       8.3606538130236198e-03, 2.1565146099553880e+00,
       1.6996165107417405e+00, 1.4445317904399992e+00,
       3.9253470912972510e-03, 8.3478794982019353e-03,
       7.8944904805965509e-03, 2.1327668368964190e+00,
       1.6831841696918521e+00, 1.3846394717231054e+00,
       3.9489734778108748e-03, 8.2375823290333234e-03,
       7.8027475618322132e-03, 2.1630934429010202e+00,
       1.7057992798255899e+00, 1.3972485520250735e+00,
       3.9768175199226090e-03, 8.3097430485778619e-03,
       7.9267329807373513e-03, 2.1641176841522687e+00,
       1.7074993260067242e+00, 1.4038180726781719e+00,
       3.9893922216360919e-03, 8.3259962336491109e-03,
       7.9569206907014189e-03, 2.1545697068276302e+00,
       1.7002018899981681e+00, 1.3985803982468139e+00,
       4.0021219112634917e-03, 8.3087390836715704e-03,
       7.9584531609870005e-03, 2.1546989112892532e+00,
       1.7003983446152655e+00, 1.3965515438200982e+00,
       4.0041164312815186e-03, 8.3214116029746137e-03,
       7.9902733685895642e-03, 2.1523193863252064e+00,
       1.6984897656865807e+00, 1.3970990426440564e+00,
       4.0104406011363157e-03, 8.3063683380303257e-03,
       7.9652115937679218e-03, 2.1480469301150982e+00,
       1.6951520312838142e+00, 1.3920915283340618e+00,
       4.0198589234856415e-03, 8.3131423712695177e-03,
       7.9921756111450849e-03, 2.1430057270973450e+00,
       1.6910232482288678e+00, 1.3907499871611391e+00,
       4.0222522557571199e-03, 8.3123790008308961e-03,
       8.0057971485574149e-03, 2.1501617329691451e+00,
       1.6967193149532822e+00, 1.3955311141669395e+00,
       4.0197952280941604e-03, 8.3257859477965050e-03,
       8.0410784792439363e-03, 2.1570962930600794e+00,
       1.7021375127479454e+00, 1.4025553782617184e+00,
       4.0588669092328387e-03, 8.5594403078661143e-03,
       8.4511643840941009e-03, 2.1973245686023484e+00,
       1.7315295495433571e+00, 1.4673964379414386e+00,
       2.9759312506930260e-03, 1.4635994672914260e-02,
       2.2300957271915410e-02, 1.6948196883968514e+00,
       1.3497592235165856e+00, 1.4997187160447172e+00,
       2.2167567619097699e-03, 1.0056767149944180e-02,
       1.4600400283854825e-02, 1.5545556044511497e+00,
       1.2110088452300978e+00, 1.2382381950996699e+00,
       2.9894950692151085e-03, 2.1502941912923231e-02,
       4.0671685727328696e-02, 2.0417795242483345e+00,
       1.6123753454793510e+00, 1.5778201340856750e+00,
       2.3887501780303693e-03, 1.0757843726933525e-02,
       1.4582996674665557e-02, 1.8745785289548802e+00,
       1.4675965516318068e+00, 1.4773094335367309e+00,
       3.0765177311399450e-03, 2.1351419233208480e-02,
       4.0134819645600547e-02, 2.0406296272232862e+00,
       1.6117888894808143e+00, 1.5645427447191353e+00,
       2.1504449549229884e-03, 1.5983662727827034e-02,
       2.3811665529237951e-02, 2.0720179644102861e+00,
       1.6351758487458152e+00, 1.5617224228887954e+00,
       2.7430884114467325e-03, 1.0648838403545751e-02,
       1.2276574058251182e-02, 2.0874746295066715e+00,
       1.6441849274158991e+00, 1.5426734860141464e+00,
       3.4711456160812742e-03, 9.3178082497510206e-03,
       9.4650134106060713e-03, 2.0455387467996005e+00,
       1.6120855626307977e+00, 1.4883658571816767e+00,
       3.8460533984371438e-03, 8.8336327458225800e-03,
       8.3183574365629665e-03, 2.0479748965845115e+00,
       1.6153735419039432e+00, 1.4208940398631571e+00,
       3.1822401497449771e-03, 2.0954653285197942e-02,
       3.8425461737925048e-02, 2.0427734205978396e+00,
       1.6142220313288824e+00, 1.5481892253322520e+00,
       3.9759057459419246e-03, 8.3444027966744268e-03,
       7.8447882604545036e-03, 2.1370865557269894e+00,
       1.6864818368692589e+00, 1.4505651831680564e+00,
       3.7138165156080762e-03, 8.8368822782041220e-03,
       9.2655090891966743e-03, 2.1531251607378170e+00,
       1.6967202387739531e+00, 1.5181857501264855e+00,
       3.9454862702588038e-03, 8.8740139754738875e-03,
       1.0058041838077042e-02, 2.1396194083154128e+00,
       1.6871747549219844e+00, 1.5196278488804067e+00,
       3.3179520624022022e-03, 2.1306631511760352e-02,
       3.9626436331663600e-02, 2.0488164086045111e+00,
       1.6190863218876383e+00, 1.5532599859554264e+00,
       4.1366973597806731e-03, 8.6192301446429906e-03,
       9.8606007458117480e-03, 2.0142110164416125e+00,
       1.5884987224616507e+00, 1.4021695919427744e+00,
       4.8754023786057215e-03, 8.3947677502961005e-03,
       9.9527070386276045e-03, 1.8704983238544133e+00,
       1.4737508767204086e+00, 1.3188615439276292e+00,
       5.3765571562256623e-03, 8.4019801102876018e-03,
       1.0562278286696746e-02, 1.8154435269524896e+00,
       1.4295045661574588e+00, 1.3164298512472905e+00,
       5.6913282367166088e-03, 8.4499406317079234e-03,
       1.0612819816791689e-02, 1.9309643236090344e+00,
       1.5220241422290925e+00, 1.3910673709682824e+00,
       5.7020286278841046e-03, 8.4401857231147879e-03,
       1.0586953852859635e-02, 1.9180976791694786e+00,
       1.5119100035266566e+00, 1.3833995707800681e+00,
       3.2118392571093696e-03, 2.1179630745985500e-02,
       3.8993081498505874e-02, 2.0507480084313081e+00,
       1.6205238127480790e+00, 1.5560355816776703e+00,
       5.6495486831529438e-03, 8.4757380430810648e-03,
