%YAML:1.0
---
summary: "Filter by time, rd=15, rs=10."
init_cam_calib: C99-1010_3p_3
camera_matrix: !!opencv-matrix
   rows: 3
   cols: 3
   dt: d
   data: [ 2.5716106946058103e+03, 0., 1.8784595164622524e+03, 0.,
       2.5677832395412588e+03, 1.0830221041113882e+03, 0., 0., 1. ]
dist_coeff: !!opencv-matrix
   rows: 5
   cols: 1
   dt: d
   data: [ 2.1306568185611361e-02, -5.8144439681389444e-02,
       -1.2221265897215379e-03, -1.4624001841513432e-03,
       4.9707696384200702e-02 ]
rvec: !!opencv-matrix
   rows: 137
   cols: 3
   dt: d
   data: [ -3.1014516098425169e+00, -8.6417631820870904e-03,
       -1.7943089902535145e-03, -3.0787928362796184e+00,
       7.4570797034916272e-02, -1.4155871700035849e-01,
       3.1278090129866380e+00, 4.5589379921171062e-03,
       9.7790114495958647e-02, 3.0408631285054146e+00,
       -1.2340284514668143e-03, 1.1139075929357900e-01,
       -3.0859045171302504e+00, -6.1854039712850965e-03,
       6.7634417893076879e-02, 3.0948648484073042e+00,
       3.5812925719331118e-02, 1.4664847630217076e-01,
       3.0626778393289640e+00, -1.5010326718380680e-04,
       -1.7463925801085886e-01, -2.9651660978674386e+00,
       -5.4458693047975508e-02, 8.8807197748156663e-01,
       -2.9433604952862460e+00, -9.1211820122862275e-02,
       8.6475508844996340e-01, -2.9889728349330942e+00,
       -6.2568800718291545e-02, 7.4650888867364751e-01,
       -2.9941537917463572e+00, -1.1765992901591811e-01,
       7.8785078858208546e-01, 2.9532686185692736e+00,
       1.0402210299825281e-02, -7.9944624252204066e-01,
       2.9756130119872690e+00, -2.1183444509575322e-02,
       -8.0058290399008025e-01, 2.8913672167073723e+00,
       2.8983480153336735e-02, -8.7451458504233048e-01,
       -2.8086015279035021e+00, 1.9798070221638226e-02,
       1.3624194830015535e+00, 2.6027117580102477e+00,
       2.8119017269746069e-02, -1.6897840725731927e+00,
       -2.6115534282038508e+00, -1.0063338937739270e-01,
       1.6105662360582664e+00, -2.6654605344258906e+00,
       -1.7141113623960438e-02, 1.6382159088344010e+00,
       2.7801098453675293e+00, -4.2439379907227300e-02,
       -1.3957293761504559e+00, 3.0276778185253868e+00,
       -5.8202567077577122e-02, -3.1915163734701962e-01,
       2.9673527673060791e+00, -3.1924398287891349e-02,
       -8.5968722967816846e-01, -3.0343770905720295e+00,
       -1.3375482754412243e-03, -2.7998578023239995e-01,
       -3.0614176227557683e+00, 3.6710124717183074e-02,
       -5.0115917523325948e-02, -3.0184648559343183e+00,
       2.8798955921178732e-02, -1.4927714467300635e-01,
       -3.0778097250800114e+00, 3.8261186956093575e-02,
       -3.6011405699621402e-01, -2.9324787967166328e+00,
       6.3632719352903599e-02, -1.0365705484622698e+00,
       -2.7865303357460154e+00, 1.3460864681775278e-01,
       -1.1813272170685252e+00, -2.8863873209135935e+00,
       3.4519904644727303e-02, -1.1009222147012925e+00,
       -2.8508409717233651e+00, 9.9058301556821202e-02,
       -1.0278847632642776e+00, -2.7784596616120658e+00,
       1.3470834766968814e-01, -1.2070268025121462e+00,
       2.7162137052770787e+00, -5.8119889889973110e-02,
       1.5096703444503148e+00, -3.0526495887021792e+00,
       2.7256634105057836e-02, 5.6059862112653409e-02,
       -3.0305529082435672e+00, 1.5858682201492471e-02,
       2.9447503325631296e-02, -3.1102428253655083e+00,
       2.3905204279299975e-02, -1.5832842044992596e-01,
       -3.0695191449542505e+00, 1.4321170895308868e-02,
       -3.5604313895283103e-02, -3.0820954315478089e+00,
       8.0048485590185500e-02, -1.3311456517228185e-01,
       -3.0837327799857825e+00, 9.2439300723057977e-03,
       -1.8315823649040240e-02, 2.9815485788149614e+00,
       -3.6898288823535380e-02, -2.5074004482042923e-02,
       3.0575400610787371e+00, -4.0600022112671330e-02,
       2.8927876704357069e-03, -3.0408946252859073e+00,
       -7.4692130526819861e-03, -3.2975187591355169e-02,
       -3.0552351921221192e+00, -7.0176524287690972e-02,
       -3.5918116802812018e-02, 3.1194309044121846e+00,
       -1.3605749789724194e-02, -4.5914581829691298e-02,
       3.1501429771792773e+00, -1.1999688990854844e-01,
       -1.0103357436183791e-01, 3.0668582249139935e+00,
       5.1534807209174124e-02, -4.9790399943635516e-01,
       -2.9398141373650151e+00, -5.1208911472716050e-02,
       9.9432485508098600e-01, -2.8969692877190951e+00,
       -6.2779668113303863e-02, 8.5918241397738260e-01,
       -3.0237265650176819e+00, 5.0631234202451452e-03,
       8.2931989085789870e-01, 3.0064898955692194e+00,
       2.5900922694860377e-02, -8.7461965438222788e-01,
       -2.8850745243111908e+00, -6.8833212079458514e-02,
       9.1026213306305936e-01, -2.9504848470121212e+00,
       2.0857017445492489e-02, 8.9065401688763990e-01,
       2.8025137068143668e+00, 3.2495955966709393e-02,
       -1.3846889750856921e+00, -2.6470343623146273e+00,
       -5.9212202555095260e-02, 1.6083513970419392e+00,
       2.6265530448664416e+00, 7.8072823029902622e-02,
       -1.7170340448342505e+00, -2.6809539384847216e+00,
       -7.1491050392999231e-02, 1.6209068402572424e+00,
       2.9175586736332737e+00, -1.2752840160309628e-02,
       -9.9069926629778304e-01, -3.0604438051931000e+00,
       -2.6134600279539656e-02, 5.3894996200578082e-01,
       3.1292774003838182e+00, -2.3445560318790647e-03,
       -2.0014370103272688e-01, 2.9589037084116918e+00,
       -8.9000074533094470e-02, 9.6990038433520798e-01,
       2.9528570536450878e+00, -7.2769007392932419e-02,
       1.0081879321402316e+00, 2.7448295471407964e+00,
       7.5318968311604714e-02, 1.0087958013271650e+00,
       2.7888998540182093e+00, 3.0130293769906596e-02,
       1.0666249530237575e+00, -2.8827362001782184e+00,
       2.0873901488774785e-02, -1.0287941441978972e+00,
       2.7961277012019421e+00, 5.5217996429977413e-02,
       1.2675640787433484e+00, -2.7319633443296536e+00,
       1.7005269728216189e-02, -1.5390929084789293e+00,
       2.7546958459352475e+00, -1.6575707968543921e-02,
       1.3214513291730166e+00, 2.5241926695309038e+00,
       1.7574337584203364e-01, 1.3450697390964321e+00,
       -3.0356720723268702e+00, -4.7173132595561412e-03,
       -1.4141303095137704e-02, -3.0595151681158184e+00,
       1.0640052390451626e-01, -1.1950965295767658e-01,
       -3.1052306595853820e+00, 1.5280696771358564e-02,
       7.8439338305115153e-02, -2.9641258713027110e+00,
       -6.0842273590751658e-02, 8.4237373277654914e-01,
       3.0140214583019160e+00, 2.9485285287508052e-02,
       -8.2616299325345077e-01, -3.0213755574535606e+00,
       4.0321159890316614e-03, 7.8508152107084117e-01,
       -2.8388106763196652e+00, -1.2103956845680297e-01,
       5.7829054003128444e-01, -2.9662506500443708e+00,
       -2.7112479961173608e-02, 7.0593394940143916e-01,
       -2.7413413061655620e+00, -6.6157398237349924e-02,
       1.4414132874806529e+00, -2.6541094265669996e+00,
       -4.5342776708377538e-02, 1.5580813518813417e+00,
       -2.6257498727166113e+00, -1.6746533562198119e-02,
       1.5409103080361675e+00, -2.7407814921556035e+00,
       2.6834727954422742e-03, 1.4541153873463273e+00,
       -2.7839848209157561e+00, -8.6904542561565795e-02,
       1.0222737703879847e+00, -3.0446921434460879e+00,
       -1.3609319508912585e-01, 3.0722989103311432e-01,
       -2.9941845460366281e+00, -3.0636815694619125e-03,
       -1.4847054504684587e-01, -2.7864575326707159e+00,
       1.0313662215261166e-01, -1.2261482897678997e+00,
       2.8669580385551479e+00, -8.3447743253335760e-02,
       1.1337172989624795e+00, 2.7955579057594560e+00,
       6.6833109638386717e-03, 1.1291382825440672e+00,
       -2.7987242895686442e+00, 1.4901872924762230e-01,
       -1.2071969846052806e+00, -2.7394868294441421e+00,
       7.3667255925592381e-02, -1.1868119262508321e+00,
       2.7937061030838852e+00, 5.2393166592619802e-04,
       1.3914239525972767e+00, -2.5864939835150285e+00,
       3.8790723781795863e-02, -1.7958403935242069e+00,
