%YAML:1.0
---
summary: "Filter by time, rd=20, rs=15."
init_cam_calib: C99-1010_3p_3
camera_matrix: !!opencv-matrix
   rows: 3
   cols: 3
   dt: d
   data: [ 2.5698193479601046e+03, 0., 1.8707822168480297e+03, 0.,
       2.5672066512902447e+03, 1.0855076661960923e+03, 0., 0., 1. ]
dist_coeff: !!opencv-matrix
   rows: 5
   cols: 1
   dt: d
   data: [ 2.0119148708782040e-02, -3.4262378753157428e-02,
       -2.8524599254986199e-05, -2.2594238339665789e-03,
       1.4636479162637717e-02 ]
rvec: !!opencv-matrix
   rows: 104
   cols: 3
   dt: d
   data: [ -3.0999601201473266e+00, -6.1723146618760331e-03,
       2.0511536719080938e-03, -3.0587947732235667e+00,
       -3.9006748468307324e-02, -5.5156453819636159e-02,
       3.0245833527204580e+00, -1.1717538042551259e-02,
       9.5653650653188024e-02, 3.0963587257971521e+00,
       1.9912943112302291e-02, -2.3549092184897001e-02,
       -3.0794033632895292e+00, 2.5830245129377989e-02,
       -1.5933636530375349e-02, -2.9820268304599233e+00,
       -7.6934613132042681e-02, 8.4217960710796558e-01,
       -2.9425859151151630e+00, -7.6944685359646270e-02,
       8.7442491487672813e-01, 3.0154492354990361e+00,
       5.5048810135437727e-02, -9.1905528764513988e-01,
       2.9468381858634665e+00, -4.6191429055969001e-03,
       -7.8860471033616708e-01, 2.9604727049586894e+00,
       -2.9620796174794545e-02, -8.0056285401865057e-01,
       2.9617137015788026e+00, -1.9736611430450177e-02,
       -1.0411909653317730e+00, 2.6857403486759774e+00,
       4.1135359433698825e-04, -1.5660465537812465e+00,
       -2.6021022596175283e+00, -1.0231850369648277e-01,
       1.6527219855059336e+00, -2.6504738158126675e+00,
       1.0579740475001027e-02, 1.5481666092671929e+00,
       3.0064227266567025e+00, -8.6032220524603867e-02,
       -6.1860430259491928e-01, 2.9087756913546259e+00,
       -4.3606367496007532e-03, -1.0282578774165247e+00,
       -3.0095566124123523e+00, 3.2643495838735798e-02,
       -5.0500764271672671e-01, -3.0484357981546641e+00,
       2.1598791241427540e-02, -1.6565017758091352e-01,
       -3.0775290572090723e+00, 6.4186099727672835e-02,
       -3.8372029385297118e-01, -2.8731036790338962e+00,
       2.2378441834894298e-02, -1.0923498901107433e+00,
       -2.8153147916634897e+00, 1.2119681907254938e-01,
       -1.1125970610592018e+00, -2.8529976901162510e+00,
       9.8434882984887770e-02, -1.0194916655504829e+00,
       -2.7970985098856143e+00, 8.0077731271200714e-02,
       -1.3267686155057190e+00, 2.7163544985309351e+00,
       -1.4857624907692445e-02, 1.4873931377003788e+00,
       -3.0527145766464225e+00, 1.5407268621171373e-02,
       3.8894958615057020e-02, -3.0413620805510257e+00,
       4.8063280311118783e-02, 2.6428490785037458e-02,
       -3.0681922405973472e+00, 4.1813739913676255e-02,
       -1.1669953064424896e-01, -3.0699426819871358e+00,
       7.0242313827398359e-02, -1.3700447345265179e-01,
       3.0113197298137901e+00, -2.2091787540206038e-02,
       -2.4078396890117693e-02, 2.9930845096015677e+00,
       -1.9077925397389568e-02, 3.3494556383601099e-03,
       -3.0295895136660072e+00, 3.8112199310900369e-03,
       2.8493722258813212e-03, -3.0366841693655346e+00,
       -8.3936318020063877e-02, 1.6331297929146198e-04,
       -3.0571263514286549e+00, 1.9891279108910434e-02,
       1.7204770965987179e-01, 3.0574102933576803e+00,
       6.4930564620088990e-02, -5.6532717556169132e-01,
       -2.9296203865682258e+00, -7.1149330296132407e-02,
       1.0072207466270602e+00, 2.8701665569875661e+00,
       -5.1240024971788367e-02, -8.1025641849194963e-01,
       -2.9936501083005544e+00, -3.2603591479739590e-02,
       8.8162800758508642e-01, 2.8898480914076723e+00,
       5.1999989081110184e-02, -9.3307013520984028e-01,
       -2.8100030710258630e+00, -4.0492067557806467e-02,
       1.2961400551705089e+00, -2.6499490598030730e+00,
       -4.5790870698695620e-02, 1.5894740831205656e+00,
       2.5724780762319375e+00, -8.9474414027048796e-02,
       -1.7040685393742592e+00, 2.7856471399970704e+00,
       -3.1428020389122874e-02, -1.2284261267762022e+00,
       -3.0730276950862265e+00, -3.0363382348121918e-02,
       4.8812829882645620e-01, 2.9814451421276758e+00,
       5.0450368857165320e-02, -4.3572866570637477e-02,
       -2.9518807452046270e+00, 4.3528121046599817e-02,
       -1.0463566272463352e+00, 2.7355682754129322e+00,
       5.9756185438296833e-02, 9.8108226076563176e-01,
       2.9244918053001352e+00, -8.6890635552356238e-02,
       1.0333550881350257e+00, 2.8241472295935854e+00,
       1.0168273904496750e-01, 1.0036791866440917e+00,
       -2.7226095177712248e+00, 7.9171202578021162e-03,
       -1.4731218611923058e+00, 2.5736743081143283e+00,
       1.8552528346263902e-01, 1.2913784564114219e+00,
       -2.8436693869674134e+00, -4.9378554026492737e-02,
       -1.3720706621502505e+00, -3.0328548541631859e+00,
       -2.2184552930891035e-05, -1.2313534745130816e-02,
       -3.0947159357137175e+00, 1.3138847629726946e-01,
       -2.9212481386211436e-01, -2.9876421227998629e+00,
       -4.7130793302648889e-02, 7.8177803350781561e-01,
       2.9961640910167331e+00, 1.7291722606688913e-02,
       -8.3180720598132296e-01, -2.8940569424114213e+00,
       3.4814911209310926e-03, 6.9309859310499811e-01,
       -2.9638384348913349e+00, 1.0431259021076819e-02,
       7.7145463191943298e-01, -2.7348785688596609e+00,
       -5.9308629603423577e-02, 1.4649840680835871e+00,
       -2.6011390554766249e+00, -4.1406581634891949e-02,
       1.6033230117084443e+00, -2.6606900346368012e+00,
       -2.7049764585818675e-02, 1.5579293789562390e+00,
       -2.7770536422471097e+00, -8.8169275812084266e-02,
       9.5774797937114098e-01, -3.0943964944985236e+00,
       1.7133822354736278e-02, 3.5694815869387236e-01,
       -2.7154977670295186e+00, 1.1282727376613656e-01,
       -1.2860615803102915e+00, 2.8323228334962645e+00,
       -8.3456131016669127e-02, 1.1300484063191716e+00,
       2.7538234566786519e+00, 3.4535724777760200e-02,
       1.1043591783043136e+00, -2.7265976993561143e+00,
       7.2664257555869152e-02, -1.1210878275196878e+00,
       2.7684751354263475e+00, 5.9290195242756342e-04,
       1.4043043141828955e+00, -2.5617247596732047e+00,
       1.3568411847674877e-01, -1.6520614966267504e+00,
       2.4157238963030716e+00, 1.8714686536701378e-01,
       1.5197560152988303e+00, 2.9112531290593675e+00,
       -1.1085688879948222e-01, 1.2013261831982458e+00,
       -3.0801706556099755e+00, -6.1551416014287586e-03,
       -1.0705063569878465e-01, 3.0708152747970225e+00,
       -1.1073587120497644e-01, 1.3897827832724632e-01,
       3.1308367525301946e+00, -6.7671329220444651e-02,
       1.5365532506013968e-02, -3.1098791774493399e+00,
       6.3020513391270590e-04, -2.9376915374376887e-02,
       3.1037233329565734e+00, 2.2611562770032418e-02,
       1.4049362528003592e-01, 3.0283131406978776e+00,
       -2.8701431957740210e-02, 9.4008841032922577e-02,
       -3.0194495630149434e+00, 8.0633878817555418e-02,
       -9.1138665730570181e-02, 3.1318440302426023e+00,
       3.0993902621875190e-02, 3.9418057053040079e-02,
       3.0291703522179589e+00, -1.1987319624949926e-01,
       3.3810085735368417e-01, -3.0352829824532401e+00,
       -3.4563933760182755e-02, 7.6880052894622142e-01,
       -2.9808146653222680e+00, -1.2545649092952750e-02,
       7.6784465404120250e-01, -2.9426984854182288e+00,
       4.4560702817744595e-02, 9.4786773468229868e-01,
       2.8054185005012244e+00, -1.0241389210318874e-01,
       -8.4331550226719254e-01, -3.0607966095116175e+00,
       4.0088775925568670e-02, -5.1793697113919852e-02,
       3.0301211026792716e+00, -4.7762089132801076e-02,
       -1.5796612161883944e-01, -2.9911881889879610e+00,
       -3.3036785308359268e-02, 9.4140616279645439e-01,
       2.8681120109647433e+00, -5.0303072955704443e-02,
       -9.3311508236939711e-01, -2.5779845552198775e+00,
       -1.1509482378075001e-01, 9.0948609505699129e-01,
