%YAML:1.0
---
summary: "Filter by points, sp=5, sf=4. Filter by time, rd=20, rs=0."
init_cam_calib: C99-1010_3p_3
camera_matrix: !!opencv-matrix
   rows: 3
   cols: 3
   dt: d
   data: [ 2.5633836248927341e+03, 0., 1.8752877683935658e+03, 0.,
       2.5656262831500553e+03, 1.0933611566145098e+03, 0., 0., 1. ]
dist_coeff: !!opencv-matrix
   rows: 5
   cols: 1
   dt: d
   data: [ 2.3510694646596997e-02, -5.3165298510072588e-02,
       2.0577965772061943e-04, -1.5818982492911803e-03,
       3.7287591919250053e-02 ]
rvec: !!opencv-matrix
   rows: 104
   cols: 3
   dt: d
   data: [ -3.1075768258550989e+00, -1.4138422365772934e-02,
       -3.5066365744192259e-02, -3.0822082109807369e+00,
       -6.8702198461941064e-03, -6.7441960542158355e-02,
       3.0530643865195479e+00, -4.3651656944086936e-03,
       8.3803382341725907e-02, -3.0207664554331077e+00,
       -1.2695083259310437e-02, -2.4021438491135850e-02,
       3.1325490818697688e+00, -8.5336721193022352e-02,
       1.0063684900412112e-01, -3.0738050344443830e+00,
       -4.5997923445239168e-02, 6.0280220738645396e-01,
       -2.9750874427210947e+00, -8.0576419752217451e-02,
       8.6679663750644198e-01, -2.9784787537626158e+00,
       -2.4228056413367328e-02, 7.5031707055203622e-01,
       2.8929788311602764e+00, 2.5334626095692946e-02,
       -8.0116341173462535e-01, 2.9585260160340017e+00,
       2.2816189902417940e-02, -8.8563769982963514e-01,
       2.9812953879753064e+00, 4.5229607227950254e-02,
       -8.6503180377805533e-01, 2.6935507951299718e+00,
       3.0318345813004424e-02, -1.5358138473437075e+00,
       -2.5667109081045218e+00, -1.2015469363939349e-01,
       1.5866166028827013e+00, -2.6349006344852732e+00,
       2.1501092110632898e-02, 1.6275845206024588e+00,
       2.9847003280845410e+00, -8.6651844102363249e-02,
       -8.0009021110730916e-01, 3.0046397338406661e+00,
       6.0442632088573672e-02, -7.1299674671964208e-01,
       -3.0225979888529984e+00, 5.0460847518044333e-02,
       -4.0462265726438923e-01, -3.0565909273699003e+00,
       7.1140151256818326e-03, -1.5603505059743905e-01,
       -3.0426842073070350e+00, 5.4936079374586375e-02,
       -1.9626469375354402e-01, -2.9075300285635981e+00,
       4.4617893634336610e-02, -1.0463019713126129e+00,
       -2.7961294869711577e+00, 1.2106574834247187e-01,
       -1.0836812168099914e+00, -2.8518555821982656e+00,
       1.0618080020943013e-01, -1.0460387412231480e+00,
       -2.8446604939469537e+00, 7.9302085600626182e-02,
       -1.1817321476852556e+00, 2.7265104899820805e+00,
       3.0610925777015935e-02, 1.5303421009078413e+00,
       -3.0584506824524995e+00, 2.6905179431772740e-02,
       -1.7045257828110467e-02, -3.0412581839129422e+00,
       3.8517114321371948e-02, 5.2857374922269093e-02,
       -3.0656979005920522e+00, 3.9121512836438853e-02,
       -1.0819672755125938e-01, -3.0930646238287429e+00,
       8.2179587486945260e-02, -8.6199128893321847e-02,
       3.1064793114816993e+00, -1.0961314195241031e-02,
       2.0897568932085487e-02, 2.9775401793962808e+00,
       -3.6321042637792483e-02, -2.3684874801999350e-02,
       -3.0591078221522472e+00, -2.5492675197079970e-02,
       -1.5436702989260621e-02, -3.0506299162915282e+00,
       -6.6149345852289113e-02, -2.2860602845981914e-02,
       -3.0822715029381715e+00, 2.0986816784001844e-02,
       2.5819421448191156e-02, 3.0506841244981731e+00,
       6.1935290913049376e-02, -4.6070122682528453e-01,
       -2.9513183457561594e+00, -2.8936068331492888e-02,
       9.2353262885401988e-01, -3.0183814592829092e+00,
       -4.8457508502520771e-02, 7.8319713381358513e-01,
       2.9895387541652645e+00, -7.0625077103776811e-03,
       -8.8678888741591200e-01, -2.9727757611647920e+00,
       -7.8196616442593125e-02, 8.8367230491092585e-01,
       2.9290995610854731e+00, 1.4127373906603855e-02,
       -1.1234381478997162e+00, -2.6390116145778770e+00,
       -9.6528509051843042e-02, 1.6254518363922337e+00,
       2.5182452358017806e+00, -1.8828651060025531e-01,
       -1.6906296239660830e+00, 2.8118589273629544e+00,
       -7.0677088145673764e-02, -1.2532232984932969e+00,
       -3.0210426074735266e+00, 4.3979829423520342e-02,
       5.5279687783746445e-01, 3.0341087958385446e+00,
       -3.8965424609813504e-02, -1.2453014388329245e-01,
       -2.9168706870694234e+00, 6.7536075355038513e-02,
       -1.0807184584857903e+00, 2.8018329384123555e+00,
       3.5074051402046717e-02, 1.0024961766085430e+00,
       2.8384121721065654e+00, 2.3270439817394024e-02,
       1.0453297172388607e+00, 2.8199554477102362e+00,
       1.1817098757754675e-01, 9.7293324823604199e-01,
       -2.7232330460155860e+00, -1.6569430987926875e-02,
       -1.5134721346407418e+00, 2.6471923588862261e+00,
       8.6651063216377416e-02, 1.3438354006454571e+00,
       2.7665361475569394e+00, -2.0098248888111955e-02,
       1.3576551531297876e+00, -3.0350244889903513e+00,
       -8.8951287398774670e-03, -1.3336607030234043e-02,
       -3.0643849083749930e+00, 1.1582486415076350e-01,
       -1.8954959409750924e-01, -3.0179373797414937e+00,
       2.6044749725762310e-02, 6.1638775374825139e-01,
       -3.0026533859910600e+00, 2.0844356577849929e-02,
       8.2427328466907723e-01, -2.9325275371211825e+00,
       -1.7689969354927316e-03, 7.4459873327242665e-01,
       -2.9736117216535991e+00, 3.5244328925350309e-02,
       6.5869268658356817e-01, -2.7758112913918351e+00,
       -1.8239254654901099e-01, 1.2899329085300519e+00,
       -2.6263600803822493e+00, -2.8533086867355516e-02,
       1.5824756733900887e+00, -2.6754053461960825e+00,
       2.3177684877811619e-02, 1.5246191841248435e+00,
       -2.7277548378030314e+00, -5.8236315520155915e-02,
       1.0870015440270384e+00, -3.0213184871957961e+00,
       -6.3616593764473893e-03, 1.5589538059130884e-01,
       -2.7871984393754570e+00, 8.8892937641605316e-02,
       -1.1653737393503716e+00, -2.9270496596297231e+00,
       4.9303519213014776e-02, -1.0763898686020603e+00,
       2.7673260260558483e+00, 2.2001166197367649e-02,
       1.1115367905539819e+00, -2.7182599899483972e+00,
       7.2468116390590684e-02, -1.1781522092040295e+00,
       2.8191569794721394e+00, -4.4062498106994835e-02,
       1.3381481855483248e+00, -2.5042044794117455e+00,
       2.1235851984428741e-01, -1.7134296961641455e+00,
       2.4391058024665684e+00, 1.8770434426649865e-01,
       1.4973902285418308e+00, 2.7993573145975770e+00,
       -4.9979322344501996e-02, 1.3720597482228813e+00,
       -3.1030529875894093e+00, 3.0990531842869387e-02,
       -2.7034008730766151e-01, 3.1109694169352933e+00,
       -6.6872831400055135e-02, 1.0394130904789571e-01,
       3.0903322236708779e+00, 3.5400028550419300e-03,
       5.5681538682649814e-02, -2.8804626713713630e+00,
       1.8175015384488791e-02, -3.8186013799897757e-02,
       -3.1316128516672723e+00, -1.4417634557261109e-02,
       -1.4458171563085290e-01, 3.0240619183685116e+00,
       -9.0477563558376883e-02, 5.9353632323186079e-02,
       -3.0947329790026044e+00, 5.6600667827726187e-02,
       -9.5930912758017808e-02, 3.0720202887067121e+00,
       1.1021778161383531e-02, 6.4036964698989937e-02,
       3.0861478208769455e+00, -1.3329626423274424e-01,
       2.3287448783836026e-01, -3.0197384602837039e+00,
       -3.1846078248468197e-02, 8.0753268780732312e-01,
       -2.9203201259770837e+00, -2.8238220111728971e-02,
       9.6695380162039590e-01, -2.9106772890816637e+00,
       1.3929616038117282e-01, 9.5819227883001168e-01,
       2.8222046714279294e+00, -9.8724881091308669e-02,
       -8.4538791522205048e-01, -3.0596032106739535e+00,
       3.8095417102076007e-02, -6.4201954807955847e-02,
       3.0626595486847865e+00, -1.1850859308537184e-01,
       -7.4533352403663832e-03, -2.9412560949518385e+00,
       -1.5286978600142510e-02, 8.4175923502632799e-01,
       2.9867277896991391e+00, -5.6472555795211848e-02,
       -1.0054115330357289e+00, -2.6904581864962207e+00,
       -3.1964624160721593e-02, 8.9495524861168096e-01,
