%YAML:1.0
---
summary: "Filter by distance, md=150.0, ds=50.0."
init_cam_calib: C99-1010_3p_3
camera_matrix: !!opencv-matrix
   rows: 3
   cols: 3
   dt: d
   data: [ 2.5703634951860490e+03, 0., 1.8926590675633208e+03, 0.,
       2.5707890554214346e+03, 1.0860136370598475e+03, 0., 0., 1. ]
dist_coeff: !!opencv-matrix
   rows: 5
   cols: 1
   dt: d
   data: [ 1.9644644153767574e-02, -4.3774317437111625e-02,
       -3.1870551678204307e-04, 1.7070044793056021e-04,
       3.5397406809396036e-02 ]
rvec: !!opencv-matrix
   rows: 257
   cols: 3
   dt: d
   data: [ -3.1096679633025626e+00, -1.3754560575609184e-02,
       -4.2880410708150213e-02, -3.1037928356232500e+00,
       5.9829734629460403e-02, -1.2913705724108218e-01,
       -3.1289967196536290e+00, -3.7442586250881135e-02,
       -1.2418492465916421e-01, 3.0553721312583337e+00,
       -1.8409549894596783e-02, 9.4518098697285308e-02,
       3.1386007250719330e+00, 4.3120003216634437e-02,
       3.7163286857057880e-02, -3.0133671704304867e+00,
       -3.4319197630964270e-02, -1.0199749295013173e-02,
       -2.9643629935021178e+00, -3.6892801017252903e-02,
       -9.1133918409896111e-02, -3.1049546162366872e+00,
       5.7835724523942087e-03, -2.3433169885182799e-02,
       3.0958881744318005e+00, 1.9987262927629770e-02,
       -1.2872228916591141e-02, -3.1257472777124637e+00,
       -2.6202760264880203e-02, -3.5344413529866850e-02,
       3.0893033052140768e+00, 4.7178502730666684e-02,
       1.5571887154037878e-01, -3.0820370087568696e+00,
       1.2151605906423503e-01, -5.5471652018227152e-02,
       3.1391049380573057e+00, 4.0511485131766348e-02,
       -1.0436781714652975e-01, 3.0745033348508906e+00,
       3.6628770704154176e-03, -1.8148787181086226e-01,
       -3.0750113070461427e+00, -4.7005859058577806e-02,
       6.0220533819315536e-01, -2.9565432150211191e+00,
       -5.8179795634823207e-02, 8.6729975891069000e-01,
       -2.9594874463196490e+00, -6.5311092320680011e-02,
       1.0372470334189863e+00, -2.9751223389099763e+00,
       -4.4005325528597428e-02, 7.5122247330112801e-01,
       2.9989505488495922e+00, 5.9509667807849033e-02,
       -9.2543789847868152e-01, -3.0224137248382510e+00,
       -1.2097104632067340e-01, 8.4456164724022009e-01,
       -2.9727041534072143e+00, -1.2487020940028112e-01,
       7.6059430106924186e-01, 3.0018243046666453e+00,
       8.4424164010505565e-02, -8.6062562410093468e-01,
       2.8575880472176842e+00, -1.2913570850215007e-02,
       -8.1374351701250658e-01, 2.9112948026593988e+00,
       1.8257559482411475e-02, -7.7936585856062490e-01,
       2.9463917727776807e+00, 1.4146857709633656e-03,
       -8.2708714318293131e-01, 2.9879622153011036e+00,
       -2.6372555397575607e-02, -7.9674293067909530e-01,
       2.9578364073400176e+00, -2.7650259345243997e-02,
       -7.7861773881425622e-01, 2.9277393288145790e+00,
       2.1934494573028960e-02, -8.4520734479696003e-01,
       2.8691513633161012e+00, 2.3512752929708627e-02,
       -1.2915650229231719e+00, 2.8314226631070762e+00,
       -5.8396250991473685e-02, -1.3531782792123128e+00,
       2.6970229738435587e+00, 3.3457140760672723e-03,
       -1.5392701365654948e+00, -2.6537750749814810e+00,
       -7.4861951304372506e-03, 1.6242676074455584e+00,
       -2.6194202695851780e+00, -1.1048900847227114e-01,
       1.6516679444174684e+00, 2.5873317272962129e+00,
       -2.8943908999538699e-02, -1.5814731358386838e+00,
       2.6403473940526450e+00, -6.3834843729198121e-02,
       -1.5666198708179568e+00, -2.6629293320553540e+00,
       2.8470370184337498e-02, 1.6400205117405833e+00,
       2.6403886131903946e+00, -2.9986118461906110e-02,
       -1.6604245813178238e+00, 2.8034648189726439e+00,
       -1.4514987144081483e-02, -1.2887800550157500e+00,
       2.9601758328896679e+00, -5.8207410640217304e-02,
       -8.4927340022992726e-01, 2.9833093498698444e+00,
       -7.7170207767400713e-03, -5.0854552583900114e-01,
       2.9913720048718488e+00, -6.6084571135954454e-03,
       -1.1674071336631184e-01, 3.0712749953183951e+00,
       8.4157792049697529e-03, -2.1205273712877740e-01,
       3.0201307786804792e+00, 4.8552824725921692e-02,
       -5.7478626482707196e-01, 2.8796895176173201e+00,
       -5.5169471881810234e-02, -1.1304612660806512e+00,
       3.1602242946086228e+00, -8.1830099662245304e-02,
       -2.2293202835515014e-01, -3.0400362053862184e+00,
       -1.7322207839653436e-02, -6.1688711231802799e-02,
       -3.0072217899443703e+00, 3.0731133008296042e-02,
       -1.6055968907969273e-01, -3.0666018841662379e+00,
       5.9945826414880200e-02, -3.2653158194435483e-01,
       3.0796847758692034e+00, 3.4703396790263213e-02,
       2.6177901485121441e-01, 3.0593717180266307e+00,
       3.1498510573684797e-03, -4.8342778646393597e-01,
       -2.9732238563356819e+00, 3.8609534155456905e-02,
       -8.2223513046670760e-01, -2.8553946845004949e+00,
       3.1596205211267575e-02, -1.0978855710573225e+00,
       -2.7932353426935754e+00, 1.1946731247376263e-01,
       -1.1681514198913407e+00, -2.8108924977179717e+00,
       1.3296535714223290e-01, -1.1076225719082977e+00,
       -2.8555006127026870e+00, 1.0189967194475778e-01,
       -1.0662623109722944e+00, -2.7587459237901921e+00,
       1.3716889511843680e-01, -9.7582182442808907e-01,
       -2.8040723034001762e+00, 1.2951972334643871e-01,
       -1.2225500221594277e+00, -2.7641079292642372e+00,
       6.3004243958253395e-02, -1.4521666340627728e+00,
       -2.7417276134957262e+00, -4.4861994520550189e-02,
       -1.4871315628807582e+00, -3.0548014405968456e+00,
       2.6330487225137096e-02, -2.3741060200114929e-02,
       -3.0984694166969287e+00, 2.8572146585726727e-02,
       -1.3673877045191588e-01, -3.0663408423581995e+00,
       4.5389679742803425e-02, -1.3521496318335591e-01,
       -3.0814492938760605e+00, 8.0153635597126849e-02,
       -1.3983731155232465e-01, -3.0639995190606855e+00,
       2.7613370336112886e-02, -5.4240694426070123e-02,
       3.0821331668213610e+00, -2.5431644424998559e-03,
       3.6021987080964893e-02, 2.9336175413235748e+00,
       -3.0003087205500340e-02, -3.7864197057983569e-03,
       3.0482638774516140e+00, -3.9405923863121868e-02,
       5.4925331740841568e-03, -2.9837537378911536e+00,
       4.0918309348713350e-02, 4.8404505442764360e-02,
       -3.0810730501195707e+00, -1.0993533382941925e-01,
       -2.4862780006153405e-02, 3.0311132444057938e+00,
       4.2470048053868920e-02, -3.2164844852240450e-02,
       3.1337563501723040e+00, 7.4527294458733946e-03,
       1.2658022643483455e-02, -3.0683801219231923e+00,
       4.8578395946999968e-02, 1.6226171351134938e-01,
       3.1054671099831856e+00, -8.0338547290963180e-02,
       -1.1409604247065971e-01, 3.0746289269792788e+00,
       -2.4187114449157176e-02, -1.4631608173358737e-01,
       3.0611514747984909e+00, 4.0736069792092336e-02,
       -4.8269364893503164e-01, -2.9729029447819979e+00,
       -4.6104456698376539e-02, 8.6201121370235045e-01,
       -2.9491744435153437e+00, -3.9278598846323946e-02,
       9.7125273096439024e-01, -2.9084375341688640e+00,
       -9.0161431494025723e-02, 8.9671007379080370e-01,
       3.0343612510875912e+00, -5.6498944708795228e-03,
       -7.6859168624657648e-01, 2.9076490304717235e+00,
       -3.3745854155746761e-02, -7.8943010691936077e-01,
       3.0183961931374870e+00, -1.7126742350252411e-02,
       -7.9886240310903611e-01, 2.9883311319043138e+00,
       -9.1859281984261552e-03, -8.8159646194227193e-01,
       -2.9639810520329117e+00, -1.0763350123712653e-01,
       8.7830693480729372e-01, -2.8122182982592987e+00,
       -8.2498084213397022e-02, 9.5957486055056962e-01,
       -2.9022314629259278e+00, -4.9908545640664610e-02,
       8.9659895195637074e-01, 2.9574817648228362e+00,
       7.8365304074246606e-02, -8.7609175371603021e-01,
       -3.0183919819876146e+00, -4.1647668080617421e-02,
       9.1461189572135182e-01, -2.9549086612876092e+00,
       -6.1780979406945304e-02, 9.9681625660036499e-01,
