%YAML:1.0
---
summary: "Filter by points, sp=5, sf=3. Filter by time, rd=20, rs=0."
init_cam_calib: C99-1010_3p_3
camera_matrix: !!opencv-matrix
   rows: 3
   cols: 3
   dt: d
   data: [ 2.5596771014202236e+03, 0., 1.8820023168789780e+03, 0.,
       2.5627744477051688e+03, 1.0935908516752290e+03, 0., 0., 1. ]
dist_coeff: !!opencv-matrix
   rows: 5
   cols: 1
   dt: d
   data: [ 2.6964089047629338e-02, -7.0116882886875967e-02,
       2.8817912320313156e-05, -9.1714815292499678e-04,
       6.4368301007617562e-02 ]
rvec: !!opencv-matrix
   rows: 104
   cols: 3
   dt: d
   data: [ -3.1082988015439463e+00, -1.3192184305847553e-02,
       -3.5996755316525922e-02, -3.0840919960696125e+00,
       -7.2125861041944178e-03, -7.2035656715026042e-02,
       3.0514356393840076e+00, -4.8975145375825830e-03,
       8.6838618008284560e-02, -3.0194009628514511e+00,
       -1.3089046517505393e-02, -2.7179596556460087e-02,
       3.1327615480270001e+00, -8.6184938335652689e-02,
       1.0596624275379216e-01, -3.0765503811032997e+00,
       -4.6128694625291844e-02, 5.9705434356038578e-01,
       -2.9767689604306473e+00, -8.0616023007425416e-02,
       8.6144934555818209e-01, -2.9787944751634017e+00,
       -2.4277688055734988e-02, 7.4855734801293183e-01,
       2.8962816345135391e+00, 2.5135775539895194e-02,
       -8.0017520947401466e-01, 2.9612210930390406e+00,
       2.2143921646038053e-02, -8.7510219926443922e-01,
       2.9786840465909874e+00, 4.6364270602352348e-02,
       -8.6412964217770338e-01, 2.6962710826030549e+00,
       2.9830684996715578e-02, -1.5321447961025940e+00,
       -2.5683369175880957e+00, -1.2017440762356579e-01,
       1.5829571336853339e+00, -2.6362226325836833e+00,
       2.0536111567313258e-02, 1.6253588171724100e+00,
       2.9848088566931890e+00, -8.6305037066783344e-02,
       -7.9665883556507988e-01, 3.0052480213547934e+00,
       5.9836957347561878e-02, -7.1577731767060859e-01,
       -3.0211023275369446e+00, 5.0328618390624788e-02,
       -4.0517090904156522e-01, -3.0575282015016554e+00,
       7.4885004962706413e-03, -1.5908668126546860e-01,
       -3.0451056270898031e+00, 5.3914885493523218e-02,
       -1.9925768960650647e-01, -2.9066614843845948e+00,
       4.6180852446990731e-02, -1.0489735536707585e+00,
       -2.7949120074452574e+00, 1.2134550374077521e-01,
       -1.0868759129757708e+00, -2.8503376628297392e+00,
       1.0682796101513059e-01, -1.0493345124865727e+00,
       -2.8471340827276355e+00, 8.1775631130095908e-02,
       -1.1833820098135486e+00, 2.7248479409112036e+00,
       3.0310872764638945e-02, 1.5329752479118508e+00,
       -3.0486569678073794e+00, 2.4899234162911853e-02,
       -1.6535893031349377e-02, -3.0409595826982105e+00,
       3.8404933724894633e-02, 5.0345279171470310e-02,
       -3.0625725738585396e+00, 3.8061527322449232e-02,
       -1.1176625742324260e-01, -3.0944313147862017e+00,
       8.1578470295801314e-02, -8.9452289564698959e-02,
       3.1051354943607556e+00, -1.1225144520230101e-02,
       2.6301741208858795e-02, 2.9784835758079051e+00,
       -3.6961111579176691e-02, -1.9782387448891537e-02,
       -3.0592930138172090e+00, -2.5173671837109377e-02,
       -1.9103890361536754e-02, -3.0514094268917589e+00,
       -6.6167078163982457e-02, -2.6277337363529826e-02,
       -3.0815278555495875e+00, 2.0667262802295208e-02,
       2.2903954969341011e-02, 3.0525965948702232e+00,
       6.1725807425064005e-02, -4.5601948951690052e-01,
       -2.9531121309799646e+00, -2.9026328082539882e-02,
       9.1820508742241647e-01, -3.0143458323283996e+00,
       -4.9436636836883825e-02, 7.8789095667338205e-01,
       2.9905713263732112e+00, -6.7371623100578818e-03,
       -8.8021595596999358e-01, -2.9753224924495703e+00,
       -7.9871093857437542e-02, 8.7868466387107313e-01,
       2.9299267090380621e+00, 1.4298485625951539e-02,
       -1.1192356790268705e+00, -2.6409039636306537e+00,
       -9.6365510977891380e-02, 1.6221067712879826e+00,
       2.5222939810888239e+00, -1.8882106685774666e-01,
       -1.6870593382171484e+00, 2.8158442404500490e+00,
       -7.2744980944818266e-02, -1.2509827183906441e+00,
       -3.0266166210841021e+00, 4.3736852349236598e-02,
       5.5019710021116275e-01, 3.0310996786127928e+00,
       -4.0719418202892779e-02, -1.1258651618973324e-01,
       -2.9146542444926151e+00, 6.7546298073090705e-02,
       -1.0844930353598552e+00, 2.8002119242164514e+00,
       3.4494232457218832e-02, 1.0049413379615109e+00,
       2.8371498543314200e+00, 2.3465681531466807e-02,
       1.0486071241331829e+00, 2.8167620256426504e+00,
       1.1706223689834311e-01, 9.7662578232654840e-01,
       -2.7220791392726298e+00, -1.8116648556008943e-02,
       -1.5187603664359834e+00, 2.6452898438957124e+00,
       8.6535606273814056e-02, 1.3454869368592095e+00,
       2.7616553419844951e+00, -2.4225441150196363e-02,
       1.3635410426358785e+00, -3.0351586532323402e+00,
       -9.0505609462466583e-03, -1.6552540983738769e-02,
       -3.0712217021995531e+00, 1.1756291681076081e-01,
       -1.9541508362900037e-01, -3.0183278585511504e+00,
       2.5935832369051105e-02, 6.1247645228956149e-01,
       -3.0043212569016000e+00, 2.0794566749206666e-02,
       8.1957318157005632e-01, -2.9353963140994126e+00,
       -2.2610752443475031e-03, 7.3797445021298336e-01,
       -2.9726942765645328e+00, 3.4209807388742838e-02,
       6.5689847930431600e-01, -2.7768937062742056e+00,
       -1.8184629550158840e-01, 1.2840325576973903e+00,
       -2.6278661986255867e+00, -2.8078233729314433e-02,
       1.5780170207610473e+00, -2.6906329392562678e+00,
       1.2226740313240681e-02, 1.5313270377208432e+00,
       -2.7307669479602947e+00, -5.7470628608648960e-02,
       1.0816743813647394e+00, -3.0244819656767548e+00,
       -8.4879961303826971e-03, 1.4687403900244392e-01,
       -2.7872216094357047e+00, 8.9334447053380964e-02,
       -1.1688270861564947e+00, -2.9262572543508405e+00,
       4.9877896237843208e-02, -1.0795751765400223e+00,
       2.7658200203292043e+00, 2.1567981279010183e-02,
       1.1144179738690294e+00, -2.7154053260639204e+00,
       7.1640921189400381e-02, -1.1806301619239070e+00,
       2.8172374030789302e+00, -4.4876361070056964e-02,
       1.3419560468707550e+00, -2.5022266858229023e+00,
       2.1146093549137118e-01, -1.7178536815306509e+00,
       2.4378217775749680e+00, 1.8781544363743460e-01,
       1.4999894923382213e+00, 2.8003799109333616e+00,
       -5.3020167267657181e-02, 1.3804524335535151e+00,
       -3.1025002661273868e+00, 3.2278199879747553e-02,
       -2.7793641599966951e-01, 3.1128404015006503e+00,
       -6.7186392247212609e-02, 1.0777882951407970e-01,
       3.0940857653230691e+00, 3.0738652891100534e-03,
       5.7042100464284998e-02, -2.8831276154502672e+00,
       1.8564043104680503e-02, -4.1390964570112952e-02,
       -3.1355194660409413e+00, -1.4247837370295252e-02,
       -1.4501133272910263e-01, 3.0225827328664008e+00,
       -9.0746448476959382e-02, 6.2872074318199439e-02,
       -3.0959553657649339e+00, 5.6987967950067699e-02,
       -9.9894907740080752e-02, 3.0721039341684784e+00,
       1.0182147437272982e-02, 6.8466375524383033e-02,
       3.0972892421158957e+00, -1.3145678494900837e-01,
       2.3049933162288999e-01, -3.0231614731937495e+00,
       -3.2320061747547903e-02, 8.0132233411981590e-01,
       -2.9254389929365052e+00, -2.9903230592465985e-02,
       9.6133293046584634e-01, -2.9136502294239808e+00,
       1.3865529348376787e-01, 9.5518409063640974e-01,
       2.8238301550624021e+00, -9.9784849309254783e-02,
       -8.3933332101797997e-01, -3.0605272591956907e+00,
       3.8237859508263985e-02, -6.8718523075246479e-02,
       3.0587628850722051e+00, -1.1758150876560987e-01,
       -3.5727671070445131e-03, -2.9425942794281386e+00,
       -1.6223162770052247e-02, 8.3733177735937236e-01,
       2.9890488334649210e+00, -5.5477937536009311e-02,
       -9.9452620210880593e-01, -2.6956204051505392e+00,
       -3.4176289638238558e-02, 8.8874725139132904e-01,
