%YAML:1.0
---
summary: "Filter by time, rd=20, rs=10. Vidsft=5."
init_cam_calib: C99-1010_3p_3
camera_matrix: !!opencv-matrix
   rows: 3
   cols: 3
   dt: d
   data: [ 2.5716977135113484e+03, 0., 1.8726614378570748e+03, 0.,
       2.5692835509053316e+03, 1.0827184374764163e+03, 0., 0., 1. ]
dist_coeff: !!opencv-matrix
   rows: 5
   cols: 1
   dt: d
   data: [ 1.9027560856229506e-02, -3.9961385036813048e-02,
       -1.1265921921846995e-04, -1.8659039812957392e-03,
       2.9535615416409613e-02 ]
rvec: !!opencv-matrix
   rows: 99
   cols: 3
   dt: d
   data: [ -3.0678174867089449e+00, -2.8672444682092409e-02,
       -5.4407134908203265e-02, 3.0323584842284603e+00,
       -8.1473278664792384e-03, 8.9551611159833205e-02,
       -3.0847514715807445e+00, -5.8323611644332893e-03,
       7.0324840673850156e-02, -3.0589854348148480e+00,
       1.1686137760010243e-01, -3.3168963508305248e-02,
       -3.0235207863966687e+00, -9.4816684567752649e-02,
       7.6197610211138833e-01, -2.9431602370242675e+00,
       -9.1048122740860049e-02, 8.6669327994458423e-01,
       -2.9747038028594135e+00, -3.0493538422450315e-02,
       8.5505470095593306e-01, 2.9305185394358646e+00,
       1.5385972170253403e-02, -7.7788959821939785e-01,
       2.9743451350408772e+00, -2.1096361518168540e-02,
       -8.0182140182115358e-01, 2.9738138531691152e+00,
       7.0171140285907908e-03, -9.6732801245055811e-01,
       2.6959158770657243e+00, -1.1905687786260014e-02,
       -1.5554942875540341e+00, -2.6103530644974131e+00,
       -1.0062340027974112e-01, 1.6133405091796960e+00,
       -2.6624576671972666e+00, 1.9570131448115438e-02,
       1.5413138897114391e+00, 3.0138512257211492e+00,
       -7.5272546691692060e-02, -6.5214362949791704e-01,
       2.9662065883351603e+00, -3.2066089954391225e-02,
       -8.6239910550312704e-01, -3.0191637242774210e+00,
       3.2725096245713584e-02, -4.7727987586215792e-01,
       -3.0567427522066128e+00, 1.2247695868846649e-02,
       -1.7403431699287469e-01, -3.0778338410888488e+00,
       3.8012039179963507e-02, -3.5759509961663904e-01,
       -2.8665401228907714e+00, 4.0231693521385802e-02,
       -1.1000818708450200e+00, -2.8160991177872230e+00,
       1.3723746292026628e-01, -1.1000505536588314e+00,
       -2.8522810275895729e+00, 9.9022601208998029e-02,
       -1.0245220440679916e+00, -2.8219561428878785e+00,
       5.9155112332510300e-02, -1.2498712777446450e+00,
       2.7106894289714609e+00, 2.0172400530399304e-02,
       1.4995886905061770e+00, -3.0435149585653480e+00,
       4.5811099482953414e-02, 3.2213443024220689e-02,
       -3.0607873424186507e+00, 4.1537847832029136e-02,
       -1.2102619354571198e-01, -3.0820387648767964e+00,
       7.9879332812100218e-02, -1.3038312724875509e-01,
       3.0113213663623482e+00, -6.6250236291614858e-03,
       3.1320116386837869e-02, 2.9892626434916996e+00,
       -2.4950004345055489e-02, -3.0181176271886208e-03,
       -3.0403694263865457e+00, -7.4647437409977920e-03,
       -3.0637073366060818e-02, -3.0685188905039897e+00,
       -7.5287042739895060e-02, 8.2669019737028372e-03,
       -3.0649661650970939e+00, -1.7336062738214527e-02,
       1.0353720612888015e-01, 3.0667528317996160e+00,
       5.1786615864748226e-02, -4.9987475804964321e-01,
       -2.9358559205158841e+00, -6.4049390231139730e-02,
       1.0011664235266104e+00, 2.8804954253159094e+00,
       -3.5926422984434048e-02, -8.1585532465148447e-01,
       3.0053286568857396e+00, 2.5847050662497872e-02,
       -8.7630756744526439e-01, 2.9338839973730639e+00,
       5.7779597408173095e-02, -9.0396883926246119e-01,
       -2.8299402294563145e+00, -6.3286742740557358e-02,
       1.2553798098417093e+00, -2.6458914451396081e+00,
       -5.9188529821332998e-02, 1.6109848817424937e+00,
       2.5594964998171381e+00, -1.1859759354357272e-01,
       -1.6895535078013344e+00, 2.7726933922144141e+00,
       -3.9680536092961689e-02, -1.2989857615191822e+00,
       -3.0597239105510479e+00, -2.6186308090549042e-02,
       5.4085860682115616e-01, 3.0215533789314728e+00,
       4.8628483438112047e-02, -7.1914062655679359e-02,
       -2.9364330875851978e+00, 4.2750395574663161e-02,
       -1.0466783494064640e+00, 2.7456406305227157e+00,
       7.5518817343853156e-02, 1.0053425021885249e+00,
       2.8668606018792029e+00, -1.1956043113235433e-02,
       1.0463195732581414e+00, 2.8200204101283242e+00,
       1.4316638267763337e-01, 9.8674902992695290e-01,
       -2.7340500165781516e+00, 1.6888843561997505e-02,
       -1.5360985834581482e+00, 2.6236051515661654e+00,
       1.6588318154926018e-01, 1.3220220368172033e+00,
       2.8036542138636236e+00, 9.0105378654687818e-02,
       1.3535550771712104e+00, -3.0932815556399356e+00,
       1.1395303644993229e-01, -2.6021792943128386e-01,
       -3.0028248305393994e+00, -1.8030643830445687e-02,
       7.1787110753630889e-01, 3.0134344937485924e+00,
       2.9599093673219820e-02, -8.2840223156089265e-01,
       -2.9022073690913448e+00, 2.0296640170129544e-02,
       6.8737656688180948e-01, -2.9688108086064022e+00,
       3.8887431752024179e-02, 7.5251725920682255e-01,
       -2.7401054494915740e+00, -6.6189227203815079e-02,
       1.4443675768465758e+00, -2.6023134143991595e+00,
       -3.0997040225890126e-02, 1.6117652752379106e+00,
       -2.6707766031599531e+00, -1.7504089383290362e-02,
       1.5480691720902537e+00, -2.7827540914000997e+00,
       -8.6836964699893548e-02, 1.0245669931702128e+00,
       -3.0698661445723441e+00, -3.3739232607429746e-02,
       2.2271073772336150e-01, -2.7421104274690364e+00,
       1.2299554733179797e-01, -1.2719949239190216e+00,
       2.8676173642942024e+00, -8.3330305075593011e-02,
       1.1302555792892266e+00, 2.7502980717632641e+00,
       3.3158610901648948e-02, 1.1010893069223537e+00,
       -2.7272285944093952e+00, 7.7603062429040137e-02,
       -1.1398356295699434e+00, 2.7945748914687116e+00,
       4.8568160201230433e-04, 1.3876390033183175e+00,
       -2.5600160288097671e+00, 1.5844380712257239e-01,
       -1.6699507771757822e+00, 2.4313514162139289e+00,
       1.9518352934786512e-01, 1.4972989120866642e+00,
       2.9055592945453035e+00, -1.3482340693603195e-01,
       1.2063609580092014e+00, -3.0896789765419794e+00,
       5.8396528736877583e-03, -1.2618393258340496e-01,
       3.1180043932553416e+00, -6.5347986735111163e-02,
       1.6627972320582160e-01, 3.1059988423819505e+00,
       -6.9536216521897717e-02, 1.9173599597338119e-03,
       -2.9578648689136187e+00, 1.6664275229009411e-02,
       2.5379921524039808e-02, 3.0335342518937134e+00,
       -7.2711288811156641e-02, 6.7375321327583504e-02,
       -3.0575728968592970e+00, 3.7498791739996380e-02,
       -9.6539632509185277e-02, 3.1175830362566508e+00,
       3.4187930530314339e-02, 5.1670577467854605e-02,
       3.0357367981634709e+00, -1.7733464320619394e-01,
       3.9873195733057776e-01, 3.0407602004110861e+00,
       4.4583100736481744e-02, -7.6788908535860856e-01,
       -2.9790118295986314e+00, -1.3212124298013233e-02,
       8.0574387932849278e-01, -2.9620249251128876e+00,
       7.7400307534594801e-02, 9.0493778414144621e-01,
       2.8230443646690202e+00, -1.1650305937883250e-01,
       -8.4582937935862357e-01, 3.0333800735955117e+00,
       -9.9535867313495299e-02, -1.0079454124206644e-01,
       -2.9850599648032512e+00, -1.5862845167123642e-02,
       9.3184943328836800e-01, 2.8915405812008692e+00,
       -4.3966880010363620e-02, -9.3524612533139317e-01,
       -2.5915295161249650e+00, -1.1500133963981087e-01,
       8.9367641109837515e-01, 2.8026868946454560e+00,
       -7.4528700597200209e-02, -1.3833130809338110e+00,
       2.7523541608522066e+00, -2.6432474971805842e-02,
       -1.4397056039520559e+00, -2.6923115806985192e+00,
       -7.4757180602406118e-02, 1.5258639307862287e+00,
       -2.4853684647078067e+00, -2.3593073710535439e-01,
       1.3606068564635743e+00, 2.5246758051324831e+00,
       -1.4632985559930992e-01, -1.5143062507182192e+00,
