%YAML:1.0
---
summary: "Filter by points, sp=5, sf=0. Filter by time, rd=20, rs=10."
init_cam_calib: C99-1010_3p_3
camera_matrix: !!opencv-matrix
   rows: 3
   cols: 3
   dt: d
   data: [ 2.5735321393449517e+03, 0., 1.8778606394684195e+03, 0.,
       2.5689088572412966e+03, 1.0799942979366658e+03, 0., 0., 1. ]
dist_coeff: !!opencv-matrix
   rows: 5
   cols: 1
   dt: d
   data: [ 2.6965649810693229e-02, -7.6034881980315286e-02,
       -2.2833863500705063e-04, -1.2631013284576699e-03,
       7.3305727311802446e-02 ]
rvec: !!opencv-matrix
   rows: 104
   cols: 3
   dt: d
   data: [ -3.1018204778305201e+00, -8.6171858453627497e-03,
       -1.5012177718121721e-03, -3.0678945062877117e+00,
       -2.8923410189886374e-02, -5.7786193098693241e-02,
       3.0319782870230858e+00, -8.2407113756432816e-03,
       9.2768702499057026e-02, -3.0882350749326242e+00,
       -5.3600477472861233e-03, 6.7716001881760898e-02,
       -3.0590764052256900e+00, 1.1632915571416945e-01,
       -3.6095337720637388e-02, -3.0213479462770030e+00,
       -9.2622549411068941e-02, 7.6044498584328579e-01,
       -2.9441237594263638e+00, -9.0478049171645508e-02,
       8.6540189210552743e-01, -2.9753252484178105e+00,
       -2.9954254353765152e-02, 8.5300323014506230e-01,
       2.9302548931395771e+00, 1.4764413483285225e-02,
       -7.7674808135695805e-01, 2.9756193661340506e+00,
       -2.2051718308429370e-02, -8.0083213392309172e-01,
       2.9739178073631551e+00, 6.0744842590866981e-03,
       -9.6605690721057813e-01, 2.6964199090250331e+00,
       -1.2867146003263615e-02, -1.5524163204566157e+00,
       -2.6120472868885920e+00, -9.8966550450707014e-02,
       1.6110279995512924e+00, -2.6644384097125617e+00,
       2.0454904479368298e-02, 1.5396254054613117e+00,
       3.0141055866266693e+00, -7.5928201143533741e-02,
       -6.5138043051108785e-01, 2.9655675428773085e+00,
       -3.2257559315325500e-02, -8.7428290023817168e-01,
       -3.0197889015591901e+00, 3.2461667708605653e-02,
       -4.8088274498942657e-01, -3.0569459115195849e+00,
       1.1950273752361152e-02, -1.7768502526095359e-01,
       -3.0772524274559352e+00, 3.7821625020260444e-02,
       -3.6135562953666511e-01, -2.8655408827576148e+00,
       3.9278772980231358e-02, -1.1039251759840301e+00,
       -2.8147794986581647e+00, 1.3635879545623436e-01,
       -1.1034844274269031e+00, -2.8509894568846317e+00,
       9.8070763464328317e-02, -1.0283974258692785e+00,
       -2.8203730375870375e+00, 5.8160068714108448e-02,
       -1.2538899900227725e+00, 2.7078651266616123e+00,
       2.0771597915304280e-02, 1.5022213915094360e+00,
       -3.0526599428697869e+00, 2.7579888514473662e-02,
       5.3047933080414320e-02, -3.0434725323910570e+00,
       4.5330562235453710e-02, 2.9951081956763565e-02,
       -3.0613750408088092e+00, 4.1353769031546563e-02,
       -1.2504865902744189e-01, -3.0821484399803190e+00,
       7.9909427705921299e-02, -1.3235834186772924e-01,
       3.0123762955315159e+00, -6.4587464476714993e-03,
       3.2521323826496640e-02, 2.9889171124066221e+00,
       -2.5342360883360646e-02, 1.4925738537776835e-04,
       -3.0408797096071369e+00, -7.5126374144872344e-03,
       -3.2462997322733236e-02, -3.0691202269217981e+00,
       -7.5776197072405058e-02, 4.9613735250419386e-03,
       -3.0676282462242375e+00, -1.7138746748159104e-02,
       9.7203768570100310e-02, 3.0658055466691780e+00,
       5.1577377882845721e-02, -4.9748479517992378e-01,
       -2.9367761380701660e+00, -6.3513019253236214e-02,
       9.9919548962306592e-01, 2.8811032788074766e+00,
       -3.6747683633992639e-02, -8.1330457155853186e-01,
       3.0050855758498818e+00, 2.5148954688846814e-02,
       -8.7302562862577049e-01, 2.9342855325181820e+00,
       5.8010713115114132e-02, -9.0243556819019477e-01,
       -2.8312989250269656e+00, -6.2166011163484136e-02,
       1.2529267480180488e+00, -2.6452152968324749e+00,
       -5.6795892162218600e-02, 1.6090345835256210e+00,
       2.5604440040582577e+00, -1.1927722021053717e-01,
       -1.6873927585221729e+00, 2.7671197377491294e+00,
       -3.6774905529642646e-02, -1.2962621810681698e+00,
       -3.0623991801485091e+00, -2.6085311745270068e-02,
       5.4074787931580670e-01, 3.0302016900669564e+00,
       4.6673173872209636e-02, -6.0134976163749312e-02,
       -2.9354018385073268e+00, 4.1127494290977493e-02,
       -1.0505632788063601e+00, 2.7439478036164862e+00,
       7.6069499376558145e-02, 1.0083764914065898e+00,
       2.8648854438835634e+00, -1.1079358725160911e-02,
       1.0490375348652914e+00, 2.8172315954292215e+00,
       1.4327051071882421e-01, 9.9062974996511244e-01,
       -2.7330754084749098e+00, 1.6883487722120748e-02,
       -1.5404516059546747e+00, 2.6207217778837983e+00,
       1.6609167071554451e-01, 1.3255455816109987e+00,
       2.8007508118019717e+00, 9.0560357969224362e-02,
       1.3554298306876096e+00, -3.0358401685111369e+00,
       -4.8106475359851958e-03, -1.5051504758124548e-02,
       -3.0965150997581099e+00, 1.1489295207845525e-01,
       -2.6183831266895635e-01, -3.0048870963950227e+00,
       -1.7465337286367597e-02, 7.1600367093666162e-01,
       3.0127943627083029e+00, 2.8408479908490079e-02,
       -8.2491311660761157e-01, -2.9030452571401257e+00,
       2.0981658868134495e-02, 6.8510834132556997e-01,
       -2.9694558042063446e+00, 3.9285806077856499e-02,
       7.5072472045715821e-01, -2.7420663459481580e+00,
       -6.5934989427566509e-02, 1.4432766948889661e+00,
       -2.6045474141796303e+00, -3.0384954440855073e-02,
       1.6094303120632578e+00, -2.6775665307095524e+00,
       -2.1052088703040553e-02, 1.5502215488139999e+00,
       -2.7846069941772518e+00, -8.7076806617940761e-02,
       1.0240690743446397e+00, -3.0744803028276344e+00,
       -3.1888156231626212e-02, 2.1646944130451021e-01,
       -2.7405476354335372e+00, 1.2269726722537196e-01,
       -1.2753178907020841e+00, 2.8667207395135255e+00,
       -8.2291453443018900e-02, 1.1334536435026079e+00,
       2.7486042408171252e+00, 3.3766707233050738e-02,
       1.1042035148223406e+00, -2.7269635720583274e+00,
       7.7087778400765472e-02, -1.1430779427472824e+00,
       2.7925106488894040e+00, 1.0375739452009548e-03,
       1.3905097005741043e+00, -2.5575266130230729e+00,
       1.5725093649903066e-01, -1.6736169822514966e+00,
       2.4289887980692040e+00, 1.9592735380296672e-01,
       1.4999698869701774e+00, 2.9009390994505773e+00,
       -1.3461784305663299e-01, 1.2138405486923871e+00,
       -3.0900648096966230e+00, 5.9647868906875694e-03,
       -1.2968205728394452e-01, 3.1200387285818287e+00,
       -6.4906902429323551e-02, 1.6832502776868419e-01,
       3.1081441352746162e+00, -6.9940129634113155e-02,
       6.0155445330745284e-03, -2.9603328352095382e+00,
       1.7738326704455680e-02, 2.3317055968610029e-02,
       -3.1371288595028619e+00, 2.9595380847487581e-02,
       -1.5274394675593242e-01, 3.0358894022681615e+00,
       -7.3109602933626366e-02, 7.0831647750431687e-02,
       -3.0494958604921729e+00, 3.7174154175694175e-02,
       -9.4295797319218957e-02, 3.1160615835647825e+00,
       3.3911491531318894e-02, 5.3968535098786560e-02,
       3.0349558533716459e+00, -1.7678748397597685e-01,
       4.0245650505528607e-01, 3.0402803329758306e+00,
       4.4065931477302270e-02, -7.6593671115598261e-01,
       -2.9805673808111823e+00, -1.2526851530290819e-02,
       8.0337437248764720e-01, -2.9639244226307189e+00,
       7.7859226445820981e-02, 9.0501859448160360e-01,
       2.8233545364787278e+00, -1.1735550167576767e-01,
       -8.4320667245585590e-01, -3.0654825795589740e+00,
       4.7114296205139412e-02, -6.8062455539853364e-02,
       3.0333175548575464e+00, -9.8659251419551078e-02,
       -1.0008870836187891e-01, -2.9860946117482108e+00,
       -1.5648687216604711e-02, 9.3017736080165303e-01,
       2.8915297359918117e+00, -4.4828974805852254e-02,
       -9.3399917598404847e-01, -2.5940788856090151e+00,
       -1.1475034342023259e-01, 8.8898070139957508e-01,
