%YAML:1.0
---
summary: "Filter by points, sp=5, sf=2. Filter by time, rd=20, rs=0."
init_cam_calib: C99-1010_3p_3
camera_matrix: !!opencv-matrix
   rows: 3
   cols: 3
   dt: d
   data: [ 2.5635631816061345e+03, 0., 1.8737935907164874e+03, 0.,
       2.5653271525411101e+03, 1.0884524246445123e+03, 0., 0., 1. ]
dist_coeff: !!opencv-matrix
   rows: 5
   cols: 1
   dt: d
   data: [ 4.4453015288041055e-02, -1.3854111529234520e-01,
       6.5828635994894696e-04, -1.8133851327279892e-03,
       1.4156790144044643e-01 ]
rvec: !!opencv-matrix
   rows: 104
   cols: 3
   dt: d
   data: [ -3.1071786913224129e+00, -1.3883389690853242e-02,
       -3.2383872519722808e-02, -3.0827764022111253e+00,
       -7.0081891200258319e-03, -6.7647446249908205e-02,
       3.0536124103941553e+00, -3.5812531864691665e-03,
       8.1718813195512344e-02, -3.0202709174773670e+00,
       -1.2922703312022592e-02, -2.2753453201950446e-02,
       3.1368582592916066e+00, -8.6876174969767253e-02,
       9.6919061441544246e-02, -3.0755392240874451e+00,
       -4.5759074675792814e-02, 6.0284522860012169e-01,
       -2.9763909653630733e+00, -8.0062920792045494e-02,
       8.6874976759756295e-01, -2.9792081185474295e+00,
       -2.3562372201052780e-02, 7.5263691806252397e-01,
       2.8879903906424924e+00, 2.2990577520504790e-02,
       -8.0038695543549976e-01, 2.9567359284600245e+00,
       2.2611836887670381e-02, -8.8503231748124411e-01,
       2.9793881992882625e+00, 4.4486733418271501e-02,
       -8.6597378833021910e-01, 2.6920677001754876e+00,
       2.9048948818172039e-02, -1.5362080572238919e+00,
       -2.5658860347074990e+00, -1.1722337785420886e-01,
       1.5889890793866641e+00, -2.6351508807213011e+00,
       2.3353926552657899e-02, 1.6293203064465531e+00,
       2.9830731842881031e+00, -8.7299147855387019e-02,
       -8.0279989347163727e-01, 2.9849954494855679e+00,
       5.6498904179264627e-02, -7.0929154088171054e-01,
       -3.0245362106920104e+00, 5.0248851486875287e-02,
       -4.0484622125607550e-01, -3.0582594027202563e+00,
       7.1813652155768683e-03, -1.5625843086843025e-01,
       -3.0441981532882103e+00, 5.3762937114260528e-02,
       -1.9624080876166977e-01, -2.9097195756114140e+00,
       4.3735440820503881e-02, -1.0448176254247257e+00,
       -2.7982441676687935e+00, 1.1999180561674337e-01,
       -1.0839129471645219e+00, -2.8525889378763516e+00,
       1.0477864257123178e-01, -1.0464341070528815e+00,
       -2.8489495195606493e+00, 7.8365563701430954e-02,
       -1.1814508125554903e+00, 2.7247005517977905e+00,
       3.1929337878774972e-02, 1.5295311063479802e+00,
       -3.0506358046059887e+00, 2.4772170438987041e-02,
       -1.1219157328954637e-02, -3.0419958853873172e+00,
       3.8904044009974617e-02, 5.3112319359573008e-02,
       -3.0659026568063434e+00, 3.8439007828202143e-02,
       -1.0768364606146028e-01, -3.0932941975871091e+00,
       8.1645932690239897e-02, -8.3066993556366167e-02,
       3.1028695965204984e+00, -9.4191984185931187e-03,
       2.3406468793546419e-02, 2.9766653903524651e+00,
       -3.6378412720247257e-02, -2.4612152818417828e-02,
       -3.0586479800611834e+00, -2.5149685357531044e-02,
       -1.3027395556352362e-02, -3.0515913823204674e+00,
       -6.5936035548360084e-02, -2.1658755296980994e-02,
       -3.0818393340873391e+00, 2.0887234543720615e-02,
       2.6350106720045917e-02, 3.0562655541189656e+00,
       5.9583753300119224e-02, -4.6198520714657060e-01,
       -2.9524233453314710e+00, -2.7931891603476876e-02,
       9.2307201725874677e-01, -3.0154220916853185e+00,
       -4.9682089100814758e-02, 7.9240602173635355e-01,
       2.9885501007429003e+00, -7.6393994099589147e-03,
       -8.8358375770188202e-01, -2.9727923426990230e+00,
       -7.7719753958933768e-02, 8.8894827364742945e-01,
       2.9264584467139922e+00, 1.3501055131717623e-02,
       -1.1266813025951132e+00, -2.6389642917701992e+00,
       -9.3219374658051274e-02, 1.6288898211930014e+00,
       2.5177919090718861e+00, -1.8928586227212155e-01,
       -1.6896986001368666e+00, 2.8143771193773448e+00,
       -7.5881470521442701e-02, -1.2563513932434642e+00,
       -3.0236460157562526e+00, 4.4810579549054180e-02,
       5.5269239742864651e-01, 3.0332079456012822e+00,
       -4.1407891471024104e-02, -1.1433083032522354e-01,
       -2.9192302219166857e+00, 6.6003307630946140e-02,
       -1.0811433412055094e+00, 2.8000452587496163e+00,
       3.5901355394854242e-02, 1.0005549550929851e+00,
       2.8380932530066652e+00, 2.5589444725625871e-02,
       1.0457509190447216e+00, 2.8171607080735805e+00,
       1.1754631676217422e-01, 9.7205700356776026e-01,
       -2.7262019834725719e+00, -1.6769185589835575e-02,
       -1.5153813944075303e+00, 2.6465553925549252e+00,
       8.8349515268731166e-02, 1.3421119679826317e+00,
       2.7610686504784763e+00, -2.2395533236374845e-02,
       1.3555391071367719e+00, -3.0364783442848351e+00,
       -9.3274172995825438e-03, -1.2727745610933662e-02,
       -3.0704633777175663e+00, 1.1624290714795661e-01,
       -1.8580112840104329e-01, -3.0180301957310460e+00,
       2.6740752340630700e-02, 6.1778930639951379e-01,
       -3.0030081276883358e+00, 2.1669602631879097e-02,
       8.2636891038058091e-01, -2.9344698642618576e+00,
       -1.6619686663205651e-03, 7.4693191855440766e-01,
       -2.9741229300393504e+00, 3.5086830296779489e-02,
       6.6220020915427247e-01, -2.7750263566524143e+00,
       -1.8046826417756548e-01, 1.2907166519173410e+00,
       -2.6270965353993616e+00, -2.6704722020370303e-02,
       1.5831505210100376e+00, -2.6900361361867469e+00,
       1.3229957708845356e-02, 1.5376373801930037e+00,
       -2.7262867625812754e+00, -5.2848030766668865e-02,
       1.0844886378728247e+00, -3.0197030881515619e+00,
       -7.6828327380092255e-03, 1.5214237797442767e-01,
       -2.7914245575403567e+00, 8.8838034769919708e-02,
       -1.1661535634393809e+00, -2.9296337084828266e+00,
       4.8581356520206558e-02, -1.0765392118041892e+00,
       2.7654746465329385e+00, 2.3550530477797198e-02,
       1.1102979059684874e+00, -2.7208702882815734e+00,
       7.2162243267944390e-02, -1.1782573178241693e+00,
       2.8177761502700820e+00, -4.2561779590349146e-02,
       1.3378118662762222e+00, -2.5220867976807804e+00,
       2.1427305561426671e-01, -1.7066987055456111e+00,
       2.4372930388117067e+00, 1.8942649540955769e-01,
       1.4976216114017042e+00, 2.8002618758670828e+00,
       -4.9780474688010688e-02, 1.3717023664085914e+00,
       -3.1033134419844641e+00, 3.2217352970164079e-02,
       -2.6860275559450075e-01, 3.1097576827066784e+00,
       -6.6945005034732233e-02, 1.0396090455153767e-01,
       3.0933687770601126e+00, 4.7728460941797914e-03,
       5.3055084861546066e-02, -2.8816636173418821e+00,
       1.8360556602296560e-02, -3.6733058970696078e-02,
       -3.1331983919183988e+00, -1.4641906541446908e-02,
       -1.4325680100213142e-01, 3.0228481101652043e+00,
       -9.0182830828787502e-02, 5.9560036420977000e-02,
       -3.0983054141146029e+00, 5.6823603053564056e-02,
       -9.7377134680331642e-02, 3.0741248594588320e+00,
       1.1439481243133917e-02, 6.1841454963772080e-02,
       3.0760386046139723e+00, -1.3421171882906111e-01,
       2.4197465534882126e-01, -3.0218126527357896e+00,
       -3.1676594908140433e-02, 8.0779857276154632e-01,
       -2.9246972826529696e+00, -2.8341085710564300e-02,
       9.6396904195936772e-01, -2.9084677200609605e+00,
       1.3997569534173296e-01, 9.6068603906553385e-01,
       2.8209540139073286e+00, -1.0051277421835939e-01,
       -8.4293031268886287e-01, -3.0613094042392692e+00,
       3.8261474917460410e-02, -6.5916169378987713e-02,
       3.0622437827261209e+00, -1.1795240810440798e-01,
       -7.7565656868336759e-03, -2.9406904689147493e+00,
       -1.4104981737647562e-02, 8.4437643754314984e-01,
       2.9857000486672809e+00, -5.7000691180699337e-02,
       -1.0060741637961632e+00, -2.6943608236446686e+00,
       -3.2338977467745451e-02, 8.9441294391199067e-01,
