%YAML:1.0
---
summary: "Filter by time, rd=20, rs=10. Vidsft=15."
init_cam_calib: C99-1010_3p_3
camera_matrix: !!opencv-matrix
   rows: 3
   cols: 3
   dt: d
   data: [ 2.5696421837140970e+03, 0., 1.8753104779636087e+03, 0.,
       2.5694516904898373e+03, 1.0827626959032420e+03, 0., 0., 1. ]
dist_coeff: !!opencv-matrix
   rows: 5
   cols: 1
   dt: d
   data: [ 1.9091897982440657e-02, -3.9472916335783585e-02,
       -1.3123925754331153e-04, -1.3288321146181848e-03,
       2.9962652087196635e-02 ]
rvec: !!opencv-matrix
   rows: 89
   cols: 3
   dt: d
   data: [ -3.0850158512362413e+00, -5.9667185650581402e-03,
       6.8768155517821644e-02, -3.0596136840731973e+00,
       1.1680409696831107e-01, -3.5269125174707837e-02,
       -3.0249898387136636e+00, -9.5056092272281595e-02,
       7.5933424111735948e-01, -2.9446963539131539e+00,
       -9.1324168925024499e-02, 8.6407434803490579e-01,
       -2.9762186165079392e+00, -3.0799035716869722e-02,
       8.5245236978874106e-01, 2.9304523762912984e+00,
       1.5482853538734839e-02, -7.7511656798390038e-01,
       2.9743004087177232e+00, -2.0806793197936602e-02,
       -7.9887589935342007e-01, 2.9742080776669479e+00,
       7.2309524573302159e-03, -9.6439621765533301e-01,
       2.6970588559313127e+00, -1.1923939788986601e-02,
       -1.5535358024402111e+00, -2.6114891118014261e+00,
       -1.0066739766837680e-01, 1.6115218439158767e+00,
       -2.6633980165020326e+00, 1.9725738242636189e-02,
       1.5392291920423529e+00, 3.0140588303887021e+00,
       -7.5169586729979893e-02, -6.4906872622583667e-01,
       2.9663274213013735e+00, -3.1841202126341540e-02,
       -8.6011600042019454e-01, -3.0196380232029139e+00,
       3.2879040893611877e-02, -4.7868701228341642e-01,
       -3.0572285829068155e+00, 1.2201865625748947e-02,
       -1.7555867287883073e-01, -3.0782122057012073e+00,
       3.8114095124699640e-02, -3.5923790290957863e-01,
       -2.8666925469339635e+00, 4.0435767252081305e-02,
       -1.1010969601011846e+00, -2.8162164580121192e+00,
       1.3741835470674299e-01, -1.1010564646732581e+00,
       -2.8524203639887498e+00, 9.9169268151338377e-02,
       -1.0255246503692501e+00, -2.8220548347520316e+00,
       5.9387560199789705e-02, -1.2508530149329287e+00,
       2.7102300445354164e+00, 2.0049680546634845e-02,
       1.5001592951580298e+00, -3.0826361447044457e+00,
       7.9840701306532466e-02, -1.3197756692609192e-01,
       3.0108498147746254e+00, -6.6899586431042038e-03,
       3.3039568082657400e-02, 2.9887415821387746e+00,
       -2.5034598727113114e-02, -1.2540168816043693e-03,
       -3.0408920368099981e+00, -7.5898087112744846e-03,
       -3.2275395367092376e-02, -3.0687322452211352e+00,
       -7.5398931994419618e-02, 6.6373545966028754e-03,
       -3.0655857488961171e+00, -1.7484902650214660e-02,
       1.0172159216757883e-01, 3.0664729366973469e+00,
       5.1854430012668686e-02, -4.9695950539452721e-01,
       -2.9374028284266078e+00, -6.4344082948682699e-02,
       9.9869954069374955e-01, 2.8804889610479965e+00,
       -3.5663315994131341e-02, -8.1306730999307109e-01,
       3.0053897017572573e+00, 2.6114664874411383e-02,
       -8.7333925765926657e-01, 2.9338959231131074e+00,
       5.8105130891816847e-02, -9.0099421153012149e-01,
       -2.8312665824096417e+00, -6.3466448576380771e-02,
       1.2531712477838040e+00, -2.6470697977258495e+00,
       -5.9258419850624633e-02, 1.6091264387820987e+00,
       2.5605830029016694e+00, -1.1860556401793643e-01,
       -1.6879263630542767e+00, 2.7733414547760913e+00,
       -3.9464412511202973e-02, -1.2966719761041743e+00,
       -3.0609845604998354e+00, -2.6348908430031667e-02,
       5.3819295396029210e-01, 3.0212889343186684e+00,
       4.8496976862956981e-02, -6.9480344464461358e-02,
       -2.9365449800165213e+00, 4.2945584892221056e-02,
       -1.0476864351847672e+00, 2.7449062660032397e+00,
       7.5124462912121576e-02, 1.0060938751894202e+00,
       2.8663070758765379e+00, -1.2168465684190180e-02,
       1.0470295796019478e+00, 2.8198541998112128e+00,
       1.4304420655736447e-01, 9.8746527666114814e-01,
       -2.7338074140939352e+00, 1.6984955831314614e-02,
       -1.5368025124793145e+00, 2.6231419139937362e+00,
       1.6565634786009767e-01, 1.3225728603757516e+00,
       2.8032376382222299e+00, 9.0031005693417779e-02,
       1.3541602001227324e+00, 3.0135259012661249e+00,
       2.9703851013268424e-02, -8.2540393154657354e-01,
       -2.9033807788242911e+00, 2.0020015234138738e-02,
       6.8465969462152121e-01, -2.9701276826906562e+00,
       3.8623301246973281e-02, 7.4981082895236861e-01,
       -2.7411297559121710e+00, -6.6061299142243693e-02,
       1.4421685389715320e+00, -2.6033968736512967e+00,
       -3.1053394230552075e-02, 1.6099477210531790e+00,
       -2.6718824103859631e+00, -1.7487616062763899e-02,
       1.5460749558390987e+00, -2.7841418484109814e+00,
       -8.7030204799502853e-02, 1.0220861450571599e+00,
       -3.0707705789422479e+00, -3.3836040203426683e-02,
       2.2038819801309370e-01, -2.7421765999891687e+00,
       1.2326498893475413e-01, -1.2730711430867954e+00,
       2.8668061003945478e+00, -8.3667958398338529e-02,
       1.1310148184193387e+00, 2.7494728168984741e+00,
       3.2673021744011134e-02, 1.1018808195746208e+00,
       -2.7273262286375202e+00, 7.7792998728503232e-02,
       -1.1407219819256575e+00, 2.7937475495853024e+00,
       9.6757342207021165e-05, 1.3882400510874557e+00,
       -2.5596390319127886e+00, 1.5849140055879032e-01,
       -1.6706064575784172e+00, 2.4307796560833017e+00,
       1.9480500699233058e-01, 1.4977758734941642e+00,
       2.9047706738559800e+00, -1.3503354094887340e-01,
       1.2069970263879688e+00, -3.0902145779568677e+00,
       5.8366060132327164e-03, -1.2800712185619531e-01,
       3.1171977882249275e+00, -6.5402987098332546e-02,
       1.6805671587086030e-01, 3.1054716233141595e+00,
       -6.9487256981022233e-02, 3.8302452819394843e-03,
       -2.9583324214025590e+00, 1.6451445426246911e-02,
       2.3661419882824792e-02, 3.1170813828712132e+00,
       3.4183807684295749e-02, 5.3478072970396341e-02,
       3.0354180611527317e+00, -1.7733944471048416e-01,
       4.0022321052215737e-01, 3.0409049604933256e+00,
       4.4705902754368747e-02, -7.6485678903250798e-01,
       -2.9803040630727091e+00, -1.3373252752433578e-02,
       8.0304417731110811e-01, -2.9634068938275244e+00,
       7.7150193130142222e-02, 9.0230043310319785e-01,
       2.8232141772397457e+00, -1.1645400174102170e-01,
       -8.4315837160742313e-01, 2.8917397757220806e+00,
       -4.3769171386751730e-02, -9.3245483991093581e-01,
       -2.5927414445213186e+00, -1.1542469138438227e-01,
       8.9122496535536178e-01, 2.8035912661691080e+00,
       -7.4389686333473315e-02, -1.3810769448733176e+00,
       2.7534896590842268e+00, -2.6476081294185300e-02,
       -1.4375633067256675e+00, -2.6933739757337740e+00,
       -7.4686052249993945e-02, 1.5238266507883820e+00,
       -2.4862785185952840e+00, -2.3597288074333064e-01,
       1.3586421888693063e+00, 2.5257966535580865e+00,
       -1.4652871906093645e-01, -1.5125797149432121e+00,
       -2.7931581766918199e+00, 7.2285480636275587e-02,
       1.4055308852815218e+00, 3.1363378435180489e+00,
       5.1184473066893214e-03, -1.2207302659063611e-01,
       -3.0112650258654687e+00, -1.1722042822140168e-01,
       -6.7312917490475566e-01, -2.6465089486721047e+00,
       1.1455363802124084e-01, -1.4187250827420332e+00,
       -2.7181928147729089e+00, 8.5194152088364769e-02,
       -1.4385544062389803e+00, 2.6797689475702438e+00,
       -1.0123682716888222e-01, 1.6178478869902537e+00,
       -2.6303203219410669e+00, 1.7198895759232477e-01,
       -1.3274503646472917e+00, 2.8777921336704564e+00,
       2.1149180568860813e-03, 1.1554640925914841e+00,
       -2.8540799948367850e+00, 3.3896719034361457e-02,
       -1.3116806169925561e+00, 2.8973486979595391e+00,
       -1.2296505285186059e-01, 1.1717837067856867e+00,
