%YAML:1.0
---
summary: "Filter by time, rd=20, rs=5."
init_cam_calib: C99-1010_3p_3
camera_matrix: !!opencv-matrix
   rows: 3
   cols: 3
   dt: d
   data: [ 2.5692220487593427e+03, 0., 1.8796741634409352e+03, 0.,
       2.5676282269606818e+03, 1.0895181833277295e+03, 0., 0., 1. ]
dist_coeff: !!opencv-matrix
   rows: 5
   cols: 1
   dt: d
   data: [ 2.1692411504799513e-02, -4.9619843192663791e-02,
       5.0187815459930003e-04, -1.5457488687996134e-03,
       4.4041510609740785e-02 ]
rvec: !!opencv-matrix
   rows: 104
   cols: 3
   dt: d
   data: [ -3.1049936838799286e+00, -7.3172285274631342e-03,
       -8.4387835983371767e-03, -3.0714552140839673e+00,
       -2.4834233951927635e-02, -7.2166725694254058e-02,
       3.0412188669751123e+00, 3.6204364707608429e-03,
       8.6226654755101634e-02, -3.0626835389310081e+00,
       2.2545763725739078e-03, -3.1293579002213870e-02,
       -3.0661982361457905e+00, 1.2392597396114105e-01,
       -4.1834797600215211e-02, 3.0689375737709286e+00,
       8.4212133365086622e-02, -6.6700559147863148e-01,
       -2.9590305453855015e+00, -8.4889909447874043e-02,
       8.6082716896067890e-01, -2.9765347214862032e+00,
       -1.0333046179559956e-02, 7.8482423775978327e-01,
       2.9219936697100364e+00, 1.6403610179735531e-02,
       -7.8867119344390657e-01, 2.9723723387643290e+00,
       7.9430382314817517e-03, -8.2580338202036907e-01,
       2.9806045920025483e+00, 4.6127924158224969e-02,
       -8.9659620860496247e-01, 2.6900746811673164e+00,
       1.3299394943406267e-02, -1.5405248967987422e+00,
       -2.5578585975131380e+00, -1.1370588986921344e-01,
       1.6158120614807332e+00, -2.6439954621826178e+00,
       2.3439486846042121e-02, 1.5735380047133511e+00,
       2.9982515214575196e+00, -7.4071640132611263e-02,
       -7.3645570083374723e-01, 2.9741123573111712e+00,
       1.4148229231852090e-02, -7.8518287486623084e-01,
       -3.0161530742027174e+00, 3.2952442866819642e-02,
       -4.4787699319461993e-01, -3.0589192470399054e+00,
       9.2357502701598468e-03, -1.7327472487922213e-01,
       -3.0653156556889609e+00, 5.9985620961059159e-02,
       -3.1912923131670018e-01, -2.8865643733200077e+00,
       1.3395451396870236e-02, -1.0717134995397004e+00,
       -2.8101283992137231e+00, 1.2587265104962533e-01,
       -1.0961784824362684e+00, -2.8464042232243605e+00,
       1.0405156416435489e-01, -1.0405769585998861e+00,
       -2.8428016357789092e+00, 4.3283528077458576e-02,
       -1.1972882095557824e+00, 2.7216229077235923e+00,
       2.8412573406760584e-02, 1.5103531926584579e+00,
       -3.0458963678258177e+00, 4.0445667150630561e-02,
       6.9782609485302030e-02, -3.0426067532561043e+00,
       3.6180108360225810e-02, 3.7419198570991484e-02,
       -3.0572771483016385e+00, 4.8814884003844157e-02,
       -1.2532352967286123e-01, -3.0996098267322840e+00,
       8.4663428587986408e-02, -1.2548592996780239e-01,
       3.0408853347961031e+00, 4.4074655747371426e-03,
       2.7550044245727084e-02, 2.9837494978760222e+00,
       -2.9133621043336055e-02, -6.5379888346357778e-03,
       -3.0474049662092684e+00, -2.2179438819700172e-02,
       -3.3767303974561250e-02, -3.0576607357219245e+00,
       -6.4682870578125898e-02, -1.4389449167173230e-02,
       -3.0714644226109007e+00, -2.3970081889909895e-03,
       6.4960199340072897e-02, 3.0672982433435880e+00,
       5.6795388036936116e-02, -5.1764854971444119e-01,
       -2.9363549271511160e+00, -4.7246750450881274e-02,
       9.5964824033076535e-01, 3.0069082186224283e+00,
       -3.5965543025709409e-02, -7.9939363766527172e-01,
       2.9925725973911947e+00, 3.2782659669042206e-03,
       -8.7618663629414439e-01, 2.9873851530389248e+00,
       8.8445399007092154e-02, -8.9461732183252018e-01,
       -2.8851236089991952e+00, -5.7193298730437263e-02,
       1.1851776678999446e+00, -2.6503281708769930e+00,
       -9.2850887622278874e-02, 1.6011842558656475e+00,
       2.4940529182596518e+00, -1.5876753754121326e-01,
       -1.6714474940958111e+00, 2.7832446833326410e+00,
       -5.4121311854233058e-02, -1.2898594998430171e+00,
       -3.0294271774158057e+00, -1.5792133151545422e-02,
       5.4789905702108066e-01, 3.0465267377976839e+00,
       1.0755701761215864e-02, -1.0872597794825246e-01,
       -2.9359299865398611e+00, 6.1490669021852136e-02,
       -1.0530519669215013e+00, 2.7729209468977341e+00,
       5.0037350797357681e-02, 9.9182291594095195e-01,
       2.8525274989410456e+00, 3.8874982885459167e-02,
       1.0432241766125800e+00, 2.8139422602830879e+00,
       1.7860919413683526e-01, 9.7536925320917478e-01,
       -2.7325506998181353e+00, 1.1545037361680568e-02,
       -1.5503357046681643e+00, 2.6501479805771782e+00,
       1.0809739539105330e-01, 1.3310644819905784e+00,
       -2.7899166766168273e+00, -1.1104494032717871e-01,
       -1.4389060682928430e+00, -3.0340824173693068e+00,
       -7.5981066085778499e-03, -1.2897969657746229e-02,
       -3.0826706993052886e+00, 1.1774548052142893e-01,
       -2.2339788073312164e-01, -3.0162397925573119e+00,
       -5.5999413628051433e-03, 6.3625126676437249e-01,
       3.0308261848272657e+00, 9.7894102066957023e-03,
       -8.2504574469586267e-01, -2.9192446272761297e+00,
       1.3101756224909351e-02, 7.2637134624345479e-01,
       -2.9574397687763017e+00, 3.2050167667937779e-02,
       7.2589821783135133e-01, -2.7337191291055856e+00,
       -9.7712102526542471e-02, 1.3715059549271498e+00,
       -2.5870204004333428e+00, -1.2879709750244037e-02,
       1.6024329731968416e+00, -2.6848767461355787e+00,
       -1.5995427214842973e-02, 1.5309015217844624e+00,
       -2.7202825319863768e+00, -5.7600070526436016e-02,
       1.0697147790149524e+00, -3.0441795842137083e+00,
       -3.5933048683893291e-02, 1.3993485569276348e-01,
       -2.7669520231977205e+00, 9.6920801835221254e-02,
       -1.2177675347784478e+00, -2.9246550969797145e+00,
       7.4506468609923979e-02, -1.1113248235296052e+00,
       2.7527428736239443e+00, 3.0929634331989579e-02,
       1.1073529813220881e+00, -2.7285094615987404e+00,
       7.8216433101121211e-02, -1.1442134390614016e+00,
       2.8016876085054050e+00, -1.1386138995765380e-02,
       1.3866193654152406e+00, -2.5357917219251820e+00,
       2.1192897680113951e-01, -1.6797865771663638e+00,
       2.4245125428311214e+00, 1.8914965905491660e-01,
       1.4945527198397888e+00, -2.8547420452198913e+00,
       1.3431628863716311e-01, -1.2887480171099404e+00,
       -3.0960292910227403e+00, -1.2124298933774818e-02,
       -2.0263475370464384e-01, 3.1400729758606301e+00,
       -7.2177414536318846e-02, 1.3890315064726583e-01,
       3.0886564782416275e+00, -1.1894116193067841e-02,
       2.6464825862160507e-02, -2.9009947181955682e+00,
       1.5347738166452832e-02, -4.4529845837997774e-02,
       -3.1274866572913891e+00, -1.9075045914169794e-02,
       -6.5595974436686050e-02, 3.0130786107403362e+00,
       -9.5123950197867763e-02, 5.6631717497733436e-02,
       -3.0845208940972562e+00, 4.2333061756959021e-02,
       -9.1174776231548849e-02, 3.1010754915905832e+00,
       3.5286599313150625e-02, 7.9257894085825856e-02,
       3.0537136106216787e+00, -1.4326446963881234e-01,
       3.3281348975221309e-01, -3.0365177720354954e+00,
       -5.6810625923781929e-02, 7.7069286255435687e-01,
       -2.9577015370831594e+00, -2.3579352451899530e-02,
       8.7174988708439283e-01, -2.9212425999896685e+00,
       1.2368392160398765e-01, 9.3159885573504408e-01,
       2.8307691255309244e+00, -1.1119713058077159e-01,
       -8.4250823402582453e-01, -3.0656805624203445e+00,
       4.8892670282596980e-02, -6.8370067599589746e-02,
       3.0507508954659919e+00, -1.4212182045731872e-01,
       -4.5006611965614202e-02, -2.9543024718779187e+00,
       -1.5453565165569549e-03, 8.8300502740925579e-01,
       2.9291365167264467e+00, -4.5831355133100604e-02,
       -9.7225999807417063e-01, -2.6450913937983684e+00,
       -8.4999671521052811e-02, 8.8568666423123998e-01,
