%YAML:1.0
---
summary: "Filter by time, rd=10, rs=0."
init_cam_calib: C99-1010_3p_3
camera_matrix: !!opencv-matrix
   rows: 3
   cols: 3
   dt: d
   data: [ 2.5665066523150854e+03, 0., 1.8781998226146957e+03, 0.,
       2.5667143861794189e+03, 1.0883063552896836e+03, 0., 0., 1. ]
dist_coeff: !!opencv-matrix
   rows: 5
   cols: 1
   dt: d
   data: [ 2.4166237075964429e-02, -5.6909022546022515e-02,
       5.5798242000162936e-06, -1.6021475102041413e-03,
       4.5601830651868840e-02 ]
rvec: !!opencv-matrix
   rows: 205
   cols: 3
   dt: d
   data: [ -3.1086738857666991e+00, -1.3748447719132483e-02,
       -3.5101087604223313e-02, -3.0807331430996214e+00,
       -7.8217853961760272e-03, 1.5967498651274298e-02,
       -3.0841361257607600e+00, -7.2758451454557147e-03,
       -7.0218196204859931e-02, -3.1007320374139202e+00,
       -4.9147903556222984e-02, -1.1585789471365615e-01,
       3.0519312931193516e+00, -4.2342802866365548e-03,
       8.4408406579111264e-02, -3.1156310618058054e+00,
       -6.0474167637863729e-02, -3.9439298884391523e-02,
       -3.0210719724202950e+00, -1.3008969405877613e-02,
       -2.5258110030291908e-02, -3.1337658109913886e+00,
       -2.9751696050635119e-02, -2.0233568835276921e-02,
       3.1324226421601535e+00, -8.6194979443823719e-02,
       1.0113340856277674e-01, 3.0455271856973738e+00,
       3.2894588139917968e-02, -6.9564676542617124e-02,
       -3.0750026360916296e+00, -4.5357294227992659e-02,
       6.0250466918048640e-01, -2.9230518681792694e+00,
       -8.5820313221304359e-02, 9.7830845295312374e-01,
       -2.9761222943892522e+00, -7.9862060802883425e-02,
       8.6719984495713487e-01, -2.9690292056019376e+00,
       -5.8237804719819521e-02, 7.3421980895956318e-01,
       -2.9793252970487880e+00, -2.3268367968223388e-02,
       7.5100931805505000e-01, -2.9640206490098064e+00,
       -1.3907983132212789e-01, 7.5388613119778558e-01,
       2.8904822047560619e+00, 2.3939746905395312e-02,
       -8.0391671110000396e-01, 2.9725030099862808e+00,
       4.3794455043242777e-03, -7.9504446472962997e-01,
       2.9583461559862210e+00, 2.1695951061251991e-02,
       -8.8307889237246706e-01, 2.9749576160625759e+00,
       5.2470238030156831e-02, -7.8720029081255460e-01,
       2.9798003617022832e+00, 4.4335170165933316e-02,
       -8.6475166073613929e-01, -2.8263876914007176e+00,
       6.6656983961649085e-03, 1.3394261503984204e+00,
       2.6928870740142141e+00, 2.8844124176591466e-02,
       -1.5341540172692434e+00, 2.6315995980202791e+00,
       -2.9064040428543884e-02, -1.6715497935152033e+00,
       -2.5678575426754837e+00, -1.1854240859005287e-01,
       1.5871535559032921e+00, 2.5746340239485623e+00,
       -3.5238325801745865e-02, -1.5521370497762026e+00,
       -2.6372425304167799e+00, 2.2468221019902691e-02,
       1.6282865355036278e+00, 2.7129296467933535e+00,
       -1.6136716083186117e-02, -1.4552955174988853e+00,
       2.9833208345354962e+00, -8.7698620171031305e-02,
       -7.9993019569037760e-01, 2.9959953425812254e+00,
       -6.7290912696508541e-03, -1.3726686282978057e-01,
       2.9984729956242746e+00, 5.7591982936472538e-02,
       -7.1536468539684916e-01, -3.1033768854653703e+00,
       6.2932882273519800e-02, 2.5256132595519537e-02,
       -3.0235747646741467e+00, 5.0330326916704665e-02,
       -4.0519620295697567e-01, -3.0648872975006882e+00,
       5.2461819420115900e-02, -2.0134578129830105e-01,
       -3.0590537903229644e+00, 7.1846360830315646e-03,
       -1.5798190614318494e-01, -3.0115959586338987e+00,
       2.9735546862905377e-02, -1.5897424767943452e-01,
       -3.0439141853208787e+00, 5.4207708978020359e-02,
       -1.9752935270186311e-01, 3.0576864409611537e+00,
       1.5981559517426053e-02, -4.5949196180924279e-01,
       -2.9083822280886209e+00, 4.4054267019737615e-02,
       -1.0483400430754308e+00, -2.8489330828238755e+00,
       9.7505121482839477e-02, -1.1349383359470882e+00,
       -2.7966604455609168e+00, 1.1997291969647071e-01,
       -1.0861259323121071e+00, -2.8976321560513130e+00,
       6.3050481147068529e-02, -1.1070344269968178e+00,
       -2.8518720777627999e+00, 1.0509398270564402e-01,
       -1.0486763271359714e+00, -2.7683853495894613e+00,
       1.3703624380493690e-01, -9.6834436100380084e-01,
       -2.8468309971363404e+00, 7.8529411914689581e-02,
       -1.1838135065628286e+00, -2.7430385886744530e+00,
       8.4313751076214322e-03, -1.5003890001936973e+00,
       2.7234051523862766e+00, 3.1976602869218634e-02,
       1.5315101688693207e+00, -3.0537319774546954e+00,
       2.6357423409695876e-02, -1.5861449568400257e-02,
       -3.0263169105397885e+00, -1.6408718422855470e-03,
       2.5449896081031678e-02, -3.0419754576175433e+00,
       3.8789572148847304e-02, 5.2480182038035131e-02,
       -3.0923867482568546e+00, 2.6839775529746542e-02,
       -2.6674573775131945e-02, -3.0654005939646307e+00,
       3.8787915407152707e-02, -1.0983852622417239e-01,
       -3.0827385646732663e+00, 2.3769008737561010e-02,
       -1.8579160910513478e-02, -3.0943625117365596e+00,
       8.1816209131212000e-02, -8.6894657034718881e-02,
       -3.0841078282559056e+00, 7.5582409101431866e-02,
       -1.5032942003724623e-01, 3.1037453004863855e+00,
       -1.0311893229786023e-02, 2.3781936207083791e-02,
       2.9457005551454163e+00, -3.0604922955998447e-02,
       -2.1199524299408742e-02, 2.9769939630621702e+00,
       -3.6471400673211411e-02, -2.2707918254989929e-02,
       3.0520453386065243e+00, -3.3020485028865752e-02,
       2.7264580060438427e-03, -3.0597416815316176e+00,
       -2.5323471868298759e-02, -1.5999521953738965e-02,
       -3.0174139232450981e+00, -3.6472520126895010e-02,
       -3.0387348995586018e-02, -3.0521432357191554e+00,
       -6.6149638804610375e-02, -2.3758833706024277e-02,
       3.0868512178675243e+00, -3.4649276408252959e-02,
       -7.1733887960550080e-02, -3.0826342027032023e+00,
       2.0828208515428420e-02, 2.4975525788809558e-02,
       3.0876651605659973e+00, -1.0620468552417696e-01,
       -2.2278850451549576e-01, 3.0507603902958489e+00,
       6.1031273355692091e-02, -4.6056113890643996e-01,
       -2.9174060589395099e+00, -5.6808105307364735e-02,
       9.4889817398332699e-01, -2.9528061859590600e+00,
       -2.7878462041578827e-02, 9.2246585426877015e-01,
       -2.9196860843857331e+00, -7.4493058608217519e-02,
       9.1720375966581791e-01, -3.0167301662972621e+00,
       -4.8243332299251485e-02, 7.8829760421659523e-01,
       2.9918692831653870e+00, -1.2550343328290614e-02,
       -8.6934345465979579e-01, 2.9885673778162984e+00,
       -8.1872728530107894e-03, -8.8335671789551573e-01,
       -2.9954092527689355e+00, -1.0925401800071222e-01,
       8.8951304709814294e-01, -2.9740901296902988e+00,
       -7.7958548441382836e-02, 8.8490489903873604e-01,
       -2.9847448044853540e+00, -1.4175551155739180e-02,
       8.6154998521992776e-01, 2.9270369752521379e+00,
       1.3207802603396710e-02, -1.1236515112583740e+00,
       2.7101772381144498e+00, 4.8102764154794704e-02,
       -1.5465066201076170e+00, -2.6413061186369236e+00,
       -9.4522086075252656e-02, 1.6255881764340541e+00,
       -2.6091515256715883e+00, -8.1346345729700245e-02,
       1.5311825563566419e+00, 2.5191202076669095e+00,
       -1.8988774220768712e-01, -1.6885024657855916e+00,
       2.6724287914130804e+00, 2.3506296333427511e-02,
       -1.5928640514271637e+00, 2.8126375381848612e+00,
       -7.3991266818951448e-02, -1.2535424104060728e+00,
       2.8601412860568298e+00, -1.2237309618028238e-02,
       -1.0612840377202002e+00, -3.0245988321647332e+00,
       4.4664467961748548e-02, 5.5199665459549851e-01,
       3.0773164269015099e+00, 7.4217086786473346e-02,
       -5.6095827595796743e-01, 3.0469815605185873e+00,
       -4.3521950287255091e-02, -1.1164690164189578e-01,
       3.0039804699578934e+00, -5.9929869204042634e-02,
       8.1327732333727298e-01, -2.9169232729109260e+00,
       6.5954901973217669e-02, -1.0837382415156500e+00,
