%YAML:1.0
---
summary: "Filter by time, rd=20, rs=0."
init_cam_calib: C99-1010_3p_3
camera_matrix: !!opencv-matrix
   rows: 3
   cols: 3
   dt: d
   data: [ 2.5617710805362326e+03, 0., 1.8747592121413736e+03, 0.,
       2.5644324890228804e+03, 1.0914409868857845e+03, 0., 0., 1. ]
dist_coeff: !!opencv-matrix
   rows: 5
   cols: 1
   dt: d
   data: [ 2.9264729923837277e-02, -7.4286555855459263e-02,
       3.9990201584388311e-04, -1.7126351717066475e-03,
       6.5390227783975255e-02 ]
rvec: !!opencv-matrix
   rows: 104
   cols: 3
   dt: d
   data: [ -3.1081046813498583e+00, -1.3764581123411257e-02,
       -3.3474023560071342e-02, -3.0833890779091861e+00,
       -7.2060490952956897e-03, -6.8394448273421060e-02,
       3.0526193297729316e+00, -4.1697228343458344e-03,
       8.2709704438181500e-02, -3.0201669387482672e+00,
       -1.2912036235930008e-02, -2.3521868004301522e-02,
       3.1329550580698693e+00, -8.6219395277011432e-02,
       1.0001123991071792e-01, -3.0747893034831053e+00,
       -4.5941364365538966e-02, 6.0217949563139983e-01,
       -2.9758902080578391e+00, -8.0572252069939704e-02,
       8.6687623415867543e-01, -2.9789909658375171e+00,
       -2.3921050079856426e-02, 7.5085908531981815e-01,
       2.8906683418955086e+00, 2.4661437035748388e-02,
       -8.0404496003787851e-01, 2.9585964683859993e+00,
       2.2427895494433095e-02, -8.8280820887529687e-01,
       2.9803649180445100e+00, 4.5221221037044200e-02,
       -8.6517212410345679e-01, 2.6932533132387722e+00,
       2.9735477244324203e-02, -1.5355515365568713e+00,
       -2.5660303371357589e+00, -1.1928575731916397e-01,
       1.5876241287617592e+00, -2.6353722219755484e+00,
       2.1598131820202780e-02, 1.6288177504844383e+00,
       2.9840123869069948e+00, -8.6845143288164645e-02,
       -8.0049682205882322e-01, 2.9985485292873273e+00,
       5.8264942348056181e-02, -7.1509574111550056e-01,
       -3.0234080946963466e+00, 5.0595889183308512e-02,
       -4.0332942313962655e-01, -3.0585056937655524e+00,
       7.2846429239844506e-03, -1.5624035811948594e-01,
       -3.0434994010395471e+00, 5.4313246795567996e-02,
       -1.9598060236057060e-01, -2.9089157501854688e+00,
       4.4906789851521717e-02, -1.0454958716182439e+00,
       -2.7971446991127760e+00, 1.2085816183281800e-01,
       -1.0834123659621362e+00, -2.8523257112282021e+00,
       1.0596136941358661e-01, -1.0458885599042325e+00,
       -2.8474844740799874e+00, 7.9481782263123940e-02,
       -1.1809271609233960e+00, 2.7258486068790968e+00,
       3.1143718397375744e-02, 1.5294295636182405e+00,
       -3.0532908211063154e+00, 2.6310615134244625e-02,
       -1.4617197558505443e-02, -3.0415836351610248e+00,
       3.8685303237284370e-02, 5.3519691926528140e-02,
       -3.0649641496537416e+00, 3.8785947238188997e-02,
       -1.0822086155910450e-01, -3.0939464625479074e+00,
       8.1774940424115608e-02, -8.5275344989343110e-02,
       3.1044166464056877e+00, -1.0319915399160292e-02,
       2.2429761372499152e-02, 2.9776659279206079e+00,
       -3.6341606485639957e-02, -2.4085671899733350e-02,
       -3.0591182271004134e+00, -2.5299355272373023e-02,
       -1.4595679685235372e-02, -3.0512351186064133e+00,
       -6.5975959555742730e-02, -2.2316315000341664e-02,
       -3.0820762843474889e+00, 2.0785833143420793e-02,
       2.6258762463181450e-02, 3.0510312864856388e+00,
       6.1514989449595443e-02, -4.6045856776826621e-01,
       -2.9525339518837668e+00, -2.8617753806049719e-02,
       9.2220070603243198e-01, -3.0164491103363726e+00,
       -4.8951939182357317e-02, 7.8793746817979160e-01,
       2.9889065994777968e+00, -7.4290120926132179e-03,
       -8.8335488943169915e-01, -2.9738492878611726e+00,
       -7.8673495797785098e-02, 8.8454677253372949e-01,
       2.9274613359806447e+00, 1.4147226487498608e-02,
       -1.1242100773267469e+00, -2.6396101875751565e+00,
       -9.5380057778151367e-02, 1.6261290710663927e+00,
       2.5188008125740189e+00, -1.8901704043668044e-01,
       -1.6902607706759589e+00, 2.8131913245734448e+00,
       -7.3165437447998291e-02, -1.2543400676620249e+00,
       -3.0245979964593475e+00, 4.4176693345085415e-02,
       5.5161414019518773e-01, 3.0473374663897448e+00,
       -4.3381331333256161e-02, -1.1218973336198287e-01,
       -2.9174733182058974e+00, 6.6855204429114162e-02,
       -1.0808183880325302e+00, 2.8009199449785807e+00,
       3.5472388520318442e-02, 1.0010649505811549e+00,
       2.8379497554376112e+00, 2.4208503878946137e-02,
       1.0452721534534419e+00, 2.8181236292421219e+00,
       1.1756408305007153e-01, 9.7241865139641803e-01,
       -2.7245811940313134e+00, -1.7458536439350362e-02,
       -1.5146478681217499e+00, 2.6469598196424324e+00,
       8.7220964698357675e-02, 1.3422633319119286e+00,
       2.7627479774729515e+00, -2.2464928097640342e-02,
       1.3572071152121346e+00, -3.0359707103193534e+00,
       -9.1444922529804549e-03, -1.3429488750277895e-02,
       -3.0677340039957586e+00, 1.1628242234032860e-01,
       -1.8966406525609619e-01, -3.0177553294434323e+00,
       2.6225476207486696e-02, 6.1705574976829547e-01,
       -3.0022571519745394e+00, 2.0655672249719027e-02,
       8.2609916775596415e-01, -2.9338067276833519e+00,
       -1.8307879384745879e-03, 7.4401380720630228e-01,
       -2.9724231947077691e+00, 3.4847622345816461e-02,
       6.6020956715431867e-01, -2.7758561735126732e+00,
       -1.8174231490072304e-01, 1.2888141179802046e+00,
       -2.6263382060473108e+00, -2.7506712749111661e-02,
       1.5823162667240267e+00, -2.6844314035712027e+00,
       1.6150275202037132e-02, 1.5331400211762074e+00,
       -2.7282277686255521e+00, -5.5844056356792168e-02,
       1.0851142036779815e+00, -3.0231813360890705e+00,
       -7.5460814977209995e-03, 1.5380743243799905e-01,
       -2.7896187734144955e+00, 8.9076063330925298e-02,
       -1.1654076409534195e+00, -2.9283302950186925e+00,
       4.9257842298311025e-02, -1.0760532056861321e+00,
       2.7665380818449474e+00, 2.2527907655278075e-02,
       1.1107321549764049e+00, -2.7193694924552192e+00,
       7.2496594217470692e-02, -1.1782839709600670e+00,
       2.8184759335541250e+00, -4.3652641412654333e-02,
       1.3381911166223077e+00, -2.5072480771978811e+00,
       2.1201856916255615e-01, -1.7134161675695825e+00,
       2.4380602084957816e+00, 1.8809398279935316e-01,
       1.4972273011843327e+00, 2.8009256019370894e+00,
       -5.0586489954028910e-02, 1.3732427099441054e+00,
       -3.1039917183933063e+00, 3.1970055655074645e-02,
       -2.7084634118824696e-01, 3.1116360597694257e+00,
       -6.7243195085519916e-02, 1.0452238758055384e-01,
       3.0916948691764992e+00, 4.1858528921742653e-03,
       5.4590168062446709e-02, -2.8816813989160641e+00,
       1.8464920295166273e-02, -3.7612609064620987e-02,
       -3.1334221098331727e+00, -1.4600443053370901e-02,
       -1.4299949914996862e-01, 3.0231281740630624e+00,
       -9.0346759625954176e-02, 5.9764977487490344e-02,
       -3.0944600725084146e+00, 5.6512251811513696e-02,
       -9.5622421444651898e-02, 3.0732670173877539e+00,
       1.1086940483436889e-02, 6.3122151693098760e-02,
       3.0922631336048227e+00, -1.3105956952906009e-01,
       2.2990265073215790e-01, -3.0212868908907180e+00,
       -3.1849041172242340e-02, 8.0647529409398433e-01,
       -2.9230921724581131e+00, -2.9033777582236506e-02,
       9.6614746314321887e-01, -2.9113598320457408e+00,
       1.3953380267892482e-01, 9.6029217617916995e-01,
       2.8220425837070624e+00, -9.9585967312388071e-02,
       -8.4417965124232686e-01, -3.0606469174072046e+00,
       3.8093978025701518e-02, -6.4988712514222266e-02,
       3.0622078471164671e+00, -1.1814916672072594e-01,
       -8.2946923277042450e-03, -2.9413710225542893e+00,
       -1.5251181785661080e-02, 8.4211309352987573e-01,
       2.9865652705353707e+00, -5.6430310895434606e-02,
       -1.0036026493630399e+00, -2.6931211902922074e+00,
       -3.2737956831840796e-02, 8.9473923938920774e-01,
