%YAML:1.0
---
summary: "Filter by points, sp=5, sf=3. Filter by time, rd=20, rs=10."
init_cam_calib: C99-1010_3p_3
camera_matrix: !!opencv-matrix
   rows: 3
   cols: 3
   dt: d
   data: [ 2.5754232337118292e+03, 0., 1.8847000544390803e+03, 0.,
       2.5712706000861790e+03, 1.0832913695242016e+03, 0., 0., 1. ]
dist_coeff: !!opencv-matrix
   rows: 5
   cols: 1
   dt: d
   data: [ 2.0419261235056534e-02, -4.2336746599365330e-02,
       -3.9885552701309467e-04, -6.2811796885232441e-04,
       2.9976029774855813e-02 ]
rvec: !!opencv-matrix
   rows: 104
   cols: 3
   dt: d
   data: [ -3.1009067596563362e+00, -8.7392558266030096e-03,
       -5.6764392479103270e-03, -3.0682830326850685e+00,
       -2.8593812261757143e-02, -6.1641419679252206e-02,
       3.0323903429344341e+00, -8.6275810501403420e-03,
       9.6923457666550750e-02, -3.0845777263389711e+00,
       -5.1569062483516033e-03, 6.5086404134769155e-02,
       -3.0581501537852720e+00, 1.1667539763053103e-01,
       -3.7939619915055192e-02, -3.0260451164275284e+00,
       -9.3462408948524339e-02, 7.5543883965310699e-01,
       -2.9437592409434830e+00, -9.0596014321131943e-02,
       8.6157060294030630e-01, -2.9768274441916058e+00,
       -3.0549812033934056e-02, 8.4872081102700825e-01,
       2.9337077063087964e+00, 1.4291980353414694e-02,
       -7.7114147260247490e-01, 2.9755904344702060e+00,
       -2.1248690304068323e-02, -7.9507730756316164e-01,
       2.9763778461953465e+00, 6.4510352446541554e-03,
       -9.6345525429555312e-01, 2.6984985329834537e+00,
       -1.1598111136027560e-02, -1.5506927250789044e+00,
       -2.6124633906537347e+00, -1.0014805533388939e-01,
       1.6079924234326617e+00, -2.6658421342490368e+00,
       1.9854533405226027e-02, 1.5350684043914595e+00,
       3.0140362746266152e+00, -7.5043973414330931e-02,
       -6.4728269574927400e-01, 2.9829194572292930e+00,
       -3.6601458826058246e-02, -8.5419401857602462e-01,
       -3.0189148839863624e+00, 3.3222204467486909e-02,
       -4.8316354981289106e-01, -3.0559902918423032e+00,
       1.2194201619291998e-02, -1.8025463191998409e-01,
       -3.0775621651493834e+00, 3.8484215413913399e-02,
       -3.6408269262062642e-01, -2.8625090042840045e+00,
       4.0080847291359412e-02, -1.1068409551248151e+00,
       -2.8126273233365193e+00, 1.3707958002512716e-01,
       -1.1072631437601423e+00, -2.8492797910590433e+00,
       9.8971755802130731e-02, -1.0316693173273077e+00,
       -2.8164587540012698e+00, 5.8563572862992540e-02,
       -1.2578811925986426e+00, 2.7071801209306043e+00,
       1.9856326842410118e-02, 1.5064864686073156e+00,
       -3.0514425001229495e+00, 2.7637836393079655e-02,
       5.2179612989434770e-02, -3.0409324570174823e+00,
       4.5835958145148001e-02, 2.6508772788635837e-02,
       -3.0599559414033406e+00, 4.1062197636670475e-02,
       -1.2730847116392199e-01, -3.0821110024648704e+00,
       7.9981169118664361e-02, -1.3751529358365921e-01,
       3.0105777626614043e+00, -6.6639290305860370e-03,
       3.8578778136978735e-02, 2.9900152738972938e+00,
       -2.5498725220666901e-02, 3.2121644770124764e-03,
       -3.0390909328728561e+00, -7.1032630441887745e-03,
       -3.6982012497625401e-02, -3.0693431129938165e+00,
       -7.5170112385703106e-02, 5.1014384812724640e-04,
       -3.0647319369419868e+00, -1.7431922844900749e-02,
       9.8541663303753427e-02, 3.0680892512557931e+00,
       5.1544365476890230e-02, -4.9479236395544751e-01,
       -2.9372170685931795e+00, -6.3845340979561863e-02,
       9.9595810117553030e-01, 2.8823770395987061e+00,
       -3.6086453271109209e-02, -8.1054977600372224e-01,
       3.0069564932901729e+00, 2.5570799365347324e-02,
       -8.7096708011954338e-01, 2.9359641078701260e+00,
       5.7870598939028052e-02, -8.9559462162441306e-01,
       -2.8323903839688707e+00, -6.4154596292148272e-02,
       1.2509137434539470e+00, -2.6587740358528102e+00,
       -6.4887499692938749e-02, 1.6071761194411749e+00,
       2.5626937360041122e+00, -1.1822229650577208e-01,
       -1.6833179107687299e+00, 2.7764780409270902e+00,
       -4.1187486445916681e-02, -1.2961860481225180e+00,
       -3.0601315064153214e+00, -2.5957316781623527e-02,
       5.3666606578929110e-01, 3.0247988778823314e+00,
       4.8727270949309662e-02, -7.0697381718686711e-02,
       -2.9324154506692466e+00, 4.2310022222362659e-02,
       -1.0540991991726127e+00, 2.7433654648678338e+00,
       7.4575217235301985e-02, 1.0131444954090110e+00,
       2.8646678321210701e+00, -1.1848881324929591e-02,
       1.0528100183959110e+00, 2.8177182936480367e+00,
       1.4285963277877295e-01, 9.9292194017820878e-01,
       -2.7300950292850765e+00, 1.7458669978077140e-02,
       -1.5430275046956381e+00, 2.6189906778208698e+00,
       1.6369951235241159e-01, 1.3304358966180643e+00,
       2.7992737795801710e+00, 8.9093872482991984e-02,
       1.3592087461920237e+00, -3.0352283083868330e+00,
       -4.7606314212712735e-03, -1.8437610661913073e-02,
       -3.0901385038852340e+00, 1.1379597834028682e-01,
       -2.6370823310752306e-01, -3.0056530668793129e+00,
       -1.7700082059398024e-02, 7.1114108903207707e-01,
       3.0159459217252227e+00, 2.8168996134165750e-02,
       -8.2287466449487889e-01, -2.9023381149701635e+00,
       1.9916503655546907e-02, 6.8388047386969597e-01,
       -2.9698614934885335e+00, 3.8839379244451668e-02,
       7.4837527040374263e-01, -2.7427046017184789e+00,
       -6.6263519878195176e-02, 1.4386927046454359e+00,
       -2.6052762775760994e+00, -3.1250479329838300e-02,
       1.6060019727926622e+00, -2.6697090218380408e+00,
       -1.6576177007460342e-02, 1.5398929645950690e+00,
       -2.7828368568864188e+00, -8.3844249884720071e-02,
       1.0174238121134975e+00, -3.0745537847145585e+00,
       -3.3172607402248123e-02, 2.1655821876841980e-01,
       -2.7382449024008610e+00, 1.2231166997604379e-01,
       -1.2773546613790054e+00, 2.8652874590419533e+00,
       -8.3822644044621544e-02, 1.1368461872541662e+00,
       2.7485200179459932e+00, 3.2778318127178560e-02,
       1.1078289608254968e+00, -2.7233893544501040e+00,
       7.6763149916507678e-02, -1.1462490905706499e+00,
       2.7916484998471889e+00, 3.2646535957403674e-04,
       1.3943252073416204e+00, -2.5551533280541143e+00,
       1.5809930831281221e-01, -1.6765932744887360e+00,
       2.4252342091726282e+00, 1.9193295828481080e-01,
       1.5038693687156035e+00, -2.8842234583460331e+00,
       1.3432178669473305e-01, -1.2096281243844342e+00,
       -3.0886883443070579e+00, 5.7879403325181312e-03,
       -1.3165424290768835e-01, 3.1167299140299600e+00,
       -6.6485107887708228e-02, 1.7261775182196268e-01,
       3.1075552263793291e+00, -6.9929986194267310e-02,
       8.6810628037902668e-03, -2.9606290416823797e+00,
       1.7867247097801523e-02, 1.9625172230856337e-02,
       -3.1347556040705689e+00, 2.9002748191294097e-02,
       -1.5307739464194900e-01, 3.0322813178979056e+00,
       -7.3709499323957525e-02, 7.3963452125546919e-02,
       -3.0600491623617110e+00, 3.8464143016083308e-02,
       -1.0411139863399158e-01, 3.1192582642629332e+00,
       3.3996323091312182e-02, 5.6298869007168427e-02,
       3.0374817613274203e+00, -1.7726642475213561e-01,
       4.0384279344065738e-01, 3.0419947391666753e+00,
       4.4580418977852143e-02, -7.6316936963992432e-01,
       -2.9802833451483055e+00, -1.3127003827059799e-02,
       8.0126837172586840e-01, -2.9619836171075624e+00,
       7.8199419191256295e-02, 8.9835426781475192e-01,
       2.8244636729456629e+00, -1.1718056931084220e-01,
       -8.4100709629451598e-01, -3.0642522996931723e+00,
       4.7283624056049051e-02, -6.9484293022466587e-02,
       3.0384209895326029e+00, -1.0126374463133878e-01,
       -9.1999787987720447e-02, -2.9864373150268682e+00,
       -1.6167136377374235e-02, 9.2647893794090719e-01,
       2.8945529526201366e+00, -4.4631884170408559e-02,
       -9.3031394250002719e-01, -2.5933995904174481e+00,
       -1.1506952400475211e-01, 8.8775069950477492e-01,
