%YAML:1.0
---
summary: "Filter by points, sp=5, sf=1. Filter by time, rd=20, rs=10."
init_cam_calib: C99-1010_3p_3
camera_matrix: !!opencv-matrix
   rows: 3
   cols: 3
   dt: d
   data: [ 2.5701185993068461e+03, 0., 1.8796170534136857e+03, 0.,
       2.5671302553144783e+03, 1.0858853883723232e+03, 0., 0., 1. ]
dist_coeff: !!opencv-matrix
   rows: 5
   cols: 1
   dt: d
   data: [ 1.3431348772245666e-02, -1.7157389817333713e-02,
       -1.4477056006547196e-04, -1.0089636761965461e-03,
       -7.9669187587295986e-04 ]
rvec: !!opencv-matrix
   rows: 104
   cols: 3
   dt: d
   data: [ -3.1004150079371184e+00, -8.6041159267214624e-03,
       -2.9107418958446460e-03, -3.0669023436246108e+00,
       -2.8460415556871493e-02, -5.8342361971123594e-02,
       3.0335848778205303e+00, -8.4981758939485976e-03,
       9.3252646611876100e-02, -3.0839545356052613e+00,
       -5.6359680110874590e-03, 6.6116540959663336e-02,
       -3.0564561590080870e+00, 1.1731119350543895e-01,
       -3.6505285235709464e-02, -3.0251457893625067e+00,
       -9.6292429965444057e-02, 7.5737746777417880e-01,
       -2.9435145578179278e+00, -9.1801468225707741e-02,
       8.6244171417982274e-01, -2.9743443422710119e+00,
       -3.0678229720257983e-02, 8.5278715143278105e-01,
       2.9321272601190138e+00, 1.5029473002752440e-02,
       -7.7379236698382703e-01, 2.9755816026071056e+00,
       -2.1059913387427669e-02, -7.9930948276133207e-01,
       2.9748357040056073e+00, 8.2623928226995356e-03,
       -9.6397169004949357e-01, 2.6988213045549054e+00,
       -1.1419745852704439e-02, -1.5527351524313295e+00,
       -2.6098674882930819e+00, -1.0044994544922707e-01,
       1.6099567125095966e+00, -2.6628648903187049e+00,
       1.8620451845102321e-02, 1.5374788192432380e+00,
       3.0139241877774681e+00, -7.3883586445957647e-02,
       -6.4826841938850410e-01, 2.9674025425376240e+00,
       -2.9831571457943531e-02, -8.5280067055722064e-01,
       -3.0158230271279249e+00, 3.2515100620280436e-02,
       -4.8080318842046749e-01, -3.0555188508587849e+00,
       1.2366259482741167e-02, -1.7741209364661337e-01,
       -3.0771587747954028e+00, 3.8367492222650894e-02,
       -3.6112363514733758e-01, -2.8648882703311687e+00,
       4.1337273157005215e-02, -1.1030996918162248e+00,
       -2.8134085005397940e+00, 1.3774004087973202e-01,
       -1.1032268405859600e+00, -2.8495003782575257e+00,
       9.9799189677732686e-02, -1.0276700611193057e+00,
       -2.8157002616822107e+00, 5.7875518576763901e-02,
       -1.2516069006716382e+00, -2.7840701319974461e+00,
       -1.9852019384966092e-02, -1.5454960403389704e+00,
       -3.0506592255866454e+00, 2.7264543693222048e-02,
       5.4516147482583370e-02, -3.0434921299202462e+00,
       4.6000054351410233e-02, 2.8664283034080036e-02,
       -3.0598957730936829e+00, 4.1990096512244071e-02,
       -1.2437372919832003e-01, -3.0808217542181615e+00,
       8.0147868352070842e-02, -1.3389148924247121e-01,
       3.0117722105592755e+00, -8.0741344481641743e-03,
       3.3981952558822616e-02, 2.9903056010424698e+00,
       -2.5381851373314172e-02, 2.2455518476794336e-04,
       -3.0397988815861754e+00, -7.4061653255384201e-03,
       -3.5449215690166978e-02, -3.0685453985272049e+00,
       -7.5617314177727171e-02, 4.7528220057368653e-03,
       -3.0682743753685839e+00, -1.7241438217837402e-02,
       9.7500464546407636e-02, 3.0674288091260564e+00,
       5.1960258376637758e-02, -4.9511844665626653e-01,
       -2.9366325063824315e+00, -6.4475522423633122e-02,
       9.9708108957267005e-01, 2.8836212852109955e+00,
       -3.6273736845184971e-02, -8.1357835347928043e-01,
       3.0074183273253223e+00, 2.6307354152734653e-02,
       -8.7262596430431294e-01, 2.9347919503244846e+00,
       5.7744682235910366e-02, -9.0495671918655862e-01,
       -2.8309561439553068e+00, -6.4131548400389107e-02,
       1.2519309855838956e+00, -2.6441563334303466e+00,
       -5.9129557983865287e-02, 1.6071876560891922e+00,
       2.5608542998051784e+00, -1.1682370448905029e-01,
       -1.6900690544012806e+00, 2.7762468665421776e+00,
       -3.9681516880243892e-02, -1.2960780563240253e+00,
       -3.0579776530502847e+00, -2.6678111649636724e-02,
       5.3611570390906726e-01, 3.0139138310323528e+00,
       4.9237341745724549e-02, -7.5044133706053617e-02,
       -2.9346488786015468e+00, 4.3798765847493364e-02,
       -1.0496489120913546e+00, 2.7457315636574271e+00,
       7.4604886940796325e-02, 1.0098588152238359e+00,
       2.8667287920772333e+00, -1.2581106888036316e-02,
       1.0496414924476887e+00, 2.8215658393910901e+00,
       1.4353320612196357e-01, 9.9050078487204363e-01,
       -2.7321908783987272e+00, 1.8826114044847249e-02,
       -1.5392390259036421e+00, 2.6216142799634921e+00,
       1.6432240688032043e-01, 1.3274432341849232e+00,
       2.8021327111310383e+00, 8.8397608589081758e-02,
       1.3568929972575290e+00, -3.0343455429024364e+00,
       -4.6926242776396780e-03, -1.4827646567875491e-02,
       -3.0896007933099576e+00, 1.1351248252769335e-01,
       -2.6247439036368309e-01, -3.0026635875750705e+00,
       -1.8138583504340739e-02, 7.1403140846393942e-01,
       3.0147934197980084e+00, 2.9373660165182860e-02,
       -8.2287054292075579e-01, -2.9021702630052086e+00,
       2.0038914215077166e-02, 6.8386610562176264e-01,
       -2.9704137301620492e+00, 3.8218565664863598e-02,
       7.4768359992189115e-01, -2.7409634257498321e+00,
       -6.6650299294571294e-02, 1.4396419398465710e+00,
       -2.6032978705733001e+00, -3.2080521799657730e-02,
       1.6090266247488052e+00, -2.6659234409189514e+00,
       -1.4678804200151290e-02, 1.5430088771139905e+00,
       -2.7843240658997845e+00, -8.7645233557667318e-02,
       1.0181603179401340e+00, -3.0669721590697336e+00,
       -3.4484736255246291e-02, 2.1934346125926776e-01,
       -2.7388608307322113e+00, 1.2372596914556486e-01,
       -1.2759567258257358e+00, 2.8661641384174041e+00,
       -8.4500000936163472e-02, 1.1358934666194143e+00,
       2.7501286594718350e+00, 3.2232890893781868e-02,
       1.1048274625180592e+00, -2.7246479638466701e+00,
       7.8217154429223237e-02, -1.1430380584011253e+00,
       2.7943788323164700e+00, 2.4890528480417126e-05,
       1.3923785242905988e+00, -2.5566394260340188e+00,
       1.5939544321914265e-01, -1.6740330212808332e+00,
       2.4312727684717368e+00, 1.9437445275877471e-01,
       1.5010444611900109e+00, 2.9045124042671855e+00,
       -1.3562415654142318e-01, 1.2079674639078328e+00,
       -3.0881317701270294e+00, 5.8010979379910909e-03,
       -1.3035613980212649e-01, 3.1176922895172710e+00,
       -6.6075918050903959e-02, 1.7043682119092390e-01,
       3.1062558460428549e+00, -6.9627371639897129e-02,
       5.5970220858599078e-03, -2.9539890091668060e+00,
       1.5499018898824164e-02, 2.3101663051339615e-02,
       -3.1379932590853241e+00, 2.8911277689211135e-02,
       -1.5368118693742880e-01, 3.0349947067169287e+00,
       -7.2999895564749742e-02, 7.0266946747415321e-02,
       -3.0579364465779957e+00, 3.6804912350711927e-02,
       -9.9015971395708308e-02, 3.1176924963183619e+00,
       3.3975239120455775e-02, 5.5418115923866751e-02,
       3.0297312088142481e+00, -1.7954509001029526e-01,
       4.0497924920450873e-01, 3.0432162251571229e+00,
       4.5027509832561007e-02, -7.6374615923052069e-01,
       -2.9792787469721174e+00, -1.3773183636758579e-02,
       8.0161323044979615e-01, -2.9631454602896485e+00,
       7.6772008108834611e-02, 8.9956986331761002e-01,
       2.8256708357702749e+00, -1.1679429246812767e-01,
       -8.4289491676671990e-01, -3.0639542471329757e+00,
       4.7322428827899936e-02, -6.7300563901994653e-02,
       3.0349830479408135e+00, -9.9598722624002239e-02,
       -9.7623177467058078e-02, -2.9855168175072864e+00,
       -1.6263701159018179e-02, 9.2794944381269429e-01,
       2.8938963725469331e+00, -4.3799241731535848e-02,
       -9.3328214551488753e-01, -2.5906461375896175e+00,
       -1.1507919189547106e-01, 8.8868611745380932e-01,
