%YAML:1.0
---
summary: "Filter by points, sp=5, sf=1. Filter by time, rd=20, rs=0."
init_cam_calib: C99-1010_3p_3
camera_matrix: !!opencv-matrix
   rows: 3
   cols: 3
   dt: d
   data: [ 2.5605938104195598e+03, 0., 1.8686400187172471e+03, 0.,
       2.5639212557952314e+03, 1.0894384638179106e+03, 0., 0., 1. ]
dist_coeff: !!opencv-matrix
   rows: 5
   cols: 1
   dt: d
   data: [ 2.2872169660339697e-02, -4.6594637999788975e-02,
       1.7110206739685442e-04, -2.3946593952487126e-03,
       3.2298362014624604e-02 ]
rvec: !!opencv-matrix
   rows: 104
   cols: 3
   dt: d
   data: [ -3.1094411373012711e+00, -1.3500560995694012e-02,
       -3.0323011920836113e-02, -3.0853550175438818e+00,
       -7.8154480184060258e-03, -6.6456995550699463e-02,
       3.0519199676699240e+00, -3.8976199018135589e-03,
       7.9645771806918744e-02, -3.0206479860307356e+00,
       -1.3003775806605711e-02, -2.0490422895952893e-02,
       3.1295911347762160e+00, -8.6397509914575843e-02,
       9.7292508879213938e-02, -3.0729969817234681e+00,
       -4.5762059500909565e-02, 6.0670967252439112e-01,
       -2.9771755173025523e+00, -8.0433044591166292e-02,
       8.6969475022788523e-01, -2.9798284442478500e+00,
       -2.3702345715633382e-02, 7.5247211902321909e-01,
       2.8874600468699945e+00, 2.4885297273751786e-02,
       -8.0782589361467461e-01, 2.9571546464341085e+00,
       2.2925763085834997e-02, -8.8657995466081096e-01,
       2.9799641955546035e+00, 4.4493265169972103e-02,
       -8.6671967262757366e-01, 2.6909977851020450e+00,
       2.9422106690146329e-02, -1.5375219686978772e+00,
       -2.5635744530066309e+00, -1.1921085111399818e-01,
       1.5918253184386189e+00, -2.6359993107341326e+00,
       2.2165181377894305e-02, 1.6311539712396672e+00,
       2.9822020833998719e+00, -8.7053202408997110e-02,
       -8.0130113816518755e-01, 2.9957086780568587e+00,
       5.6440830570531481e-02, -7.2299531420730834e-01,
       -3.0266346066914251e+00, 5.1271807935561041e-02,
       -3.9994566160268036e-01, -3.0607185417491523e+00,
       7.3798276965274870e-03, -1.5308185582064968e-01,
       -3.0434981098683505e+00, 5.4790774159227347e-02,
       -1.9285097414057267e-01, -2.9124148907255551e+00,
       4.4747574061204783e-02, -1.0420073363270894e+00,
       -2.8000999530785973e+00, 1.2091885034478682e-01,
       -1.0796379918393282e+00, -2.8549787398164383e+00,
       1.0581910416565347e-01, -1.0423634246329243e+00,
       -2.8493422735754721e+00, 7.8661595630136943e-02,
       -1.1781122103732320e+00, 2.7269601457117498e+00,
       3.1577274265488252e-02, 1.5246249205737616e+00,
       -3.0541292655531915e+00, 2.6738725346102766e-02,
       -1.1441958726588592e-02, -3.0421387113677714e+00,
       3.8843400103961645e-02, 5.5793427896117881e-02,
       -3.0671262361004867e+00, 3.9103223322498333e-02,
       -1.0661925509997174e-01, -3.0947436422930088e+00,
       8.1588343070124220e-02, -8.1695020076195363e-02,
       3.1040243684509501e+00, -9.9226405396310568e-03,
       1.8006875395903985e-02, 2.9767089989077014e+00,
       -3.5874658144775272e-02, -2.7266410743330739e-02,
       -3.0603288293335633e+00, -2.5509344828321266e-02,
       -1.1216177939571114e-02, -3.0514935374860594e+00,
       -6.6007094301834213e-02, -1.8811057528251570e-02,
       -3.0829512224285924e+00, 2.0849842036032830e-02,
       3.0243310502551673e-02, 3.0512291027031706e+00,
       6.1299941632672571e-02, -4.6303737116299382e-01,
       -2.9533124729827058e+00, -2.8405036542007139e-02,
       9.2402817034647799e-01, -3.0148415049740489e+00,
       -4.9124633413629423e-02, 7.9081436096719560e-01,
       2.9871023700304851e+00, -8.0155074873106535e-03,
       -8.8469620121822690e-01, -2.9726798193385808e+00,
       -7.8097545417453285e-02, 8.8785026876773210e-01,
       2.9254950513046132e+00, 1.3573225969438857e-02,
       -1.1272170070455010e+00, -2.6387388156308416e+00,
       -9.4832512542192882e-02, 1.6281205562659780e+00,
       2.5166697442859176e+00, -1.8892696901270212e-01,
       -1.6919982334448982e+00, 2.8115045946989761e+00,
       -7.3924167877149741e-02, -1.2562682117097994e+00,
       -3.0254365841403064e+00, 4.4226965573728814e-02,
       5.5336828315787479e-01, 3.0625514227899306e+00,
       -4.3445854385519227e-02, -1.1374221770819269e-01,
       -2.9192663313704394e+00, 6.6354115180258175e-02,
       -1.0773584976341546e+00, 2.8012559576364797e+00,
       3.6300169745094195e-02, 9.9709613315719015e-01,
       2.8381129447882221e+00, 2.5055308458745356e-02,
       1.0415721804755822e+00, 2.8183300005513110e+00,
       1.1805333518150662e-01, 9.6815466524895266e-01,
       -2.7239139568791217e+00, -2.0178861686340338e-02,
       -1.5121936558153846e+00, 2.6480601391281380e+00,
       8.7857485566573759e-02, 1.3388148217770794e+00,
       2.7629078054290264e+00, -2.1996001271819582e-02,
       1.3521819958739150e+00, -3.0374732721395277e+00,
       -9.2946831703562653e-03, -1.0919352111653456e-02,
       -3.0683803688131044e+00, 1.1601376906099085e-01,
       -1.8870035408157038e-01, -3.0172456464614821e+00,
       2.6597290091828311e-02, 6.2093019963965712e-01,
       -3.0020201842012137e+00, 1.7910692031237539e-02,
       8.3835535851837195e-01, -2.9339337147961397e+00,
       -1.6096598575186382e-03, 7.4612610691089243e-01,
       -2.9715515572800419e+00, 3.4737481732870473e-02,
       6.6301258802021068e-01, -2.7769580528203237e+00,
       -1.8303230955167388e-01, 1.2927313596941126e+00,
       -2.6250581480397219e+00, -2.6738563306993899e-02,
       1.5852825411481373e+00, -2.6868257858690550e+00,
       1.3288697595361790e-02, 1.5391664787553418e+00,
       -2.7267529103331891e+00, -5.4579356954285632e-02,
       1.0885048665548529e+00, -3.0295406779191008e+00,
       -6.4502221610357952e-03, 1.5626019921256518e-01,
       -2.7918029507946645e+00, 8.8719535810828684e-02,
       -1.1612950154911617e+00, -2.9307143628221053e+00,
       4.9079324969956817e-02, -1.0726483169990622e+00,
       2.7673452745757392e+00, 2.3291901436302099e-02,
       1.1070832779357966e+00, -2.7217294726679637e+00,
       7.2500064468241199e-02, -1.1755729060397710e+00,
       2.8191250117588886e+00, -4.2847804433164549e-02,
       1.3350356369239862e+00, -2.5066882405307935e+00,
       2.1170675755515891e-01, -1.7137704406712764e+00,
       2.4358013394539149e+00, 1.8685275820609040e-01,
       1.4963919934910985e+00, 2.8023431675504442e+00,
       -5.0329258599591406e-02, 1.3673755797690810e+00,
       -3.1083618063609775e+00, 3.2302695702245317e-02,
       -2.6804101369729849e-01, 3.1125139043194987e+00,
       -6.6685420672928611e-02, 1.0152477706267644e-01,
       3.0918516141371630e+00, 5.0899130662890773e-03,
       4.9592112452255858e-02, -2.8818141969601179e+00,
       1.8429302600830123e-02, -3.4416537615034777e-02,
       -3.1329489793413732e+00, -1.4404051542829746e-02,
       -1.3923481965174686e-01, 3.0228924972486353e+00,
       -9.0007979532065255e-02, 5.6931011595549322e-02,
       -3.0926724836571946e+00, 5.5770692722301479e-02,
       -9.1583418373015035e-02, 3.0774971500590524e+00,
       1.1584747919675707e-02, 6.1700592174707650e-02,
       3.0951260066332109e+00, -1.2969308284028719e-01,
       2.2322428849661100e-01, -3.0207305608645729e+00,
       -3.1560380694856796e-02, 8.1086635328378553e-01,
       -2.9289546739231143e+00, -3.1379469776605322e-02,
       9.6861056865662820e-01, -2.9132030975187626e+00,
       1.4027731077611752e-01, 9.6240846690470738e-01,
       2.8207028118269935e+00, -9.9473692644030595e-02,
       -8.4752718115283721e-01, -3.0615900573936914e+00,
       3.7779001735575968e-02, -6.2172315366094161e-02,
       3.0606379632424892e+00, -1.1807644084647123e-01,
       -1.1436039316391478e-02, -2.9416971949568356e+00,
       -1.4860666293107642e-02, 8.4494442423736738e-01,
       2.9852312417975000e+00, -5.6609473234449113e-02,
       -1.0084072059808102e+00, -2.6924161081869964e+00,
       -3.3185545184470491e-02, 9.0333793601192947e-01,
