%YAML:1.0
---
summary: "Filter by distance, md=150.0, ds=0.0."
init_cam_calib: C99-1010_3p_3
camera_matrix: !!opencv-matrix
   rows: 3
   cols: 3
   dt: d
   data: [ 2.5715729461431047e+03, 0., 1.9062477815909083e+03, 0.,
       2.5725089006391959e+03, 1.0906943899306880e+03, 0., 0., 1. ]
dist_coeff: !!opencv-matrix
   rows: 5
   cols: 1
   dt: d
   data: [ 1.6337412895701845e-02, -2.9479779474916125e-02,
       4.2242462124697599e-05, 1.8994594203274617e-03,
       2.0134625502282007e-02 ]
rvec: !!opencv-matrix
   rows: 257
   cols: 3
   dt: d
   data: [ -3.1083403443542061e+00, -1.3563565034176149e-02,
       -5.0254774369861213e-02, -3.1019888723888798e+00,
       6.0144559179118477e-02, -1.3655190996615124e-01,
       -3.1273571263049131e+00, -3.7073532283979645e-02,
       -1.3167556444586700e-01, 3.0565583539503089e+00,
       -1.9265732370539589e-02, 1.0210323333683696e-01,
       3.1399004840190190e+00, 4.2929078615108633e-02,
       4.4841832212964478e-02, -3.0122822083984246e+00,
       -3.4387321578489130e-02, -1.7613094552217122e-02,
       -2.9629799070125178e+00, -3.7060961559920516e-02,
       -9.8212799297149503e-02, -3.1034199828170608e+00,
       5.8629900161167106e-03, -3.0990850871355051e-02,
       3.0974720095347346e+00, 1.9830841999985093e-02,
       -5.2984574829171901e-03, -3.1243346554511127e+00,
       -2.5962176299777793e-02, -4.2989016235122114e-02,
       3.0902178322474323e+00, 4.6820770636601720e-02,
       1.6318544127313245e-01, -3.0807469885420171e+00,
       1.2173624257163586e-01, -6.2910006571962482e-02,
       3.1401628643416504e+00, 4.0426055547810064e-02,
       -9.6798067104506308e-02, 3.0756947093914953e+00,
       3.6261420589542514e-03, -1.7405184758045295e-01,
       -3.0757535451272382e+00, -4.7535135219509805e-02,
       5.9450444569299832e-01, -2.9578461410820722e+00,
       -5.8988664563117778e-02, 8.5974778949795816e-01,
       -2.9611067676923408e+00, -6.6107166552535665e-02,
       1.0296265679104524e+00, -2.9761444955550904e+00,
       -4.4660885335186050e-02, 7.4345733406830372e-01,
       3.0020458331349427e+00, 6.0420688916077499e-02,
       -9.1824043039018588e-01, -3.0239189663557675e+00,
       -1.2180110606005415e-01, 8.3673318393450158e-01,
       -2.9739553785968531e+00, -1.2594062869414013e-01,
       7.5298901745640345e-01, 3.0046697796485433e+00,
       8.5400660693722610e-02, -8.5333956879962292e-01,
       2.8606383721424353e+00, -1.2384797145078176e-02,
       -8.0684344549105746e-01, 2.9141200223678561e+00,
       1.8460385259273196e-02, -7.7230928718477021e-01,
       2.9495360693298682e+00, 1.4382065979910157e-03,
       -8.1998180811128685e-01, 2.9908434317669252e+00,
       -2.5647430081229917e-02, -7.8962152417248721e-01,
       2.9606833017130119e+00, -2.6751245358770555e-02,
       -7.7129304818472244e-01, 2.9307780539139694e+00,
       2.2816306381864167e-02, -8.3767413007904046e-01,
       2.8736384113793263e+00, 2.4646579164182038e-02,
       -1.2847593861555551e+00, 2.8364984602829759e+00,
       -5.7406679347893293e-02, -1.3467540138158058e+00,
       2.7024483974412470e+00, 4.3419006539992880e-03,
       -1.5331678510799902e+00, -2.6566269760544374e+00,
       -8.7025229861457318e-03, 1.6166063493939389e+00,
       -2.6225695801300266e+00, -1.1189640105567392e-01,
       1.6441585680944031e+00, 2.5927235046285850e+00,
       -2.7745720379591710e-02, -1.5755173841350985e+00,
       2.6457733987618473e+00, -6.2745179246645771e-02,
       -1.5605936253487205e+00, -2.6655235596419176e+00,
       2.7627489296833514e-02, 1.6322427682608400e+00,
       2.6461357929050080e+00, -2.9088949858511105e-02,
       -1.6546045398741109e+00, 2.8083817505924333e+00,
       -1.3716175583406268e-02, -1.2822250977490539e+00,
       2.9635422020900046e+00, -5.7289846977593518e-02,
       -8.4169777952636216e-01, 2.9853907842767811e+00,
       -7.1660685412349399e-03, -5.0103244792660384e-01,
       2.9925378224739156e+00, -6.5550893256410758e-03,
       -1.0910835258286856e-01, 3.0725773120398445e+00,
       8.5719552890650003e-03, -2.0470719722545788e-01,
       3.0223223206821057e+00, 4.8857025837502691e-02,
       -5.6745270172578754e-01, 2.8844447142921368e+00,
       -5.5331513228724809e-02, -1.1243786022443842e+00,
       3.1621475183881054e+00, -8.1968720912026671e-02,
       -2.1528649426393831e-01, -3.0387509927315368e+00,
       -1.7073614139253266e-02, -6.9273874730697751e-02,
       -3.0057139531639665e+00, 3.0968538200449938e-02,
       -1.6788876237624417e-01, -3.0644822777837804e+00,
       6.0393810614403971e-02, -3.3370818171389460e-01,
       3.0803982536225747e+00, 3.3900733847234354e-02,
       2.6955433420702440e-01, 3.0623704211177825e+00,
       2.3909835847945979e-03, -4.7469314842064636e-01,
       -2.9696622190516306e+00, 3.9636418177451081e-02,
       -8.2951141004058937e-01, -2.8508717723219421e+00,
       3.2610216230203826e-02, -1.1047564800303222e+00,
       -2.7884820744053385e+00, 1.2038750414197652e-01,
       -1.1747708752349622e+00, -2.8062657683688856e+00,
       1.3386683583647688e-01, -1.1143101458226761e+00,
       -2.8509885089397251e+00, 1.0284968579110361e-01,
       -1.0730491848542072e+00, -2.7544591428236318e+00,
       1.3780897922927593e-01, -9.8267054780165397e-01,
       -2.7991799017931793e+00, 1.3058655454428231e-01,
       -1.2291489411365559e+00, -2.7591467451504572e+00,
       6.4563817166158347e-02, -1.4584406906725642e+00,
       -2.7368824134821663e+00, -4.3272687094603267e-02,
       -1.4935394636093782e+00, -3.0536610475771955e+00,
       2.6501506712476388e-02, -3.1246079318293825e-02,
       -3.0969086191749624e+00, 2.8812148125901545e-02,
       -1.4407257355721306e-01, -3.0647912437099185e+00,
       4.5569277724266499e-02, -1.4241901890954939e-01,
       -3.0797933843030112e+00, 8.0318633962479818e-02,
       -1.4699709533930641e-01, -3.0627865730154862e+00,
       2.7775598827050895e-02, -6.1654302091410540e-02,
       3.0834158150633009e+00, -3.0142785936265763e-03,
       4.3615473478217870e-02, 2.9352088043399940e+00,
       -3.0971137662918518e-02, 3.5057792311891959e-03,
       3.0495673142121587e+00, -4.0294497912435404e-02,
       1.3085796208707760e-02, -2.9828616777948720e+00,
       4.0809357553502838e-02, 4.1041388053255516e-02,
       -3.0798667071524175e+00, -1.0995153589243824e-01,
       -3.2403614447309735e-02, 3.0327215965707031e+00,
       4.2156829962044666e-02, -2.4564640722980226e-02,
       3.1350403088510612e+00, 7.2039038022485413e-03,
       2.0361335894912614e-02, -3.0674411000758020e+00,
       4.8668042221440465e-02, 1.5456898494773963e-01,
       3.1071203398982887e+00, -8.0635094832752843e-02,
       -1.0656856138295098e-01, 3.0758349274180556e+00,
       -2.4332497203722894e-02, -1.3890125120225766e-01,
       3.0629482674158033e+00, 4.1061965877068854e-02,
       -4.7516062207498855e-01, -2.9742457770071171e+00,
       -4.6979246397518500e-02, 8.5438226732115607e-01,
       -2.9506657216719119e+00, -4.0102452841126457e-02,
       9.6357172846799977e-01, -2.9098148319596744e+00,
       -9.1052196660887069e-02, 8.8912859213648388e-01,
       3.0371327658289551e+00, -4.6521186871176148e-03,
       -7.6137173792742074e-01, 2.9105731286148928e+00,
       -3.3308310918314488e-02, -7.8251960985410041e-01,
       3.0213268142592997e+00, -1.6651929108336318e-02,
       -7.9151747887735502e-01, 2.9914838171568396e+00,
       -8.6600268924525974e-03, -8.7444225907885120e-01,
       -2.9654613275987907e+00, -1.0856837072506113e-01,
       8.7060294577141906e-01, -2.8135517434457702e+00,
       -8.3539606429808441e-02, 9.5227624740258632e-01,
       -2.9035807066903687e+00, -5.1038712946692190e-02,
       8.8914900210642545e-01, 2.9604415170203167e+00,
       7.9246834793951712e-02, -8.6893721798202028e-01,
       -3.0198318375741269e+00, -4.2346626513563863e-02,
       9.0679136654236780e-01, -2.9565058711600023e+00,
       -6.2581650149780052e-02, 9.8905311017398356e-01,
