%YAML:1.0
---
summary: "Filter by distance, md=200.0, ds=50.0."
init_cam_calib: C99-1010_3p_3
camera_matrix: !!opencv-matrix
   rows: 3
   cols: 3
   dt: d
   data: [ 2.5705597302329229e+03, 0., 1.8922417230005242e+03, 0.,
       2.5692298764964303e+03, 1.0889678235319402e+03, 0., 0., 1. ]
dist_coeff: !!opencv-matrix
   rows: 5
   cols: 1
   dt: d
   data: [ 2.3267950817277141e-02, -5.1182189990670361e-02,
       1.0973024143917595e-04, 1.2923148338228146e-04,
       3.8913832387746580e-02 ]
rvec: !!opencv-matrix
   rows: 186
   cols: 3
   dt: d
   data: [ -3.1081528682374278e+00, -1.3655602771628982e-02,
       -4.3068417877248036e-02, -3.0718168258325700e+00,
       -2.4289744894363988e-02, -7.8156367986323944e-02,
       3.0500671790747029e+00, -2.0045800461899545e-02,
       8.8049050991621247e-02, -3.0930104996981251e+00,
       -5.8812695635508304e-02, -4.9844818321614540e-02,
       -2.9698865808228985e+00, -2.5910933432747359e-02,
       -5.4563528271735828e-02, -3.1317263685295265e+00,
       1.1170124085883118e-02, -1.8688157744210503e-02,
       -3.1392947787109873e+00, -4.3644019196967691e-02,
       -6.3880251923359388e-02, 3.0887946720025554e+00,
       3.6379702346177406e-02, 1.5889081538267194e-01,
       -3.0786275158432903e+00, 7.4660752288226561e-03,
       -2.1787776405378535e-02, 3.0386519201563131e+00,
       5.5938515843058111e-02, -4.0291105260810173e-02,
       -3.0831450976202368e+00, -7.1646619581102577e-02,
       5.4798869337374445e-01, -2.9259487179249497e+00,
       -8.1633702377647485e-02, 8.8562903828071660e-01,
       -2.9571407946818047e+00, -1.2114193027862116e-02,
       8.8624194053261018e-01, -2.9756421716956427e+00,
       -3.8468237041398061e-02, 8.5480912557209743e-01,
       -2.9914793022353652e+00, -1.3167710706569125e-01,
       8.4496010169385805e-01, 2.9748817837076675e+00,
       5.7927147391042016e-02, -8.6093859704256481e-01,
       2.8815641733328232e+00, 1.6166132489131374e-02,
       -7.8681423801969352e-01, 2.9794687842298910e+00,
       -3.5028219489771861e-02, -8.3982058960863593e-01,
       2.9560473479556699e+00, 6.6584781050741587e-02,
       -8.6401716118018834e-01, 2.9021658400318482e+00,
       4.1738501201325044e-02, -8.7311738773466863e-01,
       -2.8511764731610834e+00, -2.1688576606081048e-02,
       1.2983927262530748e+00, 2.6951802411942052e+00,
       1.4937213688083694e-02, -1.5383546758359414e+00,
       -2.6317503549891175e+00, -8.2799567863334603e-02,
       1.5706927663756738e+00, 2.6527711637033362e+00,
       5.0862145161979039e-02, -1.6651325296023831e+00,
       2.6263058818050395e+00, -6.1915088318322049e-02,
       -1.5737400057095807e+00, 2.6776810806419418e+00,
       -2.3903826450445385e-02, -1.6516054943325442e+00,
       2.6313636360470567e+00, -1.8005258867520999e-02,
       -1.6699483849151595e+00, 2.8811311332648399e+00,
       6.0508847994270892e-02, -1.1667041707901660e+00,
       2.9941851288300851e+00, -1.6448185154048719e-02,
       -5.6374931982130694e-01, 3.0016778614726651e+00,
       1.1912978390925781e-02, -1.7896317432162429e-01,
       3.1011994177142577e+00, 9.0312275908515087e-04,
       -2.4086896567986080e-01, 2.9087895981016230e+00,
       -8.6559425872658850e-03, -1.0500330785885874e+00,
       -3.0993706472095912e+00, 6.9657117836547974e-02,
       5.2372605113708406e-02, -3.0568782398327907e+00,
       6.4041276319098403e-03, -1.5706152909738935e-01,
       -3.0651233353502825e+00, 6.0066803496698837e-02,
       -3.2640457160207764e-01, 3.0933280025440109e+00,
       3.1196424123276122e-02, -5.7089574156495064e-02,
       3.1255062096876092e+00, -1.1904149362585199e-01,
       -7.9694248789314054e-02, -2.8840706766689235e+00,
       1.3265069815028039e-02, -1.0789245682144315e+00,
       -2.8034502617848238e+00, 5.8625427510904556e-02,
       -1.0404677177409112e+00, -2.8402028244826805e+00,
       1.0303308367143059e-01, -1.0244856588914237e+00,
       -2.7460899315117886e+00, 1.7089043030572396e-01,
       -1.1612607040331440e+00, -2.7761937151459581e+00,
       8.8009158332878867e-02, -1.3808826146851461e+00,
       2.7068701883085096e+00, 2.2702994340451192e-02,
       1.5334512475432758e+00, -3.0533510871081555e+00,
       2.6476234696157789e-02, -2.3774488405512748e-02,
       -3.1136313307441954e+00, 2.3415109773101073e-02,
       -1.4806296553039774e-01, -3.0713200501170692e+00,
       9.7467375712702881e-03, -2.3365557334964506e-02,
       -3.0831699798141097e+00, 2.0579313312531312e-02,
       -4.0278246555004088e-02, 3.0291429061548989e+00,
       1.0917137717254241e-02, 5.1946162648874840e-02,
       3.0055467438038641e+00, -2.1335615418073099e-02,
       2.1478691174423640e-02, -2.9985779404369661e+00,
       4.0738104450660624e-02, 4.9708324310077094e-02,
       -3.0594765381972460e+00, -6.5084297454165579e-02,
       -3.1054237709805806e-02, 3.0502066255140554e+00,
       -4.4902129300546052e-02, -7.9890562558982844e-02,
       -3.0823065611638061e+00, 1.0590865136274982e-02,
       2.4958247012934853e-03, 3.1108922204768410e+00,
       -9.0437909625435256e-02, -1.1048498026659737e-01,
       3.0727248423248441e+00, 4.4664650698883264e-02,
       -1.4684070021765588e-01, 3.0598338131715610e+00,
       6.7829579184858296e-02, -6.6411099580890498e-01,
       -2.9205693764012648e+00, -8.5798468564885710e-02,
       1.0423104358786017e+00, -2.9408117309093069e+00,
       -4.3003224682270177e-02, 8.2575630289905799e-01,
       2.9291184766007681e+00, -4.6297741585091423e-02,
       -8.1610859275714021e-01, 2.9819031168927048e+00,
       -2.3330625175958672e-02, -7.8963867877801763e-01,
       2.9897723731169030e+00, -8.8717510937306610e-03,
       -8.8288186198703544e-01, -2.8440773780051307e+00,
       -7.7111471967379761e-02, 9.5190011256309215e-01,
       -2.8660618970320368e+00, -5.7850287473303993e-02,
       9.3437666996478186e-01, 2.9887788635403925e+00,
       8.8581761301329276e-02, -8.8792141519228862e-01,
       2.9815966764422046e+00, 3.8437110419636322e-02,
       -9.0038971290813441e-01, -2.9174327230111499e+00,
       -5.8023909089988585e-02, 1.0206557578719866e+00,
       -2.8436776754163708e+00, -5.6817563664432823e-02,
       1.2102865310754725e+00, 2.8081370206648861e+00,
       3.3733478871722684e-02, -1.3775099874198773e+00,
       -2.6387038968662209e+00, -1.1200067279326066e-01,
       1.6043345998183451e+00, 2.5662138756378314e+00,
       -1.6155529629355726e-02, -1.7062026408355770e+00,
       2.6972395885739155e+00, 1.9414571396020271e-02,
       -1.6001343423383010e+00, 2.7819797763083396e+00,
       -4.8740918176364445e-02, -1.3812649518064568e+00,
       2.8615184454729814e+00, -3.5544121009414939e-02,
       -1.1603815734536429e+00, 2.8664897062030494e+00,
       -6.2769423508068529e-03, -1.0868875045086208e+00,
       3.0346868667219873e+00, -2.6320198225369174e-02,
       -7.4930616473409040e-01, 3.0473221371205379e+00,
       4.5416503090611710e-02, -6.6182933436915070e-01,
       3.0482014664391199e+00, -4.4233293693977785e-02,
       -1.0415584743861467e-01, 2.9839674784164321e+00,
       -5.4643866709148940e-02, 1.5062404240768990e-01,
       -2.9502299386704660e+00, 9.5117018277863952e-02,
       -1.0444636088009038e+00, 2.9150926908515560e+00,
       -3.2361381472609987e-02, 1.0522432157500210e+00,
       2.9010799120324111e+00, -9.0583080405980843e-02,
       1.0612952678441874e+00, -2.7796089041122438e+00,
       9.6512616888888153e-02, -1.0697416708862857e+00,
       2.9208281169874346e+00, 9.2919152989375545e-02,
       1.0099175921612051e+00, 2.8004122129791305e+00,
       6.2080732896199815e-02, 1.2628896833025918e+00,
       -2.7294545759373037e+00, 4.2709355390991906e-03,
       -1.5521796679692588e+00, -2.7474577346419760e+00,
       1.2211671327293955e-01, -1.3783899491765066e+00,
       2.5691381551686865e+00, 1.8308914821617084e-01,
       1.3019427361604416e+00, -2.7772652435635372e+00,
       -1.0230778703154760e-01, -1.4589263891576683e+00,
