%YAML:1.0
---
summary: "Filter by distance, md=200.0, ds=150.0."
init_cam_calib: C99-1010_3p_3
camera_matrix: !!opencv-matrix
   rows: 3
   cols: 3
   dt: d
   data: [ 2.5736647967749022e+03, 0., 1.8901274530685034e+03, 0.,
       2.5774462975567772e+03, 1.0921732333457664e+03, 0., 0., 1. ]
dist_coeff: !!opencv-matrix
   rows: 5
   cols: 1
   dt: d
   data: [ 2.2885869519121579e-02, -5.2712042043643832e-02,
       3.0959137676782425e-04, -3.5929139444148016e-04,
       4.0902523515402238e-02 ]
rvec: !!opencv-matrix
   rows: 184
   cols: 3
   dt: d
   data: [ -3.1078702544945744e+00, -1.3589923135005450e-02,
       -4.0397748367802848e-02, -3.0977166592026575e+00,
       -4.9179889254000048e-02, -1.3373285008733893e-01,
       3.0241370022915182e+00, -2.2500106714030046e-02,
       1.0436252737045365e-01, -3.0599229420118723e+00,
       -4.5504327250659053e-02, -3.2814698318308931e-02,
       -2.9915011277645776e+00, -3.8176706596106967e-02,
       -7.6440612043493519e-02, 3.1285628801087815e+00,
       2.0060285284104987e-02, -3.2627541415676045e-02,
       -3.1300149897350282e+00, -1.9548421503955981e-02,
       -5.3295808180256581e-02, 3.1128605967092713e+00,
       2.9693513171629993e-03, 1.6224813809792077e-01,
       -3.0759307028109402e+00, -1.5644836680501342e-02,
       9.6834464800289705e-02, 3.0598436850272366e+00,
       6.2028224680122106e-04, -1.4703627294965513e-01,
       3.0690524092252520e+00, 9.2369394665939908e-02,
       -6.6849715047606573e-01, -2.9251430456942691e+00,
       -8.6727467150814919e-02, 9.7230830556910142e-01,
       -2.9430485521868164e+00, -8.6328793022349304e-02,
       8.5206086337609477e-01, -2.9908168984619659e+00,
       -3.9834757516306191e-02, 8.7824473366726286e-01,
       -2.9626360277446895e+00, -1.5037469551700852e-01,
       8.2730150666454116e-01, 2.9423406855874781e+00,
       5.2319608499834032e-02, -8.4747431505292781e-01,
       2.9102583380319063e+00, 1.5426604983826487e-02,
       -8.0276775610132989e-01, 2.9469005438864762e+00,
       2.6167819617941472e-03, -8.2890239089643958e-01,
       2.9790836349452037e+00, 8.3920011139119038e-02,
       -8.4486095119031979e-01, 2.9267472740913791e+00,
       1.5257114789054650e-02, -8.4700666733025853e-01,
       -2.8127551319988391e+00, 3.7287698667627836e-02,
       1.3148662315095248e+00, 2.6771726580239905e+00,
       9.5988431264083622e-03, -1.5551052280155682e+00,
       -2.5956172248425542e+00, -1.1014867964744518e-01,
       1.5755444778744538e+00, 2.6348520626773069e+00,
       -2.6535508906081848e-02, -1.6191071690946435e+00,
       2.6698814123718897e+00, -5.6615438712251935e-02,
       -1.5875682342343156e+00, -2.6421362224710041e+00,
       2.5082992173055457e-02, 1.6199983185688658e+00,
       2.7176354084360610e+00, -1.5464810846163562e-02,
       -1.4492053456396370e+00, 2.8862463375740268e+00,
       7.0040975668679506e-02, -1.0464794634074552e+00,
       2.9932966803278669e+00, -1.4943488656553363e-02,
       -4.4272906701936804e-01, 2.9864803975869316e+00,
       7.2167769884407540e-02, -2.7172151556098595e-01,
       3.0552849672440550e+00, 1.6521344466955187e-02,
       -3.7798351226646615e-01, 2.8654686188644498e+00,
       -9.8883677438241252e-02, -1.1044450533442773e+00,
       -3.1019685763052371e+00, 2.2815935100998178e-02,
       -6.7498326775856113e-02, -3.0314802376028389e+00,
       3.7036913481688069e-02, -1.5995696706945547e-01,
       -3.0744728164301658e+00, 6.3881930723610175e-02,
       -3.9899320808501842e-01, 3.0391360975078099e+00,
       4.1925788806885432e-02, -1.5803113526613194e-01,
       3.1425789700764182e+00, -4.0117460965330753e-02,
       3.9989172777108661e-01, -2.8905454040612342e+00,
       4.2864560202539335e-02, -1.1263346423633376e+00,
       -2.8085201614139095e+00, 1.2639144675341618e-01,
       -1.1013995670188488e+00, -2.8120908753871681e+00,
       1.3618400582965609e-01, -1.0113697874953067e+00,
       -2.7679014674103444e+00, 1.4023955161391638e-01,
       -1.2014326549642307e+00, -2.7540238644819128e+00,
       -2.6956379281703745e-04, -1.4689230789902263e+00,
       -3.0529037080994281e+00, 2.6430783899147863e-02,
       -2.1077615644747135e-02, -3.1033007848245329e+00,
       -5.5411442540160344e-03, -5.4449898668576947e-02,
       -3.0862208201207908e+00, 7.5076039647650597e-02,
       -6.8943050454844543e-02, -3.0790815053270681e+00,
       4.7636009841465106e-02, -1.3194321733512482e-01,
       2.9583250383041415e+00, -1.7276663357607802e-02,
       -7.7587128276392012e-03, 3.0356442231006402e+00,
       -3.4448677050080652e-02, 1.0978137803928895e-02,
       -2.9590209207234590e+00, 5.0177102835806175e-02,
       4.1817052615946940e-02, -3.1237530323885676e+00,
       -1.0662316362594881e-01, -5.8939924524068314e-02,
       3.0863069216365897e+00, -3.7007393557703300e-02,
       -7.2274638610204944e-02, -3.0615709381206027e+00,
       -1.2190410656833640e-02, 1.1373029806471965e-01,
       3.0850558933672798e+00, -1.0297322053333544e-01,
       -2.1027455726805305e-01, 3.0868639114164207e+00,
       1.1355746377107279e-01, -2.6551339758036968e-01,
       -3.0102853813413710e+00, -3.8330943292638357e-02,
       7.9856276485446909e-01, -2.9439301195393366e+00,
       2.1933604203586896e-02, 9.3037957376888525e-01,
       -2.9921146278957202e+00, -8.1784965914149105e-02,
       7.7619335237920195e-01, 2.8851923942949997e+00,
       -3.3906785837204606e-02, -8.0723162877399390e-01,
       3.0067231101339256e+00, -1.4231396272741573e-02,
       -7.9798222446693645e-01, -2.9714693408693833e+00,
       -4.3280815954814866e-02, 8.7668097265109801e-01,
       -2.8110394226213518e+00, -8.3503742027104491e-02,
       9.6003431225937852e-01, -2.9002039361070007e+00,
       -5.0961650773392216e-02, 8.9762097470404145e-01,
       2.9585822616898176e+00, 7.9676919962437809e-02,
       -8.7764965620375501e-01, -3.0036818056213539e+00,
       -4.8470768042864563e-02, 9.0967455051043078e-01,
       -2.9119078487325392e+00, -3.0631762693887305e-02,
       1.1321850633496402e+00, -2.8225698402006212e+00,
       -5.3148324760253635e-02, 1.2681648351473034e+00,
       2.7179030752352733e+00, 4.5693538675349546e-02,
       -1.5379274562337735e+00, -2.6539427027203715e+00,
       -9.3520705677147542e-02, 1.5939479503935376e+00,
       2.5103032648372827e+00, -1.7544214410552855e-01,
       -1.6861209744454753e+00, 2.6517257217354566e+00,
       1.1758557757090388e-01, -1.6187319820512835e+00,
       2.8118630127120343e+00, -2.6999609207302301e-02,
       -1.2595774030497469e+00, 2.9131211914377531e+00,
       -1.3841018769672820e-02, -1.1083990622201139e+00,
       2.9078386056617727e+00, -2.0146876054214471e-02,
       -9.3341515600832181e-01, -3.0543328338503772e+00,
       5.9605872651922784e-02, 6.2886913666538591e-01,
       3.0350877703495081e+00, 6.2495730188471939e-02,
       -6.4760706446840477e-01, 3.0470703388092764e+00,
       4.1446250199274767e-02, -8.8682751873321738e-02,
       3.0248571388761620e+00, -4.0557496141327434e-02,
       4.3611407725276791e-01, -2.9085067137516583e+00,
       7.4373353720520466e-02, -1.1277835503225582e+00,
       2.8612428962983212e+00, -2.4901019108724450e-02,
       1.0580159091532710e+00, 2.9428571761532827e+00,
       -9.6483010429945393e-02, 1.0493204269912557e+00,
       -2.8156562617248730e+00, 5.0015955078292734e-02,
       -1.0690562368214211e+00, 2.8721351617606956e+00,
       1.1178850640340157e-01, 1.0269979999291077e+00,
       2.8218000564215941e+00, 3.1727466571303937e-02,
       1.3227435488418777e+00, -2.7113265823553516e+00,
       1.2265308650077883e-02, -1.4500185467738156e+00,
       -2.8091298739233110e+00, 9.2914849165564500e-02,
       -1.3590406871938752e+00, 2.6772259716540008e+00,
       1.9079937782023465e-03, 1.3664631567434107e+00,
       2.7867744018737040e+00, 2.3482308207929677e-02,
       1.3784806434991497e+00, -3.0359240853362173e+00,
       -9.0855266806338132e-03, -1.9877702005891531e-02,
