%YAML:1.0
---
summary: "Filter by points, sp=5, sf=2. Filter by time, rd=20, rs=10."
init_cam_calib: C99-1010_3p_3
camera_matrix: !!opencv-matrix
   rows: 3
   cols: 3
   dt: d
   data: [ 2.5751611405364547e+03, 0., 1.8686955122352674e+03, 0.,
       2.5721772108900582e+03, 1.0811149106877715e+03, 0., 0., 1. ]
dist_coeff: !!opencv-matrix
   rows: 5
   cols: 1
   dt: d
   data: [ 1.6232353900483866e-02, -2.2337652005162245e-02,
       -4.7798110926409342e-04, -2.3256411555099524e-03,
       4.1987944577071201e-03 ]
rvec: !!opencv-matrix
   rows: 104
   cols: 3
   dt: d
   data: [ -3.1017810735829050e+00, -8.7492698363425998e-03,
       2.5284494161770142e-03, -3.0681354316054961e+00,
       -2.8823228444467667e-02, -5.2682368597650520e-02,
       3.0320425411889116e+00, -7.8455257734291132e-03,
       8.7853507959415572e-02, -3.0845040425082031e+00,
       -6.5665141631329098e-03, 7.2765675781561637e-02,
       -3.0589924884791593e+00, 1.1689289721552019e-01,
       -3.1243074210460863e-02, -3.0218724037425431e+00,
       -9.4947081001746203e-02, 7.6586402138028065e-01,
       -2.9422106584878311e+00, -9.0657511876777674e-02,
       8.7041701933655802e-01, -2.9750558444189172e+00,
       -2.9748418114086739e-02, 8.5595449293276771e-01,
       2.9272891852571279e+00, 1.5498303596962450e-02,
       -7.7945769325184977e-01, 2.9734687323984019e+00,
       -2.1250977154309843e-02, -8.0486295968716381e-01,
       2.9726380882920647e+00, 6.3459104246428961e-03,
       -9.6962521480920216e-01, 2.6944143689564539e+00,
       -1.2146705347687411e-02, -1.5575365900882669e+00,
       -2.6126604218722793e+00, -1.0338747222919878e-01,
       1.6165471223863364e+00, -2.6617381088951961e+00,
       1.9932622501762368e-02, 1.5443704378697258e+00,
       3.0109973110887585e+00, -7.5569999907247956e-02,
       -6.5354096703680398e-01, 2.9720176426825327e+00,
       -3.2102413188375506e-02, -8.7136970822559479e-01,
       -3.0182671621186024e+00, 3.1927086722526629e-02,
       -4.7500441292185236e-01, -3.0574418395322738e+00,
       1.2786401758993484e-02, -1.7215751945549621e-01,
       -3.0789016359636663e+00, 3.7857982607073910e-02,
       -3.5633628046093091e-01, -2.8669408132287502e+00,
       3.9704032984009360e-02, -1.0987171088438135e+00,
       -2.8173051072153008e+00, 1.3705299197297793e-01,
       -1.0982009471939482e+00, -2.8537747327224081e+00,
       9.8519233597411118e-02, -1.0231826863696407e+00,
       -2.8247230282939308e+00, 5.9433155635712623e-02,
       -1.2467689518452949e+00, 2.7106867595367210e+00,
       2.0287898676189520e-02, 1.4976269500820014e+00,
       -3.0537695349490526e+00, 2.6790973982367971e-02,
       6.0310052482972019e-02, -3.0478161541880899e+00,
       4.5584109729828091e-02, 3.3015249030124677e-02,
       -3.0609011940810080e+00, 4.1411563490488017e-02,
       -1.1898007096187528e-01, -3.0824388504557576e+00,
       8.0054399973951765e-02, -1.2809538475173260e-01,
       3.0096950290146864e+00, -6.8278547962416832e-03,
       3.1034228732596265e-02, 2.9878775741131403e+00,
       -2.4736447009372421e-02, -5.1547475443406389e-03,
       -3.0411970168076596e+00, -7.6733048218673317e-03,
       -2.8330543900014247e-02, -3.0678837758729891e+00,
       -7.5023707247816929e-02, 1.0559237506913788e-02,
       -3.0630267566589433e+00, -1.5884300744762127e-02,
       1.0793374839477109e-01, 3.0654606015086978e+00,
       5.1640181121264006e-02, -5.0275673788178554e-01,
       -2.9345800113692495e+00, -6.3672071574690015e-02,
       1.0048821000984565e+00, 2.8790718453413846e+00,
       -3.5898012903828803e-02, -8.1809937127359744e-01,
       3.0044788156434654e+00, 2.5594981006759530e-02,
       -8.7881751759866700e-01, 2.9335794025369015e+00,
       5.7284563316478382e-02, -9.0600572908764965e-01,
       -2.8298992254090352e+00, -6.3348842552206699e-02,
       1.2583830032584744e+00, -2.6428537523395441e+00,
       -5.8293309910965208e-02, 1.6134884319851890e+00,
       2.5597065539956101e+00, -1.2032419756569541e-01,
       -1.6866180281742689e+00, 2.7725547479095218e+00,
       -4.0631515715425975e-02, -1.3006833391902191e+00,
       -3.0583365862013228e+00, -2.5739513830721629e-02,
       5.4582994183676437e-01, 3.0150239966088104e+00,
       4.7319973775397602e-02, -6.8668142323926318e-02,
       -2.9373924037754140e+00, 4.1980523376417153e-02,
       -1.0454714081535932e+00, 2.7461673686743300e+00,
       7.6330928717215349e-02, 1.0037345567119371e+00,
       2.8676310602598556e+00, -1.0655851228029450e-02,
       1.0478558779438973e+00, 2.8205259918468593e+00,
       1.4385377495246207e-01, 9.8632872798557214e-01,
       -2.7374934053594400e+00, 1.6356007350454529e-02,
       -1.5343043814034976e+00, 2.6226482041302082e+00,
       1.6652129678534816e-01, 1.3189010801778880e+00,
       2.8060123426287262e+00, 9.3017041132023567e-02,
       1.3526665038658896e+00, -3.0354907764248868e+00,
       -5.0060392922337844e-03, -9.6467201340988649e-03,
       -3.0953544150648522e+00, 1.1428709223960427e-01,
       -2.6626655032740498e-01, -3.0013605590982984e+00,
       -1.8260112351877061e-02, 7.2176952996720667e-01,
       3.0131060751297349e+00, 3.0878830110087598e-02,
       -8.3391719355572425e-01, -2.9011390192590079e+00,
       2.1165530436042575e-02, 6.8805972118214220e-01,
       -2.9681964488456658e+00, 3.9585720053451241e-02,
       7.5526821255677024e-01, -2.7386572265057687e+00,
       -6.5487945459415234e-02, 1.4476815508459462e+00,
       -2.6017056823181099e+00, -3.0719834282498856e-02,
       1.6137426032172428e+00, -2.6744171765280642e+00,
       -2.0620858636667162e-02, 1.5529986985246909e+00,
       -2.7833538116251302e+00, -8.7224554493074813e-02,
       1.0254269399375993e+00, -3.0631666499861172e+00,
       -3.6123710504273238e-02, 2.3276624163752441e-01,
       -2.7444443333650814e+00, 1.2253897582157516e-01,
       -1.2700771456695659e+00, 2.8680830012537220e+00,
       -8.2295076195456146e-02, 1.1288238559870507e+00,
       2.7503725885224970e+00, 3.3634159935842664e-02,
       1.0995882784514508e+00, -2.7284573918352044e+00,
       7.7320578284601191e-02, -1.1386374655566307e+00,
       2.7954606493333554e+00, 1.5535185539424126e-03,
       1.3858885990356999e+00, -2.5649818309921586e+00,
       1.5939312166639702e-01, -1.6639069197782772e+00,
       2.4327323583155507e+00, 1.9622722070589307e-01,
       1.4941404151312956e+00, 2.9052357946534784e+00,
       -1.3483552975169869e-01, 1.2044342051845367e+00,
       -3.0919100726725333e+00, 5.9517411099273511e-03,
       -1.2467057556079326e-01, 3.1196897971671684e+00,
       -6.4051598213341401e-02, 1.6358198561637188e-01,
       3.1012072771663677e+00, -6.9532910029005107e-02,
       -1.6997647714258713e-05, -2.9539722393622858e+00,
       1.5599743546467352e-02, 2.9940799337038703e-02,
       -3.1400968607716484e+00, 3.0110823801639663e-02,
       -1.4056752955479221e-01, 3.0334017251141860e+00,
       -7.2537163862722326e-02, 6.5190901782639879e-02,
       -3.0621956558990591e+00, 3.7542482091942289e-02,
       -9.8535916549212996e-02, 3.1172510862967093e+00,
       3.4156684684113113e-02, 5.0962606395283237e-02,
       3.0355050091577822e+00, -1.7756764091009355e-01,
       3.9835255687275312e-01, 3.0393466859676548e+00,
       4.4073880449903229e-02, -7.7065117312789733e-01,
       -2.9775206112318897e+00, -1.2797446417749485e-02,
       8.0887632645633878e-01, -2.9619610471223616e+00,
       7.7319967617876281e-02, 9.0812979108519865e-01,
       2.8214438788336560e+00, -1.1648868555293072e-01,
       -8.4869772355912254e-01, -3.0650988700102846e+00,
       4.7033229297578381e-02, -6.2880985743090992e-02,
       3.0318750317554430e+00, -9.9832358731043347e-02,
       -1.0285815507472880e-01, -2.9846387832436498e+00,
       -1.4924660519098545e-02, 9.3406716110353838e-01,
       2.8894064086699824e+00, -4.3601412660603515e-02,
       -9.3650283021132896e-01, -2.5910427001272454e+00,
       -1.1648681763012671e-01, 9.0439410975102352e-01,
