%YAML:1.0
---
corners: !!opencv-matrix
   rows: 2352
   cols: 2
   dt: i
   data: [ 1028, 919, 1028, 920, 1028, 921, 1028, 922, 1029, 919, 1029,
       920, 1029, 921, 1029, 922, 1052, 371, 1052, 372, 1052, 373, 1052,
       374, 1052, 496, 1052, 497, 1052, 498, 1052, 499, 1053, 372, 1053,
       373, 1053, 374, 1053, 496, 1053, 497, 1053, 498, 1053, 499, 1054,
       373, 1054, 497, 1057, 42, 1057, 45, 1058, 43, 1058, 44, 1058, 45,
       1059, 43, 1059, 44, 1059, 45, 1059, 807, 1060, 44, 1060, 806,
       1060, 807, 1060, 808, 1060, 809, 1061, 807, 1061, 808, 1064, 247,
       1064, 249, 1064, 250, 1065, 247, 1065, 248, 1065, 249, 1065, 250,
       1066, 248, 1066, 249, 1079, 161, 1079, 162, 1079, 163, 1079, 164,
       1080, 161, 1080, 162, 1080, 163, 1081, 162, 1081, 163, 1084, 647,
       1085, 645, 1085, 646, 1085, 647, 1085, 648, 1086, 645, 1086, 646,
       1086, 647, 1137, 373, 1137, 374, 1137, 375, 1138, 372, 1138, 373,
       1138, 374, 1138, 375, 1139, 373, 1139, 374, 1163, 136, 1163, 137,
       1163, 138, 1163, 139, 1164, 136, 1164, 137, 1164, 138, 1165, 138,
       1174, 897, 1174, 898, 1174, 899, 1174, 900, 1175, 897, 1175, 898,
       1175, 899, 1178, 620, 1178, 621, 1178, 622, 1178, 623, 1179, 621,
       1179, 622, 1183, 277, 1183, 278, 1183, 279, 1183, 280, 1184, 277,
       1184, 278, 1184, 279, 1184, 280, 1207, 495, 1207, 497, 1207, 498,
       1208, 495, 1208, 496, 1208, 497, 1208, 498, 1209, 497, 1209, 498,
       1215, 770, 1215, 771, 1216, 768, 1216, 769, 1216, 770, 1216, 771,
       1217, 769, 1217, 770, 1242, 1484, 1243, 1483, 1243, 1484, 1243,
       1485, 1243, 1486, 1244, 1483, 1244, 1484, 1244, 1485, 1256, 36,
       1256, 37, 1256, 38, 1256, 39, 1257, 36, 1257, 37, 1257, 38, 1265,
       887, 1265, 888, 1265, 889, 1265, 890, 1266, 888, 1266, 889, 1266,
       890, 1267, 2050, 1267, 2051, 1268, 2049, 1268, 2050, 1268, 2051,
       1268, 2052, 1272, 238, 1272, 239, 1272, 240, 1272, 241, 1272, 242,
       1273, 239, 1273, 240, 1273, 241, 1273, 242, 1274, 239, 1274, 240,
       1274, 241, 1277, 620, 1277, 621, 1277, 622, 1278, 620, 1278, 621,
       1278, 622, 1279, 619, 1279, 621, 1279, 622, 1311, 753, 1311, 754,
       1311, 755, 1311, 756, 1312, 505, 1312, 755, 1312, 756, 1313, 504,
       1313, 505, 1313, 506, 1313, 507, 1313, 508, 1314, 505, 1314, 506,
       1314, 507, 1315, 376, 1315, 377, 1315, 378, 1315, 379, 1316, 377,
       1316, 378, 1316, 379, 1330, 1796, 1330, 1797, 1330, 1798, 1330,
       1799, 1331, 1797, 1331, 1798, 1339, 132, 1339, 133, 1339, 134,
       1340, 132, 1340, 133, 1340, 134, 1340, 926, 1340, 927, 1340, 928,
       1340, 929, 1341, 133, 1341, 134, 1341, 926, 1341, 927, 1341, 928,
       1363, 314, 1363, 315, 1364, 312, 1364, 313, 1364, 314, 1364, 315,
       1365, 312, 1365, 313, 1365, 314, 1365, 315, 1425, 1703, 1425,
       1704, 1425, 2083, 1425, 2084, 1425, 2085, 1425, 2086, 1426, 1702,
       1426, 1703, 1426, 1704, 1430, 256, 1430, 257, 1430, 258, 1431,
       255, 1431, 256, 1431, 257, 1431, 258, 1432, 256, 1432, 257, 1461,
       396, 1461, 397, 1461, 398, 1461, 399, 1462, 396, 1462, 397, 1462,
       398, 1462, 399, 1463, 398, 1469, 16, 1469, 17, 1469, 18, 1469, 19,
       1470, 16, 1470, 17, 1470, 18, 1470, 19, 1470, 153, 1470, 155,
       1470, 1919, 1470, 1920, 1471, 18, 1471, 19, 1471, 153, 1471, 154,
       1471, 155, 1471, 1035, 1471, 1055, 1471, 1056, 1471, 1918, 1471,
       1919, 1472, 152, 1472, 154, 1472, 155, 1472, 1034, 1472, 1035,
       1472, 1036, 1472, 1054, 1472, 1055, 1472, 1056, 1472, 1057, 1473,
       1034, 1473, 1035, 1473, 1036, 1477, 1069, 1477, 1070, 1477, 1071,
       1477, 1072, 1478, 1069, 1478, 1070, 1478, 1071, 1491, 1053, 1491,
       1054, 1491, 1055, 1491, 1056, 1491, 1071, 1491, 1115, 1491, 1116,
       1491, 1117, 1492, 529, 1492, 1054, 1492, 1055, 1492, 1056, 1492,
       1069, 1492, 1070, 1492, 1071, 1492, 1072, 1492, 1114, 1492, 1115,
       1492, 1116, 1492, 1117, 1493, 526, 1493, 527, 1493, 528, 1493,
       529, 1493, 530, 1493, 1069, 1493, 1070, 1493, 1071, 1494, 527,
       1494, 528, 1494, 529, 1494, 541, 1494, 542, 1494, 543, 1494, 544,
       1495, 542, 1495, 543, 1495, 544, 1499, 1580, 1499, 1581, 1499,
       1582, 1500, 556, 1500, 557, 1500, 558, 1500, 559, 1500, 1580,
       1500, 1581, 1500, 1582, 1501, 556, 1501, 557, 1501, 558, 1501,
       559, 1501, 1040, 1501, 1041, 1501, 1042, 1502, 558, 1502, 1039,
       1502, 1040, 1502, 1041, 1502, 1042, 1506, 1071, 1506, 1072, 1507,
       1054, 1507, 1055, 1507, 1056, 1507, 1057, 1507, 1069, 1507, 1070,
       1507, 1071, 1507, 1072, 1508, 1054, 1508, 1055, 1508, 1056, 1508,
       1071, 1511, 942, 1511, 943, 1511, 944, 1512, 941, 1512, 942, 1512,
       943, 1512, 944, 1512, 945, 1514, 545, 1514, 546, 1514, 547, 1514,
       548, 1515, 545, 1515, 546, 1515, 547, 1515, 562, 1515, 563, 1516,
       560, 1516, 561, 1516, 562, 1516, 563, 1517, 561, 1517, 562, 1517,
       563, 1528, 524, 1528, 525, 1528, 526, 1528, 527, 1529, 524, 1529,
       525, 1529, 526, 1529, 527, 1529, 545, 1529, 546, 1529, 547, 1530,
       545, 1530, 546, 1530, 547, 1530, 561, 1530, 562, 1530, 1114, 1530,
       1115, 1530, 1116, 1530, 1117, 1531, 546, 1531, 547, 1531, 559,
       1531, 560, 1531, 561, 1531, 562, 1531, 1114, 1531, 1115, 1531,
       1116, 1531, 1117, 1532, 560, 1532, 561, 1532, 562, 1552, 74, 1552,
       75, 1552, 76, 1552, 77, 1553, 75, 1553, 76, 1553, 77, 1554, 76,
       1554, 77, 1555, 1049, 1555, 1050, 1555, 1051, 1555, 1052, 1556,
       1049, 1556, 1050, 1556, 1051, 1556, 1052, 1558, 778, 1558, 779,
       1558, 780, 1558, 781, 1559, 778, 1559, 779, 1559, 780, 1559, 781,
       1560, 778, 1560, 780, 1561, 600, 1561, 601, 1561, 602, 1561, 603,
       1561, 604, 1562, 601, 1562, 602, 1562, 603, 1570, 1114, 1570,
       1115, 1570, 1116, 1570, 1117, 1571, 374, 1571, 375, 1571, 376,
       1571, 377, 1571, 1115, 1571, 1116, 1571, 1117, 1572, 375, 1572,
       376, 1572, 377, 1572, 378, 1572, 934, 1572, 935, 1572, 936, 1572,
       937, 1573, 377, 1573, 934, 1573, 935, 1573, 936, 1573, 937, 1595,
       264, 1595, 265, 1595, 266, 1596, 263, 1596, 264, 1596, 265, 1596,
       266, 1597, 265, 1597, 266, 1598, 582, 1598, 583, 1598, 584, 1598,
       585, 1599, 156, 1599, 157, 1599, 158, 1599, 582, 1599, 583, 1599,
       584, 1600, 155, 1600, 156, 1600, 157, 1600, 158, 1600, 159, 1600,
       584, 1601, 156, 1601, 157, 1601, 158, 1608, 991, 1608, 992, 1609,
       990, 1609, 991, 1609, 992, 1609, 993, 1610, 751, 1610, 992, 1610,
       1114, 1610, 1115, 1610, 1116, 1610, 1117, 1611, 749, 1611, 750,
       1611, 751, 1611, 752, 1611, 1114, 1611, 1115, 1611, 1116, 1611,
       1538, 1611, 1539, 1612, 750, 1612, 751, 1612, 752, 1612, 1537,
       1612, 1538, 1612, 1539, 1631, 1839, 1631, 1840, 1631, 1841, 1632,
       1839, 1632, 1840, 1632, 1841, 1635, 571, 1635, 572, 1635, 573,
       1635, 574, 1636, 571, 1636, 572, 1636, 573, 1636, 574, 1638, 1004,
       1638, 1005, 1638, 1006, 1638, 1007, 1639, 1004, 1639, 1005, 1639,
       1006, 1646, 1104, 1646, 1105, 1646, 1118, 1646, 1119, 1646, 1120,
       1646, 1132, 1646, 1133, 1646, 1134, 1646, 1135, 1646, 1136, 1647,
       1103, 1647, 1104, 1647, 1105, 1647, 1118, 1647, 1119, 1647, 1120,
       1647, 1121, 1647, 1133, 1647, 1134, 1647, 1135, 1648, 1105, 1661,
       1098, 1661, 1099, 1661, 1100, 1661, 1133, 1661, 1134, 1661, 1135,
       1661, 1136, 1662, 1097, 1662, 1098, 1662, 1099, 1662, 1100, 1662,
       1117, 1662, 1118, 1662, 1119, 1662, 1120, 1662, 1133, 1662, 1134,
       1662, 1135, 1662, 1136, 1663, 1099, 1663, 1100, 1663, 1117, 1663,
       1118, 1663, 1119, 1663, 1120, 1665, 11, 1665, 12, 1665, 13, 1666,
       10, 1666, 11, 1666, 12, 1666, 13, 1677, 1120, 1678, 1119, 1678,
       1120, 1678, 1121, 1679, 1118, 1679, 1119, 1679, 1120, 1682, 1097,
       1682, 1098, 1682, 1099, 1682, 1100, 1683, 1098, 1683, 1099, 1683,
       1100, 1688, 73, 1688, 74, 1689, 71, 1689, 72, 1689, 73, 1690, 72,
