%YAML:1.0
---
corners: !!opencv-matrix
   rows: 1508
   cols: 2
   dt: i
   data: [ 10, 865, 11, 863, 11, 864, 11, 865, 11, 866, 12, 862, 12, 863,
       12, 864, 12, 865, 12, 866, 13, 858, 13, 860, 13, 865, 13, 866, 28,
       565, 28, 566, 28, 568, 28, 569, 29, 565, 29, 567, 29, 568, 29,
       569, 30, 562, 30, 563, 30, 566, 30, 568, 30, 569, 30, 570, 31,
       571, 35, 157, 35, 158, 36, 157, 36, 158, 36, 159, 37, 159, 38,
       1195, 38, 1196, 38, 1197, 39, 1196, 39, 1197, 39, 1198, 40, 1190,
       40, 1191, 40, 1192, 40, 1193, 40, 1194, 40, 1197, 41, 1191, 41,
       1198, 103, 1597, 104, 1597, 104, 1598, 104, 1599, 105, 1596, 105,
       1598, 105, 1599, 105, 1600, 106, 1591, 106, 1592, 106, 1593, 106,
       1594, 106, 1595, 106, 1596, 106, 1599, 111, 408, 112, 409, 112,
       410, 112, 411, 112, 412, 113, 406, 113, 407, 113, 408, 113, 409,
       113, 411, 113, 412, 113, 413, 114, 405, 114, 406, 114, 411, 114,
       412, 114, 413, 115, 414, 132, 716, 133, 715, 133, 716, 134, 713,
       134, 714, 134, 715, 134, 716, 134, 717, 135, 710, 135, 716, 135,
       717, 135, 718, 151, 1363, 151, 1365, 152, 1362, 152, 1364, 152,
       1365, 152, 1366, 152, 1367, 153, 1359, 153, 1360, 153, 1361, 153,
       1362, 153, 1363, 153, 1365, 153, 1366, 154, 1358, 154, 1367, 170,
       1000, 171, 997, 171, 998, 171, 999, 171, 1000, 172, 995, 172, 996,
       172, 997, 172, 999, 172, 1000, 172, 1001, 173, 993, 173, 994, 173,
       1000, 173, 1001, 174, 1002, 224, 1550, 224, 1552, 225, 1549, 225,
       1550, 225, 1551, 225, 1552, 225, 1553, 226, 1547, 226, 1549, 226,
       1550, 226, 1551, 226, 1552, 226, 1553, 227, 1545, 227, 1546, 227,
       1547, 227, 1552, 227, 1554, 276, 198, 277, 195, 277, 196, 277,
       197, 277, 198, 277, 199, 278, 193, 278, 194, 278, 195, 278, 196,
       278, 198, 278, 199, 278, 200, 279, 192, 279, 201, 324, 401, 324,
       402, 325, 400, 325, 401, 325, 402, 325, 403, 326, 397, 326, 398,
       326, 399, 326, 400, 326, 402, 326, 403, 326, 404, 327, 396, 327,
       397, 327, 405, 342, 891, 342, 892, 342, 893, 343, 889, 343, 890,
       343, 891, 343, 892, 343, 893, 343, 894, 344, 888, 344, 889, 344,
       890, 344, 893, 344, 894, 345, 886, 345, 887, 345, 895, 355, 1204,
       355, 1205, 355, 1206, 356, 1204, 356, 1205, 356, 1206, 356, 1207,
       357, 1200, 357, 1201, 357, 1202, 357, 1203, 357, 1204, 357, 1206,
       357, 1207, 358, 5, 358, 6, 358, 7, 358, 1200, 358, 1206, 359, 3,
       359, 4, 359, 5, 359, 6, 359, 7, 359, 8, 360, 8, 360, 9, 360, 10,
       376, 654, 376, 656, 376, 657, 376, 658, 377, 652, 377, 653, 377,
       654, 377, 655, 377, 657, 377, 658, 377, 659, 378, 651, 378, 652,
       378, 659, 378, 660, 429, 1451, 429, 1452, 429, 1453, 430, 1449,
       430, 1450, 430, 1452, 430, 1453, 430, 1454, 431, 1446, 431, 1447,
       431, 1453, 431, 1454, 432, 12, 432, 14, 432, 15, 432, 16, 432,
       1454, 433, 12, 433, 13, 433, 14, 433, 15, 433, 16, 433, 17, 434,
       10, 434, 11, 434, 16, 434, 17, 434, 18, 435, 9, 457, 325, 457,
       326, 458, 323, 458, 324, 458, 325, 458, 326, 458, 327, 459, 322,
       459, 324, 459, 327, 459, 328, 460, 320, 460, 329, 464, 1041, 465,
       1038, 465, 1040, 465, 1041, 465, 1042, 466, 1038, 466, 1039, 466,
       1041, 466, 1042, 466, 1043, 467, 1036, 467, 1037, 467, 1042, 467,
       1043, 467, 1044, 480, 34, 480, 38, 481, 36, 481, 37, 481, 38, 481,
       39, 482, 32, 482, 33, 482, 35, 482, 36, 482, 38, 482, 39, 482, 40,
       483, 31, 483, 41, 484, 847, 485, 845, 485, 846, 485, 847, 485,
       848, 486, 843, 486, 844, 486, 845, 486, 846, 486, 847, 486, 848,
       486, 849, 487, 841, 487, 842, 487, 847, 487, 848, 556, 226, 557,
       222, 557, 223, 557, 224, 557, 225, 557, 226, 558, 221, 558, 222,
       558, 223, 558, 225, 558, 226, 558, 227, 558, 529, 559, 219, 559,
       221, 559, 229, 559, 526, 559, 527, 559, 528, 559, 529, 559, 530,
       560, 524, 560, 529, 560, 530, 560, 531, 561, 523, 598, 34, 598,
       37, 599, 35, 599, 36, 599, 37, 599, 38, 599, 39, 600, 32, 600, 33,
       600, 34, 600, 35, 600, 36, 600, 37, 600, 38, 600, 39, 601, 31,
       601, 32, 601, 41, 603, 1540, 603, 1541, 603, 1542, 604, 1539, 604,
       1540, 604, 1541, 604, 1542, 604, 1543, 605, 1537, 605, 1538, 605,
       1539, 605, 1540, 605, 1542, 605, 1543, 606, 1536, 606, 1544, 607,
       1202, 608, 1201, 608, 1202, 608, 1203, 609, 1198, 609, 1199, 609,
       1200, 609, 1201, 609, 1202, 609, 1203, 609, 1204, 610, 1196, 610,
       1197, 610, 1203, 610, 1204, 610, 1205, 620, 704, 621, 701, 621,
       702, 621, 703, 621, 704, 621, 705, 622, 699, 622, 700, 622, 701,
       622, 702, 622, 704, 622, 705, 622, 706, 623, 698, 653, 378, 654,
       377, 654, 378, 654, 379, 655, 374, 655, 375, 655, 376, 655, 378,
       655, 379, 655, 380, 656, 372, 656, 373, 656, 381, 677, 925, 678,
       922, 678, 923, 678, 924, 678, 925, 678, 926, 679, 921, 679, 922,
       679, 923, 679, 924, 679, 925, 679, 926, 680, 919, 680, 920, 680,
       927, 740, 11, 741, 8, 741, 9, 741, 10, 741, 11, 741, 12, 742, 6,
       742, 7, 742, 8, 742, 9, 742, 11, 742, 12, 742, 13, 743, 5, 823,
       85, 824, 81, 824, 83, 824, 84, 824, 85, 824, 86, 825, 33, 825, 34,
       825, 81, 825, 82, 825, 83, 825, 84, 825, 85, 825, 86, 825, 87,
       826, 30, 826, 31, 826, 32, 826, 33, 826, 34, 826, 35, 826, 79,
       826, 80, 826, 87, 827, 28, 827, 29, 827, 31, 827, 33, 827, 34,
       827, 35, 828, 27, 828, 28, 828, 36, 897, 35, 898, 31, 898, 33,
       898, 34, 898, 35, 898, 36, 899, 30, 899, 31, 899, 32, 899, 33,
       899, 34, 899, 35, 899, 36, 899, 37, 900, 29, 900, 30, 932, 84,
       933, 80, 933, 81, 933, 82, 933, 83, 933, 84, 933, 85, 934, 79,
       934, 80, 934, 81, 934, 83, 934, 84, 934, 85, 934, 86, 935, 77,
       935, 78, 938, 183, 938, 184, 938, 185, 939, 181, 939, 182, 939,
       183, 939, 184, 939, 185, 939, 186, 940, 180, 940, 181, 940, 186,
       940, 187, 941, 197, 941, 200, 942, 197, 942, 198, 942, 199, 942,
       200, 942, 201, 943, 195, 943, 196, 943, 197, 943, 198, 943, 201,
       943, 202, 943, 203, 944, 194, 956, 205, 956, 206, 957, 202, 957,
       203, 957, 204, 957, 205, 957, 206, 957, 207, 958, 200, 958, 201,
       958, 202, 958, 203, 958, 204, 958, 206, 958, 207, 958, 208, 959,
       200, 959, 201, 971, 219, 971, 221, 971, 222, 971, 223, 972, 192,
       972, 204, 972, 206, 972, 207, 972, 208, 972, 218, 972, 219, 972,
       220, 972, 221, 972, 222, 972, 223, 972, 224, 973, 189, 973, 191,
       973, 192, 973, 193, 973, 203, 973, 204, 973, 205, 973, 206, 973,
       207, 973, 208, 973, 209, 973, 216, 973, 217, 973, 218, 973, 223,
       973, 225, 974, 187, 974, 188, 974, 189, 974, 190, 974, 192, 974,
       193, 974, 194, 974, 201, 974, 202, 974, 210, 975, 186, 975, 187,
       975, 195, 1272, 153, 1272, 174, 1272, 186, 1272, 189, 1272, 190,
       1273, 152, 1273, 153, 1273, 154, 1273, 155, 1273, 171, 1273, 172,
       1273, 173, 1273, 174, 1273, 175, 1273, 187, 1273, 188, 1273, 189,
       1273, 190, 1273, 191, 1274, 149, 1274, 150, 1274, 151, 1274, 153,
       1274, 154, 1274, 155, 1274, 156, 1274, 169, 1274, 170, 1274, 171,
       1274, 172, 1274, 174, 1274, 175, 1274, 176, 1274, 184, 1274, 185,
       1274, 186, 1274, 187, 1274, 189, 1274, 190, 1274, 191, 1275, 147,
       1275, 148, 1275, 149, 1275, 169, 1275, 184, 1287, 189, 1288, 172,
       1288, 173, 1288, 174, 1288, 186, 1288, 187, 1288, 188, 1288, 189,
       1288, 190, 1289, 170, 1289, 171, 1289, 172, 1289, 173, 1289, 174,
       1289, 184, 1289, 185, 1289, 186, 1289, 187, 1289, 189, 1289, 190,
       1289, 191, 1290, 168, 1290, 169, 1290, 171, 1290, 173, 1290, 174,
       1290, 175, 1290, 183, 1290, 184, 1291, 167, 1291, 168, 1293, 150,
       1293, 153, 1293, 154, 1294, 150, 1294, 151, 1294, 152, 1294, 153,
       1294, 154, 1294, 155, 1295, 148, 1295, 149, 1295, 150, 1295, 151,
       1295, 154, 1295, 155, 1296, 147, 1296, 148, 1302, 183, 1302, 184,
