%YAML:1.0
---
corners: !!opencv-matrix
   rows: 964
   cols: 2
   dt: i
   data: [ 567, 1390, 567, 1391, 576, 969, 577, 968, 577, 969, 583, 1800,
       584, 1800, 597, 633, 597, 634, 598, 535, 598, 536, 598, 634, 601,
       878, 601, 879, 602, 878, 602, 879, 604, 276, 604, 277, 608, 437,
       608, 438, 609, 438, 620, 370, 622, 751, 622, 752, 629, 1617, 653,
       2045, 654, 2045, 664, 536, 665, 536, 665, 537, 686, 350, 686, 351,
       687, 351, 691, 951, 691, 952, 695, 732, 695, 733, 696, 733, 696,
       1825, 696, 1826, 697, 1549, 697, 1825, 697, 1826, 698, 1549, 701,
       462, 719, 634, 720, 634, 724, 850, 725, 850, 729, 1705, 729, 1706,
       730, 1705, 730, 1706, 751, 1461, 751, 1462, 759, 2039, 760, 272,
       760, 273, 760, 2039, 763, 944, 763, 945, 764, 944, 764, 945, 772,
       432, 772, 433, 774, 732, 774, 733, 775, 732, 775, 733, 800, 838,
       801, 838, 801, 839, 803, 642, 805, 541, 823, 975, 823, 976, 824,
       975, 824, 976, 825, 348, 826, 348, 826, 349, 832, 1430, 832, 1431,
       833, 1431, 844, 490, 844, 491, 846, 1649, 847, 1649, 859, 1929,
       897, 446, 903, 2068, 903, 2069, 904, 2069, 921, 557, 921, 558,
       927, 1061, 927, 1062, 927, 1077, 927, 1078, 928, 258, 928, 1061,
       928, 1062, 928, 1078, 929, 258, 929, 365, 931, 1089, 931, 1090,
       932, 1089, 932, 1090, 933, 1125, 933, 1126, 934, 1125, 934, 1126,
       935, 1859, 936, 1517, 936, 1859, 937, 1516, 937, 1517, 943, 1077,
       943, 1089, 943, 1090, 944, 1090, 945, 660, 945, 661, 945, 672,
       946, 672, 946, 673, 951, 684, 951, 1066, 955, 1078, 955, 1089,
       955, 1090, 956, 1078, 959, 989, 960, 989, 961, 675, 962, 675, 963,
       687, 963, 688, 964, 1126, 965, 1125, 965, 1126, 967, 1422, 968,
       1422, 972, 659, 973, 658, 973, 659, 974, 675, 975, 686, 975, 687,
       993, 304, 993, 1750, 993, 1751, 994, 304, 994, 1074, 994, 1750,
       994, 1751, 996, 1126, 997, 860, 997, 1126, 999, 719, 999, 720,
       1008, 541, 1008, 983, 1015, 2023, 1015, 2024, 1026, 1590, 1027,
       453, 1027, 1590, 1028, 704, 1028, 705, 1028, 1126, 1029, 705,
       1030, 368, 1031, 368, 1031, 369, 1036, 1027, 1037, 1027, 1037,
       1028, 1038, 837, 1039, 837, 1055, 1117, 1055, 1128, 1055, 1129,
       1055, 1140, 1055, 1141, 1057, 696, 1057, 697, 1058, 696, 1058,
       697, 1060, 1039, 1067, 1113, 1067, 1128, 1067, 1129, 1067, 1140,
       1067, 1141, 1068, 1113, 1068, 1128, 1068, 1129, 1080, 1129, 1082,
       254, 1083, 254, 1083, 1113, 1084, 1113, 1101, 302, 1106, 891,
       1106, 892, 1137, 968, 1154, 910, 1154, 911, 1156, 777, 1157, 422,
       1157, 423, 1158, 422, 1158, 423, 1162, 1000, 1162, 1001, 1170,
       541, 1171, 540, 1171, 541, 1173, 1443, 1174, 1443, 1177, 1850,
       1178, 1850, 1184, 1031, 1184, 1032, 1185, 1031, 1185, 1032, 1193,
       1636, 1193, 1637, 1193, 2089, 1194, 859, 1194, 2088, 1194, 2089,
       1195, 859, 1202, 1341, 1202, 1342, 1213, 919, 1214, 919, 1215,
       1057, 1215, 1058, 1236, 333, 1236, 334, 1239, 781, 1240, 781,
       1252, 812, 1252, 813, 1253, 937, 1253, 938, 1255, 1524, 1255,
       1525, 1257, 723, 1258, 723, 1258, 724, 1267, 1744, 1267, 1745,
       1272, 1071, 1272, 1072, 1272, 1083, 1272, 1084, 1275, 1056, 1276,
       1055, 1276, 1056, 1280, 402, 1281, 401, 1281, 402, 1282, 673,
       1282, 685, 1282, 697, 1284, 1071, 1284, 1083, 1284, 1084, 1287,
       1055, 1287, 1056, 1288, 1055, 1288, 1056, 1291, 1949, 1292, 256,
       1292, 1949, 1293, 255, 1293, 256, 1293, 669, 1293, 697, 1294, 669,
       1294, 684, 1294, 685, 1294, 697, 1295, 1079, 1296, 1079, 1299,
       779, 1299, 780, 1299, 1055, 1299, 1056, 1300, 779, 1300, 780,
       1305, 697, 1306, 697, 1309, 669, 1310, 669, 1311, 959, 1311, 960,
       1312, 959, 1312, 960, 1312, 992, 1312, 993, 1315, 876, 1315, 877,
       1316, 876, 1316, 877, 1320, 522, 1348, 939, 1364, 808, 1364, 809,
       1367, 1050, 1367, 1051, 1373, 456, 1373, 457, 1377, 1374, 1378,
       1374, 1394, 336, 1399, 862, 1400, 515, 1400, 862, 1400, 863, 1401,
       515, 1410, 1521, 1411, 1521, 1411, 1522, 1418, 1873, 1418, 1874,
       1419, 1873, 1419, 1874, 1425, 2098, 1425, 2099, 1441, 751, 1442,
       751, 1442, 880, 1443, 880, 1446, 1705, 1461, 920, 1462, 920, 1482,
       846, 1485, 1010, 1485, 1011, 1486, 1010, 1486, 1011, 1499, 402,
       1499, 725, 1507, 1982, 1509, 1469, 1510, 1468, 1510, 1469, 1521,
       738, 1521, 739, 1522, 739, 1523, 291, 1524, 291, 1524, 1842, 1524,
       1843, 1526, 978, 1526, 979, 1526, 1117, 1526, 1133, 1526, 1134,
       1526, 1145, 1527, 979, 1527, 1117, 1527, 1133, 1527, 1145, 1528,
       938, 1529, 938, 1529, 939, 1535, 790, 1535, 791, 1538, 1117, 1538,
       1145, 1539, 1117, 1539, 1133, 1545, 876, 1551, 1133, 1551, 1134,
       1554, 1117, 1555, 1117, 1560, 683, 1561, 682, 1561, 683, 1561,
       694, 1561, 695, 1562, 706, 1562, 707, 1577, 698, 1578, 495, 1578,
       710, 1579, 495, 1579, 496, 1582, 1615, 1582, 1616, 1583, 1398,
       1584, 1131, 1584, 1132, 1584, 1398, 1584, 1399, 1586, 940, 1586,
       941, 1589, 686, 1589, 697, 1589, 698, 1590, 698, 1590, 709, 1590,
       710, 1595, 428, 1595, 429, 1610, 2099, 1611, 2098, 1611, 2099,
       1613, 979, 1614, 1087, 1614, 1131, 1614, 1132, 1615, 1131, 1615,
       1132, 1616, 1059, 1618, 741, 1618, 1071, 1619, 1071, 1622, 252,
       1622, 253, 1623, 253, 1625, 1741, 1625, 1742, 1626, 1742, 1628,
       342, 1629, 342, 1629, 559, 1630, 1076, 1630, 1088, 1630, 1089,
       1631, 1076, 1631, 1089, 1632, 851, 1632, 852, 1633, 852, 1642,
       1089, 1643, 1065, 1643, 1077, 1644, 1065, 1644, 1066, 1645, 1132,
       1646, 1132, 1653, 1509, 1664, 1900, 1664, 1901, 1665, 1901, 1677,
       1132, 1715, 460, 1717, 374, 1717, 375, 1721, 235, 1722, 235, 1722,
       236, 1756, 564, 1890, 257, 1890, 258, 1890, 269, 1890, 270, 1891,
       258, 1891, 270, 1894, 241, 1894, 242, 1894, 1054, 1894, 1055,
       1894, 1071, 1894, 1083, 1895, 241, 1895, 242, 1902, 257, 1902,
       269, 1902, 270, 1903, 257, 1903, 269, 1903, 270, 1905, 363, 1906,
       244, 1906, 245, 1906, 363, 1906, 364, 1906, 883, 1906, 884, 1906,
       1083, 1907, 245, 1907, 884, 1907, 1070, 1907, 1071, 1908, 685,
       1911, 1054, 1911, 1055, 1914, 269, 1915, 269, 1918, 241, 1918,
       1079, 1919, 241, 1922, 1055, 1923, 584, 1923, 1054, 1923, 1055,
       1924, 584, 1924, 585, 1939, 464, 1940, 464, 1940, 465, 1944, 1723,
       1944, 1724, 1945, 1723, 1945, 1724, 1955, 777, 1976, 1285, 1977,
       1285, 1978, 536, 1979, 536, 1980, 1905, 1980, 1906, 1992, 392,
       1992, 393, 1993, 393, 1996, 695, 1996, 696, 1997, 696, 2003, 935,
       2004, 935, 2012, 1556, 2012, 1557, 2014, 621, 2015, 621, 2019,
       320, 2027, 839, 2027, 840, 2038, 994, 2038, 995, 2039, 994, 2039,
       995, 2047, 447, 2061, 548, 2061, 549, 2064, 260, 2065, 260, 2065,
       261, 2076, 706, 2093, 345, 2093, 346, 2094, 345, 2108, 1722, 2109,
       1380, 2109, 1723, 2111, 1024, 2111, 1025, 2129, 804, 2129, 919,
       2129, 920, 2130, 804, 2130, 805, 2130, 919, 2130, 920, 2141, 467,
       2144, 560, 2145, 560, 2145, 561, 2150, 262, 2150, 263, 2151, 263,
       2155, 662, 2156, 661, 2156, 662, 2172, 372, 2172, 373, 2173, 372,
       2173, 373, 2177, 744, 2196, 1506, 2196, 1507, 2197, 1506, 2199,
       858, 2199, 859, 2202, 504, 2203, 504, 2225, 1882, 2225, 1883,
       2231, 976, 2231, 977, 2231, 1295, 2232, 1295, 2234, 547, 2249,
       356, 2249, 713, 2250, 356, 2250, 713, 2258, 438, 2258, 439, 2259,
       439, 2262, 602, 2262, 603, 2262, 1626, 2262, 1627, 2263, 1626,
       2263, 1627, 2269, 288, 2270, 288, 2288, 885, 2288, 886, 2295, 810,
       2313, 540, 2313, 541, 2324, 402, 2328, 673, 2328, 674, 2330, 331,
       2331, 330, 2331, 331, 2334, 1430, 2334, 1431, 2335, 1430, 2335,
       1431, 2340, 1037, 2341, 1037, 2341, 1038, 2360, 1342, 2372, 486,
       2372, 487, 2373, 487, 2376, 831, 2392, 656, 2392, 657, 2392, 1771,
       2392, 1772, 2393, 1772, 2397, 275, 2397, 276, 2399, 424, 2400,
