%YAML:1.0
---
corners: !!opencv-matrix
   rows: 1311
   cols: 2
   dt: i
   data: [ 575, 34, 575, 35, 576, 35, 576, 36, 577, 36, 577, 37, 578, 38,
       578, 39, 591, 195, 592, 194, 592, 195, 593, 195, 593, 196, 594,
       196, 594, 197, 594, 198, 595, 198, 611, 779, 611, 780, 612, 780,
       612, 781, 612, 782, 613, 781, 613, 783, 627, 1522, 627, 1523, 627,
       1524, 628, 1522, 628, 1523, 628, 1524, 628, 1525, 628, 1526, 678,
       520, 679, 519, 679, 520, 679, 521, 680, 521, 680, 522, 680, 523,
       681, 523, 681, 524, 708, 1128, 709, 1128, 709, 1129, 709, 1130,
       710, 1130, 710, 1131, 710, 1132, 724, 14, 724, 15, 725, 14, 725,
       15, 725, 16, 726, 15, 726, 16, 727, 17, 727, 19, 728, 19, 729,
       1396, 730, 1395, 730, 1396, 730, 1397, 730, 1399, 731, 1397, 731,
       1398, 731, 1399, 772, 818, 773, 818, 773, 819, 774, 820, 774, 821,
       774, 822, 778, 424, 778, 425, 779, 424, 779, 425, 779, 426, 780,
       426, 780, 427, 780, 428, 781, 428, 781, 429, 819, 7, 819, 8, 820,
       7, 820, 8, 820, 9, 821, 9, 821, 10, 821, 648, 822, 11, 822, 12,
       822, 648, 822, 649, 822, 650, 823, 649, 823, 650, 823, 651, 823,
       652, 824, 652, 856, 301, 857, 301, 857, 302, 857, 303, 858, 303,
       858, 304, 858, 305, 859, 304, 859, 305, 859, 1122, 859, 1123, 859,
       1124, 860, 1123, 860, 1124, 860, 1125, 860, 1126, 897, 48, 945,
       1333, 945, 1334, 945, 1335, 946, 1332, 946, 1333, 946, 1334, 946,
       1335, 946, 1336, 946, 1337, 966, 1534, 967, 1533, 967, 1534, 967,
       1535, 967, 1536, 967, 1537, 968, 1536, 968, 1537, 972, 259, 972,
       260, 973, 259, 973, 260, 973, 261, 974, 261, 974, 262, 975, 262,
       975, 263, 975, 264, 989, 571, 989, 572, 990, 571, 990, 572, 990,
       573, 990, 574, 991, 573, 991, 575, 991, 576, 993, 575, 1002, 968,
       1002, 969, 1003, 968, 1003, 969, 1003, 970, 1003, 971, 1003, 972,
       1004, 971, 1004, 972, 1063, 1166, 1063, 1167, 1063, 1168, 1063,
       1169, 1064, 1167, 1064, 1169, 1064, 1170, 1064, 1171, 1112, 870,
       1112, 871, 1113, 870, 1113, 871, 1113, 872, 1114, 872, 1114, 873,
       1114, 874, 1117, 1357, 1118, 384, 1118, 385, 1118, 1355, 1118,
       1356, 1118, 1357, 1118, 1358, 1118, 1359, 1119, 384, 1119, 385,
       1119, 386, 1119, 1359, 1119, 1360, 1120, 386, 1120, 387, 1120,
       388, 1121, 387, 1121, 388, 1121, 389, 1162, 251, 1163, 250, 1163,
       251, 1164, 251, 1164, 252, 1164, 253, 1165, 252, 1165, 253, 1165,
       254, 1165, 255, 1195, 718, 1196, 717, 1196, 718, 1196, 719, 1196,
       720, 1197, 720, 1197, 721, 1197, 722, 1199, 722, 1221, 1105, 1221,
       1106, 1222, 1104, 1222, 1105, 1222, 1106, 1222, 1107, 1222, 1108,
       1222, 1109, 1223, 1108, 1223, 1109, 1224, 1108, 1244, 491, 1244,
       492, 1245, 490, 1245, 491, 1245, 492, 1245, 493, 1246, 493, 1246,
       494, 1246, 495, 1248, 495, 1266, 1550, 1266, 1551, 1266, 1552,
       1267, 1549, 1267, 1550, 1267, 1551, 1267, 1552, 1267, 1553, 1267,
       1554, 1298, 45, 1299, 45, 1299, 46, 1300, 44, 1300, 45, 1300, 46,
       1300, 47, 1301, 47, 1301, 48, 1301, 49, 1301, 50, 1302, 49, 1303,
       50, 1449, 8, 1449, 9, 1450, 8, 1450, 9, 1450, 10, 1451, 10, 1451,
       11, 1451, 13, 1452, 12, 1452, 13, 1453, 862, 1454, 13, 1454, 861,
       1454, 862, 1454, 863, 1454, 864, 1455, 285, 1455, 286, 1455, 864,
       1455, 865, 1455, 866, 1456, 285, 1456, 286, 1456, 287, 1456, 288,
       1457, 288, 1457, 289, 1457, 290, 1457, 866, 1458, 290, 1472, 1198,
       1472, 1199, 1472, 1200, 1473, 1201, 1473, 1202, 1473, 1203, 1474,
       1202, 1479, 560, 1479, 561, 1479, 562, 1480, 561, 1480, 562, 1480,
       563, 1481, 563, 1481, 564, 1481, 565, 1482, 565, 1483, 565, 1497,
       142, 1498, 141, 1499, 142, 1499, 143, 1499, 144, 1500, 144, 1500,
       145, 1500, 146, 1524, 39, 1525, 38, 1525, 39, 1525, 40, 1526, 39,
       1526, 40, 1526, 41, 1527, 41, 1527, 42, 1527, 43, 1527, 44, 1528,
       1607, 1529, 44, 1529, 1605, 1529, 1606, 1529, 1607, 1529, 1608,
       1529, 1609, 1529, 1610, 1530, 1610, 1569, 403, 1570, 402, 1570,
       403, 1570, 404, 1570, 405, 1571, 406, 1571, 407, 1571, 408, 1572,
       13, 1573, 12, 1573, 13, 1573, 14, 1573, 15, 1574, 15, 1574, 16,
       1574, 17, 1574, 18, 1575, 17, 1575, 18, 1577, 18, 1582, 714, 1582,
       715, 1582, 1371, 1582, 1372, 1582, 1373, 1583, 713, 1583, 714,
       1583, 715, 1583, 716, 1583, 1371, 1583, 1372, 1583, 1373, 1583,
       1374, 1583, 1375, 1584, 716, 1584, 717, 1584, 718, 1584, 1375,
       1585, 718, 1586, 718, 1612, 1002, 1612, 1003, 1613, 1001, 1613,
       1002, 1613, 1003, 1613, 1004, 1613, 1005, 1614, 1006, 1615, 1006,
       1653, 1560, 1653, 1561, 1653, 1562, 1653, 1563, 1654, 1560, 1654,
       1563, 1654, 1564, 1654, 1565, 1655, 1565, 1745, 191, 1746, 190,
       1746, 191, 1746, 192, 1747, 191, 1747, 192, 1747, 193, 1747, 194,
       1747, 195, 1748, 193, 1748, 194, 1748, 195, 1748, 196, 1749, 196,
       1789, 400, 1789, 401, 1790, 400, 1790, 401, 1790, 402, 1790, 403,
       1791, 403, 1791, 404, 1791, 405, 1791, 406, 1792, 405, 1792, 899,
       1793, 898, 1793, 899, 1793, 900, 1794, 900, 1794, 901, 1794, 902,
       1796, 1215, 1796, 1216, 1797, 1214, 1797, 1215, 1797, 1216, 1797,
       1217, 1797, 1218, 1797, 1219, 1798, 1219, 1803, 16, 1803, 17,
       1804, 16, 1804, 17, 1805, 16, 1805, 17, 1805, 18, 1805, 19, 1805,
       20, 1806, 19, 1806, 20, 1806, 21, 1808, 22, 1834, 661, 1835, 660,
       1835, 661, 1835, 662, 1835, 663, 1836, 663, 1836, 664, 1836, 665,
       1865, 1465, 1865, 1466, 1865, 1467, 1865, 1468, 1866, 1465, 1866,
       1466, 1866, 1467, 1866, 1468, 1866, 1469, 1866, 1470, 1867, 1467,
       1876, 21, 1877, 20, 1878, 20, 1878, 21, 1878, 22, 1878, 23, 1879,
       22, 1879, 24, 1879, 25, 1879, 26, 1881, 26, 1914, 1052, 1915,
       1051, 1915, 1052, 1915, 1053, 1915, 1054, 1915, 1055, 1916, 1054,
       1916, 1055, 1916, 1056, 1929, 328, 1929, 329, 1930, 328, 1930,
       329, 1930, 330, 1931, 330, 1931, 331, 1931, 332, 1931, 333, 1932,
       333, 1933, 333, 1941, 855, 1941, 856, 1942, 855, 1942, 856, 1942,
       857, 1942, 858, 1943, 858, 1943, 859, 1943, 860, 1944, 860, 1965,
       916, 2026, 537, 2027, 536, 2027, 537, 2028, 536, 2028, 537, 2028,
       538, 2028, 539, 2028, 541, 2029, 539, 2029, 540, 2029, 541, 2036,
       229, 2036, 230, 2036, 231, 2037, 230, 2037, 231, 2037, 232, 2037,
       233, 2037, 234, 2038, 234, 2039, 235, 2041, 1557, 2041, 1558,
       2041, 1559, 2041, 1560, 2041, 1561, 2042, 1557, 2042, 1558, 2042,
       1559, 2042, 1560, 2042, 1561, 2042, 1562, 2043, 1563, 2056, 1217,
       2056, 1218, 2057, 1217, 2057, 1218, 2057, 1219, 2057, 1220, 2057,
       1221, 2057, 1222, 2058, 1221, 2058, 1222, 2059, 1222, 2085, 715,
       2085, 716, 2086, 715, 2086, 716, 2086, 717, 2086, 718, 2086, 719,
       2087, 718, 2087, 719, 2087, 720, 2088, 720, 2129, 388, 2130, 387,
       2130, 388, 2130, 389, 2131, 387, 2131, 388, 2131, 389, 2131, 390,
       2131, 391, 2131, 392, 2132, 392, 2133, 393, 2136, 939, 2136, 940,
       2137, 939, 2137, 940, 2137, 941, 2137, 942, 2138, 943, 2138, 944,
       2139, 944, 2275, 176, 2275, 191, 2276, 155, 2276, 175, 2276, 176,
       2276, 177, 2276, 190, 2276, 191, 2276, 192, 2276, 193, 2276, 194,
       2277, 154, 2277, 155, 2277, 156, 2277, 157, 2277, 175, 2277, 176,
       2277, 177, 2277, 178, 2277, 179, 2277, 180, 2277, 193, 2277, 194,
       2277, 195, 2277, 196, 2277, 197, 2278, 157, 2278, 158, 2278, 159,
       2278, 160, 2278, 179, 2278, 180, 2278, 181, 2278, 196, 2279, 160,
       2280, 160, 2290, 192, 2291, 191, 2291, 192, 2292, 175, 2292, 176,
       2292, 191, 2292, 192, 2292, 193, 2292, 194, 2292, 195, 2292, 196,
       2293, 175, 2293, 176, 2293, 177, 2293, 178, 2293, 179, 2293, 194,
       2293, 195, 2293, 196, 2293, 197, 2294, 178, 2294, 179, 2294, 180,
       2294, 181, 2296, 181, 2297, 155, 2298, 154, 2298, 155, 2298, 156,
       2298, 157, 2298, 158, 2299, 158, 2299, 159, 2299, 160, 2299, 161,
