%YAML:1.0
---
corners: !!opencv-matrix
   rows: 2863
   cols: 2
   dt: i
   data: [ 16, 1402, 16, 1404, 16, 1405, 16, 1406, 17, 1403, 17, 1404,
       30, 1621, 31, 1618, 31, 1621, 31, 1622, 31, 1623, 87, 2034, 88,
       936, 88, 937, 88, 938, 116, 623, 116, 624, 116, 625, 119, 1826,
       119, 1827, 119, 1828, 119, 1829, 120, 1487, 120, 1488, 120, 1489,
       120, 1490, 120, 1491, 120, 1826, 120, 1827, 120, 1829, 121, 836,
       121, 837, 121, 1488, 150, 1394, 150, 1395, 150, 1396, 150, 1397,
       150, 1398, 151, 1395, 159, 929, 159, 930, 159, 931, 159, 932, 159,
       933, 160, 932, 169, 720, 169, 722, 169, 723, 170, 721, 170, 722,
       176, 1718, 176, 1719, 176, 1720, 176, 1721, 177, 1718, 177, 1720,
       177, 1722, 195, 825, 195, 826, 195, 827, 195, 828, 196, 825, 196,
       826, 196, 827, 196, 828, 197, 630, 197, 632, 197, 633, 197, 634,
       197, 1991, 197, 1992, 198, 632, 198, 633, 198, 1988, 198, 1990,
       198, 1991, 198, 1992, 199, 530, 199, 532, 199, 533, 200, 531, 208,
       1560, 208, 1563, 209, 1560, 209, 1561, 209, 1562, 209, 1563, 217,
       961, 217, 962, 217, 963, 217, 964, 218, 961, 218, 962, 218, 963,
       236, 484, 237, 481, 237, 482, 237, 483, 238, 482, 238, 483, 288,
       438, 288, 439, 289, 437, 289, 438, 289, 439, 289, 440, 311, 547,
       311, 548, 311, 549, 312, 547, 312, 548, 312, 549, 312, 550, 313,
       547, 313, 549, 314, 1109, 314, 1110, 315, 1110, 317, 1064, 318,
       250, 318, 252, 318, 254, 318, 1045, 318, 1046, 318, 1047, 318,
       1048, 318, 1061, 318, 1062, 318, 1063, 319, 253, 319, 356, 319,
       357, 319, 358, 319, 1046, 319, 1047, 319, 1063, 320, 358, 320,
       359, 322, 1072, 322, 1074, 322, 1075, 323, 1074, 323, 1075, 333,
       1060, 333, 1061, 333, 1062, 333, 1063, 333, 1075, 333, 1076, 334,
       1062, 334, 1063, 334, 1073, 334, 1074, 334, 1075, 334, 1076, 335,
       650, 336, 662, 340, 673, 340, 674, 341, 673, 341, 1049, 341, 1051,
       341, 1052, 341, 1053, 342, 1051, 342, 1052, 344, 1108, 344, 1109,
       345, 1061, 345, 1062, 345, 1063, 345, 1064, 345, 1065, 345, 1073,
       345, 1074, 345, 1075, 345, 1076, 345, 1077, 345, 1110, 345, 1111,
       346, 1062, 346, 1063, 346, 1075, 348, 976, 349, 973, 349, 974,
       349, 975, 349, 976, 349, 977, 350, 662, 350, 665, 350, 976, 351,
       664, 352, 675, 352, 677, 352, 1415, 352, 1416, 352, 1417, 352,
       1418, 357, 1816, 357, 1817, 357, 1818, 357, 1819, 358, 1816, 358,
       1817, 358, 1818, 358, 1819, 358, 1820, 361, 646, 361, 648, 362,
       648, 362, 663, 362, 665, 363, 664, 363, 665, 363, 674, 363, 676,
       364, 676, 371, 1606, 372, 1605, 372, 1607, 372, 1608, 372, 1609,
       374, 2053, 374, 2054, 374, 2055, 375, 1108, 375, 1109, 375, 1110,
       375, 1111, 375, 1112, 375, 2054, 376, 1109, 376, 1110, 376, 1111,
       379, 1315, 379, 1316, 379, 1317, 379, 1318, 380, 1315, 380, 1316,
       380, 1317, 381, 296, 381, 297, 381, 298, 381, 299, 381, 300, 382,
       296, 382, 297, 382, 298, 382, 299, 382, 300, 382, 1060, 382, 1061,
       383, 298, 383, 1057, 383, 1058, 383, 1059, 383, 1060, 383, 1061,
       385, 846, 385, 847, 385, 848, 385, 849, 386, 708, 386, 709, 386,
       710, 386, 846, 386, 847, 386, 848, 387, 706, 387, 707, 387, 708,
       387, 709, 387, 710, 396, 530, 396, 531, 396, 532, 396, 533, 396,
       534, 396, 968, 396, 969, 396, 970, 396, 971, 397, 531, 397, 532,
       397, 533, 397, 969, 397, 970, 398, 532, 405, 1109, 405, 1110, 405,
       1111, 405, 1112, 406, 1109, 406, 1110, 406, 1111, 406, 1112, 414,
       445, 414, 694, 415, 443, 415, 445, 415, 446, 415, 447, 415, 692,
       415, 693, 415, 694, 415, 695, 416, 445, 416, 446, 416, 693, 416,
       694, 417, 360, 417, 361, 417, 362, 417, 363, 418, 359, 418, 361,
       418, 362, 418, 363, 419, 361, 419, 362, 419, 363, 424, 1012, 424,
       1013, 424, 1014, 424, 1015, 425, 823, 425, 824, 425, 825, 425,
       826, 425, 1012, 425, 1013, 425, 1014, 426, 823, 426, 824, 426,
       825, 426, 826, 427, 824, 431, 1102, 431, 1112, 431, 1113, 431,
       1114, 431, 1115, 431, 1123, 431, 1124, 431, 1125, 431, 1126, 431,
       1127, 431, 1498, 432, 1100, 432, 1101, 432, 1103, 432, 1113, 432,
       1114, 432, 1124, 432, 1125, 432, 1496, 432, 1497, 432, 1498, 442,
       1099, 442, 1126, 443, 683, 443, 684, 443, 685, 443, 686, 443, 687,
       443, 1095, 443, 1097, 443, 1098, 443, 1099, 443, 1112, 443, 1113,
       443, 1114, 443, 1124, 443, 1125, 443, 1126, 444, 685, 444, 686,
       444, 687, 444, 1098, 444, 1111, 444, 1112, 444, 1113, 444, 1114,
       444, 1712, 444, 1713, 444, 1714, 444, 1715, 445, 1712, 445, 1713,
       445, 1714, 445, 1715, 447, 1023, 447, 1024, 447, 1025, 447, 1026,
       448, 1023, 448, 1024, 448, 1025, 455, 1113, 455, 1114, 456, 1112,
       456, 1113, 456, 1114, 456, 1115, 458, 1096, 458, 1098, 458, 1099,
       459, 1096, 459, 1097, 459, 1098, 459, 1099, 467, 249, 467, 250,
       468, 247, 468, 248, 468, 249, 468, 250, 469, 247, 469, 248, 469,
       249, 469, 1914, 469, 1915, 469, 1916, 469, 1917, 469, 1918, 470,
       248, 470, 1914, 485, 297, 486, 294, 486, 295, 486, 296, 486, 297,
       487, 295, 487, 296, 487, 297, 488, 295, 491, 877, 491, 878, 491,
       879, 491, 880, 492, 877, 492, 878, 492, 879, 522, 953, 522, 954,
       522, 955, 522, 956, 523, 954, 538, 897, 538, 898, 538, 899, 539,
       766, 539, 895, 539, 896, 539, 897, 539, 898, 540, 763, 540, 764,
       540, 765, 540, 766, 541, 414, 541, 416, 541, 765, 542, 413, 542,
       414, 542, 415, 542, 416, 543, 414, 543, 415, 546, 985, 546, 986,
       546, 987, 546, 988, 547, 985, 547, 986, 547, 987, 547, 988, 551,
       1346, 551, 1347, 551, 1348, 551, 1349, 551, 1350, 554, 529, 554,
       532, 554, 533, 555, 529, 555, 530, 555, 531, 555, 532, 555, 533,
       556, 531, 556, 532, 569, 1015, 569, 1016, 569, 1017, 569, 1018,
       570, 1017, 577, 847, 578, 844, 578, 845, 578, 846, 578, 847, 578,
       848, 579, 846, 584, 1492, 584, 1493, 584, 1494, 584, 1495, 592,
       1841, 593, 1840, 593, 1841, 593, 1842, 593, 1843, 597, 904, 597,
       905, 597, 906, 597, 907, 598, 904, 598, 905, 598, 906, 598, 907,
       599, 1041, 599, 1043, 599, 1044, 599, 2064, 599, 2065, 600, 1041,
       600, 1042, 600, 1043, 600, 2062, 600, 2064, 600, 2065, 600, 2066,
       618, 327, 618, 328, 619, 324, 619, 325, 619, 326, 619, 327, 619,
       328, 619, 1673, 619, 1674, 619, 1675, 619, 1676, 619, 1677, 620,
       326, 620, 327, 620, 328, 620, 1673, 621, 770, 622, 767, 622, 768,
       622, 769, 622, 770, 623, 768, 634, 798, 634, 799, 634, 800, 634,
       801, 635, 800, 635, 801, 635, 924, 636, 922, 636, 923, 636, 924,
       636, 925, 637, 923, 637, 924, 639, 710, 639, 712, 639, 713, 639,
       714, 640, 710, 640, 712, 640, 713, 655, 1056, 655, 1057, 655,
       1058, 655, 1059, 656, 1055, 656, 1056, 656, 1057, 656, 1058, 656,
       1067, 656, 1068, 656, 1069, 656, 1070, 657, 1067, 657, 1068, 659,
       1039, 659, 1040, 659, 1041, 659, 1042, 659, 1043, 660, 1041, 660,
       1042, 662, 661, 662, 662, 662, 663, 662, 664, 662, 672, 662, 673,
       662, 674, 662, 675, 662, 686, 662, 687, 663, 393, 663, 394, 663,
       395, 663, 660, 663, 661, 663, 662, 663, 663, 663, 664, 663, 672,
       663, 673, 663, 674, 663, 675, 663, 683, 663, 685, 663, 686, 663,
       687, 664, 391, 664, 392, 664, 393, 664, 394, 664, 395, 664, 662,
       664, 674, 664, 685, 664, 686, 665, 393, 665, 394, 667, 1069, 667,
       1070, 668, 1054, 668, 1055, 668, 1056, 668, 1057, 668, 1058, 668,
       1067, 668, 1068, 668, 1069, 668, 1070, 671, 1039, 671, 1040, 671,
       1041, 671, 1042, 672, 1041, 674, 251, 674, 656, 674, 657, 674,
       658, 674, 659, 674, 674, 674, 675, 674, 684, 674, 685, 674, 686,
       674, 687, 675, 248, 675, 249, 675, 250, 675, 251, 675, 656, 675,
       657, 675, 658, 675, 659, 675, 671, 675, 672, 675, 673, 675, 674,
       675, 675, 675, 684, 675, 685, 675, 686, 675, 687, 676, 250, 676,
