%YAML:1.0
---
camera_matrix: !!opencv-matrix
   rows: 3
   cols: 3
   dt: d
   data: [ 2.6129151624637534e+03, 0., 1.8798742616480426e+03, 0.,
       2.6080497139576401e+03, 1.1134603653877307e+03, 0., 0., 1. ]
dist_coeff: !!opencv-matrix
   rows: 1
   cols: 5
   dt: d
   data: [ 1.7146684059757483e-02, 7.7935391733548715e-02,
       4.9134032468281189e-03, -1.1940376124137001e-03,
       -1.7627011201356091e-01 ]
std_intrinsics: !!opencv-matrix
   rows: 18
   cols: 1
   dt: d
   data: [ 2.0308806301610338e+00, 1.7995502841340332e+00,
       3.1635285687783794e+00, 2.9916385794474034e+00,
       2.4419815167492412e-03, 1.1050247824623608e-02,
       4.1022369577003943e-04, 4.2194709263156799e-04,
       1.6571896928500827e-02, 0., 0., 0., 0., 0., 0., 0., 0., 0. ]
std_extrinsics: !!opencv-matrix
   rows: 1104
   cols: 1
   dt: d
   data: [ 1.1894624401642552e-02, 1.1875612745307835e-02,
       6.5740985297692549e-04, 5.3656058803711437e-02,
       5.1121732625647925e-02, 7.5824323616305478e-02,
       1.1376628841681552e-02, 1.1361239576906948e-02,
       6.4449801092683785e-04, 5.3897989654161850e-02,
       5.1365876147566832e-02, 7.5468251289471350e-02,
       4.0900160441782437e-03, 4.1007329984057671e-03,
       7.4356287340500123e-04, 5.0861700210612031e-02,
       4.7263252152277488e-02, 5.3209280592672686e-02,
       1.6102784028718083e-03, 1.6395046614886848e-03,
       7.7431743256662733e-04, 4.4357960015681652e-02,
       4.1271775309249713e-02, 3.5444155635683636e-02,
       1.6217652730648735e-03, 1.6985064553491492e-03,
       7.7607789878985961e-04, 4.4255031010739229e-02,
       4.0998105589854630e-02, 3.6489234121705343e-02,
       1.6438078689532617e-03, 1.7260864853705473e-03,
       7.7306530931597678e-04, 4.3833231865819805e-02,
       4.0602222273746394e-02, 3.6652186898172019e-02,
       1.6394193079015049e-03, 1.6679611773976948e-03,
       7.6869119994484145e-04, 4.3763366280739631e-02,
       4.0637380900358948e-02, 3.6001010647008204e-02,
       1.6432937149662898e-03, 1.6220671464609146e-03,
       7.7820671665872882e-04, 4.3334021094037639e-02,
       4.0129711332551367e-02, 3.5811995951356070e-02,
       1.6501155200829818e-03, 1.5956144199233478e-03,
       7.8208305759948588e-04, 4.2970339529678853e-02,
       3.9710955374415234e-02, 3.5662034861360839e-02,
       1.6627315003380620e-03, 1.5597227013561200e-03,
       7.9172478978960258e-04, 4.2572577410316455e-02,
       3.9193190603502889e-02, 3.5847033245698726e-02,
       1.6709255254822705e-03, 1.5246992287425395e-03,
       8.0314019827904893e-04, 4.2014960683469570e-02,
       3.8593947692933388e-02, 3.5725588347028908e-02,
       1.6678852678202478e-03, 1.5116275864966570e-03,
       8.0904050310482215e-04, 4.1848429466166071e-02,
       3.8435925575005130e-02, 3.5507060855861507e-02,
       1.6502183510341078e-03, 1.4970015593016978e-03,
       8.2199251820734185e-04, 4.2070985207120777e-02,
       3.8620444507913340e-02, 3.4986951343856140e-02,
       4.8500350984115575e-03, 4.9211317782612970e-03,
       6.4319550914709628e-04, 4.9973601901370228e-02,
       4.6831764271102340e-02, 5.6668710124873248e-02,
       1.5882432940599581e-03, 1.4717494648156006e-03,
       8.5009018429510182e-04, 4.1133156618831095e-02,
       3.8044658654089486e-02, 3.1291209889509675e-02,
       1.5637759994205668e-03, 1.4534792458559833e-03,
       8.6512927852551490e-04, 3.9983849411957428e-02,
       3.7163500114242742e-02, 2.8563179529644534e-02,
       1.5714382955797253e-03, 1.4716351408145055e-03,
       8.5947511138617335e-04, 3.9926873305894589e-02,
       3.7277949715383035e-02, 2.7857504857266048e-02,
       1.5793889481720339e-03, 1.4872895008802582e-03,
       8.5540544103255038e-04, 4.0148766583886858e-02,
       3.7547604501118485e-02, 2.7863578108678354e-02,
       1.5816859903706139e-03, 1.4858008787320088e-03,
       8.5590057288746884e-04, 3.9972418287153005e-02,
       3.7320093049403938e-02, 2.7910875438345251e-02,
       1.5347641204973275e-03, 1.4500047244231638e-03,
       8.0191481481051521e-04, 3.6111116550942852e-02,
       3.3545083175983245e-02, 2.4589780436412259e-02,
       1.4951912841924496e-03, 1.4494781840776521e-03,
       7.5841132597599529e-04, 3.3354148835350927e-02,
       3.1242443085258382e-02, 2.3247098552863860e-02,
       1.4670551119523307e-03, 1.4630232883667161e-03,
       7.8681858965017472e-04, 3.4183873163158872e-02,
       3.2082099358981118e-02, 2.5726500331858710e-02,
       1.4726700634113234e-03, 1.4784104291969097e-03,
       7.9633583511885808e-04, 3.4735897582023764e-02,
       3.2664955203025904e-02, 2.7212127183059015e-02,
       1.6019979924273892e-03, 1.5851607411689395e-03,
       7.3898213643692914e-04, 3.4971754820273662e-02,
       3.3306801075321121e-02, 2.7919101199299204e-02,
       6.0404017249039502e-03, 6.0968762675259460e-03,
       5.9052633087176604e-04, 4.9686999299641071e-02,
       4.7043597371325338e-02, 6.0215536895524592e-02,
       2.0955794728485487e-03, 2.0168499544244108e-03,
       6.8500564197289827e-04, 3.9802457201663734e-02,
       3.8066467874983530e-02, 3.3848877924080471e-02,
       2.4716825907468943e-03, 2.3853889975277288e-03,
       6.9257613999554909e-04, 4.3533595181340166e-02,
       4.1580917593692500e-02, 3.8340319709062827e-02,
       2.6751539293156570e-03, 2.5854475721679886e-03,
       6.5762086303839686e-04, 4.4001548261761544e-02,
       4.1748027221958618e-02, 3.7822869014543313e-02,
       2.8615404901116632e-03, 2.7985098749340855e-03,
       6.3481527775337157e-04, 4.4732136926359307e-02,
       4.2373852407190812e-02, 3.9567366592950820e-02,
       3.0961551094172762e-03, 3.0731965775181811e-03,
       7.1816552806614647e-04, 4.6017187796119560e-02,
       4.3963147604972969e-02, 4.3651480733370142e-02,
       3.3244294951420440e-03, 3.3063994701079623e-03,
       7.2762065128927468e-04, 4.6645879917314823e-02,
       4.4841580290672693e-02, 4.5292614950162291e-02,
       2.8702677419397099e-03, 2.8617968459297388e-03,
       7.3928165058175974e-04, 4.6036149157383646e-02,
       4.4081301866301222e-02, 4.4158656447598560e-02,
       2.4305151839062789e-03, 2.4181186702483060e-03,
       7.6630234416276194e-04, 4.5233197285593829e-02,
       4.3224804703700041e-02, 4.1762713849913709e-02,
       2.2686507881382770e-03, 2.2780705137696680e-03,
       7.8543044634530614e-04, 4.4523101764111457e-02,
       4.2334621765763553e-02, 4.1349146581241364e-02,
       2.1643373031784243e-03, 2.1895806190966047e-03,
       8.3081708159850256e-04, 4.4339890871168602e-02,
       4.2296290241244795e-02, 4.1329458001236281e-02,
       7.8264221073697064e-03, 7.8432117305582746e-03,
       6.8591900736275863e-04, 4.9810638670778458e-02,
       4.7474230265166492e-02, 6.3617063857165743e-02,
       2.1162252407099045e-03, 2.1387368758491671e-03,
       8.2460135436562658e-04, 4.3834999658439483e-02,
       4.1745503822220205e-02, 4.0532437144804818e-02,
       2.0323415106266833e-03, 2.0494780536452909e-03,
       8.1422453917842240e-04, 4.2863055696376370e-02,
       4.0837668654339430e-02, 3.8726345308357064e-02,
       1.9938001204380319e-03, 2.0071664706737768e-03,
       8.1904970867400281e-04, 4.1939935182330912e-02,
       4.0157588587661178e-02, 3.7777904277315928e-02,
       1.9723001609327538e-03, 1.9809346979038169e-03,
       8.1428245198994845e-04, 4.1548096864563740e-02,
       3.9876551781794459e-02, 3.7246582680666801e-02,
       1.9663778923730158e-03, 1.9582682041483987e-03,
       7.5572324075938555e-04, 4.1564711532980865e-02,
       3.9800587987259932e-02, 3.7277512777772234e-02,
       1.9406645741856555e-03, 1.9233374530997728e-03,
       7.0516689545559608e-04, 4.1506765508714204e-02,
       3.9692050026970127e-02, 3.8827541640601607e-02,
       1.9195048192474065e-03, 1.9106684677480034e-03,
       6.9867408735941629e-04, 4.1266102701367859e-02,
       3.9584248634671346e-02, 3.9846153697144122e-02,
       1.9107545228024333e-03, 1.9158447144470405e-03,
