%YAML:1.0
---
summary: "Filter by time and points, rd=20, rs=0, sp=5, sf=3."
init_cam_calib: C99-1010_3p_3
camera_matrix: !!opencv-matrix
   rows: 3
   cols: 3
   dt: d
   data: [ 2.5722237226987236e+03, 0., 1.8840826894776005e+03, 0.,
       2.5667751979756204e+03, 1.0851577430982081e+03, 0., 0., 1. ]
dist_coeff: !!opencv-matrix
   rows: 5
   cols: 1
   dt: d
   data: [ 1.6871876011720494e-02, -3.4675189212245931e-02,
       -7.1848096731510342e-04, -1.3815993449355387e-03,
       2.8107765665438541e-02 ]
rvec: !!opencv-matrix
   rows: 108
   cols: 3
   dt: d
   data: [ -3.0303320156995799e+00, 1.6502239829066085e-02,
       3.9775731600892438e-03, -3.0536339479204493e+00,
       7.1845773647260580e-02, -6.2428372720711639e-02,
       -3.0387411042648647e+00, 4.4742049438502990e-03,
       -3.6207236430617261e-02, -3.0903471341542010e+00,
       5.5985949218242903e-02, -1.9448275893665500e-02,
       3.0811804554090876e+00, -3.8664965511980613e-02,
       1.0234325727730982e-02, 3.0806275960196907e+00,
       -3.2941955944531726e-02, 5.0637531356421440e-03,
       3.0909374313911582e+00, -2.3822653016393868e-02,
       1.9875324742697494e-02, 3.1036036109732055e+00,
       -4.5322386829489691e-03, 4.8489825714256612e-02,
       -3.0662354498356015e+00, 2.7095481410018423e-02,
       -5.2674498215763525e-02, -2.9790659136494195e+00,
       3.1834028077729171e-02, -8.3804463040963256e-02,
       -2.9418733052547283e+00, 1.4000613588969693e-01,
       -1.1363924956309637e-01, -2.9577745564713709e+00,
       9.4132981780718758e-02, -6.4707285870789527e-02,
       -2.9101975215866811e+00, 1.2841709450186287e-01,
       -1.5120082856473781e-02, -2.8489822907103504e+00,
       1.2306171412342916e-01, -2.1994765859961789e-02,
       -2.9423341516615440e+00, 5.5144277601246211e-02,
       9.6465046804692492e-02, 3.0903622831449393e+00,
       -1.8574552811715609e-02, -7.8620501328574843e-02,
       3.1117653448303004e+00, 1.9944029014751622e-02,
       -2.9135254943627918e-02, 3.1330064576721974e+00,
       -4.6690023253983500e-03, -4.1875762251746981e-02,
       3.1078080925779372e+00, -9.3014704389823788e-02,
       -7.7347113421545752e-02, 2.9630920798106986e+00,
       -1.0951039052618333e-01, 4.5577785931916776e-01,
       2.9733299354513010e+00, -1.3877102277232550e-01,
       4.2383605495172361e-01, 3.0715403841980997e+00,
       -6.6900813285125801e-02, -1.4267710182282256e-01,
       -3.0428518902569475e+00, -9.5477107011783954e-02,
       7.1879952985358120e-01, -2.9526926917414809e+00,
       -6.3233511077594694e-03, 7.7528993324897510e-01,
       -2.9362645362372244e+00, -6.2871237340189720e-02,
       8.5523448580927852e-01, -2.9833032927334449e+00,
       -2.4838595411720821e-03, 8.6667331975471440e-01,
       2.9811926502355148e+00, 7.5438898011190589e-03,
       -8.5707678252619612e-01, 2.9639909512398837e+00,
       -1.5696864689956614e-03, -8.5790762758729511e-01,
       2.9959942163544846e+00, -5.2267700886393783e-03,
       -8.4636551503111424e-01, 3.0229916411327120e+00,
       2.7407652916128795e-02, -8.4590637360365684e-01,
       -2.9825222733476004e+00, -4.9685033646563397e-02,
       7.9630145105514250e-01, -2.7110164613281706e+00,
       3.2637753901590266e-02, 6.2597975451622390e-01,
       -2.7336857524014304e+00, 3.1177775883855650e-02,
       6.9903975862249768e-01, -2.7316051268167070e+00,
       4.5169096701770245e-02, 7.2012858534923374e-01,
       -2.8722179469969902e+00, 1.2038163245694079e-01,
       7.7882248552498989e-01, 2.9897359156698236e+00,
       -8.3676100413196883e-02, -7.7152684288498274e-01,
       2.9822463551545084e+00, -5.3621600321585808e-03,
       -7.7113703881111029e-01, 2.9530790309259727e+00,
       -5.6796885930635477e-02, -7.8501378045847003e-01,
       2.9751484874071701e+00, 1.1821152027237991e-02,
       -8.1713313694069800e-01, -2.9421859785896847e+00,
       -4.9668243225470698e-02, 9.9570628094765823e-01,
       -2.9024401003206668e+00, -4.6104188697092881e-02,
       1.0869494669031379e+00, -2.9281042439150613e+00,
       -8.1610808373517186e-03, 1.1178053227521725e+00,
       2.8591067558056302e+00, 1.5334123339585840e-02,
       -1.3422366372683996e+00, 2.7496677483278744e+00,
       4.3196386030700785e-02, -1.4699115092711454e+00,
       -2.6359821692491732e+00, -8.1688863200496897e-02,
       1.7073459635193837e+00, 2.7750624854178803e+00,
       4.7390547052903291e-02, -1.4447783366937770e+00,
       2.6706945898225150e+00, -2.6386027560184058e-02,
       -1.4346571977275941e+00, 2.6591374119156943e+00,
       -1.6862344183976301e-02, -1.4397225336405761e+00,
       -2.7159086076028078e+00, -5.9099336974692976e-03,
       1.4563742524063417e+00, -2.5922413365312877e+00,
       -4.2745119587940604e-02, 1.4695691534739037e+00,
       -2.5336478794638975e+00, -5.9083959025797148e-02,
       1.5320183625344259e+00, -2.5842356457895148e+00,
       -3.3617824051081220e-02, 1.4793083022134339e+00,
       2.7404959193514524e+00, -8.2616619210396841e-02,
       -1.4974808812852507e+00, 2.6827138856824972e+00,
       -5.1592221856324304e-02, -1.5557712164677466e+00,
       2.6551427235181144e+00, -3.6158936188877527e-02,
       -1.6639348707973940e+00, -2.6655969121620151e+00,
       -2.5229872972472749e-02, 1.5918529758750044e+00,
       -2.8542536010377670e+00, 3.6458663183915510e-02,
       1.1656097424558125e+00, -2.8104650449726063e+00,
       6.8731465276733822e-02, 1.0118549473756226e+00,
       -2.9455276964465025e+00, 1.1528192347600362e-01,
       7.5822833664907163e-01, -3.0298960781432034e+00,
       7.7658237854234494e-02, 5.7531138946574722e-01,
       -3.0876126699603201e+00, -8.7729323976371894e-03,
       2.8155552148365259e-01, -3.0737834218250391e+00,
       -3.8274212438858007e-02, 1.1231833491159479e-01,
       3.0927386576205724e+00, 4.1483057187034302e-02,
       -4.6849508690539993e-01, -3.0749830193631875e+00,
       1.6948655903287011e-02, 4.9966911188031804e-01,
       -6.5278299587285829e-02, -3.1083878671656135e+00,
       -4.1835240773102168e-02, -2.9696948193270449e+00,
       1.6326257336444036e-01, -9.8466560102217149e-01,
       -2.8641083519907848e+00, 1.1488772186866306e-01,
       -1.1606909881015888e+00, -2.9233685556688633e+00,
       3.1231057205029382e-02, -1.1278348278228887e+00,
       2.9004068679627699e+00, -1.9703733030541617e-03,
       1.0996252064240746e+00, 2.9228281384426062e+00,
       -2.4035003416338338e-02, 1.1413108286836795e+00,
       2.8477643959116485e+00, 3.2900067960583868e-02,
       1.0741664908656212e+00, 2.8507548146415140e+00,
       2.8488201873911091e-02, 1.1806685865883375e+00,
       2.8839235941827193e+00, 6.8554123243088133e-03,
       1.1246154934861998e+00, 2.7621243948300971e+00,
       -1.3782486424103698e-02, 1.1314371426327265e+00,
       2.7710243115666970e+00, -7.1734606836396670e-03,
       1.1444569434836274e+00, 2.7858432566413356e+00,
       -1.7992540533821710e-02, 1.1727577446016086e+00,
       2.8041620849293931e+00, -4.3865039268583310e-02,
       1.2206337380192966e+00, -2.7541673946913092e+00,
       1.2767037018768498e-01, -1.2077213143184538e+00,
       -2.7940052591889333e+00, 1.1676178928701558e-01,
       -1.2124667200438193e+00, -2.8046120708227713e+00,
       1.6833586231843375e-01, -1.1582311389116910e+00,
       -2.7608022941262926e+00, 2.8065844734397960e-01,
       -1.0525200513196720e+00, -2.7249869577602248e+00,
       3.3508646699279193e-01, -9.8355974130175228e-01,
       -2.7534928459572838e+00, 3.0351451237596055e-01,
       -1.0446740508510177e+00, -2.8013465746104025e+00,
       2.0881919266153237e-01, -1.0898183169013753e+00,
       2.8634905149245720e+00, -5.8428801676751720e-02,
       1.0884845776506233e+00, -2.8772888953140461e+00,
       5.3909767647405099e-02, -1.1312391056430500e+00,
       -2.7113753094360615e+00, -2.1574469004284635e-03,
       -1.5005128486343073e+00, -2.7741208091243199e+00,
       5.6433081781525937e-02, -1.4182119504785744e+00,
