%YAML:1.0
---
summary: "Filter by time and points, rd=20, rs=10, sp=5, sf=4."
init_cam_calib: C99-1010_3p_3
camera_matrix: !!opencv-matrix
   rows: 3
   cols: 3
   dt: d
   data: [ 2.5715397652134461e+03, 0., 1.8692940463703742e+03, 0.,
       2.5748380231088313e+03, 1.0847411136431592e+03, 0., 0., 1. ]
dist_coeff: !!opencv-matrix
   rows: 5
   cols: 1
   dt: d
   data: [ 2.4479384736134698e-02, -4.1367613596169625e-02,
       -7.3683196349155885e-04, -1.9804664421889948e-03,
       2.4054169140325481e-02 ]
rvec: !!opencv-matrix
   rows: 107
   cols: 3
   dt: d
   data: [ -3.0459660924089897e+00, 3.4615135840876846e-02,
       -1.6744894236471738e-02, -3.0433792100226609e+00,
       3.2515994302711321e-03, -7.4922987770381672e-02,
       -3.0302691868982747e+00, 1.3896174817479085e-02,
       -1.4112192276880126e-02, 3.1025597595700374e+00,
       -3.4013638671266624e-02, 2.3681077219702071e-02,
       3.0657719177354754e+00, 4.3279887374876452e-02,
       1.4419161197108213e-02, 3.0910036418719384e+00,
       3.1361716700006181e-04, 2.4094552351966430e-02,
       3.0931959987665567e+00, -3.5431162363378017e-02,
       2.5061431954660030e-02, -3.0973038610455386e+00,
       -1.3932526865496278e-02, -1.0325131765000313e-01,
       -3.0381027871064634e+00, 9.5970899121862272e-03,
       -6.1118356022132662e-02, -2.9108199195286644e+00,
       1.4266336790586862e-01, -8.8584865058819337e-02,
       -2.9418124181448326e+00, 1.5925433057231200e-01,
       -4.5273460766405725e-02, -2.9507122373621932e+00,
       1.1205791950529267e-01, -1.3491423961510421e-02,
       -2.8817748855347989e+00, 1.2356329439660763e-01,
       -1.5375455012637674e-02, -2.8882563968960655e+00,
       1.1201332549804491e-01, 7.8428898655198045e-02,
       -3.0415680295162697e+00, 4.9207769739257501e-02,
       -4.4947193919234379e-02, 3.0475046464274569e+00,
       -6.8078519290826530e-03, -2.2904405708473352e-02,
       3.1319709377860243e+00, -9.5171393531351036e-03,
       -9.1003587090843122e-02, 3.1317483353751627e+00,
       -8.3969918933534074e-02, -8.9403831868525210e-03,
       3.0634446662586723e+00, -1.5244318214051339e-01,
       1.8437470567722164e-03, 2.9114702117465687e+00,
       -5.4141337262754753e-02, 6.0768700863558067e-01,
       3.0155362365285039e+00, -6.8885178941980471e-02,
       9.5207473744283885e-02, -3.0881416691897958e+00,
       -6.5157602753429730e-02, 5.2584188140984878e-01,
       -3.0037052677913509e+00, -1.5398286157330757e-03,
       7.5881604761106558e-01, -2.9537921765413255e+00,
       -4.3778486020720667e-02, 8.4675468932718267e-01,
       -2.9469398040127626e+00, -2.9087229481548463e-02,
       8.6181215605195871e-01, 3.0116003777075973e+00,
       8.5782105447669097e-03, -8.4483890663430405e-01,
       2.9667814532476089e+00, 2.5527243181457802e-02,
       -8.6794827908916283e-01, 2.9843451065348638e+00,
       3.5605683015177600e-03, -8.5807288171559193e-01,
       2.9964079074545866e+00, -1.4302048986223743e-02,
       -8.5106831677950667e-01, -2.9796125521290842e+00,
       -3.4435109689965902e-02, 8.7270348088049254e-01,
       -2.8783257599520273e+00, -2.2791159749057582e-02,
       7.1937164775526219e-01, -2.7552903475484531e+00,
       3.1952841580788101e-02, 7.1752966090137471e-01,
       -2.7300198639275601e+00, 3.8483912941996316e-02,
       7.3069129294145041e-01, -2.7674696683947988e+00,
       7.6250143259549596e-02, 7.3764284262786928e-01,
       3.0467748903797847e+00, -1.4346064511835327e-01,
       -6.7949323246610172e-01, 2.9649441774046008e+00,
       -3.1458145636694405e-02, -7.7399294781576367e-01,
       2.9636658267765288e+00, -7.7933307514152159e-03,
       -8.1378385879045956e-01, 2.9948181920296615e+00,
       -4.2560629293342159e-02, -7.0347091068662626e-01,
       -3.0044236788083691e+00, -1.0467882977408145e-02,
       8.8959268598081309e-01, -2.9039846619284635e+00,
       -5.3076065848130238e-02, 1.0475023336384641e+00,
       -2.9027286475567862e+00, -1.1149000576915677e-01,
       1.0617873433208687e+00, -2.9057123081231491e+00,
       3.3610360823908607e-02, 1.1489617787832433e+00,
       -2.7584810214179636e+00, -4.8002197631334932e-02,
       1.5073022161694554e+00, 2.7405544231866341e+00,
       6.4702758225554616e-02, -1.5488713881323795e+00,
       2.6663467017612770e+00, 7.0178581995266096e-02,
       -1.6553150625356072e+00, 2.7210738298874531e+00,
       -2.3006039242207794e-02, -1.4980745689333814e+00,
       2.6378594964865569e+00, -3.1312347266183350e-02,
       -1.4055597245425089e+00, 2.6836108741161606e+00,
       1.1867149730845445e-02, -1.4698454831922902e+00,
       -2.6412588728185105e+00, -1.2378238089933706e-01,
       1.3945944840714535e+00, -2.5465277762589897e+00,
       -6.1802181029496264e-02, 1.5512945520948329e+00,
       -2.5264091689724308e+00, -6.0995876621477263e-02,
       1.5146602802983984e+00, -2.5967628785879460e+00,
       2.9459873508596222e-02, 1.5117421098022394e+00,
       2.7222756574154134e+00, -5.1055509422253280e-02,
       -1.5293696657619162e+00, 2.7555193893481125e+00,
       -6.1620060937415934e-02, -1.4169094766142876e+00,
       -2.5317814697611327e+00, -5.8356760420095561e-03,
       1.8034548387270180e+00, -2.7716149200738682e+00,
       3.3530468618869810e-02, 1.2412259401001451e+00,
       -2.7947475865838376e+00, -1.8498444440390883e-02,
       1.0606678381304091e+00, -2.9132541916398669e+00,
       9.7300954437655865e-02, 8.4582689957665058e-01,
       -2.9612152069553836e+00, 5.1907546847508049e-02,
       7.4828652006091789e-01, -3.0767302925231745e+00,
       5.5869093546772983e-02, 3.0771064116488478e-01,
       -3.1271744106684438e+00, -1.1477530885844467e-02,
       2.2850616371237997e-01, -3.1227927252086132e+00,
       1.6207287058906127e-02, 2.1428124467732346e-01,
       -3.0789833769518138e+00, -1.3434401780095123e-03,
       5.7008293329809223e-01, -3.0440115437570832e+00,
       -6.3609651610893614e-05, 3.6541008792033774e-01,
       -2.9512735993502437e+00, 1.4394374637605581e-01,
       -6.7376511151946938e-01, -2.8566288458971911e+00,
       1.5580014249484173e-01, -1.1379055377019860e+00,
       -2.9222844282153542e+00, 5.4726359686163170e-02,
       -1.0675157336575658e+00, 2.9209374117478442e+00,
       -1.0408869575552267e-02, 1.1265022750767324e+00,
       2.9291366803949863e+00, -5.3632985518160162e-02,
       1.1259886983356147e+00, 2.9288318984648751e+00,
       -3.8284361746251397e-02, 1.1334344565748455e+00,
       2.8287229701433230e+00, 5.1875040590906515e-02,
       1.1319258337266238e+00, 2.8586949556330614e+00,
       -2.2367397513091723e-02, 1.2070087477718399e+00,
       2.8104727870300645e+00, -1.8273190008210469e-02,
       1.0761521289872626e+00, 2.7688812907130500e+00,
       1.0676507482400767e-02, 1.1167360557164372e+00,
       2.7803555047348318e+00, -1.3546473746506343e-02,
       1.1524090329668388e+00, 2.7949967292203026e+00,
       -2.2072253260103113e-02, 1.1730260714944438e+00,
       2.8671520233134191e+00, -3.1587699795409360e-02,
       1.2513921057210557e+00, -2.8064285524892045e+00,
       1.0983913722220799e-01, -1.1759004846903578e+00,
       -2.7874791521627302e+00, 1.2375962440967048e-01,
       -1.1786051191183149e+00, -2.7068702974675722e+00,
       2.3548157413404264e-01, -1.0752413620826895e+00,
       -2.7318765945444143e+00, 3.2907864983288920e-01,
       -9.9545838195523972e-01, -2.7389654533609642e+00,
       3.2809534993034128e-01, -1.0070485120557902e+00,
       -2.7488675449176654e+00, 2.9629263889914420e-01,
       -1.0495476392164953e+00, 2.8225670307552533e+00,
       -1.0538384786880901e-01, 1.2128716718557437e+00,
       2.8779131442685415e+00, -6.6545729261620182e-02,
       1.1799683179883484e+00, -2.7221797721626793e+00,
       1.6726249842076452e-02, -1.3234982617351030e+00,
       -2.8384703444369039e+00, 8.1316273155133484e-02,
       -1.3329722960612311e+00, -2.6911568901538732e+00,
       1.4354210863370484e-01, -1.5324956683575539e+00,
