%YAML:1.0
---
summary: "Filter by time and points, rd=20, rs=10, sp=5, sf=2."
init_cam_calib: C99-1010_3p_3
camera_matrix: !!opencv-matrix
   rows: 3
   cols: 3
   dt: d
   data: [ 2.5695120845625311e+03, 0., 1.8716879526106648e+03, 0.,
       2.5713586452840896e+03, 1.0830165555999945e+03, 0., 0., 1. ]
dist_coeff: !!opencv-matrix
   rows: 5
   cols: 1
   dt: d
   data: [ 1.2108073748833539e-02, -1.0774196863717058e-02,
       -1.3286424158886873e-03, -2.0306874149127155e-03,
       1.8069451581089570e-03 ]
rvec: !!opencv-matrix
   rows: 107
   cols: 3
   dt: d
   data: [ -3.0472928132281925e+00, 3.4549909448379927e-02,
       -1.6787346681003290e-02, -3.0434554104244200e+00,
       2.7303813646893239e-03, -7.6003050114516899e-02,
       -3.0310887826566524e+00, 1.4148856933690673e-02,
       -1.5950735192947593e-02, 3.0984954725546592e+00,
       -3.4747416793877405e-02, 2.4201229267788942e-02,
       3.0663302600334297e+00, 4.4046771645590933e-02,
       1.4696008752771404e-02, 3.0910244829903561e+00,
       3.0023171969611356e-04, 2.3847537480248832e-02,
       3.0930987420311848e+00, -3.5484649351838420e-02,
       2.5577126844801856e-02, -3.1005597444677049e+00,
       -1.3802748369826335e-02, -1.0480395624674875e-01,
       -3.0407068867496241e+00, 1.1104273595983077e-02,
       -6.4514189883142642e-02, -2.9149409105555844e+00,
       1.4187924126844947e-01, -9.3088516175920941e-02,
       -2.9450910054970012e+00, 1.6109653930756510e-01,
       -4.3744528118355684e-02, -2.9524168580882781e+00,
       1.1230907424872293e-01, -1.4046326273223551e-02,
       -2.8839426910986106e+00, 1.2386096618541652e-01,
       -1.6507625835806949e-02, -2.8912973628768484e+00,
       1.1277666036617021e-01, 8.1509327447647981e-02,
       -3.0389099083212621e+00, 5.0315366954690105e-02,
       -4.6336238594484387e-02, 3.0525478782689230e+00,
       -6.0016105300063393e-03, -2.3765703713702041e-02,
       3.1295314212999918e+00, -8.2256288441181300e-03,
       -8.9250593252912902e-02, 3.1267254475699531e+00,
       -8.3627953712352168e-02, -8.5292921410671449e-03,
       3.0650908179843883e+00, -1.5110076111140713e-01,
       1.8111590624279295e-02, 2.9193199292417273e+00,
       -5.1714303186861876e-02, 6.0170853944848490e-01,
       3.0034445293741561e+00, -7.1748441282193959e-02,
       9.2825986881972689e-02, -3.0972284040972493e+00,
       -6.6646053243814854e-02, 5.2041016323083078e-01,
       -3.0024442082477578e+00, -1.1818358010928674e-03,
       7.5834988978112672e-01, -2.9536105071856409e+00,
       -4.3636259534250321e-02, 8.4681147813100965e-01,
       -2.9472278227474518e+00, -2.8665881202010406e-02,
       8.6067150563997119e-01, 3.0124312496578329e+00,
       8.2837553369842481e-03, -8.4343113810724579e-01,
       2.9674329039479570e+00, 2.5587669721859958e-02,
       -8.6843817164766868e-01, 2.9849281452384373e+00,
       3.4235509626856322e-03, -8.5600773073041958e-01,
       2.9965031531599187e+00, -1.4332781843867234e-02,
       -8.5249487859240258e-01, -2.9775751021048658e+00,
       -3.4083733351997228e-02, 8.7529409560554539e-01,
       -2.8824674784988198e+00, -2.0141973443184937e-02,
       7.1137784389950598e-01, -2.7531147892893357e+00,
       3.2735838520371083e-02, 7.1332515259750384e-01,
       -2.7342177496087636e+00, 3.8549732249898980e-02,
       7.3061935408874890e-01, -2.7698366890248649e+00,
       7.5810586380058900e-02, 7.2942940317682403e-01,
       3.0442562339043939e+00, -1.4273989810819510e-01,
       -6.8683280555220871e-01, 2.9649059075449982e+00,
       -3.1659560457449359e-02, -7.7168255972212085e-01,
       2.9642297740114172e+00, -7.9676422294693398e-03,
       -8.1948581773415552e-01, 2.9934705783569444e+00,
       -4.3026290507265107e-02, -7.0213094524735897e-01,
       -3.0047564697588669e+00, -9.6859206511716676e-03,
       8.8893902755563503e-01, -2.9027637461512916e+00,
       -5.2036736274372816e-02, 1.0476311736087753e+00,
       -2.9082686215705702e+00, -1.1346012485202557e-01,
       1.0595790180928779e+00, -2.9074480634072204e+00,
       3.4373003497588386e-02, 1.1464490086635972e+00,
       -2.7604236679342047e+00, -4.6755658911207996e-02,
       1.5047112344864062e+00, 2.7385871455747277e+00,
       6.4486932269281497e-02, -1.5520653898702266e+00,
       -2.6756182626682254e+00, -7.2465555431673628e-02,
       1.6544864743707497e+00, 2.7204150839517824e+00,
       -2.2935260471491001e-02, -1.4973138136357762e+00,
       2.6388288801293647e+00, -3.1919699627262731e-02,
       -1.4043704185405987e+00, 2.6824556362404595e+00,
       1.2403122736275047e-02, -1.4729152734108018e+00,
       -2.6429598324467434e+00, -1.2333348143956076e-01,
       1.3927906500274172e+00, -2.5477680212442135e+00,
       -6.1536035405206219e-02, 1.5524457297083065e+00,
       -2.5245940181177629e+00, -5.9262736208055791e-02,
       1.5163381764272064e+00, -2.5975854449979141e+00,
       2.9532890132293623e-02, 1.5109839096731454e+00,
       2.7225631402055450e+00, -5.1570918752762741e-02,
       -1.5264959230704938e+00, 2.7492944009949762e+00,
       -5.8125795141977077e-02, -1.4239855163465280e+00,
       -2.5340111728197909e+00, -9.6519719934114578e-03,
       1.8053861059242433e+00, -2.7739923423759061e+00,
       3.3496780402599159e-02, 1.2391123877210357e+00,
       -2.7970356053936967e+00, -1.8415129257666418e-02,
       1.0580877742277539e+00, -2.9133476934133076e+00,
       9.6990127113347882e-02, 8.4581314432885701e-01,
       -2.9610379259836703e+00, 5.1212742861273947e-02,
       7.4984115956089570e-01, -3.0787369322168914e+00,
       5.9649646504414247e-02, 3.0505876342958477e-01,
       -3.1275870047254952e+00, -1.0208116982728303e-02,
       2.3097008192505589e-01, -3.1224997087531174e+00,
       1.0624404619140670e-02, 2.0830208436262390e-01,
       3.1331410477226980e+00, -4.2059463374714912e-03,
       -6.3668504285793637e-01, -3.0427095328420330e+00,
       3.5982811147252120e-03, 3.6495001376744823e-01,
       -2.9573230016735952e+00, 1.4868658323751041e-01,
       -6.6993863803721532e-01, -2.8564127833026625e+00,
       1.5579206008081542e-01, -1.1388117315793960e+00,
       -2.9204433955039217e+00, 5.4030463650361391e-02,
       -1.0680905678534800e+00, 2.9203465471367132e+00,
       -9.5074351635668353e-03, 1.1265682328828610e+00,
       2.9286301932481384e+00, -5.3298902931856323e-02,
       1.1271205030084916e+00, 2.9246756460105470e+00,
       -3.9744515993420645e-02, 1.1316633627476973e+00,
       2.8264081707338220e+00, 5.1278719386004409e-02,
       1.1320442540354894e+00, 2.8571458283566851e+00,
       -2.2238878505362950e-02, 1.2078243970779732e+00,
       2.8093704285294767e+00, -1.8075254398696734e-02,
       1.0773593664482688e+00, 2.7668343973775671e+00,
       1.0840040042951825e-02, 1.1172187378257241e+00,
       2.7794777601212166e+00, -1.3010174642021073e-02,
       1.1535580513472614e+00, 2.7939242417226731e+00,
       -2.2078600304855093e-02, 1.1740754720401807e+00,
       2.8660904936936471e+00, -3.1757350837101336e-02,
       1.2520284984775871e+00, -2.8065165522088154e+00,
       1.0942927349823314e-01, -1.1771524240991489e+00,
       -2.7865549366730180e+00, 1.2353965206625385e-01,
       -1.1795862669672104e+00, -2.7070552006501698e+00,
       2.3559043783951189e-01, -1.0749608716078378e+00,
       -2.7314074224385556e+00, 3.2897234191102731e-01,
       -9.9456833559830005e-01, -2.7391878315264790e+00,
       3.2785529086086246e-01, -1.0068677031579889e+00,
       -2.7487670604971983e+00, 2.9639436066956237e-01,
       -1.0501660858399406e+00, 2.8217567370850274e+00,
       -1.0504687229933413e-01, 1.2123629010225097e+00,
       2.8789279817705919e+00, -6.4426580312103243e-02,
       1.1808735745941259e+00, -2.7155447434247164e+00,
       1.4476469031308118e-02, -1.3242948115144317e+00,
       -2.8418609246048461e+00, 8.5645148402825860e-02,
       -1.3328783159853288e+00, -2.6913732501161070e+00,
       1.4405916563143331e-01, -1.5349563056899083e+00,
