%YAML:1.0
---
summary: "Filter by time, rd=15, rs=10."
init_cam_calib: C99-1010_3p_3
camera_matrix: !!opencv-matrix
   rows: 3
   cols: 3
   dt: d
   data: [ 2.5736148490510068e+03, 0., 1.8744094130046815e+03, 0.,
       2.5724801798219528e+03, 1.0869987746410359e+03, 0., 0., 1. ]
dist_coeff: !!opencv-matrix
   rows: 5
   cols: 1
   dt: d
   data: [ 2.2424878231397018e-02, -4.8206922181325981e-02,
       -5.3186073572022421e-04, -1.8154539080004019e-03,
       3.5225217677243875e-02 ]
rvec: !!opencv-matrix
   rows: 143
   cols: 3
   dt: d
   data: [ -3.0440376795956445e+00, 3.4932059355446146e-02,
       -1.7902582933630267e-02, -3.0279001737862239e+00,
       5.5414323494090215e-02, -7.9849136989683128e-02,
       -3.0394583985382999e+00, 4.0567857003006623e-03,
       -3.2756818804971999e-02, -3.0585970804149158e+00,
       3.1485154241233694e-02, -1.4871843282745427e-02,
       3.1038693351461450e+00, -3.4878180001312424e-02,
       2.4380176648692589e-02, 3.0479937202827601e+00,
       -2.8801971810225081e-02, -4.1124531270789931e-02,
       3.0808415580769739e+00, -3.2183062560232296e-02,
       7.9761777742289248e-04, 3.0952312744637651e+00,
       -8.7275638350469142e-03, 1.8573963940207681e-02,
       3.0957632795164893e+00, -3.6067352804168222e-02,
       2.6887708747030115e-02, 3.1004920832697844e+00,
       -1.3813530515549234e-03, 7.0363734905528358e-02,
       -3.0665821892528573e+00, 2.6891663573602960e-02,
       -4.9333898457355814e-02, -3.0007910411703578e+00,
       1.2528727637201132e-02, -6.5372208569570101e-02,
       -2.9066257183499626e+00, 1.4186726208246636e-01,
       -9.3870816917014294e-02, -2.9608760260562343e+00,
       1.6133086432925275e-01, 3.5212046800101857e-03,
       -2.9582939436472668e+00, 9.3784349611444551e-02,
       -6.1710989579604789e-02, -2.9377469082678584e+00,
       1.1772100954630911e-01, 8.5513795059842940e-03,
       -2.8808417052498014e+00, 1.2406698723479609e-01,
       -1.7377442018063970e-02, -2.8709474622980427e+00,
       1.2523937726712958e-01, -4.5678363148288891e-03,
       -2.9423170307096771e+00, 5.4298727488888351e-02,
       9.9005290415789954e-02, 3.0438447608737027e+00,
       -9.6731969069806262e-03, -2.1453887411096315e-02,
       3.0519331258831031e+00, -6.4987498486315659e-03,
       -2.2330705842345668e-02, -3.1154749021323731e+00,
       1.7267430869205368e-02, 9.6126354914419607e-02,
       3.1340612883738563e+00, -5.0465279142170513e-03,
       -4.8877446647091392e-02, 3.1225406912165905e+00,
       -9.6781748774311963e-02, -4.4940953281040412e-02,
       3.0631459286246314e+00, -1.5078493056916356e-01,
       1.1791434705953367e-03, 2.9435150528782446e+00,
       -9.8028725120566318e-02, 6.4249980394865458e-01,
       2.9850707569613051e+00, -1.3729244242495800e-01,
       4.4526561857303709e-01, 3.0352722275415722e+00,
       -4.9145694199757811e-02, -3.2395185051237174e-02,
       -3.0882204116281970e+00, -6.5782937411600947e-02,
       5.2355455214952851e-01, -3.0157609136818806e+00,
       -3.9433697275542592e-02, 7.5473424515836041e-01,
       -2.9522207273402459e+00, -6.6037973935014803e-03,
       7.7885665946326887e-01, -2.9501756940876835e+00,
       -5.8228779627954183e-02, 8.5349085601325070e-01,
       -2.9446679522714798e+00, -2.8893566190608472e-02,
       8.6171701394943612e-01, -3.0255774601734635e+00,
       -1.4956353563131637e-02, 8.4195123439633879e-01,
       2.9800502627939265e+00, 8.6743504349379094e-03,
       -8.6254568071223436e-01, 2.9495943636507720e+00,
       1.8567285193254478e-02, -8.5827070355287560e-01,
       2.9867626377527561e+00, 3.7066123933580035e-03,
       -8.5873949404980798e-01, 2.9895156061924100e+00,
       -3.7245243238174346e-03, -8.5410480507225639e-01,
       3.0218945118919729e+00, 2.8527545394684335e-02,
       -8.5123642839949298e-01, -2.9504438524919401e+00,
       -3.9000425460930001e-02, 8.5911590857681386e-01,
       -2.8761121674183610e+00, -2.1640917914503004e-02,
       7.1865211419096386e-01, -2.7224656235294002e+00,
       8.5547706239275989e-02, 6.7118190990370463e-01,
       -2.7335330229292687e+00, 3.1154353879873073e-02,
       6.9907656374689797e-01, -2.7349657855788325e+00,
       3.7873444630821401e-02, 7.3160257198266787e-01,
       -2.7653768728566743e+00, 7.6055503170244509e-02,
       7.3832011462384528e-01, -3.0281233954870448e+00,
       1.5614418806080385e-01, 6.6654749131834734e-01,
       2.9877279257603178e+00, -8.2738264325632846e-02,
       -7.7630454978669572e-01, 2.9804235549324289e+00,
       -1.2237215509442026e-02, -7.6995775940007027e-01,
       2.9657462589602064e+00, -7.9524882146297139e-03,
       -8.1746750905891530e-01, 2.9772126407781547e+00,
       -5.9299226428103521e-02, -7.2733892243196363e-01,
       2.9748553076149320e+00, 1.3349191716742774e-02,
       -8.1775336279814947e-01, -2.9920460369873494e+00,
       -1.4627411555849760e-02, 9.2798557773814006e-01,
       -2.9020986026308822e+00, -5.2596881884520982e-02,
       1.0469540697272059e+00, -2.9331470734771536e+00,
       -1.2599249999334347e-01, 1.0999099229157476e+00,
       -2.9260610788671886e+00, -8.7360654734245004e-03,
       1.1223436076763833e+00, 2.8913939967145441e+00,
       -3.8375751348397658e-02, -1.2630419703685052e+00,
       -2.7598653483634510e+00, -4.8514466142080263e-02,
       1.5046400073154331e+00, 2.7580490002401556e+00,
       6.5178677374685995e-02, -1.5170886611278573e+00,
       2.6339023576848599e+00, 8.2369144836403216e-02,
       -1.7110607816239554e+00, -2.7499795420425572e+00,
       -7.5194770806632574e-02, 1.5371422866863094e+00,
       2.7219111549039692e+00, -2.2750763909048732e-02,
       -1.4980951133269429e+00, 2.6505253231461938e+00,
       -3.0206099328438780e-02, -1.4182663617149185e+00,
       2.6578615124703915e+00, -1.5879016536812278e-02,
       -1.4433652625247246e+00, 2.7579694325701518e+00,
       1.8612893868604010e-02, -1.4821031087481014e+00,
       -2.6416979473981512e+00, -1.2416165330737206e-01,
       1.3936198960295740e+00, -2.5452178991515702e+00,
       -2.0819950761707527e-02, 1.5034293678813981e+00,
       -2.5305239918304658e+00, -5.8386597497912425e-02,
       1.5351146799586994e+00, -2.5218303625428469e+00,
       -5.5966824504037421e-02, 1.5016747513948228e+00,
       -2.5969414539723061e+00, 2.8409926760382377e-02,
       1.5099112440812761e+00, 2.7292358530669611e+00,
       -7.0118508791039466e-02, -1.4770026327339292e+00,
       2.6813016756379064e+00, -5.0861408172943372e-02,
       -1.5594302105669300e+00, 2.7300402790068463e+00,
       -6.4305320129347768e-02, -1.5445003317477908e+00,
       -2.5346559752374604e+00, -1.1663313960402766e-02,
       1.8032756379380515e+00, -2.7305800322964946e+00,
       3.2142801990450984e-02, 1.3782817082781562e+00,
       -2.8521083872153028e+00, 3.6108882241037130e-02,
       1.1693045829378317e+00, -2.8248542613837322e+00,
       -3.4316558977485062e-02, 1.0851228870927798e+00,
       -2.9112625500228613e+00, 9.6843790971572780e-02,
       8.4524275418138284e-01, -2.9224709189338274e+00,
       8.4086478064902895e-02, 6.8885153565026858e-01,
       -3.0300815436656454e+00, 7.6817483236132800e-02,
       5.7940403353483494e-01, -3.0824588996636333e+00,
       4.2577037913782964e-02, 2.9753579689643778e-01,
       -3.1261700181769516e+00, -1.1501120494945101e-02,
       2.2981267120705950e-01, -3.1075814210614867e+00,
       5.0422653273518789e-03, 1.2629913047791977e-01,
       3.1026642390951018e+00, 3.9475575834232612e-02,
       -4.8235561841117036e-01, -3.0574796344744000e+00,
       -4.3892534616865909e-02, 5.4904951739105179e-01,
       -3.0404210260634028e+00, 1.9756186340838802e-03,
       3.6106707650497072e-01, -2.9234766099800567e+00,
       1.1815180191080558e-01, -4.0701353056681544e-01,
       -2.9714041770813187e+00, 1.6240801555931644e-01,
       -9.7982524486979750e-01, -2.8545138990729360e+00,
       1.3905668155062564e-01, -1.1749767925572725e+00,
