%YAML:1.0
---
summary: "Filter by time and points, rd=20, rs=10, sp=5, sf=3."
init_cam_calib: C99-1010_3p_3
camera_matrix: !!opencv-matrix
   rows: 3
   cols: 3
   dt: d
   data: [ 2.5732090617293470e+03, 0., 1.8606984619969712e+03, 0.,
       2.5751006619529139e+03, 1.0856127730983392e+03, 0., 0., 1. ]
dist_coeff: !!opencv-matrix
   rows: 5
   cols: 1
   dt: d
   data: [ 1.3841315395086080e-02, -1.9011922051152354e-02,
       -7.2319879806817934e-04, -2.9879143465448652e-03,
       9.5278376236853854e-03 ]
rvec: !!opencv-matrix
   rows: 107
   cols: 3
   dt: d
   data: [ -3.0450677627269425e+00, 3.4422246852030096e-02,
       -1.1956286767215909e-02, -3.0445885749769457e+00,
       3.1718206549951646e-03, -7.2166888915098246e-02,
       -3.0300238646141953e+00, 1.4077241828575920e-02,
       -8.4547094814380590e-03, 3.1028625335202351e+00,
       -3.4430084279598108e-02, 1.7879370703175339e-02,
       3.0674196799457500e+00, 4.4288846166124704e-02,
       1.0368514410554214e-02, 3.0903168145846145e+00,
       1.7681461559792828e-04, 1.9936884636654006e-02,
       3.0946252894402901e+00, -3.5526048922509025e-02,
       1.9943385898914655e-02, -3.0962182981977335e+00,
       -1.2677985011339626e-02, -9.6872520018950539e-02,
       -3.0372259172236649e+00, 1.1061339243000901e-02,
       -5.6659744691712539e-02, -2.9114564971129462e+00,
       1.4151517696596172e-01, -9.0737626139737029e-02,
       -2.9429036510522715e+00, 1.6004871454872724e-01,
       -4.0183858029981319e-02, -2.9515418671601643e+00,
       1.1301951965005544e-01, -9.3997480254939102e-03,
       -2.8825718560261393e+00, 1.2381702101688101e-01,
       -1.1710827496469236e-02, -2.8890833781527578e+00,
       1.1327001586192637e-01, 8.5261230349854791e-02,
       -3.0451946461860726e+00, 5.3338125957513707e-02,
       -3.7489513342390576e-02, 3.0505785542322021e+00,
       -6.5317227254311156e-03, -2.9531683054111219e-02,
       3.1305595766893428e+00, -9.7027986417248750e-03,
       -9.3450965489500701e-02, 3.1341387499294071e+00,
       -8.2487186655342909e-02, -1.3998815706101665e-02,
       3.0643452158708704e+00, -1.5086895755250204e-01,
       -4.2649946408813326e-03, 2.9179571315527406e+00,
       -5.3248732446217882e-02, 6.0102290983287610e-01,
       3.0003207260985545e+00, -7.0570371309537819e-02,
       8.9584530687456393e-02, -3.0852282416472283e+00,
       -6.4860765764388248e-02, 5.2984779981647379e-01,
       -3.0021447528084928e+00, -1.3854974932132633e-03,
       7.6450887655273803e-01, -2.9511683426427489e+00,
       -4.3704593960850420e-02, 8.5259742329507104e-01,
       -2.9441450657898680e+00, -2.8900854118006910e-02,
       8.6740156135784918e-01, 3.0122674162178482e+00,
       9.3579099824265110e-03, -8.5152808024295557e-01,
       2.9662161167058585e+00, 2.6012965965667496e-02,
       -8.7456132151856425e-01, 2.9844757094097449e+00,
       4.5282880255760266e-03, -8.6504645255173340e-01,
       2.9948149494818610e+00, -1.2989254965718898e-02,
       -8.5735448097825395e-01, -2.9756327949394854e+00,
       -3.4236852435669651e-02, 8.8078003211332778e-01,
       -2.8757149893617240e+00, -2.1459666893808547e-02,
       7.2474710368646955e-01, -2.7509446264352029e+00,
       3.0406705101986863e-02, 7.1826939875250617e-01,
       -2.7336949354513633e+00, 3.9782469549053012e-02,
       7.3719064447373672e-01, -2.7650033210020508e+00,
       7.7343018759523943e-02, 7.4511197052129574e-01,
       3.0431451387351482e+00, -1.4022933766224319e-01,
       -6.7853287497752457e-01, 2.9652018107814846e+00,
       -3.0983676482019561e-02, -7.7594321050270898e-01,
       2.9639257162802166e+00, -7.6767012892148727e-03,
       -8.2714927324457599e-01, 2.9939752311560892e+00,
       -4.2590001915069828e-02, -7.0828880886200374e-01,
       -3.0021726931367096e+00, -1.0379344007307195e-02,
       8.9530402748180204e-01, -2.9013387825434123e+00,
       -5.2672776954640517e-02, 1.0525888679326250e+00,
       -2.8991865550333862e+00, -1.1133044481261013e-01,
       1.0658204584575415e+00, -2.9026918581064645e+00,
       3.3528529554196600e-02, 1.1524379130469000e+00,
       -2.7572214817397547e+00, -4.8478086057470088e-02,
       1.5107744365574391e+00, 2.7373928390463784e+00,
       6.4405175209281726e-02, -1.5564276286616685e+00,
       -2.6713618862717610e+00, -7.3175812342445801e-02,
       1.6596233284557760e+00, 2.7180967309814292e+00,
       -2.3081663496222270e-02, -1.5038417782130207e+00,
       2.6365615050815157e+00, -3.0898234584731649e-02,
       -1.4105097462029472e+00, 2.6819251576101659e+00,
       1.0982390396554353e-02, -1.4766497002795760e+00,
       -2.6408960366028906e+00, -1.2364042225465185e-01,
       1.3977703591246826e+00, -2.5450630221262305e+00,
       -6.3291523557678656e-02, 1.5550084137725988e+00,
       -2.5240157907890231e+00, -6.0715897109722722e-02,
       1.5190154245702925e+00, -2.5941589689562319e+00,
       2.9056237816894176e-02, 1.5151490542161166e+00,
       2.7191091145567015e+00, -4.9849269529399297e-02,
       -1.5326987030331995e+00, 2.7526933920989167e+00,
       -6.1813445874700591e-02, -1.4245241332078389e+00,
       -2.5387769064736734e+00, -2.1612739585271976e-02,
       1.8104584104697512e+00, -2.7688750922309704e+00,
       3.3154479739571960e-02, 1.2455582582955929e+00,
       -2.7948997128021160e+00, -1.9329309282973391e-02,
       1.0645020440387731e+00, -2.9102706058022689e+00,
       9.6918849651580471e-02, 8.5131693504258199e-01,
       -2.9593260770467964e+00, 5.1227112950243250e-02,
       7.5430089424352975e-01, -3.0735468297519879e+00,
       5.6722161032513485e-02, 3.1163467603630945e-01,
       -3.1258815047478397e+00, -1.1891196806970896e-02,
       2.3432131905443085e-01, -3.1178876431564322e+00,
       1.8449613469608352e-02, 2.1947735990676998e-01,
       3.0710154617228413e+00, 9.6880058836751309e-03,
       -5.8940528545177850e-01, -3.0301495364206077e+00,
       4.7678332709124192e-03, 3.6475720170466652e-01,
       -2.9576628163578480e+00, 1.4729460255584587e-01,
       -6.6745297056128128e-01, -2.8571157275492038e+00,
       1.5545776267808600e-01, -1.1329578654880210e+00,
       -2.9236692121268670e+00, 5.3603412570187983e-02,
       -1.0621492233681191e+00, 2.9242483246341946e+00,
       -9.2257332386118003e-03, 1.1220204622289800e+00,
       2.9311895667845884e+00, -5.3899810243927863e-02,
       1.1217829414289369e+00, 2.9270726856915372e+00,
       -4.0712974939996580e-02, 1.1260005615130257e+00,
       2.8301202411587361e+00, 5.0748090157143919e-02,
       1.1275084503767938e+00, 2.8604061180795699e+00,
       -2.2285718558924032e-02, 1.2029718232614450e+00,
       2.8126541308171369e+00, -1.8327245908595937e-02,
       1.0715518127037162e+00, 2.7705696852529287e+00,
       1.1354504285774666e-02, 1.1122905659463078e+00,
       2.7823081106606269e+00, -1.2572326476864102e-02,
       1.1481779900380320e+00, 2.7965858153940735e+00,
       -2.1845399224274083e-02, 1.1688531267905393e+00,
       2.8692528505506707e+00, -3.3083165559378569e-02,
       1.2470589098616420e+00, -2.8071442287199799e+00,
       1.0908206877709055e-01, -1.1716573460908384e+00,
       -2.7884744258751852e+00, 1.2391872792590028e-01,
       -1.1744381575815392e+00, -2.7092409522579204e+00,
       2.3582789926575670e-01, -1.0694480665229786e+00,
       -2.7329496031290632e+00, 3.2965089365694134e-01,
       -9.8899285229545186e-01, -2.7410794553288729e+00,
       3.2851426541902462e-01, -1.0024972751013341e+00,
       -2.7504957674523491e+00, 2.9710749701352424e-01,
       -1.0450189103540275e+00, 2.8314226155088544e+00,
       -1.0125888436751408e-01, 1.2079936778811318e+00,
       2.8818512311733109e+00, -6.4849185053063071e-02,
       1.1775401691682814e+00, -2.7226256063907175e+00,
       1.5060130383868329e-02, -1.3188008391554740e+00,
       -2.8433806488707014e+00, 8.3409620634074255e-02,
       -1.3257408629492888e+00, -2.6929589443668518e+00,
       1.4576604074373642e-01, -1.5308208183865750e+00,
