%YAML:1.0
---
summary: "Filter by distance, md=200, ds=0."
init_cam_calib: C99-1010_3p_3
camera_matrix: !!opencv-matrix
   rows: 3
   cols: 3
   dt: d
   data: [ 2.5681038152058222e+03, 0., 1.8772485710005681e+03, 0.,
       2.5708974370872579e+03, 1.0844246959551765e+03, 0., 0., 1. ]
dist_coeff: !!opencv-matrix
   rows: 5
   cols: 1
   dt: d
   data: [ 1.4100380580593420e-02, -2.1788968980088641e-02,
       3.6658387805160645e-05, -1.3567079251635915e-03,
       1.3096128169806895e-02 ]
rvec: !!opencv-matrix
   rows: 232
   cols: 3
   dt: d
   data: [ -3.0325107923665175e+00, 1.6026242739831085e-02,
       6.8663527681814655e-03, -3.0324804685585556e+00,
       1.7979997008749957e-02, 4.3260299281426395e-03,
       -3.0606950658876828e+00, 6.7475229325117014e-02,
       -2.9180365702681343e-02, -3.0331315614796699e+00,
       6.4684177994560679e-02, -7.3625721589435256e-02,
       -3.0599141927336952e+00, 3.1437638671391543e-02,
       -1.5631436718932509e-02, -3.0986590884344118e+00,
       6.3732076705676849e-02, -1.9658857477476626e-02,
       -3.1354280053451467e+00, 7.2242670771870271e-02,
       -1.3788468636002763e-02, 3.1102888229351957e+00,
       -6.0956077172325623e-02, 1.6874749580913707e-02,
       3.0388999917836350e+00, 1.9711657075722317e-03,
       1.9510910170579470e-02, 3.0612252886020603e+00,
       -3.1313148927968666e-02, -6.0576898777967354e-02,
       3.0866285570276975e+00, -3.1855219848635902e-02,
       1.0774396416138582e-02, 3.1305689154632925e+00,
       1.2029064436653180e-02, 5.2230278206117801e-02,
       -3.1122105025089883e+00, -1.7371604004002703e-02,
       -9.8302565576248988e-02, -3.0670405777060781e+00,
       -4.7871018616436889e-03, -1.0333579415139027e-01,
       -3.0735180799074775e+00, 3.6099529234699637e-03,
       -6.4315889722736178e-02, -3.0236322827039546e+00,
       1.1450312983046881e-02, -5.8555769554590971e-02,
       -2.9982545483332368e+00, 1.1177264064699098e-02,
       -5.6774351537139583e-02, -2.9393074452712198e+00,
       6.8157955025109962e-02, -5.7412597340700741e-02,
       -2.9082908905180718e+00, 1.2120690982760121e-01,
       -1.0519647994486403e-01, -2.9193705150231133e+00,
       1.2964648466478776e-01, -5.9244032799483787e-02,
       -2.9408065135464669e+00, 1.3979913522988888e-01,
       -1.1008185159633352e-01, -2.9726177546186832e+00,
       1.0148410866771179e-01, -8.0280039316620810e-02,
       -2.9383189417412026e+00, 1.1755351181360693e-01,
       8.2251596491314215e-03, -2.9082884116668355e+00,
       1.2780656395397522e-01, -1.1590267878989886e-02,
       -2.8840034033130308e+00, 1.2069477089929756e-01,
       -1.5330567316731039e-02, -2.8505400276608959e+00,
       1.1823599782800764e-01, 1.3510473896631051e-02,
       -2.8773417475555689e+00, 1.2248604035038903e-01,
       1.9428828382582353e-02, -2.9082270069425142e+00,
       1.1106333151231930e-01, 5.6114320646487872e-02,
       -2.9318472490209007e+00, 6.9503043566142467e-02,
       6.4079600590415689e-02, -2.8999899775068290e+00,
       9.3848496382994973e-02, 1.2037835499725622e-01,
       -2.9593234220141236e+00, 8.5164434969300012e-02,
       -3.8361414076908060e-02, -2.9829193818343547e+00,
       5.9911784455863835e-02, -4.7767484630544588e-02,
       -3.0087134053713531e+00, 6.2726171613661452e-02,
       -4.9959213639311877e-02, -3.0393424683040871e+00,
       4.9655837083252906e-02, -4.7092655261474069e-02,
       -3.0763018609803501e+00, 3.5445314166623824e-02,
       -1.1631282174576663e-01, -3.1356141451218136e+00,
       2.6199889572589383e-02, -1.1472007374121689e-01,
       3.0855625910123368e+00, -3.3501910008884341e-02,
       5.6163810038982666e-02, 3.0482110437730792e+00,
       -1.7320629824571825e-02, 7.2966814867554868e-03,
       3.0806445174781398e+00, -1.8974786596991200e-02,
       -1.1419520413315247e-01, 3.0373117353173811e+00,
       -1.5893191814193179e-02, -2.3486802685447488e-02,
       3.0606899197946640e+00, -2.7268143602341192e-03,
       -2.2527182927174358e-02, 3.0817889471620230e+00,
       2.6940289198917292e-02, -1.2527244425308975e-02,
       3.1092260889057974e+00, 4.4014835512923497e-02,
       -2.3690073477319044e-02, -3.1410336355067594e+00,
       1.8232008820326282e-03, 6.4657124456140566e-02,
       3.1314746534265638e+00, -7.2715505466072767e-03,
       -6.3650780569307022e-02, -3.1313165674950261e+00,
       5.7846203401482922e-02, 3.6536975146698424e-02,
       3.1246240631202467e+00, -7.4921528932775899e-02,
       -3.6365174421400852e-02, 3.1037208451133593e+00,
       -9.2976403376215599e-02, -8.0497485626726623e-02,
       3.0821271433601205e+00, -1.4252941809476430e-01,
       -6.6746469309294204e-02, 3.0574914209088213e+00,
       -1.5169426184141049e-01, 4.3554853774784866e-02,
       3.0187383441664810e+00, -1.0365084133904419e-01,
       2.1948286681150164e-01, 2.9567256554225123e+00,
       -9.9913638631769261e-02, 6.2712053366194775e-01,
       2.9146999499439161e+00, -8.9657506343210305e-02,
       6.3162671243602753e-01, 2.9358155847867384e+00,
       -7.5252335038543963e-02, 5.4390134538052692e-01,
       2.9857273698758471e+00, -1.3668312205682662e-01,
       4.4593419304739246e-01, 3.0113435648218365e+00,
       -1.0304189041760049e-01, 1.8585987366315154e-01,
       3.0343635312559600e+00, -5.7086190698949331e-02,
       -5.7493830015327825e-02, 3.0717145352263469e+00,
       -5.5629565179552101e-02, -1.6794271983119172e-01,
       3.0865286831768239e+00, -9.9450630325536599e-03,
       -3.8449862746208729e-01, -3.0694984658814990e+00,
       -7.6389229440835787e-02, 5.6003299711162613e-01,
       -3.0326775370129124e+00, -6.2351881542085034e-02,
       7.3597035982823455e-01, -3.0040723791462871e+00,
       -1.5446963528900517e-03, 7.5605532345953497e-01,
       -2.9713821386591364e+00, 1.7831911768257942e-02,
       7.6619617050006783e-01, -2.9479193734577147e+00,
       -5.8662585509230536e-02, 8.5156375076908852e-01,
       -3.0053000637876526e+00, -1.3956926970841013e-02,
       8.4863489117903135e-01, 2.9892864864608679e+00,
       3.7083332219883030e-03, -8.5629584058272845e-01,
       -3.0295470070332984e+00, -9.1451438597410974e-03,
       8.0999898543345716e-01, 3.0254087622541794e+00,
       2.5308408407490449e-02, -8.4945757876774386e-01,
       -2.9344992863633936e+00, -5.6050747966299455e-02,
       7.4424894346704040e-01, -2.8780016690683907e+00,
       -2.1634170507642075e-02, 7.1524116301818408e-01,
       -2.8379290207802566e+00, -4.9197167172995073e-03,
       7.1220583441207996e-01, -2.7955011161463856e+00,
       -1.0423321128607579e-02, 7.0115255317164737e-01,
       -2.7423455123209846e+00, -3.5585720457783176e-03,
       6.5239004642443188e-01, -2.7343919439123190e+00,
       6.3696090791190332e-02, 6.8232321748403513e-01,
       -2.7749136188446317e+00, 2.5866092983159755e-02,
       7.1305485599561436e-01, -2.7503870091663871e+00,
       3.1439126746567223e-02, 6.7474507959160579e-01,
       -2.7824740396758783e+00, 8.3652378772399325e-02,
       7.4753761277561825e-01, -2.8041964902942977e+00,
       1.1723810236651527e-01, 7.6872155460948999e-01,
       -2.8536596496022857e+00, 1.1527144320534749e-01,
       7.9449744360458341e-01, -2.9034092165126801e+00,
       1.3831732013739284e-01, 7.7054781813689188e-01,
       -2.9488755937565010e+00, 1.5489962708269947e-01,
       7.4619210707839390e-01, -3.0299812928370597e+00,
       1.5608093716411370e-01, 6.6284019026660945e-01,
       3.0687896416554450e+00, -1.6650013748716086e-01,
       -6.5675016123383345e-01, 3.0214046119731557e+00,
       -1.1324288853620182e-01, -6.6715878321617439e-01,
       2.9398616072439543e+00, -4.7898728710144792e-02,
       -8.2193303095812986e-01, 2.9890964449060511e+00,
       -5.8292903407544436e-02, -7.1675625326718639e-01,
       2.9692482918633689e+00, 4.8882936712294879e-03,
       -8.1805480696444255e-01, 3.0138171658755457e+00,
       1.0601092552860885e-02, -8.3237122588658485e-01,
