%YAML:1.0
---
summary: "Filter by time, rd=20, rs=15."
init_cam_calib: C99-1010_3p_3
camera_matrix: !!opencv-matrix
   rows: 3
   cols: 3
   dt: d
   data: [ 2.5761436030208101e+03, 0., 1.8771492368966958e+03, 0.,
       2.5784945525117864e+03, 1.0874494406153351e+03, 0., 0., 1. ]
dist_coeff: !!opencv-matrix
   rows: 5
   cols: 1
   dt: d
   data: [ 2.5329586483403638e-02, -4.8989628433960146e-02,
       2.2453634490820945e-04, -1.3226900058494603e-03,
       3.0838747347371118e-02 ]
rvec: !!opencv-matrix
   rows: 107
   cols: 3
   dt: d
   data: [ -3.0625516290333774e+00, 7.3239371335457853e-02,
       -2.5531984682412582e-02, -3.0476737383645434e+00,
       2.7657722720971492e-03, -6.2994934906662345e-02,
       -3.0586134286460811e+00, 3.1412119335607516e-02,
       -1.6291330331714388e-02, 3.0941328923668987e+00,
       -4.3680656088549506e-02, 3.3454611146458688e-02,
       3.0429845126681836e+00, -3.3914398885053182e-02,
       -8.4236938543522794e-02, 3.0949230527787224e+00,
       -8.8334647690904849e-03, 2.0147712854106218e-02,
       3.0982274532306131e+00, -3.1925598901029147e-02,
       3.6722148694111591e-02, -3.0735903038346382e+00,
       8.0520183186443082e-03, -9.1016146534545372e-02,
       -3.0008879792245584e+00, 1.2415722101665158e-02,
       -6.6824544326320956e-02, -2.9339460183818522e+00,
       1.2230510905012518e-01, -4.4155438639004271e-02,
       -2.9505117947196244e+00, 1.3510234535891677e-01,
       -1.8839615246857091e-02, -2.9371859263725741e+00,
       1.1747742449353843e-01, 7.3347205834972447e-03,
       -2.8325491246531649e+00, 1.2230050398203167e-01,
       8.7185393602148015e-03, -2.9305453303424756e+00,
       6.9449784858006652e-02, 6.3202782562290921e-02,
       3.0443955987974030e+00, -9.9252212772918003e-03,
       -1.9979620163844962e-02, 3.0963756993615461e+00,
       3.7098488409171168e-02, -2.1017740608253919e-02,
       3.1332947407028477e+00, -7.3824336754982943e-03,
       -6.2869796385408391e-02, 3.1231627778017734e+00,
       -9.6896954214324579e-02, -4.3472181775492308e-02,
       2.9986408501114759e+00, -9.8991466577244974e-02,
       2.6877211141088969e-01, 2.9362154115510823e+00,
       -7.5550635603908053e-02, 5.4472864586142367e-01,
       3.0366930123729117e+00, -4.8859639999188756e-02,
       -3.0484980788720022e-02, -3.0403537145593842e+00,
       -9.6387514004989336e-02, 6.5556938456390057e-01,
       -2.9674768191850953e+00, 1.3891975078836402e-02,
       7.6546671280500822e-01, -2.9512302568654638e+00,
       -5.8459846749665555e-02, 8.5172142511146209e-01,
       -2.9351014164682319e+00, -9.1183815191849243e-03,
       8.3826854005263995e-01, 3.0007740005806820e+00,
       1.6594197852397550e-02, -8.5008960637667963e-01,
       2.9494388667879670e+00, 1.8530473302995738e-02,
       -8.5600230197778404e-01, 2.9813962913115937e+00,
       8.9773792299290120e-04, -8.4595154048093790e-01,
       3.0348716391615689e+00, 1.9601663400530434e-02,
       -8.4355753208319340e-01, -2.9513966440830486e+00,
       -3.9236982983989567e-02, 8.5741598090791782e-01,
       -2.7981900427350910e+00, -4.8698306274380749e-03,
       7.2092768645216398e-01, -2.7729190526743506e+00,
       3.0158824434478742e-02, 6.6595016121285033e-01,
       -2.7354708500687179e+00, 3.7672385364896775e-02,
       7.2985337651719651e-01, -2.8026329378589399e+00,
       1.1695024934377557e-01, 7.7046727738904386e-01,
       2.9686402592707899e+00, -8.9620276034519067e-02,
       -7.7755836870193096e-01, 2.9802748572410613e+00,
       -1.1828670323460367e-02, -7.6729606510835990e-01,
       2.9492371464496459e+00, -4.0500772234663591e-02,
       -8.2223424188203564e-01, 2.9881811884911165e+00,
       -4.2187241581927812e-02, -7.5970471254602745e-01,
       -2.9934380921202921e+00, -1.5092418825206629e-02,
       9.2556010877626993e-01, -2.9045329370639186e+00,
       -2.7054175474349598e-02, 1.0599791431176149e+00,
       -2.8796066369369639e+00, -1.4376855341916244e-02,
       1.1061718974518600e+00, 2.8926241165988515e+00,
       -3.8436899162349838e-02, -1.2610925093932159e+00,
       2.7553340851967678e+00, 5.4183763311191060e-03,
       -1.5069516669578022e+00, -2.6624961002854604e+00,
       -5.8652807590102475e-02, 1.5960717125871868e+00,
       -2.7514337889852754e+00, -7.5084434075580977e-02,
       1.5348727399786739e+00, 2.7021924728778948e+00,
       -1.2450351565284047e-02, -1.4788599671921132e+00,
       2.6412574977039998e+00, -2.7008134990628610e-02,
       -1.4067430327634947e+00, 2.7592648934945143e+00,
       1.8656404479717378e-02, -1.4797660469165084e+00,
       -2.6107016821834255e+00, -8.0593309404722896e-02,
       1.3835891687449358e+00, -2.5383611058707571e+00,
       -6.4912775331051054e-02, 1.5274409252670846e+00,
       -2.5231774324858010e+00, -5.6009859366078697e-02,
       1.4994566497377499e+00, -2.6619133327701401e+00,
       4.9191322159471355e-02, 1.4999293664169320e+00,
       2.6966503725871798e+00, -5.0670020791242380e-02,
       -1.5554138737427601e+00, 2.7313238706095500e+00,
       -6.4286899691594276e-02, -1.5422207531844090e+00,
       -2.5703407432292367e+00, -2.1797250779294682e-02,
       1.7413859639932108e+00, -2.8115599483312321e+00,
       4.2726964990835892e-02, 1.2045667929184247e+00,
       -2.8252914323107210e+00, -3.4044190400895277e-02,
       1.0832565796258666e+00, -2.9585567271023332e+00,
       1.1253948226011572e-01, 7.8410576006378085e-01,
       -3.0425358921539503e+00, 5.9386751895540185e-02,
       7.0088766646391232e-01, -3.0821145417250184e+00,
       4.2259942727210710e-02, 2.9563662894423121e-01,
       -3.0873806456010437e+00, -2.1663963477657672e-02,
       1.2699575439097094e-01, 3.1192707107919770e+00,
       -6.9245326966845882e-03, -3.7686057929043287e-01,
       -3.0565415114729544e+00, -4.3056249944779357e-02,
       5.4765635166435245e-01, -3.0251612782129298e+00,
       3.1939070778615540e-02, 2.2297015417507543e-01,
       -2.9462121072679222e+00, 1.5984988148832158e-01,
       -8.4575192777434693e-01, -2.8545858254530607e+00,
       1.3924971410026632e-01, -1.1764336028645386e+00,
       -2.9284173724152254e+00, 2.6498266768176699e-02,
       -1.0579455104793152e+00, 2.9042724243582354e+00,
       8.8011321920151238e-04, 1.1165303343335631e+00,
       2.9224935583453391e+00, -3.8952410088263577e-02,
       1.1281624160484651e+00, 2.8886650567881960e+00,
       -1.4562992268732776e-02, 1.1302701309579744e+00,
       2.8475111128806661e+00, 3.7166309801279482e-02,
       1.1587759206921642e+00, 2.8593625374799325e+00,
       -1.1512023329932879e-02, 1.1618412593783556e+00,
       2.7817057269440353e+00, -1.3827456544582433e-02,
       1.0830641066663278e+00, 2.7792081697689834e+00,
       2.6424786174389066e-04, 1.1472777726353627e+00,
       2.7790957344977394e+00, -2.3988870781049665e-02,
       1.1598545563730509e+00, 2.7989035009350394e+00,
       -2.8677490724580021e-02, 1.1943117138170438e+00,
       -2.8193228636679488e+00, 1.0947286538887374e-01,
       -1.2363459060305091e+00, -2.8028724758439600e+00,
       1.0425080808452221e-01, -1.2018669894756799e+00,
       -2.7824322218706623e+00, 1.1473056832025175e-01,
       -1.1785161048245110e+00, -2.6892254320402813e+00,
       2.9292402669937273e-01, -1.0866305980644704e+00,
       -2.7625854416773210e+00, 3.3906303557539491e-01,
       -9.7075138350886858e-01, -2.7431533447345249e+00,
       3.0497317004106084e-01, -1.0282048399621089e+00,
       -2.7473338416818427e+00, 2.8978059946473578e-01,
       -1.0933578708155303e+00, 2.8042840880255109e+00,
       -2.9087266164263725e-02, 1.1199076358655298e+00,
       2.9157166784203379e+00, -1.6988482672862997e-02,
       1.0994683203335771e+00, -2.6956415098803332e+00,
       -4.6992786050315165e-03, -1.4620134934065683e+00,
       -2.8041099954241875e+00, 5.9466801513203653e-02,
       -1.3431747563774037e+00, -2.6239422628931823e+00,
       1.5775098307231947e-01, -1.5777283578619961e+00,
