%YAML:1.0
---
summary: "Filter by time and points, rd=20, rs=0, sp=5, sf=2."
init_cam_calib: C99-1010_3p_3
camera_matrix: !!opencv-matrix
   rows: 3
   cols: 3
   dt: d
   data: [ 2.5601502253102335e+03, 0., 1.8709043213927880e+03, 0.,
       2.5564660427647282e+03, 1.0831694686025623e+03, 0., 0., 1. ]
dist_coeff: !!opencv-matrix
   rows: 5
   cols: 1
   dt: d
   data: [ -1.3302411586763752e-01, 4.7606033459168902e-03,
       -3.4567927635204584e-03, -8.3775960111981962e-03,
       -4.3186265125604348e-05 ]
rvec: !!opencv-matrix
   rows: 108
   cols: 3
   dt: d
   data: [ -2.9583281068921483e+00, 2.0852703933108313e-02,
       1.1427586994776062e-01, -3.0261196051768455e+00,
       7.0445848164660971e-02, 1.5672170793661338e-03,
       -2.9913843841065666e+00, 7.4390768129766940e-03,
       5.2172593535682509e-02, -3.0452902107516358e+00,
       5.7737565109491608e-02, 8.4945383761378876e-02,
       3.1405802075991134e+00, -3.8715484561089010e-02,
       -8.8790248167979285e-02, 3.1466039222967166e+00,
       -2.9713791229684056e-02, -1.3051315830024629e-01,
       3.1386489554366204e+00, -2.4363382562931035e-02,
       -7.8227525382969176e-02, 3.1548154812590594e+00,
       -8.6072143026189908e-04, -3.8703764213142186e-02,
       -3.0278611778659150e+00, 2.7394344839434141e-02,
       1.6593694205551259e-02, -2.9206077119357206e+00,
       3.3383397470440890e-02, 4.1170843972001313e-03,
       -2.8961127837977267e+00, 1.4362878413169758e-01,
       -4.7894562443703562e-02, -2.9035841279519410e+00,
       9.7556027684809893e-02, 5.7279606285253514e-03,
       -2.8074924010051947e+00, 1.3628551615815501e-01,
       1.2201376420590967e-01, -2.7617560322536541e+00,
       1.2052853921139667e-01, 6.1211661683247813e-02,
       -2.8593885221723436e+00, 6.2857082812201925e-02,
       2.3784170662903065e-01, 3.1378593692164229e+00,
       -1.7993551202932161e-02, -2.1335747415337994e-01,
       3.1682395278813158e+00, 1.6919433594179807e-02,
       -1.7246349018599741e-01, 3.2177201883133364e+00,
       -1.3765953075671401e-02, -2.3752324713128528e-01,
       3.1557773643790972e+00, -1.0175037710066843e-01,
       -2.6717033462636242e-01, 3.0460564535942365e+00,
       -9.7078207184141105e-02, 5.3173583049303674e-01,
       3.0475770367935775e+00, -1.2515214330173505e-01,
       4.7527103336440896e-01, 3.1991275886198864e+00,
       -6.4174914197232508e-02, -8.4648605205980734e-02,
       -3.0538176429833093e+00, -9.6679096471469467e-02,
       6.8761157190026745e-01, -2.9088005240679431e+00,
       -3.0820710452651658e-03, 8.1676385220686754e-01,
       -2.9303617727218030e+00, -6.4293621502982345e-02,
       8.4894932473913221e-01, -3.0034398280516243e+00,
       -5.0725222664248200e-03, 8.4163449979965144e-01,
       2.9885234483654366e+00, 8.3909470221890537e-03,
       -8.7456293073485580e-01, 2.9758814133861180e+00,
       -2.1572988673889621e-03, -8.9604125097603016e-01,
       2.9918243370621607e+00, -9.1672965580599074e-03,
       -8.5776658556965035e-01, 3.0230459001943730e+00,
       2.6527910434892527e-02, -8.2608724375369658e-01,
       -2.9403704377786277e+00, -4.5644513145244467e-02,
       8.2850240229653593e-01, -2.7289512692139213e+00,
       4.0908502131263340e-02, 6.0933560528371844e-01,
       -2.7562491497311759e+00, 3.4780826156300737e-02,
       6.6559322208463056e-01, -2.7383362437189138e+00,
       4.8374803772490600e-02, 7.1765869194276011e-01,
       -2.8712300957261094e+00, 1.1959676634609498e-01,
       7.7147742096388561e-01, 3.0101227980797014e+00,
       -7.8845794110254011e-02, -7.8177439519897463e-01,
       2.9981712862097725e+00, -8.9099197988349506e-05,
       -7.7194384292426310e-01, 2.9724518919095479e+00,
       -5.2343463145116446e-02, -7.8639779568006118e-01,
       2.9876591722354156e+00, 1.5861933277562364e-02,
       -8.0665794582998818e-01, -2.9642140200374234e+00,
       -4.9552196463387183e-02, 9.6902153368993360e-01,
       -2.9213135644590649e+00, -4.7664206817785007e-02,
       1.0789236160934865e+00, -2.9276679631341254e+00,
       -1.5704207349146486e-03, 1.1036959558895167e+00,
       2.8621910633383112e+00, 1.0527718785890882e-02,
       -1.3389169887555719e+00, 2.7544618959135407e+00,
       3.7698522680196550e-02, -1.4632248081118160e+00,
       2.6492097545723081e+00, 7.1144106744421329e-02,
       -1.6764250734634145e+00, 2.7792102084788248e+00,
       4.0405437092796592e-02, -1.4326236898507660e+00,
       2.6849822406626074e+00, -2.8082350802189449e-02,
       -1.4242812629314556e+00, 2.6793360936238302e+00,
       -1.6489263691072446e-02, -1.4264663538795146e+00,
       -2.7278953657996081e+00, 1.5093837093278161e-03,
       1.4414251244595662e+00, -2.6055386704139445e+00,
       -3.9062663735596345e-02, 1.4653423596111346e+00,
       -2.5541487622282726e+00, -5.3341309994648457e-02,
       1.5023065032788994e+00, -2.6042610865980835e+00,
       -2.9688991215394117e-02, 1.4564133931101966e+00,
       2.7541765109936454e+00, -8.7719637509537679e-02,
       -1.4808526177200658e+00, 2.6906049675375199e+00,
       -5.6784742134622097e-02, -1.5287316717304291e+00,
       2.6803313791056542e+00, -5.0373636381717504e-02,
       -1.6309451422451966e+00, -2.6992953641635959e+00,
       -1.7267021181434812e-02, 1.5720692455853933e+00,
       -2.8509695504513961e+00, 5.5148337648073732e-02,
       1.1453267748483689e+00, -2.8055918233456514e+00,
       8.7844454204497630e-02, 9.8705121372017446e-01,
       -2.9604478622753003e+00, 1.2981140136736039e-01,
       7.0813430147159739e-01, -3.0512877459995518e+00,
       8.9654408349745585e-02, 5.1266379785867233e-01,
       -3.0110747029108800e+00, -7.7124104228302364e-03,
       2.6832753645402307e-01, -2.9819472389910207e+00,
       -3.7356530104048852e-02, 1.8429630973210168e-01,
       -3.0685985106549696e+00, -4.0642205544416277e-02,
       4.9425229767240825e-01, 9.7432454188670845e-03,
       -2.7378063887245720e+00, -5.4967506612926653e-02,
       -2.5503764232228430e+00, 5.2204195544309960e-02,
       -3.1876358313737412e-02, -2.9500334567451736e+00,
       1.4952144525961758e-01, -9.4554136651282905e-01,
       -2.8671452475285628e+00, 1.1205856471178577e-01,
       -1.1389997295938985e+00, -2.9337135382700006e+00,
       2.9604169202794364e-02, -1.0933264985998998e+00,
       2.9194771762371254e+00, 1.5704141008134639e-03,
       1.0860396958415557e+00, 2.9407389732803733e+00,
       -2.3475743081134908e-02, 1.1131256461188286e+00,
       2.8641740067091863e+00, 3.5397786538689177e-02,
       1.0555593849707463e+00, 2.8598570219984478e+00,
       2.6825130663465840e-02, 1.1485313125330143e+00,
       2.8964092314783376e+00, 7.7374502325815719e-03,
       1.1040867333436328e+00, 2.7721007613414255e+00,
       -1.5198456431334571e-02, 1.1176596847707796e+00,
       2.7788580666289935e+00, -6.5954545411074234e-03,
       1.1297663343781017e+00, 2.7945560738941855e+00,
       -1.6760327646005366e-02, 1.1593056656836580e+00,
       2.8132362703407203e+00, -4.4078951552186829e-02,
       1.2092105677741725e+00, -2.7606203093186146e+00,
       1.2989290893766783e-01, -1.1883825033390163e+00,
       -2.7997782638436544e+00, 1.1782902723613270e-01,
       -1.1954058404695020e+00, -2.8124554544618441e+00,
       1.6422010602048315e-01, -1.1382447943898364e+00,
       -2.7573743509572797e+00, 2.8090374169299104e-01,
       -1.0316230831038424e+00, -2.7158593766558639e+00,
       3.2849705829271808e-01, -9.5425237040060251e-01,
       -2.7586917709829510e+00, 3.0238449961179659e-01,
       -1.0231261090359625e+00, -2.8109333090718067e+00,
       2.0817792440479232e-01, -1.0653361418683591e+00,
       2.8636807600333638e+00, -6.5225669148204615e-02,
       1.0655384261786018e+00, -2.8806443536954291e+00,
       5.0643540756264704e-02, -1.1117123850038073e+00,
       -2.7277332376599333e+00, 3.6778812243699675e-03,
       -1.4804428855916234e+00, -2.7873317155104189e+00,
       4.9281853876527407e-02, -1.3964119364033092e+00,
