%YAML:1.0
---
summary: "Filter by time, rd=20, rs=0."
init_cam_calib: C99-1010_3p_3
camera_matrix: !!opencv-matrix
   rows: 3
   cols: 3
   dt: d
   data: [ 2.5740561736436257e+03, 0., 1.8837021445623664e+03, 0.,
       2.5680113112464910e+03, 1.0859320160072530e+03, 0., 0., 1. ]
dist_coeff: !!opencv-matrix
   rows: 5
   cols: 1
   dt: d
   data: [ 1.6127584649991353e-02, -3.2553992016328026e-02,
       -8.2141124475396793e-04, -1.4747635421576370e-03,
       2.4047553086739965e-02 ]
rvec: !!opencv-matrix
   rows: 108
   cols: 3
   dt: d
   data: [ -3.0306097311189308e+00, 1.6416011902533598e-02,
       4.0646031476970776e-03, -3.0546216939978623e+00,
       7.1052117860057329e-02, -6.2245821614209232e-02,
       -3.0387551854726937e+00, 4.3726173219727224e-03,
       -3.6534094464933067e-02, -3.0914221024866011e+00,
       5.6136658358506550e-02, -1.9423779923152702e-02,
       3.0820174237952478e+00, -3.8674574118110525e-02,
       1.1087407783632919e-02, 3.0815660852583089e+00,
       -3.2815085877813767e-02, 4.6934751338199706e-03,
       3.0909185673014674e+00, -2.3964208259124695e-02,
       1.9843093477306058e-02, 3.1040168714542697e+00,
       -4.0918416990671762e-03, 4.8071161254283588e-02,
       -3.0658586712196199e+00, 2.7258960656623366e-02,
       -5.3143234926767827e-02, -2.9795226205729333e+00,
       3.2698825625306155e-02, -8.3452881250111688e-02,
       -2.9396055106061878e+00, 1.4026866495923859e-01,
       -1.1304513473508358e-01, -2.9581489997456223e+00,
       9.3963988829170272e-02, -6.5469154037967409e-02,
       -2.9074736876695169e+00, 1.2821263555136178e-01,
       -1.4560290014941241e-02, -2.8440791433141599e+00,
       1.2316245098566561e-01, -2.1305703078029311e-02,
       -2.9425538098209061e+00, 5.4477145927607114e-02,
       9.5425462789225785e-02, 3.0930496423275136e+00,
       -1.7748669460652164e-02, -7.3716775369800980e-02,
       3.1143078876296983e+00, 1.9557853036408428e-02,
       -2.9072777359896929e-02, 3.1339010202523196e+00,
       -5.2625083162217432e-03, -4.4954757422837478e-02,
       3.1045345810866394e+00, -9.3325286224123075e-02,
       -7.8273168295328474e-02, 3.0041892108683088e+00,
       -1.0088696580160879e-01, 4.9373976940429637e-01,
       2.9847760872829081e+00, -1.3759220760725754e-01,
       4.4822463544619057e-01, 3.0680678119998763e+00,
       -6.5448236783004460e-02, -1.3810532836725936e-01,
       -3.0436590228161688e+00, -9.4974980199608872e-02,
       7.1869885172532699e-01, -2.9519371273876720e+00,
       -6.0936508187998404e-03, 7.7642867925451886e-01,
       -2.9356273368219932e+00, -6.2867151468886398e-02,
       8.5579504407260043e-01, -2.9838906865655694e+00,
       -2.9858079244336304e-03, 8.6820107150322878e-01,
       2.9818414010630843e+00, 7.8144489588873618e-03,
       -8.6006854593784432e-01, 2.9641261011841378e+00,
       -1.5676008381440521e-03, -8.5970824626322417e-01,
       2.9960410963569424e+00, -5.0962419461157591e-03,
       -8.4687626612534217e-01, 3.0236228721056393e+00,
       2.7787203880312059e-02, -8.4882602052073508e-01,
       -2.9783004746336665e+00, -4.9651172510382820e-02,
       7.9920162051042087e-01, -2.7085532081166588e+00,
       3.2677001935993495e-02, 6.2914010051855496e-01,
       -2.7338725751753650e+00, 3.1134915402976821e-02,
       6.9680496847809159e-01, -2.7305765799788371e+00,
       4.5184457782606116e-02, 7.2625849345022131e-01,
       -2.8712168087820156e+00, 1.2101470048644028e-01,
       7.8010431381463807e-01, 2.9892216738768194e+00,
       -8.3499748905540142e-02, -7.7455738048045331e-01,
       2.9821948193356187e+00, -5.4924850464571394e-03,
       -7.7275871852839084e-01, 2.9534208780109337e+00,
       -5.6856645616003031e-02, -7.8480247245773727e-01,
       2.9764259327755878e+00, 1.2592201320041076e-02,
       -8.1587923192039358e-01, -2.9413857079893724e+00,
       -4.9596250930765827e-02, 9.9677269211458008e-01,
       -2.9023834230160142e+00, -4.6385696153641243e-02,
       1.0898447095976032e+00, -2.9274337712239991e+00,
       -8.4302854986492183e-03, 1.1195483410614466e+00,
       2.8599952086402678e+00, 1.5421485595569372e-02,
       -1.3436457857032169e+00, 2.7500287414252091e+00,
       4.3192865405283283e-02, -1.4705226028835010e+00,
       2.6358740498143662e+00, 8.2058362682586677e-02,
       -1.7075926008461093e+00, 2.7757109714331363e+00,
       4.7124312236048627e-02, -1.4449231060345851e+00,
       2.6712534164251851e+00, -2.6444840646927963e-02,
       -1.4350517400533496e+00, 2.6593341217202089e+00,
       -1.6519429500294561e-02, -1.4401737474988616e+00,
       -2.7160700748814528e+00, -6.5573733801886436e-03,
       1.4567296218603352e+00, -2.5909312120730910e+00,
       -4.2241416266945421e-02, 1.4709417630003445e+00,
       -2.5329771227314746e+00, -5.8703488107532807e-02,
       1.5322389604169990e+00, -2.5894809638577714e+00,
       -3.4739772311771173e-02, 1.4779233524515449e+00,
       2.7405491342022610e+00, -8.2718695225691766e-02,
       -1.4984050435763079e+00, 2.6829650636467104e+00,
       -5.1248217284443280e-02, -1.5560112072165466e+00,
       2.6541506810966475e+00, -3.4725455159889181e-02,
       -1.6660081105166380e+00, -2.6650775229016204e+00,
       -2.5060183095842993e-02, 1.5908114447351249e+00,
       -2.8536279846851964e+00, 3.6261075491820477e-02,
       1.1663936230294516e+00, -2.8139836011231059e+00,
       6.5903938817141905e-02, 1.0160875982243329e+00,
       -2.9444402263390237e+00, 1.1534176262184062e-01,
       7.5942428707869625e-01, -3.0295191195781226e+00,
       7.7339246038873141e-02, 5.7709908349185979e-01,
       -3.0905558955742047e+00, -8.6205336771015065e-03,
       2.8042591463384842e-01, -3.0803675702967217e+00,
       -3.6568079244321955e-02, 1.0976847678478703e-01,
       3.1036592841735091e+00, 3.9051752620507724e-02,
       -4.7828231364142471e-01, -6.0568305580348735e-03,
       -2.7065430835122970e+00, -6.5382254453612357e-02,
       -2.9430746593529249e+00, 6.9215238911867413e-02,
       1.3026661718764981e-03, -2.9684149471540313e+00,
       1.6235910333600828e-01, -9.8456406741348856e-01,
       -2.8637758922215619e+00, 1.1474961973783297e-01,
       -1.1602474469272201e+00, -2.9237832916988689e+00,
       3.1817507915486251e-02, -1.1276166376440948e+00,
       2.9005560701141917e+00, -2.2579005156422262e-03,
       1.0998997495724567e+00, 2.9230621828465648e+00,
       -2.4310684723889784e-02, 1.1417714621109591e+00,
       2.8478844436156305e+00, 3.2923121170138826e-02,
       1.0747274082158806e+00, 2.8510398101459447e+00,
       2.8652378395058551e-02, 1.1812969399053743e+00,
       2.8841160130268642e+00, 6.4384105627867195e-03,
       1.1249978661563473e+00, 2.7626580080541965e+00,
       -1.4398373493986490e-02, 1.1309405823514211e+00,
       2.7710986006708866e+00, -7.5431901097284416e-03,
       1.1443334541258432e+00, 2.7861445629995205e+00,
       -1.8069513913955178e-02, 1.1729271109816550e+00,
       2.8038716568691089e+00, -4.3634929438088575e-02,
       1.2206962777920480e+00, -2.7537093330462996e+00,
       1.2752394839811659e-01, -1.2075829207034985e+00,
       -2.7913305530612917e+00, 1.1667742106150804e-01,
       -1.2132347213937962e+00, -2.8016319274719086e+00,
       1.6846057811507009e-01, -1.1588352122439496e+00,
       -2.7587445863347675e+00, 2.8026964342746341e-01,
       -1.0531134660729897e+00, -2.7238192242282500e+00,
       3.3394974333328087e-01, -9.8394421401678622e-01,
       -2.7544771903832426e+00, 3.0371728295506073e-01,
       -1.0446366274794257e+00, -2.8024061666119620e+00,
       2.0950273749086504e-01, -1.0884622376447102e+00,
       2.8544025805834736e+00, -6.6098518211989546e-02,
       1.0838364161360101e+00, -2.8775931980910583e+00,
       5.3993251332826606e-02, -1.1314133090011609e+00,
       -2.7117914863473147e+00, -1.9423525802495394e-03,
       -1.4995574560695153e+00, -2.7746020202033042e+00,
       5.7207470267120288e-02, -1.4182718706910229e+00,
