%YAML:1.0
---
summary: "Filter by time and points, rd=20, rs=0, sp=5, sf=4."
init_cam_calib: C99-1010_3p_3
camera_matrix: !!opencv-matrix
   rows: 3
   cols: 3
   dt: d
   data: [ 2.5764244328355858e+03, 0., 1.8883265727650498e+03, 0.,
       2.5695672606237517e+03, 1.0820153026392493e+03, 0., 0., 1. ]
dist_coeff: !!opencv-matrix
   rows: 5
   cols: 1
   dt: d
   data: [ 2.0929885299601672e-02, -4.7552242750548875e-02,
       -1.0604342176276853e-03, -1.0740946432764244e-03,
       3.6846861522411754e-02 ]
rvec: !!opencv-matrix
   rows: 108
   cols: 3
   dt: d
   data: [ -3.0314662346786059e+00, 1.6275142595232307e-02,
       1.8066573295079714e-03, -3.0528306901366991e+00,
       7.0479624891455872e-02, -6.2526261618304699e-02,
       -3.0401856909733858e+00, 4.1559711497227729e-03,
       -3.9195336033219688e-02, -3.0910386956790270e+00,
       5.5755418861097687e-02, -2.1268512329241630e-02,
       3.0811042983738632e+00, -3.8782590339579939e-02,
       1.3904108969491865e-02, 3.0806393448342932e+00,
       -3.2834194992075648e-02, 7.1834319259654247e-03,
       3.0899999955152628e+00, -2.4003801865460684e-02,
       2.2299198595246927e-02, 3.1044489336690160e+00,
       -3.4993260600715195e-03, 4.8653202248109442e-02,
       -3.0659748238073292e+00, 2.7364225812746647e-02,
       -5.6067871247463326e-02, -2.9812087585854110e+00,
       3.3790988754511503e-02, -8.5661808870211381e-02,
       -2.9380383802549650e+00, 1.3935556058416929e-01,
       -1.1681488408078279e-01, -2.9570999095743056e+00,
       9.3453814579093908e-02, -6.6093756146713797e-02,
       -2.9089666475886156e+00, 1.2823250796315255e-01,
       -1.7424506795106456e-02, -2.8445658713387831e+00,
       1.2258881974440097e-01, -2.2872522860018611e-02,
       -2.9441723284899983e+00, 5.3655834997802417e-02,
       9.3556136938339612e-02, 3.0838493975052002e+00,
       -1.6271997374068925e-02, -6.1885162138470722e-02,
       3.1109603245045960e+00, 1.9113342334913287e-02,
       -2.5179803583103101e-02, 3.1328152328929035e+00,
       -5.0049860774899280e-03, -4.3271610843124197e-02,
       3.1034664600275645e+00, -9.2439498062158898e-02,
       -7.7644333248332323e-02, 3.0358519952818548e+00,
       -8.9903656044124244e-02, 5.3556448594929718e-01,
       2.9743745359465423e+00, -1.3930183645541930e-01,
       4.6666986491906232e-01, 3.0712907490694135e+00,
       -6.6309555428565384e-02, -1.3412974998187321e-01,
       -3.0478474296582485e+00, -9.4514788339140579e-02,
       7.1664508492039902e-01, -2.9544757744503833e+00,
       -5.3028967153319331e-03, 7.7387788854040196e-01,
       -2.9371227341363033e+00, -6.2087056722396235e-02,
       8.5438932331280060e-01, -2.9854832332965038e+00,
       -2.5712159734529835e-03, 8.6700332312355444e-01,
       2.9815362825246057e+00, 6.8949008955828074e-03,
       -8.5853041604716251e-01, 2.9638067614964831e+00,
       -2.5763975273666541e-03, -8.5819078277877958e-01,
       2.9952678176803937e+00, -6.0561864187249027e-03,
       -8.4429993291349104e-01, 3.0239345056365501e+00,
       2.6459584695616458e-02, -8.4660544552552686e-01,
       -2.9766983772065236e+00, -4.8563211332073551e-02,
       8.0092401990097817e-01, -2.7115096345705156e+00,
       3.1973298130209070e-02, 6.2999431642208870e-01,
       -2.7340229553155391e+00, 3.1764897802139570e-02,
       6.9768929116531364e-01, -2.7326876748463071e+00,
       4.5444511845671852e-02, 7.2567482265433836e-01,
       -2.8738349337504947e+00, 1.2271205788502640e-01,
       7.7591393176648893e-01, 2.9884907541418482e+00,
       -8.4239427044972601e-02, -7.7334947072876636e-01,
       2.9820516200812133e+00, -6.5046947478529273e-03,
       -7.7183532393091248e-01, 2.9537905246464740e+00,
       -5.8224829579440383e-02, -7.8236875636676773e-01,
       2.9774096682353610e+00, 1.3616248242809204e-02,
       -8.1126748627748402e-01, -2.9425383637446103e+00,
       -4.7940961221864316e-02, 9.9497249904015117e-01,
       -2.9033344222126378e+00, -4.5202821537605707e-02,
       1.0889138793987649e+00, -2.9283540791965832e+00,
       -6.6019313769033854e-03, 1.1174580099625766e+00,
       2.8611474512669588e+00, 1.4229754576007409e-02,
       -1.3397823867458989e+00, 2.7504074070017395e+00,
       4.1427404641517319e-02, -1.4688274555749241e+00,
       2.6360272185640850e+00, 8.0787280340412729e-02,
       -1.7049298486791398e+00, 2.7758216722959981e+00,
       4.5691942880808682e-02, -1.4426605648101340e+00,
       2.6716693853509108e+00, -2.7739173664496665e-02,
       -1.4322671900853368e+00, 2.6590043418363827e+00,
       -1.7154597920545248e-02, -1.4371815678292859e+00,
       -2.7189605673614778e+00, -6.1119117735608216e-03,
       1.4554963039562336e+00, -2.5934035454514506e+00,
       -4.1519554413140133e-02, 1.4702630047373078e+00,
       -2.5359077550961482e+00, -5.7966562018450615e-02,
       1.5306273949794977e+00, -2.5923644131450372e+00,
       -3.4196371155884753e-02, 1.4756428739301577e+00,
       2.7408017852120046e+00, -8.3797691105316374e-02,
       -1.4955285517753651e+00, 2.6827918155998876e+00,
       -5.1996516885080994e-02, -1.5531414095928768e+00,
       2.6523419756500277e+00, -3.5548351410831715e-02,
       -1.6666064434240766e+00, -2.6668861035126543e+00,
       -2.5417504562994960e-02, 1.5935123105554845e+00,
       -2.8555418806890884e+00, 3.7684852629572940e-02,
       1.1645589238036056e+00, -2.8202267654067112e+00,
       6.3927411846424087e-02, 1.0164808981161737e+00,
       -2.9449565734770480e+00, 1.1576883274763872e-01,
       7.6059905864329480e-01, -3.0301754022267144e+00,
       7.7611515487712460e-02, 5.7789887805526052e-01,
       -3.0952657158077770e+00, -8.0742689654883897e-03,
       2.7682229562818572e-01, -3.0848996759107417e+00,
       -3.5883171845790998e-02, 1.0722768170405811e-01,
       3.1047232049101625e+00, 3.5081483772473408e-02,
       -4.7160756788586006e-01, 5.7038735702756420e-04,
       -2.6591507343345633e+00, -3.1186613717834537e-02,
       -2.9696011650754031e+00, 7.2152619513557337e-02,
       -2.8940158722635587e-02, -2.9681310659115656e+00,
       1.6118519073377705e-01, -9.8744012761692579e-01,
       -2.8640526003669056e+00, 1.1365093973839030e-01,
       -1.1633260532673004e+00, -2.9262307024484904e+00,
       3.1406413160696034e-02, -1.1312141346900346e+00,
       2.8982949065060741e+00, -1.4423262877065657e-03,
       1.1019497248116565e+00, 2.9206829956978217e+00,
       -2.3466946177269472e-02, 1.1440070453068678e+00,
       2.8465927584622555e+00, 3.4090920709300594e-02,
       1.0778699584179654e+00, 2.8483526435648807e+00,
       2.9790689361257248e-02, 1.1840857964811164e+00,
       2.8825330002911973e+00, 7.4893719004343069e-03,
       1.1283919228717785e+00, 2.7607799292857562e+00,
       -1.3421116466835999e-02, 1.1338194676563826e+00,
       2.7689628248535563e+00, -6.7565214423837231e-03,
       1.1469819440284215e+00, 2.7837673038486486e+00,
       -1.7442101601287504e-02, 1.1752249047390166e+00,
       2.8026620986198596e+00, -4.2117883656121104e-02,
       1.2231615431523104e+00, -2.7541642752032698e+00,
       1.2706398662644552e-01, -1.2110407042206970e+00,
       -2.7913225730928799e+00, 1.1581117435322658e-01,
       -1.2163129267133164e+00, -2.7995225697727566e+00,
       1.6721489029499537e-01, -1.1614347937333838e+00,
       -2.7565767145005502e+00, 2.7893919706796039e-01,
       -1.0573332030055236e+00, -2.7245302775252451e+00,
       3.3245723446151032e-01, -9.8720715948175330e-01,
       -2.7539381351480707e+00, 3.0268131092922629e-01,
       -1.0479549215839448e+00, -2.8024339757592966e+00,
       2.0865654053816896e-01, -1.0911446829248832e+00,
       2.8504078839009894e+00, -6.6818722200077049e-02,
       1.0818263470366674e+00, -2.8763996147441460e+00,
       5.2391036794768781e-02, -1.1348798940405669e+00,
       -2.7110575506317161e+00, -3.4621522326240008e-03,
       -1.5022383589259349e+00, -2.7735042492435737e+00,
       5.6258863613389873e-02, -1.4214374302142945e+00,
