%YAML:1.0
---
camera_matrix: !!opencv-matrix
   rows: 3
   cols: 3
   dt: d
   data: [ 2.6036406310922443e+03, 0., 1.8818088857764351e+03, 0.,
       2.5967849607141961e+03, 1.0792308723001797e+03, 0., 0., 1. ]
dist_coeff: !!opencv-matrix
   rows: 1
   cols: 14
   dt: d
   data: [ 3.4039457876790713e+01, -1.3585580498308511e+02,
       -9.4571362698056365e-04, -1.6694152502617123e-04,
       -9.0627102479942053e+01, 3.4028817763898033e+01,
       -1.3761729935612385e+02, -8.2561324569492470e+01, 0., 0., 0., 0.,
       0., 0. ]
std_intrinsics: !!opencv-matrix
   rows: 18
   cols: 1
   dt: d
   data: [ 7.0304001595767085e+00, 6.8138007798760309e+00,
       4.9689833088274735e+00, 3.7591363217335099e+00,
       1.0489246689322857e+02, 2.8278946975770322e+02,
       6.1668907355210908e-04, 8.1674753441989510e-04,
       8.4371941211805540e+02, 1.0500209397036848e+02,
       2.8860338433932810e+02, 8.1901406420270450e+02, 0., 0., 0., 0.,
       0., 0. ]
std_extrinsics: !!opencv-matrix
   rows: 60
   cols: 1
   dt: d
   data: [ 3.3095264946016037e-03, 3.2733457333392045e-03,
       2.8055698292050259e-04, 4.6132486254336538e-02,
       3.5073410829184762e-02, 6.4298810466507775e-02,
       2.1348907805404625e-03, 2.0508693012104913e-03,
       4.2693218677339703e-04, 3.6079272390433396e-02,
       2.7447541172455247e-02, 4.5119567073205032e-02,
       3.1167915355804704e-03, 2.9013670609777894e-03,
       3.0680602073964087e-04, 4.3105766516863590e-02,
       3.2673241108669510e-02, 5.8406870774327109e-02,
       2.3879707703866070e-03, 2.5865939543518813e-03,
       2.5978129465160661e-04, 3.8793571627090205e-02,
       2.9357137630623802e-02, 5.3281552528802803e-02,
       2.5602961393645842e-03, 2.5919417222541553e-03,
       2.6292409972314857e-04, 3.8946974614914129e-02,
       2.9424293134885374e-02, 5.2384810025534093e-02,
       2.1891049966141427e-03, 1.9944238399237577e-03,
       4.7052803403548532e-04, 3.6542644275600562e-02,
       2.7711163870046778e-02, 4.5097898655764246e-02,
       2.2339902854127116e-03, 2.1337940042426553e-03,
       4.4320960709587240e-04, 3.0616185272541261e-02,
       2.2789630473158146e-02, 4.2801828629768689e-02,
       2.1438260431408196e-03, 1.9867537961756223e-03,
       5.6301407992500946e-04, 3.5711402752959601e-02,
       2.7159598180656497e-02, 5.1501901586899282e-02,
       2.1250604585547023e-03, 2.0278456101398543e-03,
       5.4779865728405038e-04, 3.2445505844452528e-02,
       2.4161991987771990e-02, 4.0735916940619357e-02,
       2.1253655755161596e-03, 2.1178963393879715e-03,
       4.2437511482735612e-04, 3.4576904372627212e-02,
       2.5746806845634580e-02, 4.5799184984607527e-02 ]
per_view_errors: !!opencv-matrix
   rows: 10
   cols: 1
   dt: d
   data: [ 4.2329409219366571e-01, 1.1889903882391448e+00,
       4.3508338328500418e-01, 6.4885932576295280e-01,
       7.0891085225701134e-01, 1.2915410581139766e+00,
       1.5097094838376901e+00, 9.3996044023329040e-01,
       1.5706075979114247e+00, 1.2820171870119053e+00 ]
