%YAML:1.0
---
camera_matrix: !!opencv-matrix
   rows: 3
   cols: 3
   dt: d
   data: [ 2.4745697670624763e+03, 0., 1.9143724146783916e+03, 0.,
       2.4585303937620247e+03, 1.1237739978144371e+03, 0., 0., 1. ]
dist_coeff: !!opencv-matrix
   rows: 1
   cols: 14
   dt: d
   data: [ -3.4391546912341454e+01, 3.8036611100947351e+02,
       -8.9144102590221885e-03, 7.5778308040657409e-03,
       -1.3271558062133615e+03, -3.4389718931336390e+01,
       3.8033345743428748e+02, -1.3270460299344886e+03, 0., 0., 0., 0.,
       0., 0. ]
std_intrinsics: !!opencv-matrix
   rows: 18
   cols: 1
   dt: d
   data: [ 6.2374606440426618e+01, 5.9679567464289988e+01,
       1.7492326664552181e+01, 9.3516170813806294e+00,
       2.0278771772927290e-01, 3.5145802746535866e+00,
       3.3571542691696364e-03, 5.1559759498967716e-03,
       1.3060851719685473e+01, 2.0374128019314536e-01,
       3.5330871583661989e+00, 1.3035235543160480e+01, 0., 0., 0., 0.,
       0., 0. ]
std_extrinsics: !!opencv-matrix
   rows: 54
   cols: 1
   dt: d
   data: [ 2.3758492045501583e-03, 6.4126553924055635e-03,
       9.5491692492368739e-03, 6.0098705923397855e+00,
       3.2343423972105563e+00, 2.1246697929753743e+01,
       2.5505727993598232e-03, 7.8097963370587680e-03,
       1.1528230515452931e-02, 6.8710195780537742e+00,
       3.7770595588947189e+00, 2.3954045736750196e+01,
       2.6021663479760880e-03, 1.0262531805006383e-02,
       1.4668375393774398e-02, 7.0544422818417818e+00,
       3.8100483333302821e+00, 2.4840123642737325e+01,
       2.7468428113284322e-03, 1.3604775090109376e-02,
       1.9004650801021438e-02, 6.9053572706378841e+00,
       3.7384625849307089e+00, 2.4582441010061068e+01,
       2.8309440963458421e-03, 1.5478825167518204e-02,
       2.2592924054244384e-02, 6.6437033473614013e+00,
       3.5795184684362300e+00, 2.4556954935123446e+01,
       2.3618438814455114e-03, 1.7792473631987098e-02,
       2.4575143708814154e-02, 6.5504016078637974e+00,
       3.5324618238518468e+00, 2.3984243125057265e+01,
       2.0985636876198915e-03, 1.7417936624719722e-02,
       2.1554569134637210e-02, 5.9880731537323930e+00,
       3.1787245355264915e+00, 2.1663011533548151e+01,
       2.0091114878405605e-03, 1.6449088244630761e-02,
       2.4350407121856869e-02, 5.9248851120860797e+00,
       3.1744026067497533e+00, 2.2117892689037838e+01,
       2.0757467391097624e-03, 1.6153925893775043e-02,
       2.3787239242000786e-02, 5.9139341966751315e+00,
       3.1919038513132665e+00, 2.1929243508534146e+01 ]
per_view_errors: !!opencv-matrix
   rows: 9
   cols: 1
   dt: d
   data: [ 3.5251032952944210e+00, 2.6663401975340886e+00,
       2.7452436239427858e+00, 4.2039012031613252e+00,
       4.4576670717345070e+00, 5.3001329661017316e+00,
       6.1030966149913715e+00, 5.4461948493687977e+00,
       5.8017555813961357e+00 ]
