%YAML:1.0
---
camera_matrix: !!opencv-matrix
   rows: 3
   cols: 3
   dt: d
   data: [ 2.6998073955206310e+03, 0., 1.8315694479568881e+03, 0.,
       2.4504938293001169e+03, 9.5811031284615410e+02, 0., 0., 1. ]
dist_coeff: !!opencv-matrix
   rows: 1
   cols: 14
   dt: d
   data: [ 2.5903391766627593e-01, -2.6538224974046465e-01,
       -1.8870339974286807e-02, -6.3488964016721772e-02,
       7.1012609969087204e-01, -1.9561920318263670e-01,
       4.5007716807852627e-01, 9.4668209616145929e-02, 0., 0., 0., 0.,
       0., 0. ]
std_intrinsics: !!opencv-matrix
   rows: 18
   cols: 1
   dt: d
   data: [ 6.1694933965777682e+02, 5.9318275186684184e+02,
       5.3352837377132005e+02, 6.5893758541512639e+01,
       2.1105811940176867e+01, 1.8233165496294330e+02,
       1.1651496922638690e-02, 3.4310523125532691e-02,
       2.2996508871445437e+02, 2.3203758215752490e+01,
       1.5209717039487887e+02, 2.0121453829886687e+02, 0., 0., 0., 0.,
       0., 0. ]
std_extrinsics: !!opencv-matrix
   rows: 24
   cols: 1
   dt: d
   data: [ 2.2286705536968099e-02, 9.0479386362042724e-02,
       4.8955474374640477e-02, 3.4128016123533278e+01,
       5.3675338364507219e+00, 4.1013614874634051e+01,
       2.4670392948380582e-02, 1.1191316450047210e-01,
       3.8906617539873206e-02, 3.6373898084301516e+01,
       5.5218328136998265e+00, 4.2529483174420839e+01,
       2.3073360652814259e-02, 1.1896282754633350e-01,
       3.2340069248959831e-02, 3.5921444932223224e+01,
       5.4188692148808055e+00, 4.2256491594339948e+01,
       1.8280948724453933e-02, 1.0726943747756625e-01,
       3.1963645243932158e-02, 3.2500466875297207e+01,
       5.1470264877246574e+00, 4.0357898939978796e+01 ]
per_view_errors: !!opencv-matrix
   rows: 4
   cols: 1
   dt: d
   data: [ 1.0588217601440779e+00, 1.0534719860327972e+00,
       1.0685294927337499e+00, 1.2957176010977738e+00 ]
