%YAML:1.0
---
camera_matrix: !!opencv-matrix
   rows: 3
   cols: 3
   dt: d
   data: [ 2.7038759873034169e+03, 0., 1.8959681096594820e+03, 0.,
       2.6986284548752037e+03, 1.0725152135265912e+03, 0., 0., 1. ]
dist_coeff: !!opencv-matrix
   rows: 1
   cols: 14
   dt: d
   data: [ -3.5793539828641396e+00, -5.5115543157768563e+01,
       -4.1921145307160304e-03, 2.6957097432465751e-03,
       8.4728155189836582e+02, -3.6343334176309980e+00,
       -5.4046890278071928e+01, 8.3902619402496225e+02, 0., 0., 0., 0.,
       0., 0. ]
std_intrinsics: !!opencv-matrix
   rows: 18
   cols: 1
   dt: d
   data: [ 3.7007464421305531e+00, 3.5918170225503769e+00,
       4.7056420852146221e+00, 3.4504896543440595e+00,
       1.2743290568584166e+01, 1.4731197834880211e+02,
       5.0764404452478416e-04, 7.0440344718788518e-04,
       3.6552645919848942e+01, 1.2758269388648257e+01,
       1.4804376918776006e+02, 2.9318442087022138e+01, 0., 0., 0., 0.,
       0., 0. ]
std_extrinsics: !!opencv-matrix
   rows: 72
   cols: 1
   dt: d
   data: [ 1.8361579550294472e-03, 1.8887924259147497e-03,
       4.2544114298134511e-04, 3.2527000585475301e-02,
       2.3921298300073363e-02, 2.4907016689354845e-02,
       1.8673509542359737e-03, 1.7785824951339828e-03,
       7.7257020548506536e-04, 4.1751768980662601e-02,
       3.0576887124198940e-02, 2.7635689134729701e-02,
       1.8208306438199104e-03, 1.8839796569844389e-03,
       5.9981902802430024e-04, 4.0268583651655761e-02,
       2.9462159269148202e-02, 3.1982258587842344e-02,
       1.9959398892102991e-03, 1.8464055943658130e-03,
       4.9339421754523874e-04, 3.2829133234444877e-02,
       2.3994587616763138e-02, 2.8158486754083698e-02,
       1.8101895139948090e-03, 1.8059836074960074e-03,
       4.7159707078010560e-04, 3.2636146722547367e-02,
       2.3869805255076836e-02, 2.2961791373915467e-02,
       2.5544597012837804e-03, 2.5875521176157547e-03,
       2.7310278640841989e-04, 3.6215910389547690e-02,
       2.6486331161299573e-02, 2.9610193398880498e-02,
       2.0403013953461252e-03, 2.0223478365464257e-03,
       1.9371291342782271e-04, 2.8199491294301372e-02,
       2.0652066410270859e-02, 2.3121859591259810e-02,
       1.8695735164262596e-03, 1.8150402834065278e-03,
       3.9942014582964561e-04, 2.7252463900175463e-02,
       1.9890819516263029e-02, 2.2256597349138044e-02,
       1.7938447825953353e-03, 1.7949860473199686e-03,
       4.3358967383819370e-04, 2.3430766169506942e-02,
       1.7400078709576095e-02, 2.0795538760832372e-02,
       1.7057802915000800e-03, 1.7523302953492213e-03,
       7.0140634024867669e-04, 3.3094164085742318e-02,
       2.4103729562314036e-02, 2.3405023824583079e-02,
       3.0224242165870592e-03, 3.0149348898700847e-03,
       2.8234443135189888e-04, 3.9320736176385609e-02,
       2.8802429145859870e-02, 3.2609921013625143e-02,
       1.8196941296536868e-03, 1.8152127341673080e-03,
       5.5246139009144783e-04, 3.2686191812865500e-02,
       2.3876823884934614e-02, 2.6072115789081002e-02 ]
per_view_errors: !!opencv-matrix
   rows: 12
   cols: 1
   dt: d
   data: [ 1.2858858260628490e+00, 1.3126131440157578e+00,
       1.1468495407245138e+00, 1.1733021915654303e+00,
       1.1301070229202703e+00, 6.3919758576324237e-01,
       8.0156324384497668e-01, 1.2629235934701755e+00,
       1.4687933674793967e+00, 1.6453957991110817e+00,
       5.1075257982925160e-01, 1.3512391627101743e+00 ]
