%YAML:1.0
---
camera_matrix: !!opencv-matrix
   rows: 3
   cols: 3
   dt: d
   data: [ 2.4745663521564420e+03, 0., 1.9143872109779991e+03, 0.,
       2.4585259240361811e+03, 1.1237775846959228e+03, 0., 0., 1. ]
dist_coeff: !!opencv-matrix
   rows: 1
   cols: 14
   dt: d
   data: [ -3.4389844878356435e+01, 3.8032883019746947e+02,
       -8.9136368376446767e-03, 7.5797996568163096e-03,
       -1.3269637544698573e+03, -3.4388016993373306e+01,
       3.8029618044698321e+02, -1.3268540012261087e+03, 0., 0., 0., 0.,
       0., 0. ]
std_intrinsics: !!opencv-matrix
   rows: 18
   cols: 1
   dt: d
   data: [ 6.3086077217573141e+01, 6.0389762687997560e+01,
       1.7275108540112836e+01, 9.3180645926009760e+00,
       1.7355173391542211e-01, 2.7556536242071492e+00,
       3.3625988148007452e-03, 5.1506073730478961e-03,
       8.2141100306506623e+00, 1.7469499361713195e-01,
       2.7803552707518344e+00, 8.1858261918641926e+00, 0., 0., 0., 0.,
       0., 0. ]
std_extrinsics: !!opencv-matrix
   rows: 54
   cols: 1
   dt: d
   data: [ 2.3599431972522841e-03, 6.3575057286612158e-03,
       9.5296038847251796e-03, 8.2511648506846713e-01,
       4.4776319352386940e-01, 2.9856830074213874e+00,
       2.5388848126131828e-03, 7.7623978279552563e-03,
       1.1507424866593738e-02, 9.4307075558315956e-01,
       5.2297385996643575e-01, 3.3670295283885050e+00,
       2.5933853213172464e-03, 1.0215782106024383e-02,
       1.4660468027103723e-02, 9.6792531784997116e-01,
       5.2732413744110096e-01, 3.4903172455015490e+00,
       2.7403650794751767e-03, 1.3567431516567070e-02,
       1.8993605882495886e-02, 9.4723063892365111e-01,
       5.1747125888435119e-01, 3.4537078656438052e+00,
       2.8259257288274567e-03, 1.5450811343979493e-02,
       2.2590140864132569e-02, 9.1130692392757062e-01,
       4.9544267132435998e-01, 3.4480657758886948e+00,
       2.3610840808570284e-03, 1.7778744728913078e-02,
       2.4573325803231891e-02, 8.9856970270959635e-01,
       4.8892218066538456e-01, 3.3675688637464343e+00,
       2.0986720354726970e-03, 1.7415547026185897e-02,
       2.1552363135612998e-02, 8.2162465443670152e-01,
       4.3991731723188021e-01, 3.0417308218156842e+00,
       2.0091899670924315e-03, 1.6439710603475013e-02,
       2.4346513060108647e-02, 8.1276577651014914e-01,
       4.3931780377459478e-01, 3.1058133252588971e+00,
       2.0757962391880717e-03, 1.6137989269620841e-02,
       2.3786857703629542e-02, 8.1124567754240517e-01,
       4.4175600527329634e-01, 3.0796160506888137e+00 ]
per_view_errors: !!opencv-matrix
   rows: 9
   cols: 1
   dt: d
   data: [ 3.5250945592538305e+00, 2.6663623807370547e+00,
       2.7452499809240432e+00, 4.2039020135032974e+00,
       4.4576677646997824e+00, 5.3001265454470241e+00,
       6.1031154518873869e+00, 5.4461613366927697e+00,
       5.8017664666252005e+00 ]
