%YAML:1.0
---
camera_matrix: !!opencv-matrix
   rows: 3
   cols: 3
   dt: d
   data: [ 2.4738040972992126e+03, 0., 1.9108920628599394e+03, 0.,
       2.4586425488742302e+03, 1.1096576450353950e+03, 0., 0., 1. ]
dist_coeff: !!opencv-matrix
   rows: 1
   cols: 5
   dt: d
   data: [ -1.3369176546306047e-01, 2.2495008358561663e+00,
       -8.6717593546110708e-03, 9.4556948664196658e-03,
       -8.1482795578761671e+00 ]
