Chessboard tests:
Test C23 (focus @ 0.7m):
fx: 2616.0801067386155, fy: 2606.4496070140208, cx: 1900.8588264531218, cy: 1093.1163127908976
k1: -12.943168009314020, k2: 56.933657885547490, p1: -9.9271159719204697e-04, p2: 1.4769764200612070e-03, k3: -79.490646766665193, k4: -12.941775724589476, k5: 56.913143853974944, k6: -79.444597861513984
Test C24 (focus @ 0.7m):
fx: 2616.5503941913494, fy: 2617.8493729154407, cx: 1906.9810018007206, cy: 1086.6355209230348 
 k1: -17.217265491238919, k2: 75.774569936351710, p1: -6.3947732118077832e-04, p2: 4.1158481545332578e-03, k3: 31.628497992698016, k4: -17.231852259052719, k5: 76.051199865421125, k6: 30.244502980412015
Test C25 (focus @ 0.7m):
fx: 2624.3863028893552, fy: 2622.4876745950905, cx: 1877.1192216234410, cy: 1092.5212514007258 
 k1: -7.8494070017372914, k2: -2.4379955478941637, p1: -1.4922821730673178e-03, p2: -1.6511252921931428e-03, k3: 209.46409901979288, k4: -7.8504200815665737, k5: -2.3863343574371085, k6: 208.91873871233875
Test C26 (focus @ infinite):
fx: 2604.2289069822646, fy: 2595.1321903875760, cx: 1880.1212879228126, cy: 1075.7690272647731
k1: 1.0315310707651146, k2: -124.23030366182535, p1: -4.4273966289023452e-03, p2: 1.6579417565561064e-03, k3: 578.75733536896541, k4: 1.0417232667064187, k5: -124.55641626135909, k6: 579.96973177227858
Test C27 (focus @ infinite):
fx: 2603.9335628498911, fy: 2600.1700586185020, cx: 1865.5015962454199, cy: 1052.8026745031698
k1: -13.896772067845372, k2: 143.14063217980666, p1: -1.3107162906605728e-02, p2: -2.2868598857400634e-03, k3: -233.02374971913065, k4: -13.902778202476410, k5: 143.04533120896679, k6: -231.92915464483121
Test C28 (focus @ infinite):
fx: 2617.4968056246244, fy: 2609.5912567639416, cx: 1811.9373058816875, cy: 1107.6195437353704
k1: -5.6069860944134584, k2: 62.415345665751360, p1: -2.9296527855612476e-03, p2: -1.1383613872587739e-02, k3: 2.5680096598794759, k4: -5.5627297246145702, k5: 61.810568465954731, k6: 3.7803399697919398
Test C32:
fx: 2621.3088129074481, fy: 2616.1291104092811, cx: 1894.2024282641855, cy: 1084.2034616662918
k1: -10.431068548171305, k2: 40.115432540956164, p1: -2.7554888598783139e-03, p2: 1.5836687755287739e-03, k3: -21.682776900777167, k4: -10.437229735068536, k5: 40.181904124606334, k6: -22.049305261131174
Test C33:
fx: 2625.0906257199881, fy: 2623.4532462847778, cx: 1895.2763045521856, cy: 1085.0961911429597
k1: -8.9848062260651478, k2: 31.106553856943929, p1: -1.8748001230123516e-03, p2: 5.0597982441283676e-04, k3: -25.623439314021681, k4: -8.9933564687320207, k5: 31.151463833462959, k6: -25.771290291799879
Test C34:
fx: 2613.8522699403452, fy: 2609.6177527128407, cx: 1880.2768291804159, cy: 1116.1181326740898
k1: -10.241784756376125, k2: 35.976227421066731, p1: 5.1620293011209323e-03, p2: -1.3208281663788263e-03, k3: -8.7271723385281970, k4: -10.252197180652313, k5: 36.085085964354953, k6: -9.2078257702687729
Circle Grid Tests:
Test C29 (focus @ infinite):
fx: 2641.8274190165184, fy: 2641.8274190165184, cx: 1713.2022035268083, cy: 992.46142553519599
k1: -24.931987505372348, k2: 133.28945340756715, p1: -1.7547111973036121e-02, p2: -2.3675003926718407e-02, k3: 400.50138215174343, k4: -24.893590084080703, k5: 132.23957191305448, k6: 407.85676814818555
Test C30 (focus @ infinite):
fx: 2641.2955949147058, fy: 2630.8913402332678, cx: 1785.3685213313454, cy: 1140.9919572634528 
k1: -4.5837899734938921, k2: 24.036484495119900, p1: 3.2195098172210792e-03, p2: -1.2641439330436686e-02, k3: -21.454411885721747, k4: -4.5509286895843850, k5: 23.566694683494177, k6: -20.731784349928876
Test C31 (focus @ infinite):
fx: 2599.1613131255440, fy: 2578.5621352226103, cx: 1943.9805311636692, cy: 1090.2555143994516
k1: 24.396424150522481 k2: -112.19499616893039, p1: -3.1290245415534794e-03, p2: 8.4990950895847284e-03, k3: 198.86661833772473, k4: 24.504034855783495, k5: -113.83043245613064, k6: 202.56938016580460
Test C35 (focus @ infinite):
fx: 2566.0567164341319, fy: 2562.1849452353204, cx: 1768.0862403649999, cy: 1087.1122498125576
k1: -7.7407855735041942e-02, k2: -2.5184595574477170e-01, p1: 1.7985719464192246e-03, p2: -6.2378945469061097e-03, k3: 7.7277434843278175e-02, k4: -1.5111079443516429e-01, k5: -5.2764035608965587e-02, k6: -8.6965201447228718e-02
Test C36 (focus @ infinite):
fx: 2782.8884075518758, fy: 2790.6930815987303, cx: 1927.2203975461994, cy: 1118.2757470897154
k1: 6.7554906916739181, k2: 19.646938545511894, p1: 6.1035233001395560e-03, p2: 4.1441852862957743e-03, k3: -58.097514741964524, k4: 6.8383441300167487, k5: 19.050058747820163, k6: -57.344266908268388
Test C29+C30+C31 (focus @ infinite):
fx: 2631.8320926753195, fy: 2625.8236866098869, cx: 1832.8529737888271, cy: 1073.0376348231086
k1: 3.5802283901108254, k2: -77.783031572245307, p1: -5.3559809679380472e-03, p2: -6.8939782987532169e-03, k3: 536.66697309174947, k4: 3.6149851860874356, k5: -78.097217427326754, k6: 535.28678847728906