%YAML:1.0
---
camera_matrix: !!opencv-matrix
   rows: 3
   cols: 3
   dt: d
   data: [ 2.6213088129074481e+03, 0., 1.8942024282641855e+03, 0.,
       2.6161291104092811e+03, 1.0842034616662918e+03, 0., 0., 1. ]
dist_coeff: !!opencv-matrix
   rows: 1
   cols: 14
   dt: d
   data: [ -1.0431068548171305e+01, 4.0115432540956164e+01,
       -2.7554888598783139e-03, 1.5836687755287739e-03,
       -2.1682776900777167e+01, -1.0437229735068536e+01,
       4.0181904124606334e+01, -2.2049305261131174e+01, 0., 0., 0., 0.,
       0., 0. ]
std_intrinsics: !!opencv-matrix
   rows: 18
   cols: 1
   dt: d
   data: [ 2.1103862636033641e+00, 2.2707382307870692e+00,
       2.5933620370755990e+00, 2.2760220921546548e+00,
       4.2255738538709497e-01, 2.1934079561079254e+00,
       2.8778375183882026e-04, 3.7242836482761127e-04,
       6.8506347654454558e+00, 4.2389244866631326e-01,
       2.1942976092532196e+00, 6.7460930797770216e+00, 0., 0., 0., 0.,
       0., 0. ]
std_extrinsics: !!opencv-matrix
   rows: 1272
   cols: 1
   dt: d
   data: [ 7.5482317747041228e-03, 7.5718260738971629e-03,
       5.2211910612482728e-04, 3.6285409753539610e-02,
       3.1970328560718249e-02, 5.5039251940340005e-02,
       7.7017909603620573e-03, 7.7122008937475488e-03,
       5.3185003801121695e-04, 3.6273192460763902e-02,
       3.1961627629833636e-02, 5.5850446349058648e-02,
       4.0327387268641714e-03, 4.1469957524381098e-03,
       7.8726667954566790e-04, 4.1173524998506954e-02,
       3.4439423197624226e-02, 5.5628683184579357e-02,
       1.7906319734440380e-03, 1.7506689603222780e-03,
       8.2340802420755748e-04, 4.3757259598097398e-02,
       3.9032401667168440e-02, 4.6895437736408432e-02,
       1.8898974264940909e-03, 1.8140126986379364e-03,
       8.5207218032206386e-04, 4.4930481161654226e-02,
       3.9125148369368333e-02, 4.7940751293042039e-02,
       1.8748190892820434e-03, 1.8202231315751797e-03,
       8.9741326683643425e-04, 4.5246183155371079e-02,
       3.8442107926380996e-02, 4.8420109519692500e-02,
       1.8284029733596535e-03, 1.8031646129620046e-03,
       9.2258471436286438e-04, 4.5494393597109647e-02,
       3.8237981934094403e-02, 4.8537555693337252e-02,
       1.7949819409211927e-03, 1.7965164893443378e-03,
       9.3740754062194057e-04, 4.5411752682990782e-02,
       3.8051242714962165e-02, 4.8251666570740086e-02,
       1.7476968268206146e-03, 1.7487869176938261e-03,
       9.2727142351157121e-04, 4.4684713993366064e-02,
       3.7523847863866054e-02, 4.7297267642006972e-02,
       1.7683523946404800e-03, 1.7613812815251433e-03,
       9.2262882678888951e-04, 4.4849888581368055e-02,
       3.7764355316997643e-02, 4.7749317052093350e-02,
       1.8025104411087626e-03, 1.7797014632047294e-03,
       9.0562949980011311e-04, 4.4724797997954563e-02,
       3.7921388199641394e-02, 4.7892514139331988e-02,
       1.8054239425635455e-03, 1.7613832349983539e-03,
       8.9639966696589959e-04, 4.4895682133304304e-02,
       3.8224611374551340e-02, 4.8250870750785199e-02,
       3.5496167667187451e-03, 3.7731905898772001e-03,
       7.7093254531524912e-04, 4.1486997763065907e-02,
       3.4230437452223865e-02, 5.4135471013583777e-02,
       1.7604190389859543e-03, 1.7092790260775234e-03,
       8.7355663400484791e-04, 4.4180168897762495e-02,
       3.8206821370132489e-02, 4.8216481576161992e-02,
       1.6921171711809834e-03, 1.6671994804982780e-03,
       8.6504499706059645e-04, 4.3832248575072813e-02,
       3.8637452708466295e-02, 4.9608570697391906e-02,
       1.6284956552223609e-03, 1.6156081634979421e-03,
       8.1325945007858994e-04, 4.4308139127570249e-02,
       3.8681016656095898e-02, 5.0580065555841831e-02,
       1.6233388975618241e-03, 1.5900567843666394e-03,
       7.8042297980456432e-04, 4.5025083579102260e-02,
       3.8554550406034727e-02, 5.1257160005661238e-02,
       1.6160343419770018e-03, 1.5720219946681231e-03,
       7.4788473282089000e-04, 4.4717953044321156e-02,
       3.7921530921116296e-02, 5.0481508140809012e-02,
       1.6443947859611549e-03, 1.5977812916441552e-03,
       7.4027640136905648e-04, 4.4675382414155938e-02,
       3.7968525706384246e-02, 5.0486069255180246e-02,
       1.6542939269303964e-03, 1.6104611017203024e-03,
       7.3750047193816128e-04, 4.4521596898063349e-02,
       3.7872423666952849e-02, 5.0306062179900128e-02,
       1.6322394879685334e-03, 1.5984670721370115e-03,
       7.1925636792717141e-04, 4.4429221145655673e-02,
       3.7841334055740937e-02, 4.9555409373107026e-02,
       1.6278158636748767e-03, 1.6211359108730351e-03,
       7.1654351463774403e-04, 4.4477843297946670e-02,
       3.8362426804523189e-02, 4.9167507128667326e-02,
       1.6275672689241036e-03, 1.6617852008595883e-03,
       7.1656942863518628e-04, 4.5168146399798603e-02,
       3.8976879711382695e-02, 4.9995871916715139e-02,
       3.4539230095748611e-03, 3.7131659006687020e-03,
       7.5504384854162472e-04, 4.1408581777731837e-02,
       3.3994164747653002e-02, 5.3846635440601816e-02,
       1.6512072361954521e-03, 1.6678929087535575e-03,
       7.1879669676269242e-04, 4.5984654948496309e-02,
       3.9133939596102160e-02, 5.1356050014862778e-02,
       1.6956403826706495e-03, 1.6406471085905182e-03,
       7.4959089525401920e-04, 4.5522628011403353e-02,
       3.8276850752991871e-02, 5.2097585640967427e-02,
       1.6579186189245114e-03, 1.5791214788480874e-03,
       7.8444340440271781e-04, 4.4875632717586975e-02,
       3.7614243637187260e-02, 5.0611724324089648e-02,
       1.6627542227252079e-03, 1.5224999596691073e-03,
       7.8668670975232710e-04, 4.4717666561607979e-02,
       3.7299700955071159e-02, 5.0147183568576177e-02,
       1.6374741232413625e-03, 1.4633785301107227e-03,
       7.7393071459316788e-04, 4.4495733839466853e-02,
       3.6743495516136128e-02, 4.9763700062858837e-02,
       1.5711559693175584e-03, 1.4275522833139833e-03,
       7.5396490832534515e-04, 4.5007102958875410e-02,
       3.6349340779849443e-02, 4.9619753664819827e-02,
       1.5919711606505404e-03, 1.4506347924539732e-03,
       7.5232179577791277e-04, 4.5456177636159903e-02,
       3.6669536427656843e-02, 5.0262091281091735e-02,
       1.6426277478061157e-03, 1.4772225414681655e-03,
       7.5643072917607271e-04, 4.4748690061591968e-02,
       3.6583839221064271e-02, 4.9885331137889372e-02,
       1.7260737475159472e-03, 1.6450959163316658e-03,
       7.8553609040892631e-04, 4.3667620823784108e-02,
       3.7151523273227141e-02, 4.9759579905193640e-02,
       1.9432004404181657e-03, 1.8523724018412451e-03,
       8.1792442389766928e-04, 4.3532732220872027e-02,
       3.7750574229834806e-02, 5.0341592235987304e-02,
       3.3067934584979008e-03, 3.5197935548693725e-03,
       6.9100171949283164e-04, 4.0847291126085046e-02,
       3.3224146940677393e-02, 5.3161016371355049e-02,
       2.1175794865360624e-03, 2.0423495820041668e-03,
       8.5022203605660798e-04, 4.2447576823535837e-02,
       3.7055676557774364e-02, 4.7646065769872938e-02,
       2.2345869062171952e-03, 2.2449117247469738e-03,
       9.0271138902747326e-04, 4.3156066389630890e-02,
       3.7109907006139357e-02, 4.6360161506150299e-02,
       2.2878503915968206e-03, 2.3348378285987423e-03,
       9.4478161556924998e-04, 4.4655613786713351e-02,
       3.8209846081812576e-02, 4.8304353586188689e-02,
       2.1637502228420901e-03, 2.1677865206188437e-03,
       8.8820954443282558e-04, 4.3293580977935994e-02,
       3.7709893750934337e-02, 4.8052650592092704e-02,
       2.0963031720084326e-03, 2.0229429284906505e-03,
       7.1349302157794835e-04, 3.8163085409950358e-02,
       3.3108716679654059e-02, 4.0989347702487140e-02,
       2.1030639475101195e-03, 2.0111294566600691e-03,
       6.2868417654227007e-04, 3.3682697922044279e-02,
       2.9182706064009297e-02, 3.4511428465477771e-02,
       2.2839781128541174e-03, 2.1945728348150145e-03,
       5.4330865768173183e-04, 3.1322462063705252e-02,
       2.7290891593298904e-02, 3.1362806330507934e-02,
