%YAML:1.0
---
camera_matrix: !!opencv-matrix
   rows: 3
   cols: 3
   dt: d
   data: [ 2.6138521646304907e+03, 0., 1.8802768828581063e+03, 0.,
       2.6096177162297645e+03, 1.1161180405011792e+03, 0., 0., 1. ]
dist_coeff: !!opencv-matrix
   rows: 1
   cols: 14
   dt: d
   data: [ -1.0241784131930165e+01, 3.5976183972216077e+01,
       5.1620348318310669e-03, -1.3208249383662807e-03,
       -8.7269736048711888e+00, -1.0252196620013114e+01,
       3.6085043285490130e+01, -9.2076294708790236e+00, 0., 0., 0., 0.,
       0., 0. ]
std_intrinsics: !!opencv-matrix
   rows: 18
   cols: 1
   dt: d
   data: [ 2.0191861888654170e+00, 1.7946073183718545e+00,
       2.8944350759115220e+00, 2.9056700672594511e+00,
       3.5868404559813089e-01, 2.2276281327711795e+00,
       3.9954941080629503e-04, 3.9352655234470773e-04,
       1.1483002340967230e+01, 3.5971459741637202e-01,
       2.2073927347120117e+00, 1.1331309116622212e+01, 0., 0., 0., 0.,
       0., 0. ]
std_extrinsics: !!opencv-matrix
   rows: 1104
   cols: 1
   dt: d
   data: [ 1.1748841139496650e-02, 1.1737540077465410e-02,
       6.5476002154853986e-04, 4.9114730130016770e-02,
       4.9665164874920523e-02, 7.5039691492087945e-02,
       1.1226180794581752e-02, 1.1217882225231316e-02,
       6.4161292678940234e-04, 4.9331558065818543e-02,
       4.9900749800516175e-02, 7.4706000915723700e-02,
       4.0394688509299975e-03, 4.0604921887596405e-03,
       7.3629432524022339e-04, 4.6875094879137866e-02,
       4.5943094094866854e-02, 5.2897596352123946e-02,
       1.5397017841787953e-03, 1.5985237446660325e-03,
       7.6169524678985543e-04, 4.0925983004673344e-02,
       4.0088897267207352e-02, 3.4598940135361606e-02,
       1.5420033506906516e-03, 1.6053923845117174e-03,
       7.5757875171399071e-04, 4.0670354975634787e-02,
       3.9790761688515017e-02, 3.5540937744365814e-02,
       1.5503109671602042e-03, 1.6060776293839113e-03,
       7.5309014849638954e-04, 4.0224902877574686e-02,
       3.9393246939502163e-02, 3.5561109219365603e-02,
       1.5686250976027834e-03, 1.6142514651809581e-03,
       7.5413178841253871e-04, 4.0311782759590777e-02,
       3.9461509958120436e-02, 3.5127987436008708e-02,
       1.5770781035200931e-03, 1.5729312553085747e-03,
       7.6412175086847285e-04, 3.9975100769137011e-02,
       3.8968841984553824e-02, 3.4919526516632625e-02,
       1.5869382668710155e-03, 1.5444986599080386e-03,
       7.6726066499121495e-04, 3.9650121794952711e-02,
       3.8562789723584130e-02, 3.4766311929853501e-02,
       1.5981581876553187e-03, 1.5046643938798968e-03,
       7.7556567116980211e-04, 3.9254243933895823e-02,
       3.8068005191849649e-02, 3.4941197374225547e-02,
       1.6005478918427042e-03, 1.4685095245414157e-03,
       7.8586558303715118e-04, 3.8706412053208912e-02,
       3.7490994325421016e-02, 3.4818233365893791e-02,
       1.5975727871882905e-03, 1.4553390894862376e-03,
       7.9128084275528797e-04, 3.8545755932210761e-02,
       3.7337647122453139e-02, 3.4617248095998483e-02,
       1.5901115181773178e-03, 1.4366654688779995e-03,
       8.0255486657949179e-04, 3.8741614580301224e-02,
       3.7531818014199275e-02, 3.4197614688039550e-02,
       4.7843172515624251e-03, 4.8789046583089645e-03,
       6.3658250694816228e-04, 4.5821841203066961e-02,
       4.5462491352315476e-02, 5.6239500315782773e-02,
       1.4882987467440714e-03, 1.4174387048339167e-03,
       8.2761704955409954e-04, 3.7759190372834754e-02,
       3.6963917497080022e-02, 3.0519109158919672e-02,
       1.4878602709594848e-03, 1.4038921415881918e-03,
       8.4134587455292646e-04, 3.6700515992387030e-02,
       3.6079446126020459e-02, 2.8102691038014504e-02,
       1.5014542851802361e-03, 1.4215825066996744e-03,
       8.3543094239409588e-04, 3.6651371669490999e-02,
       3.6205869994412367e-02, 2.7440317620726962e-02,
       1.5098979614716380e-03, 1.4368868814790435e-03,
       8.3131449534596074e-04, 3.6850469571133651e-02,
       3.6472022148277390e-02, 2.7457143036251630e-02,
       1.5122570032537936e-03, 1.4329191005220433e-03,
       8.3291197279187590e-04, 3.6674909091329283e-02,
       3.6241001783974262e-02, 2.7527786253518687e-02,
       1.4656818293335460e-03, 1.3911445706465170e-03,
       7.8116109672117127e-04, 3.3104890822601284e-02,
       3.2557209056950545e-02, 2.4282807196108556e-02,
       1.4304060403641362e-03, 1.3868571290326585e-03,
       7.4201455980864577e-04, 3.0583682644826232e-02,
       3.0334712356039101e-02, 2.2866623485023441e-02,
       1.4066503773766126e-03, 1.3966896460236369e-03,
       7.7092717139122427e-04, 3.1330496094606849e-02,
       3.1146332704599509e-02, 2.5303408413110559e-02,
       1.4117268138169724e-03, 1.4130365388820812e-03,
       7.8020261526743837e-04, 3.1836085636061322e-02,
       3.1714508497747880e-02, 2.6721281985039105e-02,
       1.5446921475657917e-03, 1.5248011121151677e-03,
       7.2301387683565508e-04, 3.2031236462634421e-02,
       3.2341660895599735e-02, 2.7442397530640098e-02,
       5.9934519511950484e-03, 6.0609958441637853e-03,
       5.8448262271873421e-04, 4.5470427991842678e-02,
       4.5680194355974618e-02, 5.9727369805372764e-02,
       2.0386997460301003e-03, 1.9662924752577504e-03,
       6.6967853438530374e-04, 3.6426068537334669e-02,
       3.6972535346182521e-02, 3.3358885750044427e-02,
       2.4160500315567766e-03, 2.3384046431437358e-03,
       6.7832362261447451e-04, 3.9839788966607920e-02,
       4.0389593577855792e-02, 3.7853302035996197e-02,
       2.6210405643025832e-03, 2.5399548692214028e-03,
       6.4544765421029092e-04, 4.0275858193533187e-02,
       4.0561451431194717e-02, 3.7432397428607489e-02,
       2.8100854888825906e-03, 2.7524507873021870e-03,
       6.2312579998412341e-04, 4.0933313061348495e-02,
       4.1157499085010416e-02, 3.9227331217667007e-02,
       3.0454531114751018e-03, 3.0311383436374267e-03,
       7.0497604682574874e-04, 4.2130024753491882e-02,
       4.2725292077439685e-02, 4.3254424080182555e-02,
       3.2780209585286540e-03, 3.2705513417770758e-03,
       7.1609104884212227e-04, 4.2696950800128919e-02,
       4.3597392299120873e-02, 4.4963397144050898e-02,
       2.8208534195515787e-03, 2.8206686602252383e-03,
       7.2455484111898986e-04, 4.2143141933362188e-02,
       4.2843126553626668e-02, 4.3809064606706583e-02,
       2.3791748751076452e-03, 2.3743388573587675e-03,
       7.4728503266271746e-04, 4.1405561288479338e-02,
       4.2010823713003631e-02, 4.1423983141923949e-02,
       2.2169092429330313e-03, 2.2306597758720028e-03,
       7.6369212045662965e-04, 4.0757430110657349e-02,
       4.1126255872562287e-02, 4.0988736688865018e-02,
       2.1112471690724029e-03, 2.1424384337852438e-03,
       8.0599705099134843e-04, 4.0599520170863060e-02,
       4.1097363405030958e-02, 4.0957883689485407e-02,
       7.7273035958682242e-03, 7.7488404951713405e-03,
       6.8157194924748699e-04, 4.5602884586418917e-02,
       4.6125414305723124e-02, 6.3018266282533750e-02,
       2.0632603218415004e-03, 2.0905980685429781e-03,
       7.9935197397593822e-04, 4.0133451787683960e-02,
       4.0558151613498988e-02, 4.0167431544503245e-02,
       1.9780439751557340e-03, 2.0016707513893606e-03,
       7.8776164180460382e-04, 3.9226526537194113e-02,
       3.9673685231823144e-02, 3.8415556668014210e-02,
       1.9397019924334115e-03, 1.9634510495030880e-03,
       7.9212411131527249e-04, 3.8395807402399090e-02,
       3.9050103634137176e-02, 3.7464761444189025e-02,
       1.9198666189284589e-03, 1.9474463420372497e-03,
       7.8812598161559315e-04, 3.8044439132074510e-02,
       3.8817589269249872e-02, 3.6949029794044144e-02,
       1.9211822754280035e-03, 1.9271038247230953e-03,
       7.3301288904709550e-04, 3.8158498540989037e-02,
       3.8802302119852659e-02, 3.7119654758485110e-02,
       1.8969692278086403e-03, 1.8867305279095113e-03,
       6.8560007905984815e-04, 3.8013947215803826e-02,
       3.8549028781378815e-02, 3.8861972476869316e-02,
