%YAML:1.0
---
camera_matrix: !!opencv-matrix
   rows: 3
   cols: 3
   dt: d
   data: [ 2.6083199553965133e+03, 0., 1.8978467432508487e+03, 0.,
       2.5982839363874182e+03, 1.1312015612834707e+03, 0., 0., 1. ]
dist_coeff: !!opencv-matrix
   rows: 1
   cols: 14
   dt: d
   data: [ -7.2692997943514275e+00, 1.3333573926800485e+01,
       1.0762838151917151e-03, 1.6595712221956725e-03,
       2.1974979885055578e+01, -7.2586589240557711e+00,
       1.3250275127627098e+01, 2.2064905804920013e+01, 0., 0., 0., 0.,
       0., 0. ]
std_intrinsics: !!opencv-matrix
   rows: 18
   cols: 1
   dt: d
   data: [ 2.2840391933122124e+00, 2.2554999260281328e+00,
       4.1990393215782698e+00, 3.5064303608190581e+00,
       1.6948174537208591e+00, 1.2931921843684025e+01,
       4.2964971582353667e-04, 5.5376671185097186e-04,
       3.1392562047316844e+01, 1.6973561756632354e+00,
       1.2949312551382750e+01, 3.1401373140610154e+01, 0., 0., 0., 0.,
       0., 0. ]
std_extrinsics: !!opencv-matrix
   rows: 1050
   cols: 1
   dt: d
   data: [ 1.7979156152455409e-03, 1.7942210911279296e-03,
       6.9678114930489792e-04, 5.3153473315970180e-02,
       4.4018385148106368e-02, 3.5346090442558771e-02,
       1.7624469236459262e-03, 1.7541228770814206e-03,
       8.1836133335951044e-04, 5.5133550356645571e-02,
       4.5867473524065651e-02, 3.6422480490936701e-02,
       1.7344738006985826e-03, 1.7310261247059312e-03,
       8.6097327952951933e-04, 5.7349252529698053e-02,
       4.7619527018437385e-02, 3.8299556279759332e-02,
       1.7255124138717086e-03, 1.7208957584298140e-03,
       8.7906478875351718e-04, 5.7756274839168148e-02,
       4.7918119464832216e-02, 3.8879902770319386e-02,
       1.7205317549801420e-03, 1.7155170249455464e-03,
       8.9023317766678963e-04, 5.7979540830738995e-02,
       4.8101666954988256e-02, 3.9229520316451542e-02,
       8.4347405904094206e-03, 8.5139122810609404e-03,
       4.0593976551679304e-04, 8.6488451421148096e-02,
       7.2421670434671126e-02, 7.2859975790683471e-02,
       1.7205323060240627e-03, 1.7143074595088886e-03,
       8.9882970229035561e-04, 5.8536419279254910e-02,
       4.8569906451885220e-02, 3.9584568043524740e-02,
       1.7197587011909925e-03, 1.7145817784046484e-03,
       8.9731456445636562e-04, 5.8461871952681918e-02,
       4.8511108771428578e-02, 3.9602823363984255e-02,
       1.7161510096267087e-03, 1.7111813169632631e-03,
       8.9935105066484304e-04, 5.8292106406493426e-02,
       4.8362505030179234e-02, 3.9523166241395763e-02,
       1.7116727910623784e-03, 1.7051915750227668e-03,
       9.0507831187217394e-04, 5.8038390909484726e-02,
       4.8154720086407421e-02, 3.9331354507608940e-02,
       1.7092477192652516e-03, 1.7021961848310730e-03,
       9.0804483000101464e-04, 5.7982305638017338e-02,
       4.8107924839764837e-02, 3.9280335626565389e-02,
       1.7097048177710989e-03, 1.7009916904612229e-03,
       9.1120526502674209e-04, 5.8074271944862497e-02,
       4.8197108671277862e-02, 3.9296458358438799e-02,
       1.7136841233082066e-03, 1.7032099847065303e-03,
       9.2204412337299130e-04, 5.9167628080832972e-02,
       4.9142637278749575e-02, 4.0038708050028182e-02,
       1.7100147472439388e-03, 1.7052794312099522e-03,
       9.6053663756832637e-04, 6.3131272956154949e-02,
       5.2503213809716107e-02, 4.3021141764960712e-02,
       1.7187348274224311e-03, 1.7186431446656811e-03,
       9.4920150919034581e-04, 6.4094275913504598e-02,
       5.3306983596988947e-02, 4.3909135769489911e-02,
       1.7254092464170610e-03, 1.7255683806380064e-03,
       9.4793509814433197e-04, 6.4585000017354816e-02,
       5.3714709650144070e-02, 4.4207305689109466e-02,
       8.0226767030121045e-03, 8.0816087222159386e-03,
       4.1557307127731492e-04, 8.6719079803014243e-02,
       7.2601066321237140e-02, 7.1554383482514500e-02,
       1.7271559300463869e-03, 1.7304264901396953e-03,
       9.3867443904664151e-04, 6.4540485862826000e-02,
       5.3661975125256271e-02, 4.4285463570009335e-02,
       1.7363427515379615e-03, 1.7742114759977882e-03,
       7.7728018970041075e-04, 6.1584357122633382e-02,
       5.1829762291839998e-02, 4.9452910945168765e-02,
       1.7740393961692799e-03, 1.7781254221917574e-03,
       6.6388328263185790e-04, 5.5295282693851894e-02,
       4.6277083668844247e-02, 4.1387188603237778e-02,
       1.8724010094078550e-03, 1.8438539351140423e-03,
       6.8203990329596576e-04, 6.0398753900339865e-02,
       5.0009496568338307e-02, 3.7265024172420259e-02,
       1.8674576194651472e-03, 1.8121871968189314e-03,
       7.6456172851614723e-04, 6.2468242832810980e-02,
       5.2114054471443079e-02, 3.7939583810847229e-02,
       1.8357292707877593e-03, 1.7968429938237799e-03,
       8.3536333748324533e-04, 6.2274389086770014e-02,
       5.2425091987666934e-02, 4.0780172047550113e-02,
       1.7223649354082909e-03, 1.7521309345267444e-03,
       8.6611889910596766e-04, 6.5314004297347253e-02,
       5.4632393083505482e-02, 4.0433376737548696e-02,
       1.6873691615961104e-03, 1.7463443539913477e-03,
       9.0294275889472658e-04, 7.1378680859510782e-02,
       5.9661359328562265e-02, 4.3255073369867017e-02,
       1.6859665059549191e-03, 1.7480696386307723e-03,
       9.4180555581294719e-04, 7.5278976884606830e-02,
       6.2949394621745813e-02, 4.6015499663049506e-02,
       1.7103679947220293e-03, 1.7655064085129932e-03,
       9.4353558465326418e-04, 7.6855654790751529e-02,
       6.4365326041967166e-02, 4.7425668312514817e-02,
       8.4086586967788268e-03, 8.4970148442414586e-03,
       4.0529575901528933e-04, 8.6784119033545409e-02,
       7.2662703588324426e-02, 7.3326723222119777e-02,
       1.7149431834490836e-03, 1.7535951122944471e-03,
       9.3426525302888429e-04, 7.4625405513325027e-02,
       6.2360838018615514e-02, 4.6382797110623278e-02,
       1.7074260631903492e-03, 1.7461045039651733e-03,
       9.1814688132483744e-04, 7.2732155060445891e-02,
       6.0731013500998382e-02, 4.4694054100935847e-02,
       1.7008919417853734e-03, 1.7425962214079242e-03,
       9.1697902611222377e-04, 7.2248659374889737e-02,
       6.0308550703011193e-02, 4.4331815439643929e-02,
       1.6935974734101134e-03, 1.7367893145454573e-03,
       9.1126483847870428e-04, 7.2048121911287150e-02,
       6.0105822408171299e-02, 4.3694624403529399e-02,
       1.6910254636242393e-03, 1.7333304440631566e-03,
       9.0805322188531061e-04, 7.1934512761328104e-02,
       5.9983111521395960e-02, 4.3458762052312618e-02,
       1.6938437561806743e-03, 1.7344315180063490e-03,
       9.0896099180710357e-04, 7.2141903053232773e-02,
       6.0152128358497585e-02, 4.3701730336705664e-02,
       1.6970201485515799e-03, 1.7334847606822611e-03,
       9.0940066543992906e-04, 7.2444047111987292e-02,
       6.0385847988217806e-02, 4.3904274178835453e-02,
       1.7023144230156079e-03, 1.7344508737025979e-03,
       9.0848966978079881e-04, 7.3058785145993815e-02,
       6.0874343042141420e-02, 4.4433824362507507e-02,
       1.7044312654624224e-03, 1.7328556615502889e-03,
       9.0887466685075815e-04, 7.3355426559999534e-02,
       6.1088167484703609e-02, 4.4733146952982049e-02,
       1.7078882932021222e-03, 1.7306198894606935e-03,
       9.0818955538109062e-04, 7.3809576454685930e-02,
       6.1427247173872490e-02, 4.5014548693736785e-02,
       7.5214100055377162e-03, 7.6170628899797557e-03,
       4.2642318539896505e-04, 8.6379577616233980e-02,
       7.2297411738129272e-02, 7.1688725661857758e-02,
       1.7107361195497315e-03, 1.7322935911277283e-03,
       9.0778562020598936e-04, 7.3895566209170815e-02,
       6.1502131780225365e-02, 4.5199315676000378e-02,
       1.7065711939596210e-03, 1.7324124504181357e-03,
       8.9279237586989944e-04, 7.2755285188455351e-02,
       6.0632641881096551e-02, 4.3955540983223081e-02,
       1.7542545362456297e-03, 1.8436460111595175e-03,
       7.4376783266149368e-04, 7.1398848932568384e-02,
       6.0281351331743359e-02, 4.3421860626092733e-02,
