%YAML:1.0
---
camera_matrix: !!opencv-matrix
   rows: 3
   cols: 3
   dt: d
   data: [ 2.6042335183067803e+03, 0., 1.8801062377443618e+03, 0.,
       2.5951377262219621e+03, 1.0757798624585846e+03, 0., 0., 1. ]
dist_coeff: !!opencv-matrix
   rows: 1
   cols: 14
   dt: d
   data: [ 9.4329455898158510e-01, -1.2272195248108451e+02,
       -4.4258198164046688e-03, 1.6559513057753357e-03,
       5.7021729489770473e+02, 9.5363535640960517e-01,
       -1.2305234036014147e+02, 5.7146417828372091e+02, 0., 0., 0., 0.,
       0., 0. ]
std_intrinsics: !!opencv-matrix
   rows: 18
   cols: 1
   dt: d
   data: [ 2.2655424607480099e+00, 2.3265517578245167e+00,
       4.2815945240871471e+00, 3.3277595785386618e+00,
       2.8729593583108732e+00, 2.1677935602324229e+01,
       4.9307988033078375e-04, 6.1122019564455361e-04,
       6.6335647502529502e+00, 2.8813091041840928e+00,
       2.1876708397938430e+01, 5.5326718557697125e+00, 0., 0., 0., 0.,
       0., 0. ]
std_extrinsics: !!opencv-matrix
   rows: 798
   cols: 1
   dt: d
   data: [ 6.3587456326489860e-03, 6.3268225450677402e-03,
       4.7361918808708447e-04, 5.5304174810670653e-02,
       4.3258494763938053e-02, 4.5157441136430478e-02,
       6.4320490064308303e-03, 6.4035575207591474e-03,
       4.7892156435895436e-04, 5.5295793742455891e-02,
       4.3256922261798489e-02, 4.5291305364436006e-02,
       5.8866321735707916e-03, 5.8423111866091849e-03,
       5.0180544271543823e-04, 5.5440873223733214e-02,
       4.3404182648557173e-02, 4.4751237605238393e-02,
       1.7774647946569313e-03, 1.8043730360374135e-03,
       7.4966298078407939e-04, 4.0585339734003724e-02,
       3.1407444118961167e-02, 2.8024468186845595e-02,
       1.7648956230019329e-03, 1.7989429987977253e-03,
       7.4978005147936593e-04, 4.0211126715516951e-02,
       3.1086589422624038e-02, 2.7870001615623672e-02,
       1.7646778692832429e-03, 1.8004732635506949e-03,
       7.4933076511771201e-04, 4.0260670271800775e-02,
       3.1111974218548281e-02, 2.7941013761929364e-02,
       1.7694369538860544e-03, 1.8066995391386733e-03,
       7.4486219066792871e-04, 4.0385728299212303e-02,
       3.1203026134822055e-02, 2.8003289533506465e-02,
       1.7695267035350262e-03, 1.8097886491035852e-03,
       7.4227494306623081e-04, 4.0332951805327255e-02,
       3.1137693796872621e-02, 2.8018439975096884e-02,
       1.8087492063669085e-03, 1.8351097028401903e-03,
       7.1142817205606390e-04, 4.1063640072858280e-02,
       3.1607547297596676e-02, 2.8012726919562535e-02,
       2.2914205000081588e-03, 2.3120433666226274e-03,
       4.5891520869534758e-04, 3.9105634666128583e-02,
       3.0312100750535254e-02, 2.8270427183986601e-02,
       3.0257617211380040e-03, 2.9585762490041906e-03,
       5.0762066369998545e-04, 5.2085741759650084e-02,
       4.0415950546764966e-02, 3.1320977117315137e-02,
       2.4825985641592488e-03, 2.3383645262970033e-03,
       7.1720408134050685e-04, 6.1179730009070746e-02,
       4.7478295909422902e-02, 3.7142024305902223e-02,
       2.3748284316184591e-03, 2.1738228253163120e-03,
       8.1100634437948280e-04, 6.5308695158367777e-02,
       5.0749871603989395e-02, 4.1685677986321605e-02,
       6.3747259819971862e-03, 6.3356811847270914e-03,
       4.8808231149068685e-04, 5.5327895807674866e-02,
       4.3303566361421332e-02, 4.5641637513745899e-02,
       2.2414890858728077e-03, 2.0573787697293826e-03,
       8.9865117436232404e-04, 6.8052052256513978e-02,
       5.2839175756574049e-02, 4.2694728568938467e-02,
       2.1395389703640945e-03, 1.9497898209991835e-03,
       9.9221722539554759e-04, 6.6974205180766189e-02,
       5.1888445480026947e-02, 4.0813423667185017e-02,
       2.0458361522062100e-03, 1.8826861535284609e-03,
       1.0123228245657550e-03, 6.5472819113988431e-02,
       5.0754209169447020e-02, 3.8792440156546516e-02,
       2.0307352801008254e-03, 1.8418684509162310e-03,
       1.0381518890081869e-03, 6.5086156945942802e-02,
       5.0412979001310462e-02, 3.8823542809886417e-02,
       2.0134659377353537e-03, 1.8220652433542370e-03,
       1.0454166314863124e-03, 6.4800613830051090e-02,
       5.0188130163460049e-02, 3.8492225889729385e-02,
       2.0248454744254385e-03, 1.8167341009841351e-03,
       1.0541204238987223e-03, 6.5039888201149865e-02,
       5.0378823303969707e-02, 3.8589202232746249e-02,
       2.0333992933913008e-03, 1.8182754033875415e-03,
       1.0563241106782252e-03, 6.5333393806730269e-02,
       5.0613658063645713e-02, 3.8804425172559200e-02,
       2.0330950000007706e-03, 1.8128762433979153e-03,
       1.0600769593597816e-03, 6.5289663606951973e-02,
       5.0585158494912255e-02, 3.8724236023485861e-02,
       2.0273068009141896e-03, 1.8082734444896265e-03,
       1.0640109139623468e-03, 6.5238406393597126e-02,
       5.0543594251448172e-02, 3.8683044806928676e-02,
       1.9840111793593823e-03, 1.7772571124856633e-03,
       1.0714463284740537e-03, 6.4778588362457298e-02,
       5.0196906557730174e-02, 3.8167413772868537e-02,
       6.4959557196901611e-03, 6.4612320479223682e-03,
       4.9004562705849979e-04, 5.5196728737335388e-02,
       4.3201815282480821e-02, 4.6110741259543751e-02,
       1.9565789987802977e-03, 1.7636397577536884e-03,
       1.0629447043822219e-03, 6.4474405511759897e-02,
       4.9980682975277586e-02, 3.7895856683801084e-02,
       1.9777726633863008e-03, 1.7821406154855655e-03,
       1.0382659353041191e-03, 6.4228294649781886e-02,
       4.9743403273963788e-02, 3.8055417630669337e-02,
       1.9349556694692866e-03, 1.7881423766784961e-03,
       9.3437749510232493e-04, 6.0497637926304929e-02,
       4.6684349201279042e-02, 3.6901058365868183e-02,
       1.7520141307799709e-03, 1.7594183534147625e-03,
       8.8436934345600005e-04, 5.5628900345470585e-02,
       4.2776560773699755e-02, 3.4157912835585474e-02,
       1.6429143044204731e-03, 1.7642734981989485e-03,
       8.4554127510714269e-04, 5.3395504750921946e-02,
       4.1499126554316763e-02, 3.1869430119355363e-02,
       1.6395581552979435e-03, 1.7799095289523811e-03,
       8.6760350834434773e-04, 5.5561137106396388e-02,
       4.3261249000359797e-02, 3.3726882205127338e-02,
       1.6511032307434035e-03, 1.8150373444227328e-03,
       8.9331801304978645e-04, 6.0863514979434624e-02,
       4.7523222339079775e-02, 3.8083220407653648e-02,
       1.7048197158573786e-03, 1.8580582274897674e-03,
       9.2602749235132134e-04, 6.6627197894985876e-02,
       5.1939327352288824e-02, 4.3624428028518770e-02,
       1.7228741352937633e-03, 1.8683304852506180e-03,
       9.3704368826886826e-04, 6.8086222761220366e-02,
       5.2959272123054006e-02, 4.5323595377380642e-02,
       1.7285824303671440e-03, 1.8721195818057659e-03,
       9.3063696582574044e-04, 6.7890183726626627e-02,
       5.2793669544146146e-02, 4.5167860957307696e-02,
       6.3386977487195238e-03, 6.3090054646972897e-03,
       4.9850173069649901e-04, 5.5304633945689546e-02,
       4.3295693714447359e-02, 4.6474732458143236e-02,
       1.7264976709023114e-03, 1.8758874053610380e-03,
       9.1581408145969688e-04, 6.7014162432050467e-02,
       5.2229561353683354e-02, 4.4040523943410133e-02,
       1.7306535480451314e-03, 1.8836476215716839e-03,
       9.1369113407841905e-04, 6.7309483844673140e-02,
       5.2397409197143884e-02, 4.4504543016903916e-02,
       1.7392237493042463e-03, 1.8861894989665761e-03,
       9.1564399066027826e-04, 6.7687892094468197e-02,
       5.2687155586288906e-02, 4.4867990347030900e-02,
       1.7405463770194917e-03, 1.8836959909062307e-03,
       9.1649864491061522e-04, 6.7459289484627274e-02,
       5.2475233527788011e-02, 4.4739256852115133e-02,
       1.7453749956545370e-03, 1.8883510058615388e-03,
       9.1439932739432702e-04, 6.7807243416127413e-02,
       5.2770648789535954e-02, 4.5018935539874134e-02,
       6.0924305979883795e-03, 6.0684821134361000e-03,
       5.3166831331334457e-04, 5.5025373422045921e-02,
       4.3083735014709794e-02, 4.6949285657632796e-02,
